STN,forecast1,forecast2,forecast3,forecast4,forecast5,forecast6,forecast7,forecast8,forecast9
LAT,26.51077,26.51077,26.51077,29.30136,29.30136,29.30136,32.09194,32.09194,32.09194
LON,-101.2500,-95.62500,-98.43750,-101.2500,-95.62500,-98.43750,-101.2500,-95.62500,-98.43750
1957 3.9659625E-08 7.0893780E-09 2.3787024E-08 3.2899155E-08 1.5657642E-08 1.1260719E-08 3.0418803E-08 2.7495204E-08 2.1495035E-08 
1958 4.1469562E-08 7.3581643E-09 2.3185841E-08 2.9491595E-08 1.7168786E-08 1.0972379E-08 2.4393303E-08 2.3495334E-08 1.6965863E-08 
1959 3.6042294E-08 7.3507840E-09 1.9722552E-08 2.6714250E-08 2.1358993E-08 1.1519946E-08 2.3373579E-08 2.4903471E-08 1.7703357E-08 
1960 3.6561215E-08 8.4730933E-09 2.1430600E-08 2.7141743E-08 1.9893925E-08 1.0541497E-08 2.4336686E-08 2.3685885E-08 1.7149368E-08 
1961 2.9872655E-08 7.1111561E-09 1.3392170E-08 2.2385183E-08 1.1647866E-08 6.8220820E-09 1.8865956E-08 1.8350958E-08 1.2364296E-08 
1962 3.2763793E-08 7.4037581E-09 1.4305052E-08 1.9686318E-08 1.7165966E-08 5.9290781E-09 1.6976594E-08 1.9175571E-08 1.1161611E-08 
1963 3.1465134E-08 7.2444433E-09 1.6145194E-08 2.6248367E-08 1.3777488E-08 9.4448449E-09 2.2804938E-08 2.1857602E-08 1.7001863E-08 
1964 3.5118511E-08 7.8499509E-09 2.1643542E-08 2.9180431E-08 1.8916662E-08 1.0097218E-08 2.4390230E-08 2.9459295E-08 2.0631745E-08 
1965 3.2397814E-08 7.9786799E-09 1.4723867E-08 2.4243111E-08 1.5276772E-08 8.3440419E-09 2.1800162E-08 2.1722400E-08 1.5868421E-08 
1966 3.9859227E-08 6.7873240E-09 1.9628072E-08 3.3394468E-08 2.0699842E-08 1.1567741E-08 2.6754321E-08 3.4442767E-08 2.2956106E-08 
1967 3.4653912E-08 8.3233704E-09 2.1839842E-08 2.7041617E-08 1.5746513E-08 8.8651069E-09 2.1844883E-08 2.6087593E-08 1.6628341E-08 
1968 3.7001911E-08 8.2590077E-09 2.2257534E-08 3.1221241E-08 2.0559197E-08 1.4072481E-08 2.8899828E-08 3.0983980E-08 2.2847871E-08 
1969 4.1749523E-08 9.5403694E-09 2.9595382E-08 3.4097141E-08 2.0326681E-08 1.4061905E-08 2.9051686E-08 3.1596009E-08 2.5626138E-08 
1970 3.2337486E-08 9.6417123E-09 2.0601817E-08 2.5988701E-08 1.8249354E-08 9.6623758E-09 2.3360760E-08 2.5275632E-08 1.7414742E-08 
1971 3.4720689E-08 9.0714520E-09 1.8456520E-08 2.8418627E-08 1.8065712E-08 7.6036271E-09 2.2021849E-08 2.2535016E-08 1.2990718E-08 
1972 3.2182722E-08 7.0933961E-09 1.9159804E-08 2.8102347E-08 1.3505025E-08 9.5966008E-09 2.7240068E-08 2.4724010E-08 2.0289846E-08 
1973 3.8035285E-08 8.2938891E-09 2.2578789E-08 3.0092309E-08 1.8752271E-08 1.1145495E-08 2.3295510E-08 2.5219574E-08 1.7419811E-08 
1974 3.2391338E-08 7.3374071E-09 1.5631002E-08 2.3207908E-08 1.9207073E-08 7.2747763E-09 1.8276140E-08 2.2878883E-08 1.2838371E-08 
1975 3.8871089E-08 9.5730508E-09 2.4664462E-08 3.2026939E-08 2.5297467E-08 1.2847392E-08 2.5166363E-08 2.8967866E-08 1.9189283E-08 
1976 3.4694306E-08 7.1811836E-09 1.6788260E-08 2.0826535E-08 2.1114005E-08 6.4302705E-09 1.9881126E-08 2.4413184E-08 1.2604839E-08 
1977 4.1552745E-08 9.3077652E-09 2.8841733E-08 3.4711388E-08 2.0786844E-08 1.3860004E-08 2.9509030E-08 3.1895659E-08 2.1342119E-08 
1978 4.4180549E-08 8.8709733E-09 2.4690307E-08 3.4122614E-08 2.6093533E-08 1.3910417E-08 2.7161359E-08 3.3708513E-08 2.0429731E-08 
1979 3.9968359E-08 7.4704358E-09 2.3155797E-08 2.9427254E-08 1.7341204E-08 1.2008478E-08 2.4603203E-08 2.6667831E-08 1.9491106E-08 
1980 3.4998397E-08 6.9589943E-09 2.4248962E-08 3.0528685E-08 2.1519254E-08 1.1657769E-08 2.2446924E-08 2.8690279E-08 1.6450240E-08 
1981 3.4662953E-08 8.0579516E-09 2.1418986E-08 2.8640125E-08 1.9645471E-08 1.1541494E-08 2.5535210E-08 2.5424168E-08 1.9909610E-08 
1982 3.4633779E-08 7.6236431E-09 1.9972731E-08 2.7549929E-08 1.6481815E-08 9.3292352E-09 2.2688088E-08 2.3855028E-08 1.7390585E-08 
1983 4.8626625E-08 8.7692564E-09 3.3545891E-08 3.9810555E-08 2.3334406E-08 1.6459392E-08 3.9123787E-08 3.6427632E-08 2.7045649E-08 
1984 3.2581269E-08 6.4778507E-09 1.4760064E-08 2.3398078E-08 1.5031272E-08 5.3293094E-09 2.1155559E-08 2.2073257E-08 1.1467418E-08 
1985 3.3943046E-08 8.3471745E-09 1.6364247E-08 2.1861423E-08 2.0569978E-08 6.0776113E-09 1.8118604E-08 2.2855657E-08 1.1908188E-08 
1986 3.5213773E-08 8.1869143E-09 2.1113522E-08 2.8768701E-08 2.0124407E-08 1.0766067E-08 2.8021194E-08 2.6801754E-08 1.7863526E-08 
1987 4.6978904E-08 8.5818463E-09 3.5180808E-08 4.3306990E-08 2.2153486E-08 1.8976881E-08 3.6686426E-08 3.5740786E-08 3.0699713E-08 
1988 4.3120252E-08 8.2940552E-09 2.5316449E-08 3.1441349E-08 1.8153548E-08 9.8803321E-09 2.6440137E-08 2.9003756E-08 1.8007265E-08 
1989 3.4290959E-08 8.3867979E-09 1.8229079E-08 2.6440514E-08 2.6556473E-08 7.7353102E-09 2.1061524E-08 3.0426353E-08 1.4727213E-08 
1990 4.0052459E-08 9.0168824E-09 2.8809140E-08 3.3842110E-08 2.2913671E-08 1.6661389E-08 2.8979667E-08 3.3252398E-08 2.1912983E-08 
1991 3.9392948E-08 8.3753458E-09 2.3776799E-08 2.9113961E-08 1.8102352E-08 1.0620095E-08 2.5585079E-08 2.4547775E-08 1.9814758E-08 
1992 4.4442995E-08 7.1039716E-09 2.9351193E-08 4.1742560E-08 2.1161622E-08 1.6666563E-08 3.7057813E-08 3.1664616E-08 2.7320343E-08 
1993 4.8995144E-08 1.0071572E-08 3.6477843E-08 4.0592351E-08 2.9584516E-08 2.0590763E-08 3.1649371E-08 4.1343696E-08 2.7910041E-08 
1994 4.5374179E-08 9.0315595E-09 2.9713245E-08 3.8904147E-08 2.3518131E-08 1.4839276E-08 3.2640521E-08 3.5958386E-08 2.7195483E-08 
1995 4.0061980E-08 9.9439346E-09 3.3251041E-08 3.8122923E-08 2.5467598E-08 1.9376913E-08 3.4667753E-08 4.2126718E-08 3.0581582E-08 
1996 3.9350279E-08 8.8312193E-09 2.1788880E-08 3.0882692E-08 1.7041520E-08 9.9787831E-09 2.6932716E-08 2.5394892E-08 1.7961508E-08 
1997 4.3331926E-08 7.6038278E-09 2.5994376E-08 3.5572008E-08 2.0155284E-08 1.3317860E-08 2.9008024E-08 3.4065604E-08 2.1795993E-08 
1998 4.2032518E-08 8.7655536E-09 3.0023450E-08 3.6827540E-08 2.1442334E-08 1.5171304E-08 3.4817191E-08 3.4420619E-08 2.6507609E-08 
1999 2.9984392E-08 6.8822890E-09 1.4756401E-08 2.0585905E-08 1.7042211E-08 6.4298757E-09 1.7676783E-08 2.3058201E-08 1.2273538E-08 
2000 3.2816750E-08 8.0470617E-09 1.5121936E-08 2.2811154E-08 1.2161113E-08 5.4376219E-09 1.7899621E-08 1.8295870E-08 1.1313021E-08 
2001 3.4564152E-08 9.0591792E-09 1.8230446E-08 2.3684711E-08 1.6388356E-08 8.1329201E-09 2.1172644E-08 2.5097400E-08 1.5739227E-08 
2002 3.9396735E-08 9.9308641E-09 2.3139604E-08 3.0777198E-08 2.1555488E-08 1.1533565E-08 2.4594408E-08 2.6393732E-08 1.8758582E-08 
2003 4.5149179E-08 9.1574863E-09 3.2254263E-08 4.0427349E-08 2.3559192E-08 1.9130358E-08 3.5929499E-08 3.9358909E-08 3.0800528E-08 
2004 3.7813471E-08 8.3263068E-09 2.2333627E-08 2.9300580E-08 1.9556596E-08 8.0897244E-09 2.5894309E-08 2.7269872E-08 1.8034745E-08 
2005 3.7408288E-08 8.6361114E-09 2.1392060E-08 2.9009444E-08 1.6222868E-08 1.1008432E-08 2.4940830E-08 2.2503142E-08 2.0001156E-08 
2006 3.9389136E-08 7.8391897E-09 1.9034188E-08 3.0846397E-08 1.4546038E-08 1.0263115E-08 2.8077226E-08 2.1844519E-08 1.8870450E-08 
2007 3.6282671E-08 7.6896933E-09 1.8906668E-08 2.9541180E-08 1.1257516E-08 9.4693764E-09 2.3009626E-08 2.2062780E-08 1.6527595E-08 
2008 3.8710585E-08 8.6753298E-09 2.0222563E-08 2.8550529E-08 1.9167619E-08 1.1242164E-08 1.8766698E-08 2.6026878E-08 1.6814921E-08 
2009 3.4250647E-08 8.0790148E-09 1.5414333E-08 2.4233223E-08 2.4276025E-08 8.5168272E-09 2.2320704E-08 3.0427984E-08 1.4440754E-08 
2010 3.5531254E-08 6.7601507E-09 1.9080565E-08 2.9578150E-08 1.5028215E-08 9.8299395E-09 2.6826536E-08 2.3828987E-08 1.8837827E-08 
