STN,forecast1,forecast2,forecast3,forecast4,forecast5,forecast6,forecast7,forecast8,forecast9
LAT,26.51077,26.51077,26.51077,29.30136,29.30136,29.30136,32.09194,32.09194,32.09194
LON,-101.2500,-95.62500,-98.43750,-101.2500,-95.62500,-98.43750,-101.2500,-95.62500,-98.43750
1957 9.0967767E-09 1.5875818E-08 3.3955609E-09 2.1366555E-09 1.6444028E-08 1.2614670E-09 2.2657882E-09 1.2462738E-08 2.5412950E-09 
1958 1.1402728E-08 1.8707293E-08 5.5214699E-09 3.9220223E-09 2.5636330E-08 2.5482128E-09 3.5157981E-09 1.8615079E-08 4.5102144E-09 
1959 9.5801944E-09 1.3507428E-08 2.9453235E-09 2.0879034E-09 1.7632873E-08 1.3376721E-09 2.8858442E-09 1.4757135E-08 3.8292161E-09 
1960 9.7346780E-09 1.5540275E-08 3.4080709E-09 2.0967783E-09 1.7641359E-08 1.2765419E-09 2.9047453E-09 1.6656996E-08 3.6764669E-09 
1961 9.1951984E-09 1.3872591E-08 3.1721021E-09 2.4133762E-09 1.7479572E-08 1.3101792E-09 2.6394502E-09 1.3556480E-08 3.4892951E-09 
1962 8.9947827E-09 1.3085948E-08 2.5453424E-09 1.6464681E-09 1.6076376E-08 9.7443154E-10 1.6842325E-09 1.0757325E-08 2.0247137E-09 
1963 9.2773265E-09 1.1914365E-08 2.1167232E-09 2.8121339E-09 1.8810606E-08 1.0157015E-09 3.3070808E-09 1.5897749E-08 4.1578718E-09 
1964 9.3718429E-09 1.1770545E-08 2.5420821E-09 1.9924120E-09 1.7731784E-08 5.8137789E-10 3.0350926E-09 1.4266416E-08 2.7619278E-09 
1965 1.0159416E-08 1.3681013E-08 2.5046512E-09 2.5255578E-09 1.7063609E-08 1.2338028E-09 3.1519225E-09 1.6954674E-08 3.5489651E-09 
1966 1.0713117E-08 1.3798314E-08 3.4770402E-09 2.4925439E-09 1.8519822E-08 1.2597887E-09 3.0219107E-09 2.0047500E-08 3.2478185E-09 
1967 1.0555401E-08 1.3130238E-08 2.8847871E-09 3.3391903E-09 1.5727329E-08 1.7448248E-09 3.7394177E-09 1.3303515E-08 4.0757935E-09 
1968 1.0960211E-08 1.3035065E-08 3.9403512E-09 2.7142468E-09 1.7554617E-08 1.2150019E-09 3.4402732E-09 1.5657051E-08 4.2625725E-09 
1969 1.5552718E-08 1.4205572E-08 5.1927076E-09 5.2599209E-09 2.3258153E-08 3.1573573E-09 3.4603327E-09 1.7330713E-08 3.7339181E-09 
1970 8.1248723E-09 1.1490649E-08 2.2086297E-09 3.1016563E-09 1.6537566E-08 1.7411455E-09 3.0391427E-09 1.4763795E-08 3.1476448E-09 
1971 1.0064216E-08 1.9998931E-08 5.0491500E-09 3.5392551E-09 1.8437984E-08 2.4360070E-09 3.2025744E-09 1.4226908E-08 3.8091716E-09 
1972 7.8572304E-09 1.2960632E-08 2.2380227E-09 1.8763038E-09 1.6417493E-08 1.1305554E-09 2.9977676E-09 1.3591681E-08 3.3999099E-09 
1973 1.0867192E-08 1.4421422E-08 3.0150284E-09 2.5527378E-09 2.1118229E-08 1.1486145E-09 3.2200091E-09 1.9819291E-08 3.9550851E-09 
1974 6.4533761E-09 1.3594073E-08 1.5749752E-09 2.4794526E-09 1.2208341E-08 1.2576522E-09 4.2348409E-09 1.3223224E-08 4.1881241E-09 
1975 9.6746460E-09 1.6011072E-08 2.8433151E-09 2.1200324E-09 1.9444707E-08 8.6729213E-10 2.5910161E-09 1.3812778E-08 2.3976752E-09 
1976 1.0535672E-08 1.5519959E-08 3.8463575E-09 3.6891197E-09 1.7256207E-08 2.0691067E-09 3.8607606E-09 1.4977530E-08 5.0960169E-09 
1977 1.1209622E-08 1.3376346E-08 4.2467923E-09 3.6625853E-09 2.1663620E-08 1.9976449E-09 3.3888947E-09 1.8861694E-08 5.2281428E-09 
1978 1.0359082E-08 1.1902400E-08 2.0316142E-09 2.4488864E-09 2.0526988E-08 1.1417767E-09 3.6140306E-09 1.8609079E-08 4.5210142E-09 
1979 8.5499998E-09 1.3400858E-08 2.3158766E-09 2.1552351E-09 1.7238969E-08 6.0815425E-10 2.9188492E-09 1.3927465E-08 2.7896405E-09 
1980 1.0697699E-08 1.4261260E-08 4.4782893E-09 2.9644029E-09 1.9534493E-08 2.1261994E-09 3.4381114E-09 1.7519536E-08 5.0473701E-09 
1981 8.6155598E-09 1.3985169E-08 1.9851560E-09 2.0398048E-09 1.9276715E-08 1.0529202E-09 3.1181173E-09 1.7527080E-08 4.3141095E-09 
1982 1.3205382E-08 1.4343456E-08 3.5724264E-09 3.7308663E-09 2.1473296E-08 1.7930929E-09 3.4050396E-09 1.5826098E-08 3.9260915E-09 
1983 1.4594100E-08 1.4438192E-08 4.7730495E-09 4.5279784E-09 2.5263079E-08 2.4238429E-09 4.2159094E-09 2.3559227E-08 5.4661902E-09 
1984 9.7426245E-09 1.2186824E-08 2.1861080E-09 3.1352498E-09 1.3464931E-08 1.1652243E-09 3.5009715E-09 1.3626662E-08 3.1432859E-09 
1985 1.0782518E-08 1.3036548E-08 2.7082951E-09 3.1544165E-09 1.6971574E-08 1.6495092E-09 3.7946135E-09 1.4538151E-08 3.8497223E-09 
1986 1.1820158E-08 1.3211621E-08 3.0541289E-09 4.6372697E-09 1.8352196E-08 2.1711675E-09 5.8225127E-09 2.2177860E-08 6.4833139E-09 
1987 1.1284062E-08 1.1861910E-08 2.2000122E-09 2.9053042E-09 1.7533383E-08 7.1759437E-10 3.8346584E-09 2.3242359E-08 4.3694866E-09 
1988 1.4047364E-08 1.4728776E-08 3.2668108E-09 3.7605483E-09 1.7307196E-08 2.4681532E-09 3.5216614E-09 1.8718499E-08 5.1892548E-09 
1989 1.0607838E-08 1.4595768E-08 2.3770448E-09 3.0309453E-09 1.0359712E-08 1.0017046E-09 3.4949095E-09 1.1034697E-08 3.7085905E-09 
1990 8.9512415E-09 1.5849920E-08 2.6404148E-09 2.0431887E-09 2.0615378E-08 1.4561876E-09 3.4323133E-09 1.6432676E-08 3.3714989E-09 
1991 1.3305193E-08 1.7695372E-08 5.2973261E-09 4.4428781E-09 2.6315387E-08 2.2356204E-09 5.8358056E-09 2.3378449E-08 6.6633268E-09 
1992 1.1356114E-08 1.3920640E-08 3.4736922E-09 4.0184660E-09 2.1515968E-08 1.7983424E-09 5.7650222E-09 2.5128553E-08 6.8820412E-09 
1993 1.3345296E-08 1.6288460E-08 5.5368168E-09 3.9116639E-09 2.5033700E-08 2.2380606E-09 4.0579704E-09 2.0751425E-08 4.9356430E-09 
1994 1.0050555E-08 1.5752695E-08 4.3290145E-09 4.0631720E-09 1.6706410E-08 2.1517217E-09 4.9766573E-09 1.5649043E-08 3.7668575E-09 
1995 9.6575237E-09 1.2448217E-08 3.0899405E-09 2.2223856E-09 2.1036362E-08 1.8441876E-09 3.0898977E-09 1.7963091E-08 4.0234980E-09 
1996 1.2954531E-08 1.5706888E-08 3.4983807E-09 3.8899888E-09 1.6846732E-08 1.9331203E-09 3.3176075E-09 1.5206687E-08 3.9754053E-09 
1997 1.2896666E-08 1.3959176E-08 2.5740758E-09 4.9101869E-09 2.0428793E-08 1.4570462E-09 5.4424998E-09 1.9667537E-08 4.5939608E-09 
1998 8.5093372E-09 1.4058431E-08 3.5360319E-09 2.7056608E-09 2.0468130E-08 1.5663236E-09 3.3519933E-09 1.8642565E-08 4.3867847E-09 
1999 1.1437069E-08 1.4387020E-08 3.8089634E-09 3.7841743E-09 1.3226420E-08 2.3378666E-09 3.1979317E-09 1.2257923E-08 3.7758081E-09 
2000 1.1255292E-08 1.6537774E-08 4.0550141E-09 3.6901238E-09 1.7639641E-08 1.4767100E-09 2.9808038E-09 1.2617617E-08 3.0451937E-09 
2001 1.1309065E-08 1.3518615E-08 2.6770983E-09 3.7225327E-09 1.8066265E-08 1.0284275E-09 4.3505088E-09 1.5576429E-08 4.4331090E-09 
2002 8.7988727E-09 1.1016751E-08 1.9608957E-09 2.3577340E-09 1.1053216E-08 4.8186566E-10 3.6310386E-09 1.3644706E-08 2.9891465E-09 
2003 1.3206642E-08 1.5245426E-08 3.4452272E-09 4.2208108E-09 1.9179431E-08 1.6220014E-09 4.6303841E-09 1.5961552E-08 4.6586339E-09 
2004 1.3134412E-08 1.5862881E-08 3.6255152E-09 3.0392684E-09 1.8911937E-08 1.1130877E-09 2.7010281E-09 1.6843458E-08 3.7409995E-09 
2005 1.3195994E-08 1.4273619E-08 3.6019696E-09 3.9419090E-09 2.0848656E-08 1.5166540E-09 3.7849279E-09 1.9760945E-08 5.1767053E-09 
2006 1.0922024E-08 1.2999751E-08 2.9543006E-09 3.3977017E-09 1.4723576E-08 9.2149538E-10 4.3515338E-09 1.6246648E-08 4.1856874E-09 
2007 1.1115718E-08 1.4268249E-08 4.3286872E-09 1.7734975E-09 1.8094200E-08 7.5304735E-10 1.6140005E-09 1.3741740E-08 2.5779883E-09 
2008 8.8629628E-09 1.2766182E-08 2.8803673E-09 2.7949001E-09 1.2743455E-08 1.0515702E-09 3.2360810E-09 1.0303099E-08 3.3094987E-09 
2009 1.2952668E-08 1.7664947E-08 3.6911549E-09 3.0421528E-09 2.0371330E-08 1.6007501E-09 3.1231751E-09 1.5621477E-08 3.8684624E-09 
2010 8.1920417E-09 1.4473187E-08 2.6298408E-09 1.5915368E-09 1.9886443E-08 1.3514151E-09 2.6797384E-09 1.5628650E-08 3.5562546E-09 
