STN,forecast1,forecast2,forecast3,forecast4,forecast5,forecast6,forecast7,forecast8,forecast9
LAT,26.51077,26.51077,26.51077,29.30136,29.30136,29.30136,32.09194,32.09194,32.09194
LON,-101.2500,-95.62500,-98.43750,-101.2500,-95.62500,-98.43750,-101.2500,-95.62500,-98.43750
1957 2.5783208E-08 1.9046999E-08 1.9117840E-08 1.4607060E-08 2.3557519E-08 1.6097998E-08 1.3220466E-08 3.5497827E-08 2.1466294E-08 
1958 1.9822730E-08 1.2509154E-08 1.1281546E-08 1.4521061E-08 1.3423652E-08 1.1347367E-08 1.4507749E-08 2.5292898E-08 1.8392361E-08 
1959 2.9467042E-08 1.6423003E-08 2.1893314E-08 2.0678923E-08 2.3776016E-08 2.0619918E-08 1.8761559E-08 3.9134274E-08 2.8852650E-08 
1960 2.5073001E-08 1.6110766E-08 1.9903219E-08 1.9080064E-08 2.0366933E-08 1.8072452E-08 1.5512681E-08 3.3128153E-08 2.2544404E-08 
1961 1.8292507E-08 9.1820596E-09 1.3070324E-08 1.4831303E-08 1.5354750E-08 1.5154228E-08 1.1625576E-08 3.0996752E-08 2.1337385E-08 
1962 1.5522494E-08 1.2805295E-08 1.4251184E-08 9.8161426E-09 1.6079218E-08 1.0829991E-08 9.0891339E-09 2.5009737E-08 1.5123122E-08 
1963 2.5686013E-08 1.9029811E-08 2.1662968E-08 1.6916120E-08 2.2140172E-08 1.8302394E-08 1.2703307E-08 3.1209893E-08 2.0262268E-08 
1964 2.3081808E-08 1.5086059E-08 1.7984188E-08 1.2766149E-08 1.5011336E-08 1.3112585E-08 9.1457579E-09 2.4370609E-08 1.5282865E-08 
1965 2.5294572E-08 1.9119181E-08 2.1248912E-08 1.8108972E-08 2.2163704E-08 1.8776021E-08 1.6258692E-08 3.4619507E-08 2.3243064E-08 
1966 2.2306967E-08 1.5437207E-08 1.6318852E-08 1.5974482E-08 1.5257370E-08 1.3631851E-08 1.1896987E-08 2.5989200E-08 1.7393001E-08 
1967 2.0258099E-08 1.5177411E-08 1.5019271E-08 1.6010530E-08 1.8432399E-08 1.4425220E-08 1.4664839E-08 2.8902413E-08 2.0899117E-08 
1968 1.3315129E-08 1.0349028E-08 1.0218032E-08 1.0660621E-08 1.5178591E-08 1.1119225E-08 9.8402984E-09 2.3488434E-08 1.5698362E-08 
1969 2.0378948E-08 1.3116850E-08 1.5682867E-08 1.4456879E-08 1.7021462E-08 1.4078660E-08 1.1754415E-08 2.6248998E-08 1.7057541E-08 
1970 1.2583876E-08 8.6943821E-09 8.4821892E-09 7.6195557E-09 9.2545376E-09 7.2030542E-09 7.6288780E-09 1.7679227E-08 1.1726993E-08 
1971 1.6888874E-08 1.3846201E-08 1.4029367E-08 1.0688331E-08 1.5973571E-08 1.0685560E-08 8.6967900E-09 2.2948509E-08 1.3066298E-08 
1972 2.8557148E-08 2.2125269E-08 2.3050145E-08 1.6572217E-08 2.6197325E-08 1.7727704E-08 1.3354462E-08 3.6272617E-08 2.1849418E-08 
1973 1.4512264E-08 1.0452101E-08 1.1264537E-08 9.0476853E-09 1.1738760E-08 9.0889145E-09 8.2264924E-09 2.0351107E-08 1.2349726E-08 
1974 1.6565568E-08 1.3133557E-08 1.3980286E-08 1.1772520E-08 1.7027746E-08 1.3214541E-08 1.2083798E-08 3.1178104E-08 2.0793825E-08 
1975 1.8583355E-08 1.1453057E-08 1.2952425E-08 1.0911301E-08 1.1939149E-08 8.9684500E-09 9.6022337E-09 1.7413441E-08 1.2145779E-08 
1976 1.7858339E-08 1.7253672E-08 1.5893185E-08 1.1833976E-08 2.0549329E-08 1.3067046E-08 1.1514256E-08 2.9304552E-08 1.7681955E-08 
1977 2.3325018E-08 1.5542541E-08 1.7268874E-08 1.4599376E-08 1.6621197E-08 1.4393337E-08 1.0082918E-08 2.3207601E-08 1.5539486E-08 
1978 2.0981911E-08 1.3516051E-08 1.6407190E-08 1.3964256E-08 1.6210533E-08 1.2438012E-08 1.1797008E-08 2.3255623E-08 1.5936587E-08 
1979 1.8834132E-08 1.3150503E-08 1.3419696E-08 1.4544962E-08 1.8325998E-08 1.4212343E-08 1.5194001E-08 3.0933780E-08 2.2923668E-08 
1980 2.1516493E-08 1.3772475E-08 1.6479584E-08 1.5310695E-08 1.9776945E-08 1.7092445E-08 1.2640111E-08 3.4476919E-08 2.2365022E-08 
1981 1.5757413E-08 1.0788764E-08 1.1711098E-08 1.1929181E-08 1.3292803E-08 1.1367723E-08 1.1488209E-08 2.6073794E-08 1.8567627E-08 
1982 3.2369254E-08 2.5292971E-08 2.6539752E-08 2.0306848E-08 3.0724852E-08 2.3444224E-08 1.4653169E-08 3.5982723E-08 2.3745427E-08 
1983 2.0832761E-08 1.4934626E-08 1.7865673E-08 1.5413521E-08 1.9904386E-08 1.7097081E-08 1.4119633E-08 3.3055972E-08 2.2343908E-08 
1984 1.9841524E-08 1.1561230E-08 1.4365432E-08 1.2787323E-08 1.4039935E-08 1.1381444E-08 1.1487986E-08 2.4277483E-08 1.7514891E-08 
1985 1.7700705E-08 1.0483165E-08 1.2125718E-08 1.1454790E-08 1.5319273E-08 1.1383982E-08 9.9087742E-09 2.5146681E-08 1.5729146E-08 
1986 2.5234666E-08 1.9656190E-08 2.0831376E-08 1.6657653E-08 2.2380789E-08 1.8032729E-08 1.4201290E-08 3.0046330E-08 2.0726072E-08 
1987 2.5837442E-08 1.8222151E-08 1.8195173E-08 1.5040513E-08 2.2458558E-08 1.6843737E-08 1.2222809E-08 3.3065760E-08 2.1379535E-08 
1988 1.1872531E-08 8.4854497E-09 8.5575582E-09 8.4327212E-09 8.2713942E-09 5.9848722E-09 5.9943606E-09 1.6264975E-08 9.9528830E-09 
1989 2.0652235E-08 1.2046045E-08 1.4494582E-08 1.5857804E-08 1.2676394E-08 1.2153620E-08 1.3252129E-08 2.5393264E-08 1.8120643E-08 
1990 2.2924526E-08 1.6173169E-08 1.8228530E-08 1.3205997E-08 1.8007290E-08 1.3861408E-08 1.1411819E-08 2.6719098E-08 1.6036415E-08 
1991 1.5904190E-08 1.3090859E-08 1.2083847E-08 1.0215265E-08 1.5985776E-08 1.1470576E-08 1.0078362E-08 2.6792927E-08 1.6279463E-08 
1992 2.7138384E-08 1.9435848E-08 2.2667244E-08 2.1238193E-08 2.2274889E-08 2.0717641E-08 2.0906118E-08 3.5210860E-08 2.6702772E-08 
1993 3.1557132E-08 2.3118705E-08 2.4504853E-08 1.8583680E-08 2.3971230E-08 1.8165171E-08 1.5241673E-08 3.0130959E-08 1.9504279E-08 
1994 3.3571904E-08 1.8101984E-08 2.4743544E-08 2.1258080E-08 2.3273309E-08 2.0557668E-08 1.5114075E-08 3.5264776E-08 2.3008834E-08 
1995 2.4711412E-08 1.4537351E-08 1.9689754E-08 1.6647219E-08 2.0025857E-08 1.7386126E-08 1.5526869E-08 3.4642838E-08 2.6049419E-08 
1996 1.5516036E-08 1.3518184E-08 1.2483325E-08 1.1336364E-08 1.5634841E-08 1.1009510E-08 1.1119341E-08 2.7882782E-08 1.7646860E-08 
1997 3.4217173E-08 3.0964792E-08 2.9893073E-08 2.4254398E-08 3.4714539E-08 2.6962445E-08 1.8597580E-08 4.1641442E-08 2.8190360E-08 
1998 1.2440149E-08 9.2721990E-09 1.0300723E-08 8.0906926E-09 8.3171061E-09 7.9013187E-09 6.7383099E-09 1.7589732E-08 1.2436353E-08 
1999 1.1536719E-08 7.5503204E-09 7.4154323E-09 7.5629032E-09 8.5611163E-09 6.6415438E-09 7.6706543E-09 1.9098817E-08 1.4689258E-08 
2000 2.1727679E-08 1.5763160E-08 1.7381948E-08 1.2570328E-08 1.6978714E-08 1.3094166E-08 1.1635303E-08 2.7021878E-08 1.7615083E-08 
2001 2.6803088E-08 1.7944540E-08 1.9325949E-08 1.6373344E-08 1.7331619E-08 1.3841247E-08 1.1374750E-08 2.1277279E-08 1.4060960E-08 
2002 2.6500482E-08 1.6606261E-08 1.8465919E-08 1.8610987E-08 1.9623988E-08 1.6736628E-08 1.5124069E-08 3.2355334E-08 2.1089608E-08 
2003 2.2307002E-08 1.3296941E-08 1.6293949E-08 1.5647966E-08 1.3579085E-08 1.3122817E-08 1.4169059E-08 2.3645809E-08 1.7464428E-08 
2004 2.8618736E-08 1.5695333E-08 1.8609214E-08 1.7790242E-08 1.5755756E-08 1.4739777E-08 1.4701432E-08 2.5807134E-08 1.8953155E-08 
2005 2.0936362E-08 1.4032467E-08 1.5709618E-08 1.3102649E-08 1.6728242E-08 1.3217003E-08 1.0343872E-08 2.6949344E-08 1.6641925E-08 
2006 2.4441110E-08 1.6805272E-08 1.9688096E-08 1.6140774E-08 1.9012287E-08 1.6971162E-08 1.4840029E-08 3.3915864E-08 2.3578664E-08 
2007 2.0095428E-08 1.1563314E-08 1.4253938E-08 1.5435729E-08 1.5631146E-08 1.4734725E-08 1.3331445E-08 2.8244632E-08 1.9029050E-08 
2008 1.3138448E-08 9.8346167E-09 8.5813356E-09 1.0885962E-08 1.2352173E-08 9.5928856E-09 1.0561577E-08 2.1361608E-08 1.5332478E-08 
2009 2.8533828E-08 1.8098495E-08 2.1655094E-08 1.8872758E-08 2.1966711E-08 1.7099726E-08 1.6318664E-08 3.3986126E-08 2.1459675E-08 
2010 1.5134860E-08 8.9798258E-09 1.0224562E-08 1.0636058E-08 8.8531369E-09 8.6141068E-09 8.2777918E-09 1.6721327E-08 1.1447884E-08 
