1957 01 2.7260249E-08
1957 02 2.4743109E-08
1957 03 2.9883459E-08
1957 04 3.5204764E-08
1957 05 1.8732974E-08
1957 06 9.8385460E-09
1957 07 1.1422891E-08
1957 08 2.5904489E-08
1957 09 2.2227697E-08
1957 10 2.7320780E-08
1957 11 2.3738407E-08
1957 12 2.2098488E-08
1958 01 2.2850902E-08
1958 02 2.0046743E-08
1958 03 3.1460040E-08
1958 04 4.7751392E-08
1958 05 2.0117271E-08
1958 06 1.0673222E-08
1958 07 9.5998747E-09
1958 08 2.0022485E-08
1958 09 2.1531623E-08
1958 10 2.2761622E-08
1958 11 2.2108543E-08
1958 12 2.5894417E-08
1959 01 3.3066907E-08
1959 02 2.7996938E-08
1959 03 3.4522731E-08
1959 04 3.1708183E-08
1959 05 1.5802335E-08
1959 06 8.4084970E-09
1959 07 1.1329119E-08
1959 08 2.2921297E-08
1959 09 1.9926572E-08
1959 10 2.7803368E-08
1959 11 2.4720716E-08
1959 12 1.8485371E-08
1960 01 2.7728230E-08
1960 02 1.9811347E-08
1960 03 2.9647747E-08
1960 04 3.3727215E-08
1960 05 2.0507139E-08
1960 06 8.8386214E-09
1960 07 1.2761749E-08
1960 08 1.4665196E-08
1960 09 1.8470827E-08
1960 10 1.1287897E-08
1960 11 2.2055087E-08
1960 12 1.7836909E-08
1961 01 1.8291329E-08
1961 02 2.2580108E-08
1961 03 3.1095261E-08
1961 04 2.8833096E-08
1961 05 2.2873760E-08
1961 06 9.4401535E-09
1961 07 1.4753649E-08
1961 08 2.4225100E-08
1961 09 1.6437331E-08
1961 10 1.7086323E-08
1961 11 2.0510655E-08
1961 12 2.2427452E-08
1962 01 1.7418600E-08
1962 02 1.8752372E-08
1962 03 2.6228706E-08
1962 04 3.2859027E-08
1962 05 1.9880359E-08
1962 06 9.0637169E-09
1962 07 1.1091046E-08
1962 08 2.0205391E-08
1962 09 1.5314701E-08
1962 10 1.8288324E-08
1962 11 2.1054190E-08
1962 12 2.5898355E-08
1963 01 2.1412145E-08
1963 02 2.0879925E-08
1963 03 3.2515544E-08
1963 04 4.0980090E-08
1963 05 1.7251416E-08
1963 06 8.6442968E-09
1963 07 1.3320753E-08
1963 08 2.0277946E-08
1963 09 1.7591253E-08
1963 10 2.9815826E-08
1963 11 2.7262020E-08
1963 12 3.0396066E-08
1964 01 2.2651125E-08
1964 02 2.4548219E-08
1964 03 2.8295139E-08
1964 04 3.2930121E-08
1964 05 1.6995930E-08
1964 06 8.5355891E-09
1964 07 1.1241698E-08
1964 08 1.7437555E-08
1964 09 1.4598760E-08
1964 10 1.4750914E-08
1964 11 1.3464758E-08
1964 12 1.7647384E-08
1965 01 1.7655147E-08
1965 02 2.2528756E-08
1965 03 2.8554787E-08
1965 04 4.1083901E-08
1965 05 1.7207519E-08
1965 06 8.9052010E-09
1965 07 1.3602198E-08
1965 08 1.8148253E-08
1965 09 1.9072555E-08
1965 10 3.0824424E-08
1965 11 3.1613350E-08
1965 12 3.2567453E-08
1966 01 2.0927400E-08
1966 02 1.8769780E-08
1966 03 2.9916695E-08
1966 04 4.6446775E-08
1966 05 1.6441662E-08
1966 06 9.0946681E-09
1966 07 1.1217322E-08
1966 08 2.2994941E-08
1966 09 1.5186361E-08
1966 10 1.7292727E-08
1966 11 2.0575829E-08
1966 12 2.5330788E-08
1967 01 1.5069650E-08
1967 02 1.8438124E-08
1967 03 2.9174595E-08
1967 04 4.1139675E-08
1967 05 1.7011750E-08
1967 06 1.0976057E-08
1967 07 1.3647213E-08
1967 08 2.1290498E-08
1967 09 1.3347106E-08
1967 10 1.8152310E-08
1967 11 1.4705796E-08
1967 12 2.3404642E-08
1968 01 2.7615245E-08
1968 02 2.8341569E-08
1968 03 3.4535951E-08
1968 04 3.6172928E-08
1968 05 1.3093234E-08
1968 06 5.8137695E-09
1968 07 9.5346904E-09
1968 08 2.1178932E-08
1968 09 1.5843192E-08
1968 10 2.0662617E-08
1968 11 2.3044885E-08
1968 12 2.5125077E-08
1969 01 2.6446315E-08
1969 02 3.0162283E-08
1969 03 3.5413013E-08
1969 04 4.5424891E-08
1969 05 1.5804460E-08
1969 06 1.4461271E-08
1969 07 1.4477607E-08
1969 08 1.7797902E-08
1969 09 1.7374248E-08
1969 10 2.0084224E-08
1969 11 2.0674239E-08
1969 12 2.9545097E-08
1970 01 2.8315265E-08
1970 02 2.6147355E-08
1970 03 3.2658473E-08
1970 04 3.7925439E-08
1970 05 1.5640255E-08
1970 06 1.3265900E-08
1970 07 1.7216266E-08
1970 08 2.3427688E-08
1970 09 2.0879284E-08
1970 10 1.5094017E-08
1970 11 1.8334925E-08
1970 12 1.9612617E-08
1971 01 1.6769082E-08
1971 02 2.2232738E-08
1971 03 3.0930092E-08
1971 04 3.2168426E-08
1971 05 1.8665627E-08
1971 06 1.1733787E-08
1971 07 7.9772748E-09
1971 08 1.7506135E-08
1971 09 1.3488386E-08
1971 10 1.9618282E-08
1971 11 1.8952736E-08
1971 12 2.6005919E-08
1972 01 2.6518249E-08
1972 02 2.1203151E-08
1972 03 3.4163083E-08
1972 04 4.4671225E-08
1972 05 2.4214991E-08
1972 06 8.3373086E-09
1972 07 1.3982036E-08
1972 08 1.4339274E-08
1972 09 2.6608815E-08
1972 10 3.7546556E-08
1972 11 2.7289111E-08
1972 12 2.7354105E-08
1973 01 2.1723100E-08
1973 02 1.6556331E-08
1973 03 2.4874790E-08
1973 04 3.6474464E-08
1973 05 2.1167173E-08
1973 06 9.8813207E-09
1973 07 9.9087272E-09
1973 08 1.8845149E-08
1973 09 1.1579384E-08
1973 10 1.5063648E-08
1973 11 1.0586069E-08
1973 12 1.3504090E-08
1974 01 1.2928822E-08
1974 02 1.8426935E-08
1974 03 2.7787642E-08
1974 04 4.0068720E-08
1974 05 1.7380932E-08
1974 06 8.6457046E-09
1974 07 1.1112204E-08
1974 08 1.6639518E-08
1974 09 1.7536699E-08
1974 10 1.7686446E-08
1974 11 1.5147542E-08
1974 12 1.7153141E-08
1975 01 2.6502910E-08
1975 02 1.5331674E-08
1975 03 3.0952766E-08
1975 04 3.5302371E-08
1975 05 1.8547963E-08
1975 06 6.9346755E-09
1975 07 7.4373685E-09
1975 08 1.6773496E-08
1975 09 1.2092531E-08
1975 10 1.8962156E-08
1975 11 1.0208927E-08
1975 12 1.5617481E-08
1976 01 1.5283472E-08
1976 02 1.7654720E-08
1976 03 3.7869103E-08
1976 04 3.8648118E-08
1976 05 2.3790966E-08
1976 06 6.7209593E-09
1976 07 1.4484431E-08
1976 08 1.6690310E-08
1976 09 2.4525553E-08
1976 10 2.9824140E-08
1976 11 1.8012802E-08
1976 12 2.8040468E-08
1977 01 3.4990268E-08
1977 02 2.3246923E-08
1977 03 3.2072464E-08
1977 04 4.3849365E-08
1977 05 1.7992454E-08
1977 06 9.3744159E-09
1977 07 1.6111338E-08
1977 08 1.9609173E-08
1977 09 1.8532079E-08
1977 10 2.4755474E-08
1977 11 2.4635014E-08
1977 12 2.8861676E-08
1978 01 2.8704010E-08
1978 02 2.6317423E-08
1978 03 3.1325875E-08
1978 04 3.5656580E-08
1978 05 1.6147562E-08
1978 06 7.2860797E-09
1978 07 1.1124762E-08
1978 08 1.5554242E-08
1978 09 1.7051130E-08
1978 10 1.5716894E-08
1978 11 1.8587981E-08
1978 12 1.8460268E-08
1979 01 2.6086544E-08
1979 02 2.3743009E-08
1979 03 2.9932899E-08
1979 04 4.3351356E-08
1979 05 1.8956205E-08
1979 06 9.1683301E-09
1979 07 9.0470467E-09
1979 08 1.9748859E-08
1979 09 1.9688432E-08
1979 10 2.4656162E-08
1979 11 1.9508262E-08
1979 12 2.1178874E-08
1980 01 2.8225674E-08
1980 02 2.9192082E-08
1980 03 3.4635928E-08
1980 04 3.8448842E-08
1980 05 2.0234133E-08
1980 06 1.0134944E-08
1980 07 1.0282648E-08
1980 08 1.8697852E-08
1980 09 1.5863233E-08
1980 10 2.2762103E-08
1980 11 2.3422917E-08
1980 12 2.4466097E-08
1981 01 2.4301858E-08
1981 02 2.8118468E-08
1981 03 2.8608008E-08
1981 04 3.2453730E-08
1981 05 1.6941868E-08
1981 06 1.3947953E-08
1981 07 8.9827470E-09
1981 08 2.2779769E-08
1981 09 1.6161012E-08
1981 10 1.8049858E-08
1981 11 2.1162389E-08
1981 12 2.2738181E-08
1982 01 2.0334445E-08
1982 02 2.0332127E-08
1982 03 3.3625390E-08
1982 04 3.7204678E-08
1982 05 2.0376682E-08
1982 06 1.0582286E-08
1982 07 8.9881356E-09
1982 08 2.2832904E-08
1982 09 2.9381516E-08
1982 10 3.2743870E-08
1982 11 3.1653457E-08
1982 12 1.7948979E-08
1983 01 1.9650761E-08
1983 02 9.2529655E-09
1983 03 2.8719533E-08
1983 04 4.5464233E-08
1983 05 1.9370036E-08
1983 06 1.3869855E-08
1983 07 1.1258591E-08
1983 08 1.6594743E-08
1983 09 1.8067089E-08
1983 10 2.5113867E-08
1983 11 1.8136323E-08
1983 12 1.7807382E-08
1984 01 2.8569305E-08
1984 02 2.5796449E-08
1984 03 3.4063703E-08
1984 04 3.7335649E-08
1984 05 2.0448896E-08
1984 06 1.2984206E-08
1984 07 1.5839957E-08
1984 08 1.9150315E-08
1984 09 1.8639994E-08
1984 10 1.8412948E-08
1984 11 2.3512712E-08
1984 12 1.6618369E-08
1985 01 1.7156497E-08
1985 02 2.0578025E-08
1985 03 3.9511825E-08
1985 04 4.1576051E-08
1985 05 2.2497204E-08
1985 06 7.0817454E-09
1985 07 7.3203346E-09
1985 08 2.0890109E-08
1985 09 1.6819962E-08
1985 10 2.4362661E-08
1985 11 2.9532060E-08
1985 12 2.7548843E-08
1986 01 2.9900580E-08
1986 02 2.4175419E-08
1986 03 3.2614174E-08
1986 04 4.1590585E-08
1986 05 2.1665327E-08
1986 06 9.9023127E-09
1986 07 8.6276453E-09
1986 08 1.1177732E-08
1986 09 2.1776234E-08
1986 10 3.5261817E-08
1986 11 3.3976729E-08
1986 12 3.9070994E-08
1987 01 3.3213535E-08
1987 02 2.7826967E-08
1987 03 3.5654537E-08
1987 04 5.0963092E-08
1987 05 3.0768156E-08
1987 06 9.8067963E-09
1987 07 1.4723768E-08
1987 08 1.4994955E-08
1987 09 2.8377880E-08
1987 10 2.8070238E-08
1987 11 2.7315620E-08
1987 12 2.5105228E-08
1988 01 2.3936879E-08
1988 02 2.4166232E-08
1988 03 2.8110648E-08
1988 04 3.6186965E-08
1988 05 2.8407960E-08
1988 06 1.3005413E-08
1988 07 1.8273154E-08
1988 08 1.8063796E-08
1988 09 8.8431875E-09
1988 10 1.2039538E-08
1988 11 1.3150645E-08
1988 12 1.9101105E-08
1989 01 1.6169439E-08
1989 02 1.9916722E-08
1989 03 3.2618157E-08
1989 04 3.6447634E-08
1989 05 2.1663531E-08
1989 06 7.0630430E-09
1989 07 1.1104495E-08
1989 08 2.1779867E-08
1989 09 1.4024280E-08
1989 10 2.1448679E-08
1989 11 2.5998158E-08
1989 12 2.3402514E-08
1990 01 2.5344834E-08
1990 02 2.8425921E-08
1990 03 3.3776711E-08
1990 04 4.5631086E-08
1990 05 2.3335122E-08
1990 06 1.0051020E-08
1990 07 1.4652155E-08
1990 08 1.8052571E-08
1990 09 1.9868935E-08
1990 10 3.2750766E-08
1990 11 3.3115043E-08
1990 12 2.0574062E-08
1991 01 2.5648436E-08
1991 02 3.4386048E-08
1991 03 3.7109199E-08
1991 04 4.1004835E-08
1991 05 2.1152383E-08
1991 06 7.8898097E-09
1991 07 1.0397464E-08
1991 08 1.6622522E-08
1991 09 2.9173702E-08
1991 10 2.3160666E-08
1991 11 3.4166163E-08
1991 12 3.0091616E-08
1992 01 3.3213219E-08
1992 02 2.0115708E-08
1992 03 3.5475523E-08
1992 04 5.2053345E-08
1992 05 2.9421718E-08
1992 06 1.0660893E-08
1992 07 9.3858858E-09
1992 08 1.6358189E-08
1992 09 2.3134973E-08
1992 10 3.7881581E-08
1992 11 2.4010124E-08
1992 12 2.9781775E-08
1993 01 3.5826005E-08
1993 02 3.1134906E-08
1993 03 3.5542008E-08
1993 04 4.8531891E-08
1993 05 2.0514427E-08
1993 06 1.3143675E-08
1993 07 1.5070954E-08
1993 08 2.1437534E-08
1993 09 2.6484233E-08
1993 10 2.7413861E-08
1993 11 2.8591112E-08
1993 12 2.9159354E-08
1994 01 2.8110772E-08
1994 02 2.0217856E-08
1994 03 2.6255924E-08
1994 04 4.6917886E-08
1994 05 3.3645172E-08
1994 06 7.0282131E-09
1994 07 9.9693702E-09
1994 08 2.2100027E-08
1994 09 1.9641385E-08
1994 10 2.7148022E-08
1994 11 3.5240063E-08
1994 12 3.0256267E-08
1995 01 3.8033026E-08
1995 02 2.4325821E-08
1995 03 2.8959386E-08
1995 04 4.4309555E-08
1995 05 2.2665757E-08
1995 06 1.0627597E-08
1995 07 1.0193459E-08
1995 08 1.6675378E-08
1995 09 1.0544503E-08
1995 10 1.7738371E-08
1995 11 1.7092999E-08
1995 12 1.5619227E-08
1996 01 2.1461146E-08
1996 02 2.1471084E-08
1996 03 2.7518334E-08
1996 04 3.8080895E-08
1996 05 2.0315067E-08
1996 06 1.1377275E-08
1996 07 9.9046389E-09
1996 08 1.6443797E-08
1996 09 1.6165203E-08
1996 10 1.8529601E-08
1996 11 2.1482307E-08
1996 12 2.3522567E-08
1997 01 2.7609257E-08
1997 02 2.2880689E-08
1997 03 3.2214157E-08
1997 04 3.8795669E-08
1997 05 2.0137511E-08
1997 06 1.1498376E-08
1997 07 1.6006764E-08
1997 08 1.5894960E-08
1997 09 3.3140321E-08
1997 10 2.8814338E-08
1997 11 2.5112215E-08
1997 12 1.4926210E-08
1998 01 1.2934545E-08
1998 02 1.0869102E-08
1998 03 2.4386742E-08
1998 04 4.2436518E-08
1998 05 1.5525449E-08
1998 06 1.1384085E-08
1998 07 1.0604189E-08
1998 08 2.0582815E-08
1998 09 1.7045226E-08
1998 10 1.1909060E-08
1998 11 1.8839335E-08
1998 12 1.5619509E-08
1999 01 1.7684819E-08
1999 02 1.7455744E-08
1999 03 3.0458185E-08
1999 04 2.3241835E-08
1999 05 2.2353159E-08
1999 06 1.1373317E-08
1999 07 1.0924779E-08
1999 08 1.9190185E-08
1999 09 1.6725707E-08
1999 10 1.5461440E-08
1999 11 1.4816063E-08
1999 12 1.8397191E-08
2000 01 1.8456099E-08
2000 02 1.8162677E-08
2000 03 3.0046195E-08
2000 04 3.6841087E-08
2000 05 2.4634103E-08
2000 06 9.8862811E-09
2000 07 1.1092515E-08
2000 08 1.5863561E-08
2000 09 1.2565753E-08
2000 10 1.7035422E-08
2000 11 2.7397515E-08
2000 12 2.3792753E-08
2001 01 2.0749319E-08
2001 02 2.1273129E-08
2001 03 3.5349498E-08
2001 04 4.5571390E-08
2001 05 2.9020889E-08
2001 06 1.0135715E-08
2001 07 1.1576309E-08
2001 08 2.0898925E-08
2001 09 1.3615261E-08
2001 10 3.1172487E-08
2001 11 2.7675052E-08
2001 12 3.1766312E-08
2002 01 3.5181269E-08
2002 02 2.7313598E-08
2002 03 3.4250984E-08
2002 04 3.9171706E-08
2002 05 2.4079561E-08
2002 06 1.0124370E-08
2002 07 1.4447782E-08
2002 08 1.5473718E-08
2002 09 1.8811225E-08
2002 10 2.7034101E-08
2002 11 3.2072425E-08
2002 12 2.3365034E-08
2003 01 2.9085669E-08
2003 02 2.6387619E-08
2003 03 3.9204028E-08
2003 04 4.4670251E-08
2003 05 2.7375613E-08
2003 06 8.7198639E-09
2003 07 1.1197493E-08
2003 08 1.7202479E-08
2003 09 1.5219859E-08
2003 10 2.4768774E-08
2003 11 2.2924770E-08
2003 12 2.7218363E-08
2004 01 2.8361278E-08
2004 02 2.4080666E-08
2004 03 2.8740317E-08
2004 04 4.0318561E-08
2004 05 2.4494906E-08
2004 06 1.2668436E-08
2004 07 1.1136786E-08
2004 08 2.0389978E-08
2004 09 1.8080167E-08
2004 10 2.6274565E-08
2004 11 3.2423554E-08
2004 12 2.3669266E-08
2005 01 3.1710673E-08
2005 02 2.5982763E-08
2005 03 3.0613247E-08
2005 04 3.5231135E-08
2005 05 1.1970363E-08
2005 06 2.1489102E-08
2005 07 1.9282732E-08
2005 08 2.4449255E-08
2005 09 1.6608103E-08
2005 10 1.8781066E-08
2005 11 1.8279799E-08
2005 12 2.5994959E-08
2006 01 3.3282436E-08
2006 02 2.1846816E-08
2006 03 2.4118494E-08
2006 04 3.6938072E-08
2006 05 1.5589238E-08
2006 06 7.0223907E-09
2006 07 1.3044178E-08
2006 08 2.2610143E-08
2006 09 1.4241849E-08
2006 10 1.5403346E-08
2006 11 2.8621574E-08
2006 12 2.9257516E-08
2007 01 2.9471154E-08
2007 02 3.1060061E-08
2007 03 3.2081054E-08
2007 04 3.6309533E-08
2007 05 2.1421570E-08
2007 06 1.2715667E-08
2007 07 1.6897177E-08
2007 08 2.1353932E-08
2007 09 1.5899525E-08
2007 10 1.5743280E-08
2007 11 2.1611848E-08
2007 12 2.4134721E-08
2008 01 2.1598362E-08
2008 02 1.9845700E-08
2008 03 2.9227307E-08
2008 04 2.9345355E-08
2008 05 1.7774580E-08
2008 06 9.9655324E-09
2008 07 1.0863825E-08
2008 08 1.5670306E-08
2008 09 1.3437248E-08
2008 10 1.3793326E-08
2008 11 1.4849782E-08
2008 12 1.6370620E-08
2009 01 1.8775491E-08
2009 02 1.9482659E-08
2009 03 3.5723335E-08
2009 04 4.1417437E-08
2009 05 1.9810791E-08
2009 06 1.0036279E-08
2009 07 1.0370528E-08
2009 08 2.2222805E-08
2009 09 1.9980320E-08
2009 10 2.3426736E-08
2009 11 3.4246650E-08
2009 12 2.7852730E-08
2010 01 2.8989103E-08
2010 02 2.8642255E-08
2010 03 3.2462427E-08
2010 04 4.0377902E-08
2010 05 2.5591156E-08
2010 06 1.2374118E-08
2010 07 1.3114754E-08
2010 08 2.0351678E-08
2010 09 1.2367415E-08
2010 10 1.1995271E-08
2010 11 1.3973626E-08
2010 12 1.5817299E-08
2011 01 1.3261342E-08
2011 02 1.3832693E-08
2011 03 2.3740425E-08
2011 04 2.8845696E-08
2011 05 1.8518183E-08
2011 06 1.1929128E-08
2011 07 1.2297535E-08
2011 08 1.4141659E-08
2011 09 1.4927897E-08
2011 10 1.0723101E-08
2011 11 1.5172379E-08
2011 12 2.0074898E-08
2012 01 1.7520266E-08
2012 02 2.0681174E-08
2012 03 2.8628460E-08
2012 04 3.2865589E-08
2012 05 1.6407920E-08
2012 06 1.2722356E-08
2012 07 1.3253977E-08
2012 08 2.1092768E-08
2012 09 1.6562694E-08
2012 10 2.2831147E-08
2012 11 2.5099453E-08
2012 12 3.1381287E-08
2013 01 2.5889920E-08
2013 02 2.7152817E-08
2013 03 3.2087161E-08
2013 04 3.9601389E-08
2013 05 2.1603746E-08
2013 06 1.2055980E-08
2013 07 1.5312446E-08
2013 08 1.9671363E-08
2013 09 1.1713282E-08
2013 10 1.6903968E-08
2013 11 2.6371371E-08
2013 12 3.0201807E-08
2014 01 3.7421106E-08
2014 02 2.9685230E-08
2014 03 3.2940608E-08
2014 04 4.4070624E-08
2014 05 2.2165510E-08
2014 06 1.0168724E-08
2014 07 1.0522616E-08
2014 08 1.9779108E-08
2014 09 2.6237029E-08
2014 10 2.6938606E-08
2014 11 2.3533939E-08
2014 12 2.6875686E-08
2015 01 3.3894022E-08
2015 02 3.1110595E-08
2015 03 4.0460723E-08
2015 04 4.6076003E-08
2015 05 2.2527162E-08
2015 06 9.4641921E-09
2015 07 8.2065865E-09
2015 08 2.0883002E-08
2015 09 4.3779202E-08
2015 10 3.4908258E-08
2015 11 2.5792549E-08
2015 12 2.3810781E-08
2016 01 2.1825993E-08
2016 02 1.3123964E-08
2016 03 3.3836500E-08
2016 04 4.8864656E-08
2016 05 1.3078733E-08
2016 06 1.1036019E-08
2016 07 9.5088701E-09
2016 08 2.2386951E-08
2016 09 1.7460978E-08
2016 10 2.0544936E-08
2016 11 1.9803750E-08
2016 12 2.0176671E-08
2017 01 2.3999172E-08
2017 02 1.7646048E-08
2017 03 2.9931620E-08
