1957 01 1.8909224E-08
1957 02 3.2168970E-08
1957 03 2.3535474E-08
1957 04 3.0908296E-08
1957 05 3.9492065E-08
1957 06 2.6111014E-08
1957 07 9.1323802E-09
1957 08 1.0038663E-08
1957 09 1.5954688E-08
1957 10 1.1645631E-08
1957 11 2.8820645E-08
1957 12 1.8009692E-08
1958 01 2.6017515E-08
1958 02 3.1383717E-08
1958 03 2.5771200E-08
1958 04 2.9158032E-08
1958 05 4.1204569E-08
1958 06 1.1835584E-08
1958 07 1.3691193E-08
1958 08 1.4346065E-08
1958 09 1.6202971E-08
1958 10 2.1043377E-08
1958 11 2.6674545E-08
1958 12 2.3718080E-08
1959 01 3.0150797E-08
1959 02 2.7338315E-08
1959 03 2.7061182E-08
1959 04 3.1446522E-08
1959 05 3.7746304E-08
1959 06 1.7693356E-08
1959 07 8.1108293E-09
1959 08 1.2161658E-08
1959 09 2.4878995E-08
1959 10 2.3632269E-08
1959 11 2.1629235E-08
1959 12 2.1097282E-08
1960 01 2.3140169E-08
1960 02 1.8899932E-08
1960 03 2.0326414E-08
1960 04 2.9536244E-08
1960 05 3.5737759E-08
1960 06 1.9778577E-08
1960 07 8.9941610E-09
1960 08 7.8009483E-09
1960 09 1.7872440E-08
1960 10 1.6321406E-08
1960 11 2.2028575E-08
1960 12 1.8220916E-08
1961 01 2.0179263E-08
1961 02 2.3363745E-08
1961 03 1.4710885E-08
1961 04 3.2673263E-08
1961 05 3.5831732E-08
1961 06 1.5762939E-08
1961 07 8.3125427E-09
1961 08 8.2068610E-09
1961 09 1.9530038E-08
1961 10 1.1439840E-08
1961 11 1.3642994E-08
1961 12 2.2814996E-08
1962 01 1.5996910E-08
1962 02 1.6036381E-08
1962 03 1.8372361E-08
1962 04 3.1695549E-08
1962 05 3.3207762E-08
1962 06 1.9749349E-08
1962 07 9.0833492E-09
1962 08 1.1006881E-08
1962 09 1.8210867E-08
1962 10 1.8982318E-08
1962 11 1.2618443E-08
1962 12 1.9635694E-08
1963 01 2.0243593E-08
1963 02 2.1377801E-08
1963 03 2.4973204E-08
1963 04 3.1246234E-08
1963 05 4.2195779E-08
1963 06 1.6616418E-08
1963 07 1.1769581E-08
1963 08 1.3457226E-08
1963 09 1.8449528E-08
1963 10 1.4571746E-08
1963 11 2.1711200E-08
1963 12 2.3701871E-08
1964 01 2.7439434E-08
1964 02 2.6014909E-08
1964 03 1.9494603E-08
1964 04 2.9612167E-08
1964 05 3.8465775E-08
1964 06 1.6060932E-08
1964 07 8.8783185E-09
1964 08 1.3504009E-08
1964 09 2.0995124E-08
1964 10 1.5072713E-08
1964 11 1.8021879E-08
1964 12 1.3007224E-08
1965 01 1.6147027E-08
1965 02 2.2137096E-08
1965 03 2.6079849E-08
1965 04 3.5752429E-08
1965 05 4.5175984E-08
1965 06 1.8201373E-08
1965 07 1.3486035E-08
1965 08 1.1994488E-08
1965 09 1.5415491E-08
1965 10 2.0295646E-08
1965 11 3.1600162E-08
1965 12 3.0008337E-08
1966 01 2.7889001E-08
1966 02 2.7007509E-08
1966 03 2.2919773E-08
1966 04 3.5266815E-08
1966 05 4.0343423E-08
1966 06 1.7669310E-08
1966 07 1.2805927E-08
1966 08 1.6180087E-08
1966 09 1.6161332E-08
1966 10 1.2806433E-08
1966 11 1.9500224E-08
1966 12 1.9335134E-08
1967 01 1.9220860E-08
1967 02 1.5493248E-08
1967 03 2.0026931E-08
1967 04 2.9829479E-08
1967 05 3.8792571E-08
1967 06 2.1958755E-08
1967 07 8.5286151E-09
1967 08 1.1255053E-08
1967 09 2.2133298E-08
1967 10 1.5342041E-08
1967 11 1.8010461E-08
1967 12 1.8432099E-08
1968 01 2.1179106E-08
1968 02 2.4129669E-08
1968 03 2.7880080E-08
1968 04 3.7641325E-08
1968 05 3.6700399E-08
1968 06 1.4741741E-08
1968 07 8.2248857E-09
1968 08 1.0073806E-08
1968 09 2.2504901E-08
1968 10 1.3000176E-08
1968 11 2.5420775E-08
1968 12 1.5142660E-08
1969 01 2.8271472E-08
1969 02 2.9669723E-08
1969 03 2.8178468E-08
1969 04 3.2003097E-08
1969 05 3.5379347E-08
1969 06 1.4385979E-08
1969 07 1.0268910E-08
1969 08 1.3225841E-08
1969 09 1.2772857E-08
1969 10 1.5212922E-08
1969 11 2.2226626E-08
1969 12 2.2899354E-08
1970 01 2.3780045E-08
1970 02 2.4850596E-08
1970 03 2.6724255E-08
1970 04 2.6160901E-08
1970 05 2.9076363E-08
1970 06 2.3949418E-08
1970 07 1.1007600E-08
1970 08 1.5127698E-08
1970 09 2.2038160E-08
1970 10 2.0348494E-08
1970 11 1.3996500E-08
1970 12 1.8812782E-08
1971 01 9.2517567E-09
1971 02 1.5920797E-08
1971 03 1.8651757E-08
1971 04 3.4968220E-08
1971 05 3.1737002E-08
1971 06 2.2349504E-08
1971 07 7.8869880E-09
1971 08 9.7960227E-09
1971 09 1.9622643E-08
1971 10 1.1559734E-08
1971 11 2.0279940E-08
1971 12 2.0088194E-08
1972 01 1.7873635E-08
1972 02 1.6420469E-08
1972 03 2.0380769E-08
1972 04 3.4340520E-08
1972 05 4.0965798E-08
1972 06 1.5771997E-08
1972 07 1.0909596E-08
1972 08 9.5784882E-09
1972 09 1.9938891E-08
1972 10 2.2855192E-08
1972 11 2.9693455E-08
1972 12 2.8176654E-08
1973 01 1.8220909E-08
1973 02 3.0159583E-08
1973 03 2.4186042E-08
1973 04 3.0684987E-08
1973 05 3.6802582E-08
1973 06 2.7376538E-08
1973 07 7.9575591E-09
1973 08 1.1411292E-08
1973 09 1.8702195E-08
1973 10 1.7446469E-08
1973 11 1.1918969E-08
1973 12 9.0796135E-09
1974 01 1.4531407E-08
1974 02 1.4310473E-08
1974 03 1.5677685E-08
1974 04 2.6905324E-08
1974 05 3.9789789E-08
1974 06 2.4052801E-08
1974 07 4.8117426E-09
1974 08 1.2715439E-08
1974 09 2.0417877E-08
1974 10 1.6396530E-08
1974 11 1.9001034E-08
1974 12 1.2457633E-08
1975 01 1.2316745E-08
1975 02 1.6559756E-08
1975 03 2.1379149E-08
1975 04 2.9482530E-08
1975 05 3.3443488E-08
1975 06 1.8307984E-08
1975 07 6.2120420E-09
1975 08 1.3683602E-08
1975 09 2.0260318E-08
1975 10 2.1959432E-08
1975 11 1.3320950E-08
1975 12 1.0842723E-08
1976 01 1.4002308E-08
1976 02 1.4327047E-08
1976 03 1.7785634E-08
1976 04 3.4927957E-08
1976 05 4.1780595E-08
1976 06 2.4215076E-08
1976 07 1.2856765E-08
1976 08 1.1286648E-08
1976 09 1.9565492E-08
1976 10 2.1301339E-08
1976 11 2.3990909E-08
1976 12 2.4537403E-08
1977 01 2.3587805E-08
1977 02 3.8181867E-08
1977 03 2.3084969E-08
1977 04 3.2261134E-08
1977 05 3.5129339E-08
1977 06 1.5096354E-08
1977 07 1.0675501E-08
1977 08 1.2253208E-08
1977 09 2.3965514E-08
1977 10 2.1902535E-08
1977 11 2.5302674E-08
1977 12 2.8986925E-08
1978 01 2.6486905E-08
1978 02 2.9062406E-08
1978 03 2.5196256E-08
1978 04 3.7152606E-08
1978 05 3.0988268E-08
1978 06 1.8942847E-08
1978 07 6.9426376E-09
1978 08 1.0114874E-08
1978 09 1.3032400E-08
1978 10 1.8756179E-08
1978 11 2.1878774E-08
1978 12 1.8691232E-08
1979 01 2.4993597E-08
1979 02 2.6998391E-08
1979 03 2.1835930E-08
1979 04 2.8627943E-08
1979 05 4.4633385E-08
1979 06 2.3372161E-08
1979 07 9.3798125E-09
1979 08 1.1568168E-08
1979 09 1.9965130E-08
1979 10 2.0241334E-08
1979 11 2.2013165E-08
1979 12 2.6881320E-08
1980 01 2.9924976E-08
1980 02 3.2370913E-08
1980 03 3.1396670E-08
1980 04 3.6608270E-08
1980 05 4.1519300E-08
1980 06 1.4142676E-08
1980 07 8.3900078E-09
1980 08 1.3298530E-08
1980 09 1.7668979E-08
1980 10 1.3891897E-08
1980 11 2.6511053E-08
1980 12 2.1816820E-08
1981 01 1.6789924E-08
1981 02 1.9703171E-08
1981 03 2.1179240E-08
1981 04 3.2004444E-08
1981 05 2.9762225E-08
1981 06 1.8610976E-08
1981 07 9.0573176E-09
1981 08 1.2890820E-08
1981 09 1.7560861E-08
1981 10 2.0572674E-08
1981 11 1.9497842E-08
1981 12 2.3914062E-08
1982 01 2.4646020E-08
1982 02 2.6420244E-08
1982 03 2.3883921E-08
1982 04 3.2193793E-08
1982 05 4.0448583E-08
1982 06 2.7205122E-08
1982 07 9.6797095E-09
1982 08 1.0621409E-08
1982 09 1.4791890E-08
1982 10 2.8353089E-08
1982 11 3.3802511E-08
1982 12 1.8673560E-08
1983 01 1.6998372E-08
1983 02 1.9962384E-08
1983 03 1.7314195E-08
1983 04 2.8422571E-08
1983 05 4.2129667E-08
1983 06 2.2094472E-08
1983 07 1.0840969E-08
1983 08 9.7462785E-09
1983 09 1.8478318E-08
1983 10 1.5475335E-08
1983 11 1.2292297E-08
1983 12 1.8790587E-08
1984 01 2.7116460E-08
1984 02 2.4651557E-08
1984 03 2.3119391E-08
1984 04 2.9983386E-08
1984 05 3.6387785E-08
1984 06 2.2470793E-08
1984 07 1.3451832E-08
1984 08 1.3499499E-08
1984 09 2.3305791E-08
1984 10 1.3486053E-08
1984 11 2.1827590E-08
1984 12 1.7369969E-08
1985 01 1.8640689E-08
1985 02 1.6890450E-08
1985 03 2.2314609E-08
1985 04 3.6910834E-08
1985 05 4.6941757E-08
1985 06 1.9713724E-08
1985 07 5.5797242E-09
1985 08 1.0597667E-08
1985 09 1.8763044E-08
1985 10 1.9743037E-08
1985 11 2.0379860E-08
1985 12 2.3531204E-08
1986 01 2.6018638E-08
1986 02 2.8053179E-08
1986 03 2.3298956E-08
1986 04 3.0899432E-08
1986 05 4.7393637E-08
1986 06 1.9650461E-08
1986 07 7.8118294E-09
1986 08 7.6574125E-09
1986 09 1.6746052E-08
1986 10 3.1294661E-08
1986 11 3.6183152E-08
1986 12 3.3559605E-08
1987 01 2.9812316E-08
1987 02 3.2510108E-08
1987 03 2.0324961E-08
1987 04 3.0656064E-08
1987 05 5.3061740E-08
1987 06 2.8725415E-08
1987 07 9.3029326E-09
1987 08 8.9123358E-09
1987 09 1.9369828E-08
1987 10 2.7309781E-08
1987 11 2.8415949E-08
1987 12 2.4492435E-08
1988 01 2.4799032E-08
1988 02 2.2791648E-08
1988 03 2.4604624E-08
1988 04 2.9294652E-08
1988 05 3.7241797E-08
1988 06 2.6682120E-08
1988 07 1.5874814E-08
1988 08 1.4350926E-08
1988 09 1.2728239E-08
1988 10 1.2329475E-08
1988 11 1.4346766E-08
1988 12 1.2372097E-08
1989 01 1.4482163E-08
1989 02 1.6383650E-08
1989 03 1.6394253E-08
1989 04 3.3050579E-08
1989 05 3.3959907E-08
1989 06 1.5678687E-08
1989 07 1.1285744E-08
1989 08 1.5075882E-08
1989 09 2.1947422E-08
1989 10 1.2659861E-08
1989 11 2.3370889E-08
1989 12 2.0804187E-08
1990 01 3.0110421E-08
1990 02 2.4760249E-08
1990 03 2.5132948E-08
1990 04 3.3730533E-08
1990 05 4.1639051E-08
1990 06 1.6674431E-08
1990 07 6.4715615E-09
1990 08 1.0174477E-08
1990 09 1.9437683E-08
1990 10 1.9106084E-08
1990 11 3.1004937E-08
1990 12 3.0045666E-08
1991 01 3.1785994E-08
1991 02 3.0511163E-08
1991 03 2.8350270E-08
1991 04 3.8568910E-08
1991 05 4.3545121E-08
1991 06 2.2550960E-08
1991 07 1.0460594E-08
1991 08 8.1589739E-09
1991 09 1.8781169E-08
1991 10 2.0348269E-08
1991 11 2.7629532E-08
1991 12 3.1507849E-08
1992 01 3.4585426E-08
1992 02 3.1524809E-08
1992 03 2.3796112E-08
1992 04 3.5033644E-08
1992 05 6.2631905E-08
1992 06 2.8912504E-08
1992 07 9.2015080E-09
1992 08 6.3702754E-09
1992 09 2.6621288E-08
1992 10 2.2398828E-08
1992 11 3.0822470E-08
1992 12 3.6807990E-08
1993 01 3.3732210E-08
1993 02 3.3946101E-08
1993 03 2.8210561E-08
1993 04 4.0112479E-08
1993 05 4.8050779E-08
1993 06 1.9425748E-08
1993 07 9.0920746E-09
1993 08 9.9534248E-09
1993 09 1.9005158E-08
1993 10 2.5668513E-08
1993 11 2.8309037E-08
1993 12 2.9178974E-08
1994 01 2.4216545E-08
1994 02 2.8941757E-08
1994 03 2.5143677E-08
1994 04 3.4745629E-08
1994 05 5.2528591E-08
1994 06 2.3815380E-08
1994 07 6.6861277E-09
1994 08 1.1896891E-08
1994 09 2.7403964E-08
1994 10 2.4094899E-08
1994 11 3.0951952E-08
1994 12 3.4048128E-08
1995 01 3.4751523E-08
1995 02 3.0811083E-08
1995 03 3.0761818E-08
1995 04 3.1237473E-08
1995 05 4.2418932E-08
1995 06 2.0026437E-08
1995 07 8.5016394E-09
1995 08 9.6666906E-09
1995 09 1.5871530E-08
1995 10 9.6175841E-09
1995 11 2.1555314E-08
1995 12 2.0062441E-08
1996 01 1.9588281E-08
1996 02 2.0533012E-08
1996 03 2.3609596E-08
1996 04 3.1470943E-08
1996 05 3.4889979E-08
1996 06 1.9777067E-08
1996 07 9.9465991E-09
1996 08 1.1804384E-08
1996 09 1.5174374E-08
1996 10 1.6967681E-08
1996 11 2.5426983E-08
1996 12 2.6471877E-08
1997 01 2.3359036E-08
1997 02 2.6900649E-08
1997 03 2.1993225E-08
1997 04 3.1309135E-08
1997 05 4.6172676E-08
1997 06 1.6693145E-08
1997 07 1.2324669E-08
1997 08 6.7674231E-09
1997 09 2.8457293E-08
1997 10 3.5468581E-08
1997 11 2.1336659E-08
1997 12 1.6946482E-08
1998 01 1.9618994E-08
1998 02 1.4098208E-08
1998 03 1.7301662E-08
1998 04 2.5028969E-08
1998 05 4.1634731E-08
1998 06 1.5479049E-08
1998 07 1.0095345E-08
1998 08 1.3746333E-08
1998 09 2.0184729E-08
1998 10 1.1143698E-08
1998 11 1.3649309E-08
1998 12 1.3740057E-08
1999 01 1.1882031E-08
1999 02 1.2538439E-08
1999 03 2.1472468E-08
1999 04 3.1983067E-08
1999 05 2.6353673E-08
1999 06 2.3493916E-08
1999 07 1.0073881E-08
1999 08 1.1583459E-08
1999 09 1.7231205E-08
1999 10 6.2731567E-09
1999 11 1.6473166E-08
1999 12 1.4086033E-08
2000 01 1.5814997E-08
2000 02 1.3662460E-08
2000 03 1.9332054E-08
2000 04 3.5429473E-08
2000 05 3.1457674E-08
2000 06 2.3445535E-08
2000 07 9.8567678E-09
2000 08 1.1143412E-08
2000 09 1.7316841E-08
2000 10 1.1209752E-08
2000 11 1.7843359E-08
2000 12 2.2965063E-08
2001 01 2.0402615E-08
2001 02 2.2453756E-08
2001 03 2.6069948E-08
2001 04 3.0964166E-08
2001 05 4.6464052E-08
2001 06 2.2833053E-08
2001 07 1.3187091E-08
2001 08 1.1412002E-08
2001 09 2.4566452E-08
2001 10 1.6001803E-08
2001 11 2.9706056E-08
2001 12 3.5583167E-08
2002 01 3.2326568E-08
2002 02 2.8418931E-08
2002 03 2.6818674E-08
2002 04 3.5922579E-08
2002 05 4.3168399E-08
2002 06 2.4269848E-08
2002 07 1.1992746E-08
2002 08 1.3264462E-08
2002 09 1.9250960E-08
2002 10 1.9311873E-08
2002 11 3.1669281E-08
2002 12 2.6185107E-08
2003 01 2.7041745E-08
2003 02 2.5467795E-08
2003 03 2.9673259E-08
2003 04 3.2349927E-08
2003 05 4.8504678E-08
2003 06 1.7965933E-08
2003 07 1.1431061E-08
2003 08 1.2354904E-08
2003 09 1.8818836E-08
2003 10 1.4116437E-08
2003 11 2.0235522E-08
2003 12 2.7640034E-08
2004 01 3.2640553E-08
2004 02 2.4904683E-08
2004 03 2.0798376E-08
2004 04 3.4375603E-08
2004 05 4.0270148E-08
2004 06 1.6638927E-08
2004 07 6.4561285E-09
2004 08 8.5941929E-09
2004 09 1.8425700E-08
2004 10 2.4516448E-08
2004 11 2.7880953E-08
2004 12 2.7729211E-08
2005 01 2.5891008E-08
2005 02 3.5965936E-08
2005 03 3.1136608E-08
2005 04 3.9764927E-08
2005 05 4.3330509E-08
2005 06 1.3909281E-08
2005 07 1.6616157E-08
2005 08 1.5969478E-08
2005 09 1.7517555E-08
2005 10 1.0123648E-08
2005 11 1.8810104E-08
2005 12 1.9823748E-08
2006 01 2.4311879E-08
2006 02 2.2817957E-08
2006 03 1.6563877E-08
2006 04 2.9103775E-08
2006 05 2.9484955E-08
2006 06 2.1704246E-08
2006 07 1.1537955E-08
2006 08 1.6144028E-08
2006 09 1.8590823E-08
2006 10 1.7015266E-08
2006 11 2.9441107E-08
2006 12 2.5266775E-08
2007 01 2.3481356E-08
2007 02 2.7859016E-08
2007 03 2.5191735E-08
2007 04 3.4261319E-08
2007 05 3.6025650E-08
2007 06 1.6911422E-08
2007 07 1.1885712E-08
2007 08 1.2221269E-08
2007 09 1.8418122E-08
2007 10 1.3448322E-08
2007 11 1.7460076E-08
2007 12 1.4639467E-08
2008 01 1.4837376E-08
2008 02 1.4917861E-08
2008 03 1.6034701E-08
2008 04 2.3192957E-08
2008 05 2.6090440E-08
2008 06 1.7188874E-08
2008 07 8.1928704E-09
2008 08 1.1910291E-08
2008 09 1.8125123E-08
2008 10 1.0628408E-08
2008 11 1.6013518E-08
2008 12 1.5521641E-08
2009 01 2.2412967E-08
2009 02 1.9689345E-08
2009 03 2.0305084E-08
2009 04 3.3737997E-08
2009 05 4.4856250E-08
2009 06 1.8608215E-08
2009 07 9.4677413E-09
2009 08 1.1409293E-08
2009 09 1.9795889E-08
2009 10 1.5891395E-08
2009 11 2.8205955E-08
2009 12 2.9838279E-08
2010 01 2.9739404E-08
2010 02 2.7049884E-08
2010 03 2.0605956E-08
2010 04 2.9593446E-08
2010 05 3.4492839E-08
2010 06 1.0797359E-08
2010 07 1.2706983E-08
2010 08 1.3827552E-08
2010 09 1.1838438E-08
2010 10 6.6774732E-09
2010 11 6.3432548E-09
2010 12 1.0646009E-08
2011 01 1.2242993E-08
2011 02 1.0379350E-08
2011 03 1.0725781E-08
2011 04 2.4439020E-08
2011 05 3.3206259E-08
2011 06 1.3909252E-08
2011 07 8.1925853E-09
2011 08 1.0781493E-08
2011 09 1.3757187E-08
2011 10 7.5481266E-09
2011 11 1.2127761E-08
2011 12 1.8151207E-08
2012 01 1.9306869E-08
2012 02 1.7511656E-08
2012 03 2.3948719E-08
2012 04 3.5882355E-08
2012 05 3.8946553E-08
2012 06 1.3370516E-08
2012 07 8.5511811E-09
2012 08 1.2443302E-08
2012 09 1.8903316E-08
2012 10 1.5688229E-08
2012 11 2.2829511E-08
2012 12 2.1502544E-08
2013 01 2.2960450E-08
2013 02 2.5735771E-08
2013 03 2.3041069E-08
2013 04 2.8474469E-08
2013 05 3.5330981E-08
2013 06 2.1339179E-08
2013 07 1.2731345E-08
2013 08 1.9411889E-08
2013 09 2.0757504E-08
2013 10 7.6198097E-09
2013 11 2.1340663E-08
2013 12 3.2170142E-08
2014 01 3.8899152E-08
2014 02 2.6552827E-08
2014 03 2.8009799E-08
2014 04 3.1465966E-08
2014 05 3.4640170E-08
2014 06 2.2535334E-08
2014 07 1.2754625E-08
2014 08 1.1856939E-08
2014 09 2.6588060E-08
2014 10 1.9156296E-08
2014 11 2.9479823E-08
2014 12 2.8757839E-08
2015 01 3.1366891E-08
2015 02 3.2586662E-08
2015 03 3.4074201E-08
2015 04 3.8626258E-08
2015 05 5.4225655E-08
2015 06 2.6466195E-08
2015 07 6.0587011E-09
2015 08 7.2183233E-09
2015 09 2.3646569E-08
2015 10 3.9669953E-08
2015 11 3.8214299E-08
2015 12 2.6478705E-08
2016 01 2.2753960E-08
2016 02 1.0681148E-08
2016 03 2.1322858E-08
2016 04 3.7962323E-08
2016 05 4.4914511E-08
2016 06 1.5946322E-08
2016 07 1.0061910E-08
2016 08 9.5871870E-09
2016 09 1.8721455E-08
2016 10 1.4471397E-08
2016 11 1.4978138E-08
2016 12 1.7602321E-08
2017 01 2.2381739E-08
2017 02 2.2928672E-08
2017 03 2.1247523E-08
