1957 01 1.9463483E-08
1957 02 1.8844469E-08
1957 03 2.5081890E-08
1957 04 9.0143910E-09
1957 05 2.3377802E-09
1957 06 1.2608424E-09
1957 07 2.2890156E-09
1957 08 6.9302466E-09
1957 09 9.0857224E-09
1957 10 1.6925636E-08
1957 11 1.9281437E-08
1957 12 1.9129812E-08
1958 01 2.7051962E-08
1958 02 2.6886234E-08
1958 03 3.6500129E-08
1958 04 1.5594209E-08
1958 05 3.1691578E-09
1958 06 1.1550102E-09
1958 07 2.4929769E-09
1958 08 9.8570228E-09
1958 09 5.6643468E-09
1958 10 1.2231870E-08
1958 11 1.2780084E-08
1958 12 1.9671692E-08
1959 01 2.5785932E-08
1959 02 2.5131769E-08
1959 03 2.4273525E-08
1959 04 9.6048236E-09
1959 05 2.1319631E-09
1959 06 2.3518005E-09
1959 07 2.3944668E-09
1959 08 8.5534504E-09
1959 09 6.7558936E-09
1959 10 1.7951143E-08
1959 11 1.6596465E-08
1959 12 1.5518342E-08
1960 01 1.6877259E-08
1960 02 1.8906833E-08
1960 03 1.6656781E-08
1960 04 5.1330211E-09
1960 05 2.3037063E-09
1960 06 1.9606543E-09
1960 07 2.3629940E-09
1960 08 6.0557732E-09
1960 09 1.0149404E-08
1960 10 6.6140204E-09
1960 11 1.4652308E-08
1960 12 1.4839158E-08
1961 01 1.0439677E-08
1961 02 2.0302288E-08
1961 03 1.6185513E-08
1961 04 6.1167160E-09
1961 05 2.5445168E-09
1961 06 1.2232884E-09
1961 07 3.0198948E-09
1961 08 8.1288158E-09
1961 09 6.1476655E-09
1961 10 1.1356567E-08
1961 11 1.5681950E-08
1961 12 1.6226300E-08
1962 01 1.6506233E-08
1962 02 1.3951916E-08
1962 03 1.5702097E-08
1962 04 7.2982846E-09
1962 05 3.1896814E-09
1962 06 1.3174453E-09
1962 07 1.7141740E-09
1962 08 8.0312139E-09
1962 09 4.5891406E-09
1962 10 1.1854644E-08
1962 11 1.3411693E-08
1962 12 1.7408871E-08
1963 01 2.2314650E-08
1963 02 1.6632885E-08
1963 03 1.9415985E-08
1963 04 1.2613579E-08
1963 05 1.1741095E-09
1963 06 1.3252182E-09
1963 07 4.9656950E-09
1963 08 8.6016323E-09
1963 09 5.6193485E-09
1963 10 1.7851665E-08
1963 11 2.0142831E-08
1963 12 2.7319256E-08
1964 01 2.1394250E-08
1964 02 2.3693186E-08
1964 03 2.1383732E-08
1964 04 6.4387069E-09
1964 05 2.1436708E-09
1964 06 1.1001858E-09
1964 07 2.1933213E-09
1964 08 7.8009643E-09
1964 09 4.9625557E-09
1964 10 5.9069616E-09
1964 11 9.8025987E-09
1964 12 1.3180373E-08
1965 01 1.8026164E-08
1965 02 2.1510230E-08
1965 03 2.5649806E-08
1965 04 1.4247613E-08
1965 05 2.1187057E-09
1965 06 1.4704922E-09
1965 07 2.6448688E-09
1965 08 7.3633917E-09
1965 09 6.9742376E-09
1965 10 2.4570364E-08
1965 11 2.0067173E-08
1965 12 2.4656416E-08
1966 01 2.3079386E-08
1966 02 2.2313312E-08
1966 03 2.8440795E-08
1966 04 2.0007805E-08
1966 05 2.0625575E-09
1966 06 1.3515760E-09
1966 07 2.8774085E-09
1966 08 7.5021660E-09
1966 09 7.7353013E-09
1966 10 1.0204769E-08
1966 11 1.4562858E-08
1966 12 2.0532955E-08
1967 01 1.3716082E-08
1967 02 1.6501401E-08
1967 03 2.1934818E-08
1967 04 8.8393541E-09
1967 05 1.3776302E-09
1967 06 1.0482167E-09
1967 07 2.9802647E-09
1967 08 9.1017220E-09
1967 09 5.4447304E-09
1967 10 1.1688622E-08
1967 11 1.0303542E-08
1967 12 1.4775320E-08
1968 01 2.4760519E-08
1968 02 2.2460839E-08
1968 03 2.5294325E-08
1968 04 6.8511383E-09
1968 05 1.8136399E-09
1968 06 6.9773193E-10
1968 07 1.9353454E-09
1968 08 6.7068648E-09
1968 09 7.2118769E-09
1968 10 1.2153301E-08
1968 11 1.5246071E-08
1968 12 1.7729294E-08
1969 01 2.2093994E-08
1969 02 2.6617629E-08
1969 03 2.6626086E-08
1969 04 1.6280348E-08
1969 05 2.8787415E-09
1969 06 2.7097458E-09
1969 07 3.9461172E-09
1969 08 8.8986019E-09
1969 09 6.0181722E-09
1969 10 1.4933095E-08
1969 11 1.7025652E-08
1969 12 2.0277069E-08
1970 01 2.9071812E-08
1970 02 2.5022580E-08
1970 03 2.4752003E-08
1970 04 6.7040973E-09
1970 05 1.0138675E-09
1970 06 2.0366968E-09
1970 07 3.2341854E-09
1970 08 8.4347880E-09
1970 09 6.9864594E-09
1970 10 8.6199261E-09
1970 11 1.0786229E-08
1970 12 1.6098868E-08
1971 01 1.3865180E-08
1971 02 1.7260756E-08
1971 03 1.5501634E-08
1971 04 5.3181841E-09
1971 05 1.5777161E-09
1971 06 1.6258493E-09
1971 07 1.4465289E-09
1971 08 8.2773886E-09
1971 09 4.3278838E-09
1971 10 8.3242160E-09
1971 11 1.0791680E-08
1971 12 1.7564378E-08
1972 01 1.9613081E-08
1972 02 2.0399147E-08
1972 03 2.9299800E-08
1972 04 1.9879185E-08
1972 05 3.9224930E-09
1972 06 1.3883122E-09
1972 07 3.2686704E-09
1972 08 8.1557259E-09
1972 09 1.2862008E-08
1972 10 2.9197167E-08
1972 11 1.8493949E-08
1972 12 2.6965079E-08
1973 01 2.5758734E-08
1973 02 2.2881798E-08
1973 03 3.1768419E-08
1973 04 1.3629254E-08
1973 05 2.5722418E-09
1973 06 1.3187806E-09
1973 07 3.2571643E-09
1973 08 7.5562516E-09
1973 09 5.1768381E-09
1973 10 7.1917712E-09
1973 11 7.4406099E-09
1973 12 1.1895984E-08
1974 01 9.1818775E-09
1974 02 1.2404480E-08
1974 03 1.3845418E-08
1974 04 7.1573747E-09
1974 05 2.1383639E-09
1974 06 1.1530059E-09
1974 07 2.6032061E-09
1974 08 5.4184430E-09
1974 09 6.8910366E-09
1974 10 1.1734837E-08
1974 11 9.8376098E-09
1974 12 1.3192329E-08
1975 01 2.1818265E-08
1975 02 1.3306790E-08
1975 03 2.6264042E-08
1975 04 9.5095487E-09
1975 05 2.5443756E-09
1975 06 7.7775886E-10
1975 07 1.5128727E-09
1975 08 8.6532186E-09
1975 09 4.1397898E-09
1975 10 8.0333100E-09
1975 11 6.5225860E-09
1975 12 1.1453643E-08
1976 01 1.1675070E-08
1976 02 1.1871559E-08
1976 03 1.9026487E-08
1976 04 1.0592614E-08
1976 05 3.8980561E-09
1976 06 1.2612202E-09
1976 07 3.5239660E-09
1976 08 7.7103017E-09
1976 09 7.9549700E-09
1976 10 1.7853376E-08
1976 11 1.4526311E-08
1976 12 2.1979700E-08
1977 01 2.8111645E-08
1977 02 2.5932605E-08
1977 03 3.1209957E-08
1977 04 1.4074708E-08
1977 05 2.4075917E-09
1977 06 1.5414362E-09
1977 07 2.9666338E-09
1977 08 7.9543447E-09
1977 09 7.0102546E-09
1977 10 1.3235018E-08
1977 11 1.7887425E-08
1977 12 1.7442101E-08
1978 01 2.5250641E-08
1978 02 2.0465004E-08
1978 03 2.1518181E-08
1978 04 7.3708435E-09
1978 05 2.5463436E-09
1978 06 6.9136374E-10
1978 07 2.0520028E-09
1978 08 4.5247854E-09
1978 09 7.4241644E-09
1978 10 1.0643724E-08
1978 11 1.0080829E-08
1978 12 1.3083179E-08
1979 01 1.7296882E-08
1979 02 1.9053214E-08
1979 03 2.4718112E-08
1979 04 1.2066997E-08
1979 05 2.3672846E-09
1979 06 1.0908759E-09
1979 07 2.5969991E-09
1979 08 6.7979022E-09
1979 09 8.8619538E-09
1979 10 1.5342053E-08
1979 11 1.2770851E-08
1979 12 1.2400748E-08
1980 01 1.7864693E-08
1980 02 2.4006743E-08
1980 03 2.4059513E-08
1980 04 1.1820924E-08
1980 05 2.3744373E-09
1980 06 1.1800260E-09
1980 07 2.1740185E-09
1980 08 7.0653683E-09
1980 09 7.1417414E-09
1980 10 1.1329180E-08
1980 11 1.9759016E-08
1980 12 1.8497838E-08
1981 01 1.9360744E-08
1981 02 2.0412086E-08
1981 03 1.6374464E-08
1981 04 5.8374385E-09
1981 05 1.9883972E-09
1981 06 2.8369407E-09
1981 07 1.5680073E-09
1981 08 6.7992070E-09
1981 09 7.2337047E-09
1981 10 1.2548439E-08
1981 11 1.5093947E-08
1981 12 1.6485636E-08
1982 01 1.6028000E-08
1982 02 1.9188837E-08
1982 03 2.5838718E-08
1982 04 1.2940811E-08
1982 05 2.4881441E-09
1982 06 1.6896393E-09
1982 07 2.1301325E-09
1982 08 6.7732064E-09
1982 09 1.0978185E-08
1982 10 2.3595584E-08
1982 11 2.5215645E-08
1982 12 2.2076820E-08
1983 01 2.6281118E-08
1983 02 1.7915214E-08
1983 03 3.4788968E-08
1983 04 2.6668364E-08
1983 05 3.4594714E-09
1983 06 1.4432503E-09
1983 07 2.8679972E-09
1983 08 9.3253449E-09
1983 09 6.3892629E-09
1983 10 1.3768574E-08
1983 11 1.2750011E-08
1983 12 1.2213033E-08
1984 01 2.1055387E-08
1984 02 2.1338066E-08
1984 03 2.1916998E-08
1984 04 9.1406154E-09
1984 05 1.6266997E-09
1984 06 2.3148619E-09
1984 07 2.7782041E-09
1984 08 6.9396506E-09
1984 09 7.3339170E-09
1984 10 1.2435323E-08
1984 11 1.3871496E-08
1984 12 1.3083097E-08
1985 01 1.4867411E-08
1985 02 1.4615505E-08
1985 03 2.0462810E-08
1985 04 8.9796810E-09
1985 05 3.1562504E-09
1985 06 1.0225181E-09
1985 07 1.4254394E-09
1985 08 8.0401970E-09
1985 09 6.8155721E-09
1985 10 1.4162535E-08
1985 11 1.6608515E-08
1985 12 1.5790746E-08
1986 01 1.7279662E-08
1986 02 1.6246011E-08
1986 03 2.3188120E-08
1986 04 1.6043670E-08
1986 05 3.0555054E-09
1986 06 8.7131985E-10
1986 07 1.0170726E-09
1986 08 4.9392992E-09
1986 09 8.3279312E-09
1986 10 2.1821284E-08
1986 11 2.0407297E-08
1986 12 2.6699919E-08
1987 01 2.5907934E-08
1987 02 2.5041720E-08
1987 03 3.7092491E-08
1987 04 2.6647939E-08
1987 05 3.8699177E-09
1987 06 5.7668181E-10
1987 07 2.2153266E-09
1987 08 5.1725131E-09
1987 09 1.1668603E-08
1987 10 1.9762870E-08
1987 11 1.5372606E-08
1987 12 1.7516037E-08
1988 01 1.9174724E-08
1988 02 1.7702066E-08
1988 03 2.0184482E-08
1988 04 6.9797030E-09
1988 05 4.1258899E-09
1988 06 1.3378771E-09
1988 07 4.1797343E-09
1988 08 1.0997194E-08
1988 09 2.7936329E-09
1988 10 9.7769783E-09
1988 11 6.7868182E-09
1988 12 1.4590254E-08
1989 01 1.6001886E-08
1989 02 1.3679531E-08
1989 03 1.4274414E-08
1989 04 5.5694076E-09
1989 05 2.6422733E-09
1989 06 5.0533128E-10
1989 07 2.8211184E-09
1989 08 5.2635869E-09
1989 09 5.6592899E-09
1989 10 1.2628186E-08
1989 11 1.5002044E-08
1989 12 1.8069088E-08
1990 01 1.9010008E-08
1990 02 1.9045688E-08
1990 03 2.7471550E-08
1990 04 1.6122767E-08
1990 05 3.1302596E-09
1990 06 1.9622777E-09
1990 07 4.2656376E-09
1990 08 7.1155410E-09
1990 09 8.5293026E-09
1990 10 2.0210710E-08
1990 11 1.6467823E-08
1990 12 1.1609861E-08
1991 01 1.6689011E-08
1991 02 2.5266488E-08
1991 03 2.3329783E-08
1991 04 1.4878137E-08
1991 05 4.4050714E-09
1991 06 1.2507438E-09
1991 07 3.0425003E-09
1991 08 3.4691596E-09
1991 09 1.0756945E-08
1991 10 1.5081586E-08
1991 11 2.5773227E-08
1991 12 2.0844766E-08
1992 01 3.3579660E-08
1992 02 2.3271641E-08
1992 03 3.4006099E-08
1992 04 2.3587067E-08
1992 05 5.5894356E-09
1992 06 2.9456877E-09
1992 07 2.4690430E-09
1992 08 4.9813029E-09
1992 09 8.4995690E-09
1992 10 2.1441179E-08
1992 11 1.4431343E-08
1992 12 1.9431138E-08
1993 01 2.2230500E-08
1993 02 2.4648251E-08
1993 03 2.5111696E-08
1993 04 1.7491823E-08
1993 05 2.8071667E-09
1993 06 2.7339444E-09
1993 07 3.6467145E-09
1993 08 7.0827251E-09
1993 09 1.0255770E-08
1993 10 1.4955326E-08
1993 11 1.5391841E-08
1993 12 1.9985478E-08
1994 01 2.1073213E-08
1994 02 2.0692411E-08
1994 03 1.9213497E-08
1994 04 1.5714791E-08
1994 05 4.4728328E-09
1994 06 1.2129723E-09
1994 07 1.4156690E-09
1994 08 8.2610034E-09
1994 09 8.7364285E-09
1994 10 1.6072264E-08
1994 11 2.2091264E-08
1994 12 1.8120303E-08
1995 01 2.6830117E-08
1995 02 2.2303405E-08
1995 03 2.7702797E-08
1995 04 1.8080597E-08
1995 05 2.4301996E-09
1995 06 1.6176205E-09
1995 07 2.7312699E-09
1995 08 4.6810991E-09
1995 09 2.9067309E-09
1995 10 8.0175608E-09
1995 11 1.0408586E-08
1995 12 1.2516523E-08
1996 01 1.5660316E-08
1996 02 1.9360764E-08
1996 03 1.7479262E-08
1996 04 8.1378220E-09
1996 05 2.9487226E-09
1996 06 8.4967183E-10
1996 07 2.5526943E-09
1996 08 5.5590603E-09
1996 09 4.9094595E-09
1996 10 1.4863441E-08
1996 11 1.5259848E-08
1996 12 1.9297607E-08
1997 01 1.9165537E-08
1997 02 1.5102581E-08
1997 03 2.3685606E-08
1997 04 9.9810462E-09
1997 05 2.5607245E-09
1997 06 1.7401304E-09
1997 07 2.2860809E-09
1997 08 5.8615690E-09
1997 09 1.6937248E-08
1997 10 2.1397568E-08
1997 11 2.2468077E-08
1997 12 2.2053573E-08
1998 01 2.0115442E-08
1998 02 1.7366508E-08
1998 03 2.7793600E-08
1998 04 1.8091526E-08
1998 05 1.7054645E-09
1998 06 2.2598012E-09
1998 07 2.1271920E-09
1998 08 7.0079671E-09
1998 09 6.0112959E-09
1998 10 4.4594843E-09
1998 11 8.7121075E-09
1998 12 1.2184864E-08
1999 01 1.3391144E-08
1999 02 1.4403693E-08
1999 03 1.4400749E-08
1999 04 4.2296970E-09
1999 05 3.1112017E-09
1999 06 1.7204573E-09
1999 07 3.2463734E-09
1999 08 5.7978373E-09
1999 09 5.3715290E-09
1999 10 8.7906207E-09
1999 11 1.0017597E-08
1999 12 1.3609587E-08
2000 01 1.2661892E-08
2000 02 1.3779423E-08
2000 03 1.3082184E-08
2000 04 7.2976420E-09
2000 05 3.2425729E-09
2000 06 1.6612395E-09
2000 07 2.8043559E-09
2000 08 6.6431824E-09
2000 09 4.9114970E-09
2000 10 1.0952941E-08
2000 11 1.6855523E-08
2000 12 1.3700429E-08
2001 01 1.5165988E-08
2001 02 1.7714598E-08
2001 03 2.5172813E-08
2001 04 1.1946944E-08
2001 05 3.3637200E-09
2001 06 1.8053619E-09
2001 07 1.3583830E-09
2001 08 6.1378200E-09
2001 09 5.3885532E-09
2001 10 1.4386226E-08
2001 11 1.5665020E-08
2001 12 1.8421026E-08
2002 01 1.8999529E-08
2002 02 1.9621957E-08
2002 03 1.9845059E-08
2002 04 1.2833961E-08
2002 05 3.5360463E-09
2002 06 1.9143316E-09
2002 07 3.5300285E-09
2002 08 5.2026361E-09
2002 09 7.7652658E-09
2002 10 2.0380062E-08
2002 11 1.6141136E-08
2002 12 1.9708525E-08
2003 01 2.7401281E-08
2003 02 2.4188585E-08
2003 03 2.5282642E-08
2003 04 1.3425814E-08
2003 05 5.0872249E-09
2003 06 7.6829521E-10
2003 07 2.0391879E-09
2003 08 7.7351654E-09
2003 09 3.9490438E-09
2003 10 1.5822662E-08
2003 11 1.4599646E-08
2003 12 1.9001673E-08
2004 01 1.8766475E-08
2004 02 2.3043457E-08
2004 03 1.9826532E-08
2004 04 1.0989309E-08
2004 05 3.2700911E-09
2004 06 2.6005904E-09
2004 07 2.0623876E-09
2004 08 7.6253990E-09
2004 09 9.0865155E-09
2004 10 1.7535182E-08
2004 11 1.7116907E-08
2004 12 1.6039149E-08
2005 01 2.5134504E-08
2005 02 2.2242675E-08
2005 03 2.5111699E-08
2005 04 1.1119091E-08
2005 05 8.9644764E-10
2005 06 2.0147271E-09
2005 07 5.1995874E-09
2005 08 9.9840882E-09
2005 09 5.8321361E-09
2005 10 1.2447951E-08
2005 11 8.6981897E-09
2005 12 1.7938010E-08
2006 01 2.1373447E-08
2006 02 1.9031839E-08
2006 03 1.7305737E-08
2006 04 7.0889561E-09
2006 05 3.4942014E-09
2006 06 9.6970720E-10
2006 07 3.4108503E-09
2006 08 1.2851058E-08
2006 09 5.4569895E-09
2006 10 1.1466104E-08
2006 11 2.1883450E-08
2006 12 1.8600280E-08
2007 01 2.6685619E-08
2007 02 2.6580523E-08
2007 03 1.9820535E-08
2007 04 1.0474917E-08
2007 05 3.3497167E-09
2007 06 1.6454844E-09
2007 07 4.0894932E-09
2007 08 7.2367321E-09
2007 09 4.9680597E-09
2007 10 6.4936816E-09
2007 11 1.5908626E-08
2007 12 1.5432455E-08
2008 01 1.2450633E-08
2008 02 1.3950468E-08
2008 03 1.0281658E-08
2008 04 5.7443699E-09
2008 05 3.4689205E-09
2008 06 1.0349926E-09
2008 07 2.3380158E-09
2008 08 4.0750510E-09
2008 09 4.8083169E-09
2008 10 8.8400798E-09
2008 11 1.0784990E-08
2008 12 1.1458889E-08
2009 01 1.5200801E-08
2009 02 1.6725597E-08
2009 03 2.1914154E-08
2009 04 9.2892467E-09
2009 05 3.3586547E-09
2009 06 9.9052544E-10
2009 07 4.6196189E-09
2009 08 9.4781445E-09
2009 09 8.7409990E-09
2009 10 1.1880539E-08
2009 11 2.5028237E-08
2009 12 1.8337559E-08
2010 01 2.3585164E-08
2010 02 2.5793231E-08
2010 03 2.4364809E-08
2010 04 1.2207158E-08
2010 05 3.0081890E-09
2010 06 1.8070057E-09
2010 07 2.3007387E-09
2010 08 6.4475327E-09
2010 09 4.1207149E-09
2010 10 6.0707581E-09
2010 11 7.3281603E-09
2010 12 1.0410968E-08
2011 01 1.0970319E-08
2011 02 1.0389946E-08
2011 03 1.2974188E-08
2011 04 5.8814322E-09
2011 05 3.4458210E-09
2011 06 1.5140958E-09
2011 07 4.0079748E-09
2011 08 5.8765126E-09
2011 09 5.5041740E-09
2011 10 7.1290649E-09
2011 11 1.2002675E-08
2011 12 1.2218958E-08
2012 01 1.3965110E-08
2012 02 1.9579005E-08
2012 03 1.7976891E-08
2012 04 9.8081099E-09
2012 05 3.2268208E-09
2012 06 2.1249404E-09
2012 07 4.2296073E-09
2012 08 1.1378158E-08
2012 09 5.7990395E-09
2012 10 1.2200905E-08
2012 11 1.6983613E-08
2012 12 2.1284478E-08
2013 01 1.6799781E-08
2013 02 1.8254969E-08
2013 03 1.9166460E-08
2013 04 1.2081085E-08
2013 05 2.5780240E-09
2013 06 2.2741955E-09
2013 07 4.9207949E-09
2013 08 6.6776229E-09
2013 09 3.6446270E-09
2013 10 1.0116604E-08
2013 11 1.5891940E-08
2013 12 1.8112116E-08
2014 01 2.5215021E-08
2014 02 1.9793738E-08
2014 03 1.9584840E-08
2014 04 9.9902637E-09
2014 05 3.6294743E-09
2014 06 1.0527687E-09
2014 07 1.4614784E-09
2014 08 6.6265149E-09
2014 09 1.0591850E-08
2014 10 1.6038124E-08
2014 11 1.3376472E-08
2014 12 1.7241295E-08
2015 01 2.3223784E-08
2015 02 3.1334604E-08
2015 03 2.7616803E-08
2015 04 1.9403538E-08
2015 05 3.5006895E-09
2015 06 1.8255574E-09
2015 07 2.1843463E-09
2015 08 7.8332913E-09
2015 09 2.2207006E-08
2015 10 2.4080926E-08
2015 11 1.6503817E-08
2015 12 2.3921737E-08
2016 01 2.4863143E-08
2016 02 1.7250438E-08
2016 03 3.4789178E-08
2016 04 2.1422103E-08
2016 05 2.3516002E-09
2016 06 1.3202760E-09
2016 07 2.1881414E-09
2016 08 1.0213290E-08
2016 09 5.0295288E-09
2016 10 1.2094879E-08
2016 11 1.0463630E-08
2016 12 1.3179809E-08
2017 01 2.1181178E-08
2017 02 1.5685044E-08
2017 03 2.0501471E-08
