1957 01 1.9366944E-08
1957 02 2.0198945E-08
1957 03 2.8504203E-08
1957 04 2.9972838E-08
1957 05 8.0493265E-09
1957 06 2.6028566E-09
1957 07 2.2481417E-09
1957 08 1.1043793E-08
1957 09 1.8127958E-08
1957 10 2.2842727E-08
1957 11 1.5640421E-08
1957 12 1.5785055E-08
1958 01 2.1618090E-08
1958 02 2.0243554E-08
1958 03 3.6621852E-08
1958 04 4.1186517E-08
1958 05 8.3374889E-09
1958 06 2.9861471E-09
1958 07 2.2416731E-09
1958 08 1.0077950E-08
1958 09 1.6007904E-08
1958 10 1.7757811E-08
1958 11 1.3318137E-08
1958 12 1.8310002E-08
1959 01 2.6515153E-08
1959 02 2.3412552E-08
1959 03 2.9531844E-08
1959 04 2.5884983E-08
1959 05 5.2397500E-09
1959 06 2.0156206E-09
1959 07 3.0520406E-09
1959 08 1.2958786E-08
1959 09 1.4829630E-08
1959 10 2.2919480E-08
1959 11 1.8624476E-08
1959 12 1.5452905E-08
1960 01 1.8414525E-08
1960 02 1.7842691E-08
1960 03 2.5490660E-08
1960 04 2.3278735E-08
1960 05 7.4053896E-09
1960 06 3.2394787E-09
1960 07 4.2936508E-09
1960 08 8.0588034E-09
1960 09 2.0962915E-08
1960 10 8.5890974E-09
1960 11 1.4380232E-08
1960 12 1.3751760E-08
1961 01 1.1650223E-08
1961 02 1.8387636E-08
1961 03 2.6844400E-08
1961 04 1.9418362E-08
1961 05 7.2523774E-09
1961 06 2.4008067E-09
1961 07 5.6321232E-09
1961 08 9.8414237E-09
1961 09 1.1948494E-08
1961 10 1.5559944E-08
1961 11 1.3827561E-08
1961 12 1.6509960E-08
1962 01 1.3811359E-08
1962 02 1.5798269E-08
1962 03 2.2305496E-08
1962 04 2.2623290E-08
1962 05 6.6635990E-09
1962 06 2.0247568E-09
1962 07 2.8765967E-09
1962 08 1.0791939E-08
1962 09 1.1396869E-08
1962 10 1.3554163E-08
1962 11 1.3917569E-08
1962 12 1.6553916E-08
1963 01 2.0128796E-08
1963 02 1.5720888E-08
1963 03 2.5238140E-08
1963 04 3.2847044E-08
1963 05 5.3080234E-09
1963 06 2.0402997E-09
1963 07 4.9572986E-09
1963 08 1.0646811E-08
1963 09 1.3545981E-08
1963 10 2.1822643E-08
1963 11 1.9890003E-08
1963 12 2.2305926E-08
1964 01 1.7851317E-08
1964 02 2.1019536E-08
1964 03 2.4923327E-08
1964 04 2.4892133E-08
1964 05 5.8510410E-09
1964 06 2.3729596E-09
1964 07 3.5499521E-09
1964 08 9.2267962E-09
1964 09 1.1519099E-08
1964 10 1.0942622E-08
1964 11 8.9434398E-09
1964 12 1.3789209E-08
1965 01 1.6490388E-08
1965 02 1.7752066E-08
1965 03 2.7366822E-08
1965 04 3.5098051E-08
1965 05 7.8608702E-09
1965 06 2.6432159E-09
1965 07 3.8727967E-09
1965 08 7.8749665E-09
1965 09 1.5567652E-08
1965 10 2.4579295E-08
1965 11 2.0810594E-08
1965 12 2.0833751E-08
1966 01 1.7436570E-08
1966 02 1.8902039E-08
1966 03 3.1964010E-08
1966 04 4.4737270E-08
1966 05 7.7568805E-09
1966 06 3.3620122E-09
1966 07 3.8426209E-09
1966 08 1.2768791E-08
1966 09 1.3159097E-08
1966 10 1.3832468E-08
1966 11 1.5962133E-08
1966 12 1.8604918E-08
1967 01 1.1228931E-08
1967 02 1.4754149E-08
1967 03 2.7286204E-08
1967 04 3.0900114E-08
1967 05 6.0804393E-09
1967 06 2.5883378E-09
1967 07 5.2178430E-09
1967 08 1.2745489E-08
1967 09 9.6009964E-09
1967 10 1.5464101E-08
1967 11 1.0196960E-08
1967 12 1.4799224E-08
1968 01 2.4218970E-08
1968 02 2.3359815E-08
1968 03 3.1171748E-08
1968 04 2.7962990E-08
1968 05 5.8916014E-09
1968 06 1.8679918E-09
1968 07 3.8498609E-09
1968 08 1.2885965E-08
1968 09 1.3980292E-08
1968 10 1.6672104E-08
1968 11 1.5789531E-08
1968 12 1.7468677E-08
1969 01 1.9984713E-08
1969 02 2.5868905E-08
1969 03 3.2146950E-08
1969 04 4.0667079E-08
1969 05 7.6249149E-09
1969 06 2.9831086E-09
1969 07 5.2329376E-09
1969 08 1.1987036E-08
1969 09 1.1985302E-08
1969 10 1.5808272E-08
1969 11 1.5192812E-08
1969 12 1.9520851E-08
1970 01 2.4401317E-08
1970 02 2.0741707E-08
1970 03 3.0144609E-08
1970 04 2.5288822E-08
1970 05 6.3129746E-09
1970 06 3.1748888E-09
1970 07 6.5452017E-09
1970 08 1.3879517E-08
1970 09 1.4176353E-08
1970 10 9.9344577E-09
1970 11 1.4313428E-08
1970 12 1.4141549E-08
1971 01 1.2712237E-08
1971 02 1.7762712E-08
1971 03 2.4433957E-08
1971 04 2.2651658E-08
1971 05 7.4998976E-09
1971 06 4.5616422E-09
1971 07 3.6844547E-09
1971 08 1.1126201E-08
1971 09 1.1579745E-08
1971 10 1.4708311E-08
1971 11 1.3566492E-08
1971 12 1.6716562E-08
1972 01 1.8701463E-08
1972 02 1.6561801E-08
1972 03 3.3229348E-08
1972 04 3.7960042E-08
1972 05 1.0522859E-08
1972 06 1.7776551E-09
1972 07 4.6953610E-09
1972 08 8.1740765E-09
1972 09 1.9333640E-08
1972 10 2.8996878E-08
1972 11 1.7458786E-08
1972 12 2.0049384E-08
1973 01 1.6932093E-08
1973 02 1.5545099E-08
1973 03 3.0747870E-08
1973 04 3.4294882E-08
1973 05 7.8796099E-09
1973 06 3.6207126E-09
1973 07 4.2050123E-09
1973 08 1.2516255E-08
1973 09 8.5717113E-09
1973 10 1.2133045E-08
1973 11 8.0506508E-09
1973 12 1.0316382E-08
1974 01 8.2537879E-09
1974 02 1.3055697E-08
1974 03 2.2326093E-08
1974 04 2.7018149E-08
1974 05 6.4446746E-09
1974 06 3.7771430E-09
1974 07 5.2096980E-09
1974 08 1.1363243E-08
1974 09 1.5841078E-08
1974 10 1.4608718E-08
1974 11 1.0665873E-08
1974 12 1.1843153E-08
1975 01 1.9764702E-08
1975 02 1.3332253E-08
1975 03 2.9671330E-08
1975 04 2.3235197E-08
1975 05 9.7296304E-09
1975 06 2.7678961E-09
1975 07 3.9988759E-09
1975 08 1.0793419E-08
1975 09 7.7436084E-09
1975 10 1.4760115E-08
1975 11 6.0436030E-09
1975 12 9.9416093E-09
1976 01 1.0501029E-08
1976 02 1.1264098E-08
1976 03 3.0246127E-08
1976 04 2.7054334E-08
1976 05 1.0622070E-08
1976 06 1.2116209E-09
1976 07 4.2287698E-09
1976 08 8.9846433E-09
1976 09 1.7157006E-08
1976 10 2.3206120E-08
1976 11 1.3827943E-08
1976 12 2.0968061E-08
1977 01 2.7357062E-08
1977 02 2.2157893E-08
1977 03 3.2589341E-08
1977 04 3.5838244E-08
1977 05 8.9870902E-09
1977 06 2.3065401E-09
1977 07 4.6374073E-09
1977 08 1.0602690E-08
1977 09 1.4357907E-08
1977 10 1.6649087E-08
1977 11 1.6276083E-08
1977 12 1.9526338E-08
1978 01 2.2652609E-08
1978 02 2.0121947E-08
1978 03 2.6793696E-08
1978 04 2.2767084E-08
1978 05 4.9754347E-09
1978 06 2.2442705E-09
1978 07 3.5321432E-09
1978 08 8.0986036E-09
1978 09 1.4503350E-08
1978 10 1.4276608E-08
1978 11 1.1441071E-08
1978 12 1.2796058E-08
1979 01 1.7792260E-08
1979 02 1.8284689E-08
1979 03 2.8501635E-08
1979 04 3.4067863E-08
1979 05 8.9893817E-09
1979 06 2.4557349E-09
1979 07 2.9861733E-09
1979 08 1.1578449E-08
1979 09 1.5851219E-08
1979 10 2.1409832E-08
1979 11 1.1583448E-08
1979 12 1.3989535E-08
1980 01 1.7372365E-08
1980 02 2.1509983E-08
1980 03 3.1498111E-08
1980 04 2.9283850E-08
1980 05 9.2114716E-09
1980 06 1.5831667E-09
1980 07 3.2393512E-09
1980 08 9.4180779E-09
1980 09 1.2921697E-08
1980 10 1.5707590E-08
1980 11 1.8111441E-08
1980 12 1.7628494E-08
1981 01 1.8259032E-08
1981 02 2.0517994E-08
1981 03 2.1530699E-08
1981 04 2.3990156E-08
1981 05 6.6511325E-09
1981 06 3.2521985E-09
1981 07 4.0465076E-09
1981 08 1.1425616E-08
1981 09 1.1902314E-08
1981 10 1.3145486E-08
1981 11 1.5358008E-08
1981 12 1.6479328E-08
1982 01 1.5165716E-08
1982 02 1.6753901E-08
1982 03 3.0831711E-08
1982 04 2.8625820E-08
1982 05 9.7091384E-09
1982 06 3.4933580E-09
1982 07 3.5026686E-09
1982 08 1.4291953E-08
1982 09 2.0893564E-08
1982 10 2.5162409E-08
1982 11 2.1686111E-08
1982 12 1.4118805E-08
1983 01 1.7578932E-08
1983 02 1.1331321E-08
1983 03 3.0385923E-08
1983 04 5.0265164E-08
1983 05 1.2388646E-08
1983 06 3.8539101E-09
1983 07 3.8254822E-09
1983 08 8.1830764E-09
1983 09 1.2440831E-08
1983 10 1.9746462E-08
1983 11 1.3474043E-08
1983 12 1.1289445E-08
1984 01 2.0739604E-08
1984 02 1.9323801E-08
1984 03 3.1812984E-08
1984 04 3.0713604E-08
1984 05 7.6882936E-09
1984 06 4.9139479E-09
1984 07 7.8778886E-09
1984 08 8.4176737E-09
1984 09 1.4044741E-08
1984 10 1.4640728E-08
1984 11 1.4268154E-08
1984 12 1.2365643E-08
1985 01 1.5811647E-08
1985 02 1.6032811E-08
1985 03 3.2917814E-08
1985 04 2.8884390E-08
1985 05 1.0712087E-08
1985 06 2.3076094E-09
1985 07 2.6903069E-09
1985 08 1.2873970E-08
1985 09 1.2853384E-08
1985 10 1.7882172E-08
1985 11 2.0057287E-08
1985 12 1.7867476E-08
1986 01 1.8862286E-08
1986 02 1.7802424E-08
1986 03 2.8967829E-08
1986 04 3.6478536E-08
1986 05 1.0583739E-08
1986 06 3.4925940E-09
1986 07 4.2824930E-09
1986 08 7.0916610E-09
1986 09 1.7627219E-08
1986 10 2.4654829E-08
1986 11 2.1793456E-08
1986 12 2.6357972E-08
1987 01 2.4312062E-08
1987 02 2.3065127E-08
1987 03 3.7207958E-08
1987 04 5.5122158E-08
1987 05 1.7706276E-08
1987 06 2.4872067E-09
1987 07 4.1576897E-09
1987 08 9.3332666E-09
1987 09 2.1446885E-08
1987 10 2.1857653E-08
1987 11 1.3586968E-08
1987 12 1.6894294E-08
1988 01 1.6753118E-08
1988 02 2.0372893E-08
1988 03 2.5446134E-08
1988 04 2.3945981E-08
1988 05 1.1743295E-08
1988 06 3.5604213E-09
1988 07 6.4223644E-09
1988 08 1.2034453E-08
1988 09 7.2127659E-09
1988 10 1.0983902E-08
1988 11 8.8264978E-09
1988 12 1.3403120E-08
1989 01 1.2559044E-08
1989 02 1.5185005E-08
1989 03 2.5218331E-08
1989 04 2.5022818E-08
1989 05 9.0244852E-09
1989 06 2.0251216E-09
1989 07 6.2688614E-09
1989 08 1.1348701E-08
1989 09 1.1499028E-08
1989 10 1.9176397E-08
1989 11 1.5682005E-08
1989 12 1.8197383E-08
1990 01 1.9021067E-08
1990 02 2.0395932E-08
1990 03 3.3214711E-08
1990 04 3.7473832E-08
1990 05 1.0598527E-08
1990 06 3.6412011E-09
1990 07 4.5675512E-09
1990 08 1.2758649E-08
1990 09 1.5903625E-08
1990 10 2.4354124E-08
1990 11 1.7464309E-08
1990 12 1.2283503E-08
1991 01 1.6795859E-08
1991 02 2.7059603E-08
1991 03 3.3100360E-08
1991 04 3.6659525E-08
1991 05 1.1968624E-08
1991 06 3.2207503E-09
1991 07 4.1414330E-09
1991 08 1.0799416E-08
1991 09 2.5705862E-08
1991 10 1.9516625E-08
1991 11 2.4808404E-08
1991 12 2.0889942E-08
1992 01 2.8115458E-08
1992 02 1.6928302E-08
1992 03 3.6727066E-08
1992 04 4.9010907E-08
1992 05 1.9327709E-08
1992 06 3.3485341E-09
1992 07 4.2680681E-09
1992 08 1.0275730E-08
1992 09 1.7875047E-08
1992 10 3.1628087E-08
1992 11 1.4054523E-08
1992 12 2.0257607E-08
1993 01 2.3671486E-08
1993 02 2.4272307E-08
1993 03 3.1920809E-08
1993 04 4.1653873E-08
1993 05 9.4067598E-09
1993 06 4.3587800E-09
1993 07 4.1831694E-09
1993 08 1.1720201E-08
1993 09 2.2138043E-08
1993 10 2.0221142E-08
1993 11 1.7297385E-08
1993 12 2.0269148E-08
1994 01 2.1625574E-08
1994 02 1.7494823E-08
1994 03 2.3235254E-08
1994 04 3.7830631E-08
1994 05 1.3653056E-08
1994 06 2.5234357E-09
1994 07 5.1826299E-09
1994 08 1.2174526E-08
1994 09 1.6275273E-08
1994 10 1.9900623E-08
1994 11 2.4420283E-08
1994 12 1.7756227E-08
1995 01 2.6876441E-08
1995 02 1.9724228E-08
1995 03 3.1782484E-08
1995 04 3.7997570E-08
1995 05 9.8913242E-09
1995 06 3.6376311E-09
1995 07 3.8134602E-09
1995 08 9.7213935E-09
1995 09 8.8576106E-09
1995 10 1.2561653E-08
1995 11 9.8566355E-09
1995 12 1.2953753E-08
1996 01 1.5063153E-08
1996 02 2.0522824E-08
1996 03 2.5736838E-08
1996 04 2.5652273E-08
1996 05 7.6480262E-09
1996 06 2.4488349E-09
1996 07 4.6503645E-09
1996 08 8.2507015E-09
1996 09 1.2012082E-08
1996 10 1.6985879E-08
1996 11 1.6827476E-08
1996 12 1.9268290E-08
1997 01 2.0614220E-08
1997 02 1.6442947E-08
1997 03 2.8735837E-08
1997 04 3.1383006E-08
1997 05 7.1061041E-09
1997 06 2.9070362E-09
1997 07 4.3755191E-09
1997 08 1.1518012E-08
1997 09 2.7781931E-08
1997 10 2.2794913E-08
1997 11 2.0157582E-08
1997 12 1.3109291E-08
1998 01 1.3340703E-08
1998 02 1.1972439E-08
1998 03 2.3005706E-08
1998 04 4.3480913E-08
1998 05 9.1040819E-09
1998 06 4.0091086E-09
1998 07 2.9764495E-09
1998 08 9.2439194E-09
1998 09 1.1047822E-08
1998 10 9.0949808E-09
1998 11 1.1583775E-08
1998 12 1.1778112E-08
1999 01 1.4660167E-08
1999 02 1.5396685E-08
1999 03 2.6680324E-08
1999 04 1.6889777E-08
1999 05 7.6599420E-09
1999 06 2.7914038E-09
1999 07 4.5328674E-09
1999 08 1.1590666E-08
1999 09 1.1044825E-08
1999 10 1.4256867E-08
1999 11 1.1720016E-08
1999 12 1.2982541E-08
2000 01 1.4051719E-08
2000 02 1.4425064E-08
2000 03 2.3824327E-08
2000 04 2.6257474E-08
2000 05 8.7657863E-09
2000 06 2.4347158E-09
2000 07 5.2499316E-09
2000 08 1.0174054E-08
2000 09 1.1224101E-08
2000 10 1.3863315E-08
2000 11 1.7452173E-08
2000 12 1.4733518E-08
2001 01 1.4815000E-08
2001 02 1.7872342E-08
2001 03 3.1562742E-08
2001 04 3.4303653E-08
2001 05 1.3595548E-08
2001 06 3.1532394E-09
2001 07 3.5533723E-09
2001 08 1.1450549E-08
2001 09 1.1310885E-08
2001 10 2.1520927E-08
2001 11 2.0382071E-08
2001 12 2.0646404E-08
2002 01 2.1706729E-08
2002 02 1.9423513E-08
2002 03 2.8754558E-08
2002 04 3.0233572E-08
2002 05 1.0096689E-08
2002 06 3.7968917E-09
2002 07 5.0014166E-09
2002 08 8.6335570E-09
2002 09 1.3155731E-08
2002 10 2.3254445E-08
2002 11 1.7876058E-08
2002 12 1.8505386E-08
2003 01 2.4113792E-08
2003 02 2.3313667E-08
2003 03 3.5027877E-08
2003 04 3.7388173E-08
2003 05 1.1632720E-08
2003 06 1.9556095E-09
2003 07 2.6657023E-09
2003 08 8.9180991E-09
2003 09 1.1344927E-08
2003 10 2.0549582E-08
2003 11 1.5829686E-08
2003 12 1.6720980E-08
2004 01 2.0650258E-08
2004 02 2.0954241E-08
2004 03 2.7007024E-08
2004 04 3.2570114E-08
2004 05 8.8166487E-09
2004 06 3.0544378E-09
2004 07 2.8412162E-09
2004 08 9.5624317E-09
2004 09 1.3296073E-08
2004 10 2.1680854E-08
2004 11 1.8348830E-08
2004 12 1.6284135E-08
2005 01 2.4938386E-08
2005 02 1.9138700E-08
2005 03 2.9773130E-08
2005 04 3.1368767E-08
2005 05 4.9316746E-09
2005 06 4.6323398E-09
2005 07 8.6576426E-09
2005 08 1.2451924E-08
2005 09 1.3251374E-08
2005 10 1.5934358E-08
2005 11 1.0331614E-08
2005 12 1.7624290E-08
2006 01 2.5643363E-08
2006 02 1.7637348E-08
2006 03 1.9302995E-08
2006 04 2.7711502E-08
2006 05 7.4049988E-09
2006 06 1.6449335E-09
2006 07 4.2600665E-09
2006 08 1.3874186E-08
2006 09 9.9899555E-09
2006 10 1.3244107E-08
2006 11 2.0038044E-08
2006 12 1.9207027E-08
2007 01 2.4134282E-08
2007 02 2.6029845E-08
2007 03 2.8954080E-08
2007 04 3.3698051E-08
2007 05 9.1418615E-09
2007 06 2.7676323E-09
2007 07 4.9908073E-09
2007 08 1.1276508E-08
2007 09 9.3705435E-09
2007 10 1.0159925E-08
2007 11 1.7278035E-08
2007 12 1.7343986E-08
2008 01 1.4138271E-08
2008 02 1.6632416E-08
2008 03 1.9740082E-08
2008 04 1.8576234E-08
2008 05 6.1869283E-09
2008 06 2.5309490E-09
2008 07 3.7884034E-09
2008 08 7.9418028E-09
2008 09 1.0662469E-08
2008 10 1.1272475E-08
2008 11 1.0736388E-08
2008 12 1.2956788E-08
2009 01 1.5056186E-08
2009 02 1.6976792E-08
2009 03 3.3274070E-08
2009 04 2.9337874E-08
2009 05 8.1048324E-09
2009 06 2.1017510E-09
2009 07 4.0171160E-09
2009 08 1.0960980E-08
2009 09 1.7196362E-08
2009 10 1.6186304E-08
2009 11 2.5935210E-08
2009 12 1.8757012E-08
2010 01 2.0708246E-08
2010 02 2.2515838E-08
2010 03 3.1519949E-08
2010 04 3.4382616E-08
2010 05 1.1575576E-08
2010 06 2.9402718E-09
2010 07 3.9089492E-09
2010 08 1.0191859E-08
2010 09 7.8221101E-09
2010 10 7.4463502E-09
2010 11 8.0620479E-09
2010 12 1.0166012E-08
2011 01 9.8576800E-09
2011 02 1.0067358E-08
2011 03 2.0233456E-08
2011 04 2.0108727E-08
2011 05 8.3101339E-09
2011 06 2.7964406E-09
2011 07 3.8699457E-09
2011 08 7.0579720E-09
2011 09 1.3020710E-08
2011 10 8.5372287E-09
2011 11 1.1850608E-08
2011 12 1.3138542E-08
2012 01 1.2565370E-08
2012 02 1.8829653E-08
2012 03 2.9274272E-08
2012 04 2.7783072E-08
2012 05 7.1030199E-09
2012 06 3.6012171E-09
2012 07 5.5429283E-09
2012 08 1.0868058E-08
2012 09 1.0892174E-08
2012 10 1.5598104E-08
2012 11 1.6494852E-08
2012 12 2.1499435E-08
2013 01 1.8825896E-08
2013 02 2.0373117E-08
2013 03 2.5136144E-08
2013 04 3.2085381E-08
2013 05 7.2010420E-09
2013 06 3.0061589E-09
2013 07 4.8598583E-09
2013 08 1.2606787E-08
2013 09 8.6744487E-09
2013 10 1.2069978E-08
2013 11 1.6596609E-08
2013 12 1.8133933E-08
2014 01 2.4180757E-08
2014 02 2.4288557E-08
2014 03 3.0015819E-08
2014 04 3.0132501E-08
2014 05 8.1376808E-09
2014 06 3.3438456E-09
2014 07 3.9000798E-09
2014 08 1.2197800E-08
2014 09 1.9942769E-08
2014 10 2.2807198E-08
2014 11 1.5109279E-08
2014 12 1.7855154E-08
2015 01 2.5294380E-08
2015 02 2.9151254E-08
2015 03 3.6844028E-08
2015 04 4.1433420E-08
2015 05 1.0604712E-08
2015 06 3.4314622E-09
2015 07 4.5771302E-09
2015 08 1.2920201E-08
2015 09 3.0953711E-08
2015 10 2.9081571E-08
2015 11 1.5188064E-08
2015 12 1.7951427E-08
2016 01 1.9011857E-08
2016 02 1.4186411E-08
2016 03 3.4514194E-08
2016 04 4.4286644E-08
2016 05 6.9403714E-09
2016 06 2.2688909E-09
2016 07 4.5323763E-09
2016 08 1.2029132E-08
2016 09 1.1765816E-08
2016 10 1.8061421E-08
2016 11 1.2696804E-08
2016 12 1.2537497E-08
2017 01 2.0990987E-08
2017 02 1.6079616E-08
2017 03 2.5998167E-08
