1957 01 2.8749449E-08
1957 02 3.5242969E-08
1957 03 3.9352912E-08
1957 04 4.4535341E-08
1957 05 3.6493120E-08
1957 06 3.7106879E-08
1957 07 1.8052861E-08
1957 08 1.7090331E-08
1957 09 2.4069902E-08
1957 10 9.9637383E-09
1957 11 2.9033581E-08
1957 12 2.7485399E-08
1958 01 4.2109633E-08
1958 02 4.2874760E-08
1958 03 5.2814421E-08
1958 04 4.9010573E-08
1958 05 2.7642562E-08
1958 06 2.2123523E-08
1958 07 1.6252377E-08
1958 08 2.0586276E-08
1958 09 1.9486547E-08
1958 10 1.3910444E-08
1958 11 2.5114632E-08
1958 12 3.3638475E-08
1959 01 3.1347430E-08
1959 02 4.5226670E-08
1959 03 4.3103750E-08
1959 04 3.5894256E-08
1959 05 2.5098798E-08
1959 06 2.9603225E-08
1959 07 1.3840676E-08
1959 08 2.1072038E-08
1959 09 2.6376577E-08
1959 10 1.3527444E-08
1959 11 2.3472793E-08
1959 12 2.7446468E-08
1960 01 3.3832883E-08
1960 02 2.9172108E-08
1960 03 3.4352727E-08
1960 04 2.8818846E-08
1960 05 2.5336732E-08
1960 06 2.0970081E-08
1960 07 1.1815770E-08
1960 08 2.1034444E-08
1960 09 2.0233369E-08
1960 10 1.3846180E-08
1960 11 3.0805328E-08
1960 12 2.6261791E-08
1961 01 2.5261807E-08
1961 02 2.8766841E-08
1961 03 3.1718034E-08
1961 04 3.2236930E-08
1961 05 2.1317817E-08
1961 06 2.7124836E-08
1961 07 1.1427215E-08
1961 08 2.0584524E-08
1961 09 2.5442150E-08
1961 10 6.8839041E-09
1961 11 2.3918691E-08
1961 12 3.3775699E-08
1962 01 2.7191472E-08
1962 02 2.7108010E-08
1962 03 2.8733400E-08
1962 04 2.9720731E-08
1962 05 2.2600316E-08
1962 06 2.4474433E-08
1962 07 1.8584299E-08
1962 08 1.9496184E-08
1962 09 3.1920738E-08
1962 10 1.5511789E-08
1962 11 1.7746384E-08
1962 12 2.0945592E-08
1963 01 2.6089078E-08
1963 02 3.1989305E-08
1963 03 3.3277455E-08
1963 04 4.1866176E-08
1963 05 3.1655773E-08
1963 06 2.8199032E-08
1963 07 1.5747785E-08
1963 08 2.0854545E-08
1963 09 2.3900530E-08
1963 10 1.6915326E-08
1963 11 3.1682994E-08
1963 12 3.6422719E-08
1964 01 3.2128376E-08
1964 02 4.0943263E-08
1964 03 3.5888533E-08
1964 04 2.5887804E-08
1964 05 2.2248955E-08
1964 06 3.1382125E-08
1964 07 1.4502793E-08
1964 08 2.2870561E-08
1964 09 2.1875891E-08
1964 10 1.1757463E-08
1964 11 1.5477585E-08
1964 12 2.1273731E-08
1965 01 2.3022308E-08
1965 02 3.3600571E-08
1965 03 4.2674628E-08
1965 04 4.6461544E-08
1965 05 3.5744122E-08
1965 06 2.7561541E-08
1965 07 2.0019787E-08
1965 08 2.2988537E-08
1965 09 2.1768333E-08
1965 10 1.6769194E-08
1965 11 2.9069483E-08
1965 12 4.3381327E-08
1966 01 3.7301540E-08
1966 02 4.4993218E-08
1966 03 4.5030159E-08
1966 04 4.6420492E-08
1966 05 3.3623571E-08
1966 06 2.5702819E-08
1966 07 1.9357989E-08
1966 08 2.7173757E-08
1966 09 2.5822636E-08
1966 10 1.1017925E-08
1966 11 2.1621320E-08
1966 12 2.9997697E-08
1967 01 2.7641347E-08
1967 02 2.8422390E-08
1967 03 2.9969016E-08
1967 04 3.5321339E-08
1967 05 2.7294220E-08
1967 06 2.6935741E-08
1967 07 1.3847565E-08
1967 08 2.1557989E-08
1967 09 2.1527859E-08
1967 10 1.0789552E-08
1967 11 2.0909154E-08
1967 12 2.7399455E-08
1968 01 2.7079755E-08
1968 02 3.1227721E-08
1968 03 3.4503135E-08
1968 04 3.3841282E-08
1968 05 2.5570271E-08
1968 06 2.2732632E-08
1968 07 1.5649496E-08
1968 08 1.6838383E-08
1968 09 2.2772300E-08
1968 10 1.0584792E-08
1968 11 2.7428536E-08
1968 12 2.1814785E-08
1969 01 2.8540313E-08
1969 02 3.9282835E-08
1969 03 4.0604821E-08
1969 04 4.3506706E-08
1969 05 2.8311549E-08
1969 06 2.4036861E-08
1969 07 1.4303909E-08
1969 08 2.8139974E-08
1969 09 2.5040210E-08
1969 10 1.0507089E-08
1969 11 2.6406999E-08
1969 12 2.8435624E-08
1970 01 3.3398941E-08
1970 02 3.7199364E-08
1970 03 3.6840081E-08
1970 04 4.3902219E-08
1970 05 1.9986931E-08
1970 06 2.3807919E-08
1970 07 1.4248308E-08
1970 08 2.2780942E-08
1970 09 2.8172353E-08
1970 10 1.2992203E-08
1970 11 1.5917024E-08
1970 12 2.6936789E-08
1971 01 1.9325592E-08
1971 02 2.6643210E-08
1971 03 3.0614252E-08
1971 04 3.8344268E-08
1971 05 2.2158680E-08
1971 06 1.9561991E-08
1971 07 1.3679668E-08
1971 08 1.8640129E-08
1971 09 1.7298925E-08
1971 10 7.3350246E-09
1971 11 2.6932607E-08
1971 12 2.2426841E-08
1972 01 3.0220232E-08
1972 02 3.0628463E-08
1972 03 3.2056757E-08
1972 04 5.5235557E-08
1972 05 3.7285744E-08
1972 06 2.5878892E-08
1972 07 1.7901485E-08
1972 08 1.6587583E-08
1972 09 1.8160719E-08
1972 10 1.8742146E-08
1972 11 3.3218743E-08
1972 12 3.7859998E-08
1973 01 3.8510208E-08
1973 02 3.9647187E-08
1973 03 4.9670167E-08
1973 04 4.2587001E-08
1973 05 2.4601535E-08
1973 06 2.8280668E-08
1973 07 1.1894157E-08
1973 08 2.4850596E-08
1973 09 2.5854732E-08
1973 10 1.5032212E-08
1973 11 1.5465105E-08
1973 12 1.5236592E-08
1974 01 1.8947132E-08
1974 02 2.9854803E-08
1974 03 3.0960891E-08
1974 04 3.2330242E-08
1974 05 2.6194305E-08
1974 06 2.6969763E-08
1974 07 1.2137154E-08
1974 08 1.7857893E-08
1974 09 2.7692620E-08
1974 10 9.9923678E-09
1974 11 1.8702153E-08
1974 12 1.4997434E-08
1975 01 2.3092447E-08
1975 02 2.8231296E-08
1975 03 3.1651020E-08
1975 04 3.1268073E-08
1975 05 2.8383399E-08
1975 06 2.9368499E-08
1975 07 9.2633012E-09
1975 08 2.3188706E-08
1975 09 2.1821542E-08
1975 10 1.5653779E-08
1975 11 1.1825176E-08
1975 12 1.6958200E-08
1976 01 2.0841398E-08
1976 02 2.9691142E-08
1976 03 3.3934050E-08
1976 04 3.4736466E-08
1976 05 2.3963588E-08
1976 06 3.2965236E-08
1976 07 1.6388652E-08
1976 08 8.3357587E-09
1976 09 2.3334980E-08
1976 10 1.5481973E-08
1976 11 3.3910847E-08
1976 12 3.1186431E-08
1977 01 2.5611156E-08
1977 02 3.9434347E-08
1977 03 5.2034274E-08
1977 04 4.6945015E-08
1977 05 2.3774994E-08
1977 06 2.9335448E-08
1977 07 1.5333127E-08
1977 08 2.1355140E-08
1977 09 2.7590362E-08
1977 10 1.5811352E-08
1977 11 2.8407287E-08
1977 12 3.0289819E-08
1978 01 3.2770959E-08
1978 02 3.6290171E-08
1978 03 3.5609517E-08
1978 04 3.6820001E-08
1978 05 2.7517302E-08
1978 06 3.1423696E-08
1978 07 1.1931055E-08
1978 08 1.4898100E-08
1978 09 2.1990678E-08
1978 10 1.6408141E-08
1978 11 2.5687756E-08
1978 12 2.5996460E-08
1979 01 3.3020147E-08
1979 02 3.5278294E-08
1979 03 3.1795238E-08
1979 04 4.3111989E-08
1979 05 3.2843445E-08
1979 06 2.8236599E-08
1979 07 2.0382517E-08
1979 08 2.4826242E-08
1979 09 2.4416916E-08
1979 10 1.3308438E-08
1979 11 2.1881885E-08
1979 12 3.4694672E-08
1980 01 3.3942367E-08
1980 02 3.5786361E-08
1980 03 4.0313637E-08
1980 04 4.0058140E-08
1980 05 2.9833469E-08
1980 06 3.2863117E-08
1980 07 2.5031889E-08
1980 08 2.2158046E-08
1980 09 1.8910930E-08
1980 10 1.0338617E-08
1980 11 2.3783452E-08
1980 12 2.2705141E-08
1981 01 2.3155213E-08
1981 02 2.9877278E-08
1981 03 3.5748744E-08
1981 04 3.8784329E-08
1981 05 1.9641547E-08
1981 06 2.2761576E-08
1981 07 1.3243359E-08
1981 08 1.9501949E-08
1981 09 2.8431259E-08
1981 10 1.2850410E-08
1981 11 1.9755191E-08
1981 12 3.1214618E-08
1982 01 3.1032297E-08
1982 02 3.4435320E-08
1982 03 3.0517164E-08
1982 04 3.3122767E-08
1982 05 3.4532412E-08
1982 06 3.5129560E-08
1982 07 2.0863478E-08
1982 08 1.7446327E-08
1982 09 2.6104017E-08
1982 10 2.1332919E-08
1982 11 3.6560202E-08
1982 12 3.1548439E-08
1983 01 3.5538854E-08
1983 02 3.3936150E-08
1983 03 5.1094229E-08
1983 04 5.3723575E-08
1983 05 4.0658858E-08
1983 06 3.2507373E-08
1983 07 1.7531601E-08
1983 08 2.0938870E-08
1983 09 2.2497405E-08
1983 10 7.8331635E-09
1983 11 1.9204236E-08
1983 12 2.2604645E-08
1984 01 2.6227173E-08
1984 02 3.2009112E-08
1984 03 3.5752375E-08
1984 04 3.7135266E-08
1984 05 2.2987559E-08
1984 06 2.6917398E-08
1984 07 1.2671504E-08
1984 08 2.2517360E-08
1984 09 2.1861613E-08
1984 10 1.1544076E-08
1984 11 2.0540556E-08
1984 12 2.5275842E-08
1985 01 2.5980906E-08
1985 02 2.9935066E-08
1985 03 3.4210238E-08
1985 04 3.1005218E-08
1985 05 3.3232194E-08
1985 06 3.2803772E-08
1985 07 1.2395770E-08
1985 08 1.7788667E-08
1985 09 1.8738906E-08
1985 10 1.7613182E-08
1985 11 2.2778828E-08
1985 12 2.5292762E-08
1986 01 3.2131044E-08
1986 02 2.9256839E-08
1986 03 3.9243478E-08
1986 04 4.0316269E-08
1986 05 3.6008093E-08
1986 06 3.1884536E-08
1986 07 1.9879590E-08
1986 08 1.8015944E-08
1986 09 2.1932911E-08
1986 10 2.5343761E-08
1986 11 3.6172345E-08
1986 12 3.1461557E-08
1987 01 3.3022719E-08
1987 02 3.7325115E-08
1987 03 5.2286470E-08
1987 04 4.5068102E-08
1987 05 3.8790429E-08
1987 06 3.3393086E-08
1987 07 2.4602750E-08
1987 08 1.9769413E-08
1987 09 2.1747157E-08
1987 10 2.1689123E-08
1987 11 2.9564871E-08
1987 12 2.9714521E-08
1988 01 2.5813520E-08
1988 02 3.2890423E-08
1988 03 3.5676212E-08
1988 04 3.8258555E-08
1988 05 2.2169523E-08
1988 06 2.1551939E-08
1988 07 1.2993175E-08
1988 08 2.0084915E-08
1988 09 2.2201050E-08
1988 10 7.4869986E-09
1988 11 1.7546322E-08
1988 12 1.7432745E-08
1989 01 2.8079398E-08
1989 02 2.6340418E-08
1989 03 2.5311090E-08
1989 04 2.6009689E-08
1989 05 2.6759119E-08
1989 06 2.3670262E-08
1989 07 1.1767377E-08
1989 08 1.7379680E-08
1989 09 2.2547963E-08
1989 10 8.0324991E-09
1989 11 2.5253190E-08
1989 12 2.8642669E-08
1990 01 3.2690043E-08
1990 02 2.6138332E-08
1990 03 3.3092043E-08
1990 04 3.6034294E-08
1990 05 3.2170984E-08
1990 06 2.6812460E-08
1990 07 1.8350361E-08
1990 08 2.0400362E-08
1990 09 2.3563983E-08
1990 10 1.5594194E-08
1990 11 3.2941180E-08
1990 12 2.4539183E-08
1991 01 3.1190634E-08
1991 02 3.4569261E-08
1991 03 3.3752713E-08
1991 04 3.9339284E-08
1991 05 4.3238799E-08
1991 06 3.5606707E-08
1991 07 1.9319216E-08
1991 08 1.8591038E-08
1991 09 2.3041979E-08
1991 10 1.4890855E-08
1991 11 3.4339266E-08
1991 12 3.2245978E-08
1992 01 4.5349967E-08
1992 02 4.5722427E-08
1992 03 5.2519329E-08
1992 04 4.2288793E-08
1992 05 5.0674906E-08
1992 06 3.6434056E-08
1992 07 2.1602441E-08
1992 08 2.2224574E-08
1992 09 2.8071669E-08
1992 10 1.4104395E-08
1992 11 2.4226246E-08
1992 12 3.6483097E-08
1993 01 3.4480578E-08
1993 02 3.3341092E-08
1993 03 3.7576683E-08
1993 04 3.9199133E-08
1993 05 3.9963613E-08
1993 06 2.3433321E-08
1993 07 1.9860463E-08
1993 08 1.3942281E-08
1993 09 2.3039227E-08
1993 10 2.0107631E-08
1993 11 2.8505793E-08
1993 12 3.7261763E-08
1994 01 2.6665370E-08
1994 02 3.3959001E-08
1994 03 3.3015095E-08
1994 04 4.7075126E-08
1994 05 3.8614601E-08
1994 06 2.6979535E-08
1994 07 1.3977846E-08
1994 08 2.3442668E-08
1994 09 2.9794439E-08
1994 10 1.8581915E-08
1994 11 2.5889952E-08
1994 12 3.2299088E-08
1995 01 3.4120379E-08
1995 02 3.8756180E-08
1995 03 3.6358390E-08
1995 04 4.1731433E-08
1995 05 2.9237073E-08
1995 06 2.7955794E-08
1995 07 1.8266741E-08
1995 08 2.0351070E-08
1995 09 3.0180864E-08
1995 10 7.5773645E-09
1995 11 1.9036973E-08
1995 12 2.4994440E-08
1996 01 2.6077080E-08
1996 02 3.4994081E-08
1996 03 2.9922468E-08
1996 04 3.4007186E-08
1996 05 2.2630678E-08
1996 06 2.1373008E-08
1996 07 1.3418857E-08
1996 08 2.2020442E-08
1996 09 2.4206111E-08
1996 10 1.1803018E-08
1996 11 2.2851415E-08
1996 12 2.9777155E-08
1997 01 3.1837931E-08
1997 02 2.9381020E-08
1997 03 2.9794716E-08
1997 04 3.0843424E-08
1997 05 2.6087781E-08
1997 06 2.7460080E-08
1997 07 1.3273580E-08
1997 08 1.9371489E-08
1997 09 2.5134355E-08
1997 10 2.6072925E-08
1997 11 3.1909064E-08
1997 12 3.2427323E-08
1998 01 3.3312013E-08
1998 02 4.7428024E-08
1998 03 4.3288953E-08
1998 04 4.6104518E-08
1998 05 3.6695919E-08
1998 06 2.1060865E-08
1998 07 2.0619542E-08
1998 08 2.3531095E-08
1998 09 2.4558052E-08
1998 10 7.8842506E-09
1998 11 1.7547670E-08
1998 12 1.8576994E-08
1999 01 1.4402538E-08
1999 02 2.8086749E-08
1999 03 2.5095829E-08
1999 04 2.4062686E-08
1999 05 1.9565077E-08
1999 06 2.5108434E-08
1999 07 1.6483099E-08
1999 08 2.0062254E-08
1999 09 2.4834963E-08
1999 10 7.3229764E-09
1999 11 1.5389476E-08
1999 12 1.7171287E-08
2000 01 2.0904972E-08
2000 02 2.0839490E-08
2000 03 2.9200093E-08
2000 04 3.0695599E-08
2000 05 2.5663260E-08
2000 06 2.8556153E-08
2000 07 1.3358106E-08
2000 08 1.7716900E-08
2000 09 2.1635502E-08
2000 10 7.6982642E-09
2000 11 1.7341129E-08
2000 12 2.0880998E-08
2001 01 2.5062086E-08
2001 02 2.7669914E-08
2001 03 3.3075334E-08
2001 04 4.4871683E-08
2001 05 3.6320227E-08
2001 06 3.8456623E-08
2001 07 1.4264145E-08
2001 08 2.8415990E-08
2001 09 3.2468705E-08
2001 10 1.1390767E-08
2001 11 2.5278261E-08
2001 12 2.8041002E-08
2002 01 2.3866281E-08
2002 02 2.8578228E-08
2002 03 2.7015345E-08
2002 04 4.1057628E-08
2002 05 3.4812263E-08
2002 06 3.4544492E-08
2002 07 2.0609921E-08
2002 08 2.0422968E-08
2002 09 2.1008798E-08
2002 10 1.2840287E-08
2002 11 3.3902143E-08
2002 12 3.6664638E-08
2003 01 3.7356095E-08
2003 02 3.9933116E-08
2003 03 3.9103057E-08
2003 04 3.8165201E-08
2003 05 2.7648634E-08
2003 06 2.8059437E-08
2003 07 1.6886872E-08
2003 08 1.7738147E-08
2003 09 2.7655878E-08
2003 10 1.2474022E-08
2003 11 2.1850008E-08
2003 12 2.3050513E-08
2004 01 2.7880681E-08
2004 02 3.2076226E-08
2004 03 2.8155982E-08
2004 04 3.8221220E-08
2004 05 2.9801853E-08
2004 06 2.8088007E-08
2004 07 1.8329336E-08
2004 08 1.7943583E-08
2004 09 2.6203397E-08
2004 10 1.5186719E-08
2004 11 3.1128177E-08
2004 12 2.1842508E-08
2005 01 2.7050746E-08
2005 02 3.8891375E-08
2005 03 3.8726135E-08
2005 04 3.0613634E-08
2005 05 2.9004040E-08
2005 06 1.4653158E-08
2005 07 1.9580073E-08
2005 08 2.6384907E-08
2005 09 2.2567097E-08
2005 10 8.4271008E-09
2005 11 2.1911488E-08
2005 12 2.6960686E-08
2006 01 3.1695503E-08
2006 02 3.5775553E-08
2006 03 3.1574636E-08
2006 04 2.9650341E-08
2006 05 2.7421429E-08
2006 06 2.7135073E-08
2006 07 1.3276728E-08
2006 08 1.9659051E-08
2006 09 2.6289614E-08
2006 10 1.3273234E-08
2006 11 3.0823671E-08
2006 12 2.6559414E-08
2007 01 3.4792155E-08
2007 02 3.7468276E-08
2007 03 3.3299770E-08
2007 04 4.4325510E-08
2007 05 2.2772316E-08
2007 06 1.9013568E-08
2007 07 1.8894671E-08
2007 08 1.8766183E-08
2007 09 2.7391382E-08
2007 10 1.2029743E-08
2007 11 2.4412236E-08
2007 12 1.9281021E-08
2008 01 2.0722499E-08
2008 02 2.3110088E-08
2008 03 2.3268305E-08
2008 04 2.1723825E-08
2008 05 1.7288183E-08
2008 06 2.6443724E-08
2008 07 1.2021403E-08
2008 08 2.0056341E-08
2008 09 2.2565610E-08
2008 10 8.7588043E-09
2008 11 1.9099785E-08
2008 12 2.4346573E-08
2009 01 2.4714494E-08
2009 02 3.2283509E-08
2009 03 2.8067621E-08
2009 04 3.9162206E-08
2009 05 3.0922045E-08
2009 06 2.5443869E-08
2009 07 1.5696294E-08
2009 08 2.4869113E-08
2009 09 2.8070145E-08
2009 10 1.3509244E-08
2009 11 3.4950641E-08
2009 12 2.6911703E-08
2010 01 3.5647528E-08
2010 02 4.2607134E-08
2010 03 3.9247396E-08
2010 04 3.6485332E-08
2010 05 2.8164797E-08
2010 06 1.5518935E-08
2010 07 1.8770329E-08
2010 08 2.3648733E-08
2010 09 2.1881874E-08
2010 10 7.9177411E-09
2010 11 6.3627517E-09
2010 12 1.6344803E-08
2011 01 2.5662311E-08
2011 02 2.4527324E-08
2011 03 2.1291457E-08
2011 04 2.1340716E-08
2011 05 1.9931818E-08
2011 06 2.2175662E-08
2011 07 1.6265686E-08
2011 08 2.2103832E-08
2011 09 2.4851365E-08
2011 10 9.8610489E-09
2011 11 1.4819314E-08
2011 12 2.3679316E-08
2012 01 3.2000870E-08
2012 02 3.0031259E-08
2012 03 2.8603431E-08
2012 04 3.9214957E-08
2012 05 3.0123324E-08
2012 06 2.4492275E-08
2012 07 1.6175331E-08
2012 08 2.2126681E-08
2012 09 2.6169772E-08
2012 10 9.7597406E-09
2012 11 3.1790947E-08
2012 12 2.4193499E-08
2013 01 2.4153834E-08
2013 02 2.9661194E-08
2013 03 3.0943678E-08
2013 04 4.1758259E-08
2013 05 2.5407333E-08
2013 06 1.8754569E-08
2013 07 1.7849480E-08
2013 08 2.4996181E-08
2013 09 3.2757132E-08
2013 10 7.5086080E-09
2013 11 2.4058771E-08
2013 12 3.1558450E-08
2014 01 3.8503853E-08
2014 02 3.6150553E-08
2014 03 2.7519285E-08
2014 04 2.7749271E-08
2014 05 2.9774535E-08
2014 06 2.5440720E-08
2014 07 1.5052933E-08
2014 08 1.6159809E-08
2014 09 3.2562337E-08
2014 10 1.1044785E-08
2014 11 2.6921317E-08
2014 12 3.0185550E-08
2015 01 3.0514290E-08
2015 02 3.5644298E-08
2015 03 3.5436312E-08
2015 04 3.3150943E-08
2015 05 3.8848576E-08
2015 06 3.5568014E-08
2015 07 1.7512525E-08
2015 08 1.2442645E-08
2015 09 2.2333946E-08
2015 10 2.6942914E-08
2015 11 3.9443549E-08
2015 12 3.2510574E-08
2016 01 4.0090487E-08
2016 02 3.5592144E-08
2016 03 5.3638658E-08
2016 04 5.6369100E-08
2016 05 3.0287229E-08
2016 06 2.9412398E-08
2016 07 2.4774446E-08
2016 08 2.3479714E-08
2016 09 2.3024626E-08
2016 10 1.0027163E-08
2016 11 1.9069978E-08
2016 12 2.0533072E-08
2017 01 2.5863427E-08
2017 02 2.8259587E-08
2017 03 2.9069243E-08
