1957 01 3.6621298E-08
1957 02 2.7205056E-08
1957 03 1.6396086E-08
1957 04 2.0303153E-08
1957 05 2.4655979E-08
1957 06 2.3991008E-08
1957 07 3.4828425E-08
1957 08 2.4083905E-08
1957 09 3.3427092E-08
1957 10 3.7595250E-08
1957 11 4.0953765E-08
1957 12 6.1809892E-08
1958 01 3.2277356E-08
1958 02 2.4219975E-08
1958 03 1.9312283E-08
1958 04 1.5209201E-08
1958 05 2.1925326E-08
1958 06 1.4729491E-08
1958 07 2.7224115E-08
1958 08 2.7656938E-08
1958 09 2.3926329E-08
1958 10 3.1091375E-08
1958 11 4.3816627E-08
1958 12 5.1293739E-08
1959 01 3.0856746E-08
1959 02 2.1391871E-08
1959 03 1.5815223E-08
1959 04 1.8902703E-08
1959 05 1.9347574E-08
1959 06 1.5313843E-08
1959 07 2.8797858E-08
1959 08 2.9530515E-08
1959 09 3.0133798E-08
1959 10 2.9899102E-08
1959 11 2.9297054E-08
1959 12 4.9063331E-08
1960 01 3.2633743E-08
1960 02 1.8466631E-08
1960 03 1.8184021E-08
1960 04 2.1386613E-08
1960 05 1.9218245E-08
1960 06 1.7374429E-08
1960 07 3.5001481E-08
1960 08 3.1018818E-08
1960 09 2.6065813E-08
1960 10 2.7622079E-08
1960 11 3.3018910E-08
1960 12 3.7080291E-08
1961 01 2.6309472E-08
1961 02 2.3149923E-08
1961 03 1.8490747E-08
1961 04 1.8118786E-08
1961 05 2.1633497E-08
1961 06 2.3818945E-08
1961 07 3.0394368E-08
1961 08 2.4605532E-08
1961 09 2.5881986E-08
1961 10 2.8579935E-08
1961 11 3.3807208E-08
1961 12 3.6233679E-08
1962 01 2.6889206E-08
1962 02 2.7702058E-08
1962 03 1.3961738E-08
1962 04 1.5447862E-08
1962 05 1.8420232E-08
1962 06 2.2438716E-08
1962 07 2.4682901E-08
1962 08 2.1583787E-08
1962 09 2.8695622E-08
1962 10 2.6660746E-08
1962 11 3.9531351E-08
1962 12 4.6773955E-08
1963 01 2.9589071E-08
1963 02 2.6353918E-08
1963 03 1.9245235E-08
1963 04 2.5196158E-08
1963 05 2.1038737E-08
1963 06 2.1737305E-08
1963 07 2.8760196E-08
1963 08 3.5273779E-08
1963 09 2.8652089E-08
1963 10 3.4188517E-08
1963 11 4.1984215E-08
1963 12 4.6717179E-08
1964 01 3.5767126E-08
1964 02 2.3784281E-08
1964 03 1.9542126E-08
1964 04 1.6861778E-08
1964 05 2.0668461E-08
1964 06 1.6152699E-08
1964 07 2.0501329E-08
1964 08 2.0831154E-08
1964 09 2.2340664E-08
1964 10 2.8908095E-08
1964 11 3.7628720E-08
1964 12 4.2625707E-08
1965 01 3.0853151E-08
1965 02 2.9293510E-08
1965 03 1.6632947E-08
1965 04 1.8908880E-08
1965 05 2.0329924E-08
1965 06 1.7545206E-08
1965 07 3.2070560E-08
1965 08 2.8986673E-08
1965 09 2.7212723E-08
1965 10 3.7260357E-08
1965 11 3.8009478E-08
1965 12 5.0483756E-08
1966 01 3.9265757E-08
1966 02 2.5782127E-08
1966 03 1.8186293E-08
1966 04 1.7790967E-08
1966 05 2.2122254E-08
1966 06 1.8030345E-08
1966 07 3.2375759E-08
1966 08 2.6086710E-08
1966 09 3.3229000E-08
1966 10 2.9665648E-08
1966 11 4.2864272E-08
1966 12 4.3513353E-08
1967 01 2.9286607E-08
1967 02 2.9407770E-08
1967 03 1.3203387E-08
1967 04 1.8590285E-08
1967 05 2.1666752E-08
1967 06 2.1901231E-08
1967 07 3.1995512E-08
1967 08 3.2332974E-08
1967 09 2.8416224E-08
1967 10 2.9478658E-08
1967 11 3.5624115E-08
1967 12 5.2003731E-08
1968 01 3.4473093E-08
1968 02 2.7717199E-08
1968 03 1.9876314E-08
1968 04 2.5886541E-08
1968 05 2.0193363E-08
1968 06 2.0722311E-08
1968 07 3.3329961E-08
1968 08 2.7055362E-08
1968 09 3.2598553E-08
1968 10 3.2417105E-08
1968 11 3.1870655E-08
1968 12 4.8999425E-08
1969 01 4.2169670E-08
1969 02 2.1669042E-08
1969 03 1.7667855E-08
1969 04 1.9828887E-08
1969 05 2.1286096E-08
1969 06 1.8377001E-08
1969 07 2.8798215E-08
1969 08 2.6395375E-08
1969 09 2.9476729E-08
1969 10 2.9805424E-08
1969 11 4.1460421E-08
1969 12 4.4245201E-08
1970 01 3.1581333E-08
1970 02 2.2090141E-08
1970 03 1.4155622E-08
1970 04 1.9271955E-08
1970 05 1.8763760E-08
1970 06 1.7122643E-08
1970 07 2.3863924E-08
1970 08 2.7181688E-08
1970 09 2.3378371E-08
1970 10 3.0265571E-08
1970 11 3.4785426E-08
1970 12 4.8220770E-08
1971 01 2.8930049E-08
1971 02 2.8976391E-08
1971 03 1.6673781E-08
1971 04 1.9430175E-08
1971 05 2.4743734E-08
1971 06 2.0601798E-08
1971 07 2.6505171E-08
1971 08 2.0422515E-08
1971 09 2.6706052E-08
1971 10 2.5111024E-08
1971 11 3.7209258E-08
1971 12 4.9898730E-08
1972 01 3.2565538E-08
1972 02 2.4427703E-08
1972 03 1.4316759E-08
1972 04 1.5948007E-08
1972 05 2.1564890E-08
1972 06 1.9296913E-08
1972 07 3.5747522E-08
1972 08 3.4889652E-08
1972 09 3.0372963E-08
1972 10 4.1186986E-08
1972 11 4.4371674E-08
1972 12 4.2726068E-08
1973 01 3.3475128E-08
1973 02 2.4622141E-08
1973 03 1.8106130E-08
1973 04 2.1776964E-08
1973 05 1.9941542E-08
1973 06 1.7149079E-08
1973 07 2.6195398E-08
1973 08 2.1908944E-08
1973 09 2.4039331E-08
1973 10 3.2546719E-08
1973 11 2.8118395E-08
1973 12 3.4076518E-08
1974 01 2.7977912E-08
1974 02 2.9179066E-08
1974 03 1.5197031E-08
1974 04 2.0174184E-08
1974 05 1.9292607E-08
1974 06 2.1018694E-08
1974 07 3.0599892E-08
1974 08 2.6499869E-08
1974 09 2.9902615E-08
1974 10 2.8787259E-08
1974 11 3.4865327E-08
1974 12 5.1057746E-08
1975 01 3.2160191E-08
1975 02 2.4788140E-08
1975 03 1.6588221E-08
1975 04 2.0139408E-08
1975 05 2.0415452E-08
1975 06 1.5156175E-08
1975 07 2.1761920E-08
1975 08 2.3975399E-08
1975 09 2.7014876E-08
1975 10 3.0094164E-08
1975 11 2.6464448E-08
1975 12 4.0208583E-08
1976 01 2.8706443E-08
1976 02 2.4415957E-08
1976 03 1.6129079E-08
1976 04 1.8185176E-08
1976 05 1.6287045E-08
1976 06 1.4822038E-08
1976 07 2.5400434E-08
1976 08 2.5133840E-08
1976 09 2.8760674E-08
1976 10 3.4574391E-08
1976 11 3.6066613E-08
1976 12 5.7141023E-08
1977 01 4.0191090E-08
1977 02 2.9092226E-08
1977 03 2.0457298E-08
1977 04 1.7962662E-08
1977 05 2.2323782E-08
1977 06 1.8966400E-08
1977 07 2.4159364E-08
1977 08 2.6166873E-08
1977 09 2.6260381E-08
1977 10 2.5723228E-08
1977 11 3.9300453E-08
1977 12 4.7127827E-08
1978 01 3.7461380E-08
1978 02 2.9577954E-08
1978 03 1.5968727E-08
1978 04 1.9171813E-08
1978 05 2.0290766E-08
1978 06 2.0193525E-08
1978 07 2.7178302E-08
1978 08 3.3248682E-08
1978 09 2.5518336E-08
1978 10 2.8021210E-08
1978 11 4.0767553E-08
1978 12 4.9587189E-08
1979 01 3.0855585E-08
1979 02 2.1437803E-08
1979 03 2.0407340E-08
1979 04 2.1635696E-08
1979 05 1.9791324E-08
1979 06 1.7215514E-08
1979 07 3.6278784E-08
1979 08 2.8731526E-08
1979 09 3.1843982E-08
1979 10 2.8973933E-08
1979 11 3.1465106E-08
1979 12 4.3589246E-08
1980 01 3.3368575E-08
1980 02 2.4078583E-08
1980 03 1.7332912E-08
1980 04 2.2294973E-08
1980 05 2.1662226E-08
1980 06 1.7358106E-08
1980 07 3.2946758E-08
1980 08 2.5869536E-08
1980 09 3.1940463E-08
1980 10 3.1148964E-08
1980 11 4.4528250E-08
1980 12 4.4824194E-08
1981 01 3.4095333E-08
1981 02 2.9068776E-08
1981 03 1.4255022E-08
1981 04 1.9418065E-08
1981 05 2.2938519E-08
1981 06 1.3112328E-08
1981 07 2.9605244E-08
1981 08 2.7443344E-08
1981 09 2.5588742E-08
1981 10 3.2936970E-08
1981 11 3.2185586E-08
1981 12 4.3564732E-08
1982 01 2.8762823E-08
1982 02 2.2706859E-08
1982 03 1.8001819E-08
1982 04 1.4731414E-08
1982 05 2.5054231E-08
1982 06 2.0718703E-08
1982 07 3.3947330E-08
1982 08 3.3281371E-08
1982 09 3.4479907E-08
1982 10 3.7388272E-08
1982 11 4.4200196E-08
1982 12 5.3475343E-08
1983 01 4.3188887E-08
1983 02 2.9182591E-08
1983 03 1.9207418E-08
1983 04 2.1080089E-08
1983 05 2.0995254E-08
1983 06 2.1072340E-08
1983 07 2.7490161E-08
1983 08 2.5608454E-08
1983 09 3.6308361E-08
1983 10 3.7857109E-08
1983 11 3.4625213E-08
1983 12 3.6878717E-08
1984 01 3.0482649E-08
1984 02 2.6824551E-08
1984 03 1.8761790E-08
1984 04 1.8723643E-08
1984 05 2.0314252E-08
1984 06 1.4311540E-08
1984 07 2.5390648E-08
1984 08 2.5190367E-08
1984 09 2.4357618E-08
1984 10 3.1392837E-08
1984 11 3.3448472E-08
1984 12 3.5924668E-08
1985 01 2.8223729E-08
1985 02 2.3751019E-08
1985 03 1.8248818E-08
1985 04 2.3585972E-08
1985 05 2.4834955E-08
1985 06 1.4981330E-08
1985 07 3.0742498E-08
1985 08 2.6072106E-08
1985 09 2.3978060E-08
1985 10 3.4019319E-08
1985 11 3.8486039E-08
1985 12 4.2715488E-08
1986 01 3.3583749E-08
1986 02 2.3537186E-08
1986 03 1.7824728E-08
1986 04 2.6254213E-08
1986 05 2.1125294E-08
1986 06 2.1101670E-08
1986 07 2.7645793E-08
1986 08 2.7489415E-08
1986 09 2.8091897E-08
1986 10 3.2623902E-08
1986 11 3.7334619E-08
1986 12 4.4206370E-08
1987 01 4.5805930E-08
1987 02 2.5050538E-08
1987 03 2.1117103E-08
1987 04 1.8075552E-08
1987 05 1.9012884E-08
1987 06 2.2908372E-08
1987 07 3.4797726E-08
1987 08 3.2700186E-08
1987 09 3.8412594E-08
1987 10 3.4964323E-08
1987 11 4.7743388E-08
1987 12 4.4540283E-08
1988 01 3.7161012E-08
1988 02 2.7444896E-08
1988 03 2.0852816E-08
1988 04 2.3412460E-08
1988 05 1.7995568E-08
1988 06 1.4644253E-08
1988 07 2.1375902E-08
1988 08 2.2037062E-08
1988 09 2.1970909E-08
1988 10 2.9924362E-08
1988 11 3.2176171E-08
1988 12 3.3891304E-08
1989 01 3.3624890E-08
1989 02 2.6476400E-08
1989 03 2.0776929E-08
1989 04 1.8465709E-08
1989 05 1.8823886E-08
1989 06 1.4861689E-08
1989 07 1.6669860E-08
1989 08 2.6504628E-08
1989 09 2.8820603E-08
1989 10 2.5821798E-08
1989 11 3.6503621E-08
1989 12 4.5054843E-08
1990 01 3.6782854E-08
1990 02 2.8366783E-08
1990 03 1.6342410E-08
1990 04 1.9855861E-08
1990 05 1.6989315E-08
1990 06 2.2090296E-08
1990 07 3.1301589E-08
1990 08 2.5850762E-08
1990 09 3.1601246E-08
1990 10 2.5543505E-08
1990 11 3.6914287E-08
1990 12 3.8392621E-08
1991 01 3.3668705E-08
1991 02 2.6192028E-08
1991 03 1.8728020E-08
1991 04 1.8916962E-08
1991 05 2.3996199E-08
1991 06 2.2954371E-08
1991 07 3.1463781E-08
1991 08 3.3510140E-08
1991 09 2.7172241E-08
1991 10 3.2082806E-08
1991 11 4.0475456E-08
1991 12 4.7318206E-08
1992 01 3.8042323E-08
1992 02 2.9119843E-08
1992 03 1.7671679E-08
1992 04 1.7185066E-08
1992 05 2.3112984E-08
1992 06 2.2730623E-08
1992 07 3.2553739E-08
1992 08 3.3675523E-08
1992 09 2.9315226E-08
1992 10 2.7029683E-08
1992 11 3.1582776E-08
1992 12 4.6565361E-08
1993 01 4.1976985E-08
1993 02 2.7008321E-08
1993 03 1.8278907E-08
1993 04 1.4334861E-08
1993 05 2.3109830E-08
1993 06 2.3700874E-08
1993 07 3.3916770E-08
1993 08 2.7876789E-08
1993 09 3.6332391E-08
1993 10 3.2389135E-08
1993 11 4.0399534E-08
1993 12 4.9035876E-08
1994 01 4.1002743E-08
1994 02 2.8124800E-08
1994 03 1.8835919E-08
1994 04 2.0359654E-08
1994 05 1.7547194E-08
1994 06 2.4522011E-08
1994 07 2.9613373E-08
1994 08 2.7217535E-08
1994 09 2.2398202E-08
1994 10 4.0515705E-08
1994 11 4.4815124E-08
1994 12 5.6612841E-08
1995 01 4.6317503E-08
1995 02 2.6719938E-08
1995 03 1.9242547E-08
1995 04 1.7901259E-08
1995 05 1.6953438E-08
1995 06 1.9846510E-08
1995 07 2.7923443E-08
1995 08 2.4979954E-08
1995 09 3.7096992E-08
1995 10 3.3121704E-08
1995 11 3.7654708E-08
1995 12 4.1181668E-08
1996 01 3.3507618E-08
1996 02 2.2249658E-08
1996 03 1.7385702E-08
1996 04 1.9358538E-08
1996 05 2.7199178E-08
1996 06 1.5544400E-08
1996 07 2.9574489E-08
1996 08 2.4626546E-08
1996 09 2.6988339E-08
1996 10 2.8100198E-08
1996 11 3.8990009E-08
1996 12 4.3350219E-08
1997 01 3.9276266E-08
1997 02 2.7840283E-08
1997 03 1.9531591E-08
1997 04 1.6757063E-08
1997 05 2.2367702E-08
1997 06 2.8071831E-08
1997 07 3.3607812E-08
1997 08 3.1666421E-08
1997 09 2.9202390E-08
1997 10 3.8458676E-08
1997 11 4.6729653E-08
1997 12 5.3137089E-08
1998 01 4.3968129E-08
1998 02 1.9373399E-08
1998 03 1.8004686E-08
1998 04 2.2251413E-08
1998 05 1.7796348E-08
1998 06 1.2373452E-08
1998 07 1.9542060E-08
1998 08 2.2011816E-08
1998 09 2.3078471E-08
1998 10 2.7928920E-08
1998 11 3.4559278E-08
1998 12 3.5655997E-08
1999 01 2.9205141E-08
1999 02 2.5311431E-08
1999 03 1.5067720E-08
1999 04 1.8076806E-08
1999 05 1.9265151E-08
1999 06 1.1183682E-08
1999 07 1.8376433E-08
1999 08 2.0613681E-08
1999 09 2.6621768E-08
1999 10 2.2420194E-08
1999 11 2.9356844E-08
1999 12 3.6237861E-08
2000 01 2.5304178E-08
2000 02 2.3666663E-08
2000 03 1.6462176E-08
2000 04 1.6743973E-08
2000 05 1.9141300E-08
2000 06 1.8074308E-08
2000 07 2.2069646E-08
2000 08 2.1005494E-08
2000 09 2.8403276E-08
2000 10 2.6941553E-08
2000 11 3.8174594E-08
2000 12 3.9866386E-08
2001 01 3.4053805E-08
2001 02 3.7682010E-08
2001 03 1.7922069E-08
2001 04 1.8143028E-08
2001 05 1.7804092E-08
2001 06 2.1686335E-08
2001 07 3.0034329E-08
2001 08 2.3390948E-08
2001 09 2.7869129E-08
2001 10 2.5941295E-08
2001 11 3.6111185E-08
2001 12 4.3920423E-08
2002 01 3.4662612E-08
2002 02 2.2178142E-08
2002 03 1.7538712E-08
2002 04 2.0899773E-08
2002 05 2.0384787E-08
2002 06 1.2792144E-08
2002 07 3.1257695E-08
2002 08 2.6313213E-08
2002 09 2.9186555E-08
2002 10 3.2436418E-08
2002 11 3.7636728E-08
2002 12 4.2013031E-08
2003 01 4.7839119E-08
2003 02 2.7160986E-08
2003 03 1.9204091E-08
2003 04 1.8466038E-08
2003 05 2.2916735E-08
2003 06 1.4345051E-08
2003 07 2.7582887E-08
2003 08 2.8377071E-08
2003 09 3.1272673E-08
2003 10 2.9714025E-08
2003 11 3.3696569E-08
2003 12 3.9174491E-08
2004 01 3.5411553E-08
2004 02 2.6839523E-08
2004 03 1.6005979E-08
2004 04 1.8016671E-08
2004 05 1.8065002E-08
2004 06 1.6118424E-08
2004 07 3.6012040E-08
2004 08 3.1885179E-08
2004 09 2.7611158E-08
2004 10 2.7613641E-08
2004 11 2.9859955E-08
2004 12 4.8098212E-08
2005 01 3.4077303E-08
2005 02 2.5371271E-08
2005 03 1.7631672E-08
2005 04 2.1958066E-08
2005 05 2.1990289E-08
2005 06 2.3169115E-08
2005 07 2.8107788E-08
2005 08 2.7768529E-08
2005 09 3.5298193E-08
2005 10 3.1421628E-08
2005 11 3.3258555E-08
2005 12 3.9369937E-08
2006 01 3.4595420E-08
2006 02 2.4977043E-08
2006 03 1.8822108E-08
2006 04 1.6757577E-08
2006 05 2.5145134E-08
2006 06 1.7917918E-08
2006 07 2.6060048E-08
2006 08 2.5600512E-08
2006 09 2.5398961E-08
2006 10 3.0039985E-08
2006 11 3.6603321E-08
2006 12 3.9332637E-08
2007 01 3.2349764E-08
2007 02 2.4340654E-08
2007 03 1.4979063E-08
2007 04 1.9107647E-08
2007 05 2.1512735E-08
2007 06 1.4686841E-08
2007 07 2.9985639E-08
2007 08 2.2117284E-08
2007 09 2.3300894E-08
2007 10 3.0469536E-08
2007 11 3.3089854E-08
2007 12 4.4743238E-08
2008 01 2.8712893E-08
2008 02 1.9357064E-08
2008 03 1.6378873E-08
2008 04 1.7935845E-08
2008 05 2.0875554E-08
2008 06 1.5098912E-08
2008 07 2.3597902E-08
2008 08 2.2699009E-08
2008 09 2.8941729E-08
2008 10 2.9614755E-08
2008 11 3.3834137E-08
2008 12 3.2836734E-08
2009 01 3.1934942E-08
2009 02 2.5064464E-08
2009 03 1.9959863E-08
2009 04 1.7924418E-08
2009 05 1.8834696E-08
2009 06 1.8162762E-08
2009 07 3.2006906E-08
2009 08 2.7802734E-08
2009 09 3.6209205E-08
2009 10 3.9775063E-08
2009 11 4.1395804E-08
2009 12 4.6165617E-08
2010 01 3.5443847E-08
2010 02 2.6820281E-08
2010 03 1.5599676E-08
2010 04 1.7379268E-08
2010 05 2.0645425E-08
2010 06 1.1125236E-08
2010 07 2.2516708E-08
2010 08 2.0251765E-08
2010 09 2.8478011E-08
2010 10 2.7290042E-08
2010 11 3.4053624E-08
2010 12 3.0335208E-08
2011 01 2.5760542E-08
2011 02 1.7332750E-08
2011 03 1.5664241E-08
2011 04 1.8734728E-08
2011 05 2.0062513E-08
2011 06 1.5965442E-08
2011 07 2.7068189E-08
2011 08 2.1521171E-08
2011 09 2.2087615E-08
2011 10 2.7875510E-08
2011 11 3.4073960E-08
2011 12 4.0253497E-08
2012 01 3.3859294E-08
2012 02 2.4705164E-08
2012 03 1.3942161E-08
2012 04 1.2706494E-08
2012 05 2.6689431E-08
2012 06 1.5141731E-08
2012 07 2.5857700E-08
2012 08 2.9453409E-08
2012 09 2.6085971E-08
2012 10 3.1670041E-08
2012 11 3.7316394E-08
2012 12 4.7507580E-08
2013 01 2.9586349E-08
2013 02 2.4342896E-08
2013 03 1.9937898E-08
2013 04 1.8084776E-08
2013 05 2.3544906E-08
2013 06 1.3001388E-08
2013 07 2.9455558E-08
2013 08 2.8562635E-08
2013 09 2.7793975E-08
2013 10 3.4859447E-08
2013 11 3.1841829E-08
2013 12 4.3693220E-08
2014 01 3.0870794E-08
2014 02 2.1851660E-08
2014 03 1.1166755E-08
2014 04 1.3227599E-08
2014 05 2.2780252E-08
2014 06 1.9726238E-08
2014 07 2.7994778E-08
2014 08 2.9214346E-08
2014 09 2.9471687E-08
2014 10 3.4944019E-08
2014 11 4.2529653E-08
2014 12 4.6348951E-08
2015 01 3.5578847E-08
2015 02 2.6228062E-08
2015 03 1.4291434E-08
2015 04 1.8674955E-08
2015 05 1.9863588E-08
2015 06 2.4465757E-08
2015 07 2.8981303E-08
2015 08 3.2486177E-08
2015 09 3.6017859E-08
2015 10 4.4623977E-08
2015 11 4.0158916E-08
2015 12 4.8096926E-08
2016 01 3.8978996E-08
2016 02 2.3004493E-08
2016 03 2.0848834E-08
2016 04 1.8331521E-08
2016 05 2.5885017E-08
2016 06 1.7115564E-08
2016 07 2.2591836E-08
2016 08 2.0832768E-08
2016 09 3.0079448E-08
2016 10 2.9032631E-08
2016 11 3.5801932E-08
2016 12 4.3848612E-08
2017 01 3.3367176E-08
2017 02 2.4862727E-08
2017 03 1.6648572E-08
