1957 01 2.9004685E-08
1957 02 3.8874454E-08
1957 03 2.6520278E-08
1957 04 1.5703961E-08
1957 05 1.0773064E-08
1957 06 1.4883585E-08
1957 07 1.4952482E-08
1957 08 1.7595969E-08
1957 09 2.6794114E-08
1957 10 2.2694044E-08
1957 11 2.5856005E-08
1957 12 3.0721935E-08
1958 01 3.2705408E-08
1958 02 4.8713055E-08
1958 03 4.1317094E-08
1958 04 1.8136017E-08
1958 05 1.1091260E-08
1958 06 1.5982399E-08
1958 07 1.4007063E-08
1958 08 2.6882633E-08
1958 09 2.7677769E-08
1958 10 2.0549734E-08
1958 11 2.5458583E-08
1958 12 2.0030864E-08
1959 01 3.5524177E-08
1959 02 4.1358668E-08
1959 03 3.1141479E-08
1959 04 1.3671847E-08
1959 05 9.1111847E-09
1959 06 1.3170661E-08
1959 07 1.8830027E-08
1959 08 1.8006142E-08
1959 09 2.5961215E-08
1959 10 2.9376528E-08
1959 11 2.2546528E-08
1959 12 2.1184810E-08
1960 01 3.0909113E-08
1960 02 4.2452971E-08
1960 03 2.5152234E-08
1960 04 1.9622902E-08
1960 05 1.0755038E-08
1960 06 1.3601984E-08
1960 07 1.6327677E-08
1960 08 1.4170487E-08
1960 09 2.0092147E-08
1960 10 2.1976177E-08
1960 11 2.0547011E-08
1960 12 2.2688170E-08
1961 01 2.3700242E-08
1961 02 4.0345949E-08
1961 03 2.6802651E-08
1961 04 1.3222277E-08
1961 05 1.0020405E-08
1961 06 1.4020922E-08
1961 07 1.8699589E-08
1961 08 1.5299836E-08
1961 09 1.8719922E-08
1961 10 2.2511079E-08
1961 11 2.4816972E-08
1961 12 2.5972481E-08
1962 01 2.9011884E-08
1962 02 3.4680607E-08
1962 03 2.6184074E-08
1962 04 1.6411986E-08
1962 05 9.4055492E-09
1962 06 1.9312068E-08
1962 07 1.9500980E-08
1962 08 1.4457610E-08
1962 09 2.0190651E-08
1962 10 1.7050423E-08
1962 11 2.2114866E-08
1962 12 1.9113541E-08
1963 01 2.5517226E-08
1963 02 3.2271764E-08
1963 03 3.1535020E-08
1963 04 1.5138662E-08
1963 05 1.0488890E-08
1963 06 1.4132844E-08
1963 07 1.5681559E-08
1963 08 1.3017433E-08
1963 09 3.0618786E-08
1963 10 1.8853406E-08
1963 11 2.5183127E-08
1963 12 2.7195405E-08
1964 01 3.1358816E-08
1964 02 3.9188393E-08
1964 03 2.7664802E-08
1964 04 1.7479456E-08
1964 05 1.1384089E-08
1964 06 1.6551722E-08
1964 07 2.0516254E-08
1964 08 1.3318508E-08
1964 09 1.5931528E-08
1964 10 1.8578039E-08
1964 11 2.3528722E-08
1964 12 2.4283693E-08
1965 01 2.6469761E-08
1965 02 4.1890857E-08
1965 03 3.3777507E-08
1965 04 1.9233440E-08
1965 05 1.0379898E-08
1965 06 1.4956438E-08
1965 07 1.3868744E-08
1965 08 2.1362942E-08
1965 09 2.4433733E-08
1965 10 2.2529820E-08
1965 11 2.5674213E-08
1965 12 3.1334594E-08
1966 01 3.6094988E-08
1966 02 4.3657661E-08
1966 03 3.7114443E-08
1966 04 1.8353337E-08
1966 05 1.1396784E-08
1966 06 1.1356893E-08
1966 07 2.1795481E-08
1966 08 2.0021462E-08
1966 09 2.2639339E-08
1966 10 1.9992799E-08
1966 11 2.1004404E-08
1966 12 1.9054898E-08
1967 01 2.4615840E-08
1967 02 4.1926402E-08
1967 03 2.6172511E-08
1967 04 1.7954328E-08
1967 05 1.0288626E-08
1967 06 1.6531084E-08
1967 07 2.0495825E-08
1967 08 1.8875443E-08
1967 09 2.5417261E-08
1967 10 2.1594424E-08
1967 11 2.1504684E-08
1967 12 2.4607345E-08
1968 01 3.2083893E-08
1968 02 4.3190127E-08
1968 03 3.5402667E-08
1968 04 1.9502375E-08
1968 05 1.2023416E-08
1968 06 1.2192605E-08
1968 07 1.6338999E-08
1968 08 1.3386916E-08
1968 09 2.3885853E-08
1968 10 1.8381568E-08
1968 11 1.9569477E-08
1968 12 2.6403363E-08
1969 01 3.6127201E-08
1969 02 4.7874249E-08
1969 03 4.6070177E-08
1969 04 1.7802996E-08
1969 05 7.6437674E-09
1969 06 1.1498050E-08
1969 07 1.5702550E-08
1969 08 1.6151754E-08
1969 09 2.5384296E-08
1969 10 1.8153555E-08
1969 11 1.9404656E-08
1969 12 2.6681708E-08
1970 01 4.0533862E-08
1970 02 4.2709857E-08
1970 03 2.7258427E-08
1970 04 1.6359177E-08
1970 05 1.3572031E-08
1970 06 1.2086187E-08
1970 07 1.8056054E-08
1970 08 1.4824201E-08
1970 09 2.4952307E-08
1970 10 1.7058831E-08
1970 11 2.1215063E-08
1970 12 2.2407596E-08
1971 01 2.4655469E-08
1971 02 3.4210288E-08
1971 03 2.9179605E-08
1971 04 1.9176717E-08
1971 05 1.2434349E-08
1971 06 1.2303643E-08
1971 07 1.6987709E-08
1971 08 1.8203544E-08
1971 09 2.3061459E-08
1971 10 1.4839922E-08
1971 11 1.4819989E-08
1971 12 2.2849147E-08
1972 01 2.5674607E-08
1972 02 4.2334364E-08
1972 03 4.4578702E-08
1972 04 1.7791635E-08
1972 05 1.4582406E-08
1972 06 1.2962231E-08
1972 07 1.7792793E-08
1972 08 2.0717634E-08
1972 09 3.3517590E-08
1972 10 2.3071806E-08
1972 11 2.4179831E-08
1972 12 3.3812611E-08
1973 01 3.6333059E-08
1973 02 4.3222943E-08
1973 03 4.1796106E-08
1973 04 1.6384899E-08
1973 05 1.2747526E-08
1973 06 1.6205361E-08
1973 07 1.5005270E-08
1973 08 1.5176472E-08
1973 09 1.4946275E-08
1973 10 1.6414965E-08
1973 11 2.4466656E-08
1973 12 1.9555305E-08
1974 01 2.2949992E-08
1974 02 2.3316318E-08
1974 03 2.5805770E-08
1974 04 1.3363123E-08
1974 05 1.4459162E-08
1974 06 1.4533508E-08
1974 07 1.6918985E-08
1974 08 1.7171816E-08
1974 09 2.3781578E-08
1974 10 2.5894638E-08
1974 11 2.2046773E-08
1974 12 2.0993710E-08
1975 01 3.1534498E-08
1975 02 3.7319257E-08
1975 03 2.9684802E-08
1975 04 1.5795580E-08
1975 05 9.5470689E-09
1975 06 1.4690285E-08
1975 07 1.7437543E-08
1975 08 1.5119289E-08
1975 09 1.7174035E-08
1975 10 1.4887592E-08
1975 11 1.8015362E-08
1975 12 2.1979728E-08
1976 01 2.3577968E-08
1976 02 3.2332448E-08
1976 03 2.4500428E-08
1976 04 1.8751187E-08
1976 05 1.4923145E-08
1976 06 1.1962337E-08
1976 07 1.5220682E-08
1976 08 2.3427118E-08
1976 09 2.8148825E-08
1976 10 2.1356446E-08
1976 11 2.0734284E-08
1976 12 2.6557416E-08
1977 01 3.3848846E-08
1977 02 5.2391325E-08
1977 03 3.9389452E-08
1977 04 1.6095084E-08
1977 05 1.1533728E-08
1977 06 1.2532329E-08
1977 07 1.8201103E-08
1977 08 1.9582483E-08
1977 09 2.5581278E-08
1977 10 1.5229059E-08
1977 11 1.5643741E-08
1977 12 2.1554401E-08
1978 01 2.7766937E-08
1978 02 4.5214197E-08
1978 03 3.0463575E-08
1978 04 1.9834111E-08
1978 05 1.0598697E-08
1978 06 1.1672791E-08
1978 07 1.6161199E-08
1978 08 1.3560574E-08
1978 09 2.4531296E-08
1978 10 1.7914068E-08
1978 11 1.8632125E-08
1978 12 2.2001139E-08
1979 01 3.3933951E-08
1979 02 4.6807777E-08
1979 03 3.7012043E-08
1979 04 1.4996075E-08
1979 05 1.0833230E-08
1979 06 1.1797168E-08
1979 07 1.7418371E-08
1979 08 1.7239856E-08
1979 09 2.6022999E-08
1979 10 2.3321286E-08
1979 11 2.4143878E-08
1979 12 2.2141901E-08
1980 01 2.7158830E-08
1980 02 3.6563392E-08
1980 03 3.0508495E-08
1980 04 1.8482393E-08
1980 05 1.0504052E-08
1980 06 1.1926448E-08
1980 07 1.4163189E-08
1980 08 1.7764719E-08
1980 09 2.3730545E-08
1980 10 2.1902130E-08
1980 11 2.1728088E-08
1980 12 2.3856545E-08
1981 01 2.8199590E-08
1981 02 3.9982634E-08
1981 03 3.0519963E-08
1981 04 1.2371125E-08
1981 05 1.1637623E-08
1981 06 1.2312367E-08
1981 07 1.9253893E-08
1981 08 1.6668702E-08
1981 09 2.2930083E-08
1981 10 2.1856861E-08
1981 11 1.8226748E-08
1981 12 2.3493778E-08
1982 01 2.5835744E-08
1982 02 4.3263675E-08
1982 03 3.1713608E-08
1982 04 1.2433102E-08
1982 05 1.0441910E-08
1982 06 1.3316694E-08
1982 07 1.5597482E-08
1982 08 2.1357422E-08
1982 09 2.7678240E-08
1982 10 2.3212472E-08
1982 11 2.6349994E-08
1982 12 3.3305490E-08
1983 01 4.7091373E-08
1983 02 6.8206433E-08
1983 03 5.3658137E-08
1983 04 2.2284045E-08
1983 05 1.0276088E-08
1983 06 1.2969803E-08
1983 07 1.4084647E-08
1983 08 1.7786329E-08
1983 09 3.8586279E-08
1983 10 2.1779982E-08
1983 11 2.1485256E-08
1983 12 2.1071726E-08
1984 01 2.6691209E-08
1984 02 4.5214904E-08
1984 03 2.6870781E-08
1984 04 1.1361404E-08
1984 05 1.2510888E-08
1984 06 1.5845185E-08
1984 07 1.7399072E-08
1984 08 1.8846077E-08
1984 09 1.8378579E-08
1984 10 2.1379689E-08
1984 11 2.0822727E-08
1984 12 2.4776263E-08
1985 01 2.5805338E-08
1985 02 3.3140982E-08
1985 03 2.1691593E-08
1985 04 2.1291672E-08
1985 05 1.5938250E-08
1985 06 1.3670146E-08
1985 07 1.7010214E-08
1985 08 2.2960730E-08
1985 09 2.5911499E-08
1985 10 1.7597204E-08
1985 11 1.9018175E-08
1985 12 2.2243448E-08
1986 01 2.8316729E-08
1986 02 3.9273324E-08
1986 03 2.9040006E-08
1986 04 2.4280041E-08
1986 05 1.9245235E-08
1986 06 1.6842018E-08
1986 07 1.9269937E-08
1986 08 1.8324210E-08
1986 09 2.8516149E-08
1986 10 2.0568567E-08
1986 11 2.2832499E-08
1986 12 3.0346488E-08
1987 01 3.4927943E-08
1987 02 4.8175579E-08
1987 03 4.3581050E-08
1987 04 2.1372331E-08
1987 05 1.5496088E-08
1987 06 1.5195061E-08
1987 07 1.4280131E-08
1987 08 2.5282050E-08
1987 09 3.4639218E-08
1987 10 2.3849795E-08
1987 11 2.5105097E-08
1987 12 2.0288052E-08
1988 01 4.0501156E-08
1988 02 4.7775710E-08
1988 03 3.6592844E-08
1988 04 1.3104803E-08
1988 05 1.0500296E-08
1988 06 1.2891348E-08
1988 07 1.3905163E-08
1988 08 1.1192362E-08
1988 09 2.1541549E-08
1988 10 1.5235580E-08
1988 11 1.8808233E-08
1988 12 2.0310958E-08
1989 01 2.5592115E-08
1989 02 2.9478182E-08
1989 03 2.0645617E-08
1989 04 1.6907011E-08
1989 05 1.6417138E-08
1989 06 1.4833484E-08
1989 07 1.7423659E-08
1989 08 1.7373672E-08
1989 09 2.6703459E-08
1989 10 1.9513212E-08
1989 11 1.8638126E-08
1989 12 2.6489962E-08
1990 01 3.0918780E-08
1990 02 3.9919758E-08
1990 03 2.9712366E-08
1990 04 1.8329819E-08
1990 05 1.1217847E-08
1990 06 9.2466266E-09
1990 07 1.4070172E-08
1990 08 1.7654443E-08
1990 09 2.3178998E-08
1990 10 1.8729454E-08
1990 11 1.9761398E-08
1990 12 2.3313499E-08
1991 01 3.3035793E-08
1991 02 5.5637027E-08
1991 03 3.9583323E-08
1991 04 1.5493441E-08
1991 05 1.2078348E-08
1991 06 1.6019824E-08
1991 07 1.7171701E-08
1991 08 2.5069390E-08
1991 09 2.7473579E-08
1991 10 2.0019105E-08
1991 11 1.9500167E-08
1991 12 2.6509671E-08
1992 01 3.5336864E-08
1992 02 5.3428025E-08
1992 03 4.9703658E-08
1992 04 2.0709637E-08
1992 05 1.4541478E-08
1992 06 1.3232342E-08
1992 07 1.7330636E-08
1992 08 2.2212483E-08
1992 09 2.9731829E-08
1992 10 2.6001919E-08
1992 11 2.1155437E-08
1992 12 2.4826242E-08
1993 01 3.0494078E-08
1993 02 4.7001972E-08
1993 03 3.4341159E-08
1993 04 2.2010749E-08
1993 05 1.1899168E-08
1993 06 1.3901095E-08
1993 07 1.9002938E-08
1993 08 2.7737649E-08
1993 09 2.7922708E-08
1993 10 1.7321682E-08
1993 11 2.1426768E-08
1993 12 2.5755920E-08
1994 01 3.6277864E-08
1994 02 4.5861306E-08
1994 03 3.2863344E-08
1994 04 2.0889814E-08
1994 05 1.3418017E-08
1994 06 1.8041231E-08
1994 07 1.7558506E-08
1994 08 1.8448624E-08
1994 09 2.4922578E-08
1994 10 2.2220267E-08
1994 11 1.8359186E-08
1994 12 2.9241905E-08
1995 01 3.6548336E-08
1995 02 4.4593104E-08
1995 03 4.8652044E-08
1995 04 1.5521188E-08
1995 05 9.6139585E-09
1995 06 1.2278381E-08
1995 07 1.7550319E-08
1995 08 2.4101022E-08
1995 09 2.5141860E-08
1995 10 2.6747191E-08
1995 11 1.7393944E-08
1995 12 2.2131879E-08
1996 01 2.9972657E-08
1996 02 3.7210885E-08
1996 03 3.1292100E-08
1996 04 1.6411924E-08
1996 05 9.7423793E-09
1996 06 1.2104175E-08
1996 07 1.5501882E-08
1996 08 2.4697288E-08
1996 09 2.3787525E-08
1996 10 1.9746000E-08
1996 11 2.3752413E-08
1996 12 2.5058265E-08
1997 01 2.5566523E-08
1997 02 4.0196426E-08
1997 03 3.3503561E-08
1997 04 1.5706103E-08
1997 05 9.5725072E-09
1997 06 1.2085132E-08
1997 07 2.0918820E-08
1997 08 2.3035328E-08
1997 09 3.1100331E-08
1997 10 2.5313385E-08
1997 11 3.1584456E-08
1997 12 3.4018335E-08
1998 01 3.8073885E-08
1998 02 4.9382322E-08
1998 03 4.6073648E-08
1998 04 1.4266434E-08
1998 05 9.0417496E-09
1998 06 1.0273632E-08
1998 07 1.7483556E-08
1998 08 1.7434500E-08
1998 09 1.6494957E-08
1998 10 1.4077078E-08
1998 11 2.2652218E-08
1998 12 2.2029729E-08
1999 01 2.4912291E-08
1999 02 3.0138871E-08
1999 03 2.0001398E-08
1999 04 1.8311953E-08
1999 05 1.1404303E-08
1999 06 1.4149794E-08
1999 07 1.8361668E-08
1999 08 1.3866245E-08
1999 09 1.4370381E-08
1999 10 1.8039547E-08
1999 11 1.6247208E-08
1999 12 1.8794974E-08
2000 01 2.1494293E-08
2000 02 3.0655713E-08
2000 03 1.8877383E-08
2000 04 1.7800426E-08
2000 05 9.9646460E-09
2000 06 1.3884333E-08
2000 07 1.5033256E-08
2000 08 1.5698088E-08
2000 09 1.9243251E-08
2000 10 2.1434655E-08
2000 11 1.5462343E-08
2000 12 2.0615133E-08
2001 01 2.5113527E-08
2001 02 3.8895081E-08
2001 03 3.2373041E-08
2001 04 1.7975568E-08
2001 05 1.4470666E-08
2001 06 1.4726463E-08
2001 07 1.6102678E-08
2001 08 1.6606242E-08
2001 09 2.2342773E-08
2001 10 1.5965188E-08
2001 11 1.9441424E-08
2001 12 1.8495495E-08
2002 01 2.7591474E-08
2002 02 3.2926881E-08
2002 03 2.9638302E-08
2002 04 1.4699686E-08
2002 05 1.1985835E-08
2002 06 1.2696424E-08
2002 07 1.7204616E-08
2002 08 1.7307029E-08
2002 09 3.0841520E-08
2002 10 2.2612998E-08
2002 11 2.0527123E-08
2002 12 2.5820720E-08
2003 01 3.7311182E-08
2003 02 4.0722924E-08
2003 03 4.3277918E-08
2003 04 1.6364407E-08
2003 05 9.8551052E-09
2003 06 1.1220906E-08
2003 07 1.6172160E-08
2003 08 1.4761829E-08
2003 09 2.3346399E-08
2003 10 2.1461670E-08
2003 11 1.6542991E-08
2003 12 2.2031589E-08
2004 01 2.5665365E-08
2004 02 4.2211880E-08
2004 03 2.9028500E-08
2004 04 1.6228384E-08
2004 05 9.8677351E-09
2004 06 1.4121465E-08
2004 07 1.8085172E-08
2004 08 1.5448014E-08
2004 09 2.2971751E-08
2004 10 2.1343389E-08
2004 11 2.2088001E-08
2004 12 2.4247759E-08
2005 01 3.1166032E-08
2005 02 4.6126839E-08
2005 03 3.7304886E-08
2005 04 1.2593659E-08
2005 05 8.8078336E-09
2005 06 1.3165325E-08
2005 07 1.7058866E-08
2005 08 1.6790086E-08
2005 09 2.6811064E-08
2005 10 2.0279050E-08
2005 11 2.3609854E-08
2005 12 2.4655664E-08
2006 01 2.6793701E-08
2006 02 4.6335163E-08
2006 03 3.0759583E-08
2006 04 1.2760000E-08
2006 05 9.8017763E-09
2006 06 1.2918304E-08
2006 07 1.4734908E-08
2006 08 1.5824050E-08
2006 09 2.6249049E-08
2006 10 2.6701317E-08
2006 11 2.1136261E-08
2006 12 2.3378064E-08
2007 01 3.6304925E-08
2007 02 4.5691703E-08
2007 03 3.5462662E-08
2007 04 1.5964043E-08
2007 05 9.9944559E-09
2007 06 1.1570169E-08
2007 07 1.8840099E-08
2007 08 1.7300799E-08
2007 09 2.0551335E-08
2007 10 1.9618540E-08
2007 11 1.8534898E-08
2007 12 1.4627362E-08
2008 01 2.7800306E-08
2008 02 3.5918109E-08
2008 03 2.3712403E-08
2008 04 1.2193573E-08
2008 05 1.0582327E-08
2008 06 1.4667314E-08
2008 07 1.6088769E-08
2008 08 1.0438701E-08
2008 09 2.6950735E-08
2008 10 2.0020739E-08
2008 11 1.6996843E-08
2008 12 2.1167304E-08
2009 01 2.8811417E-08
2009 02 3.9769045E-08
2009 03 2.7532748E-08
2009 04 1.6029984E-08
2009 05 1.1938799E-08
2009 06 1.5477616E-08
2009 07 1.7026970E-08
2009 08 2.1618103E-08
2009 09 2.8496590E-08
2009 10 2.1547914E-08
2009 11 2.0014186E-08
2009 12 2.6477085E-08
2010 01 3.5646949E-08
2010 02 4.2196088E-08
2010 03 3.2229604E-08
2010 04 1.6933219E-08
2010 05 8.6990548E-09
2010 06 1.3495685E-08
2010 07 1.2570132E-08
2010 08 1.0289821E-08
2010 09 1.7348224E-08
2010 10 1.5477170E-08
2010 11 1.6139033E-08
2010 12 1.8368915E-08
2011 01 2.3117179E-08
2011 02 2.7662558E-08
2011 03 2.4630610E-08
2011 04 1.3177965E-08
2011 05 8.2687759E-09
2011 06 9.3080761E-09
2011 07 1.4806371E-08
2011 08 1.3996651E-08
2011 09 2.0666507E-08
2011 10 1.6209572E-08
2011 11 2.1249740E-08
2011 12 1.5867659E-08
2012 01 2.9047303E-08
2012 02 3.3667785E-08
2012 03 2.4444962E-08
2012 04 1.1215485E-08
2012 05 8.0278406E-09
2012 06 9.4358112E-09
2012 07 2.0424674E-08
2012 08 1.2659468E-08
2012 09 2.6785271E-08
2012 10 1.8907478E-08
2012 11 2.2654762E-08
2012 12 2.5551444E-08
2013 01 3.0216722E-08
2013 02 3.7928867E-08
2013 03 2.8256224E-08
2013 04 1.4551426E-08
2013 05 6.3706738E-09
2013 06 1.3173353E-08
2013 07 1.9858071E-08
2013 08 1.3063399E-08
2013 09 2.2480949E-08
2013 10 1.8685997E-08
2013 11 2.0771827E-08
2013 12 1.9640078E-08
2014 01 2.5999951E-08
2014 02 3.6383167E-08
2014 03 2.8534570E-08
2014 04 1.3240808E-08
2014 05 1.0535075E-08
2014 06 9.3982129E-09
2014 07 1.7141053E-08
2014 08 1.6904917E-08
2014 09 2.8574277E-08
2014 10 1.8785329E-08
2014 11 1.9928491E-08
2014 12 2.6428102E-08
2015 01 2.9123214E-08
2015 02 4.9562669E-08
2015 03 3.5851155E-08
2015 04 2.3499700E-08
2015 05 1.3582581E-08
2015 06 1.0287866E-08
2015 07 1.7938996E-08
2015 08 2.4650769E-08
2015 09 3.5720753E-08
2015 10 2.8497237E-08
2015 11 2.8307179E-08
2015 12 3.1990798E-08
2016 01 3.7983991E-08
2016 02 5.4302326E-08
2016 03 5.1109005E-08
2016 04 2.2368592E-08
2016 05 7.5766575E-09
2016 06 9.2905568E-09
2016 07 2.1846439E-08
2016 08 1.2327921E-08
2016 09 1.8345409E-08
2016 10 1.4913644E-08
2016 11 1.7197801E-08
2016 12 2.1292674E-08
2017 01 3.2431039E-08
2017 02 3.2750279E-08
2017 03 2.4117154E-08
