1957 01 1.7808226E-08
1957 02 8.0102023E-09
1957 03 9.2603072E-09
1957 04 1.5875818E-08
1957 05 1.5547451E-08
1957 06 2.2373136E-08
1957 07 1.4419209E-08
1957 08 1.6424455E-08
1957 09 1.8332813E-08
1957 10 1.9500259E-08
1957 11 1.9918961E-08
1957 12 1.9087995E-08
1958 01 1.6025920E-08
1958 02 9.2615311E-09
1958 03 9.6676196E-09
1958 04 1.8707293E-08
1958 05 1.9294340E-08
1958 06 2.4180027E-08
1958 07 1.2459275E-08
1958 08 1.4996338E-08
1958 09 1.4548573E-08
1958 10 1.3884847E-08
1958 11 1.4668853E-08
1958 12 1.4766361E-08
1959 01 1.6186055E-08
1959 02 7.7653137E-09
1959 03 9.1018357E-09
1959 04 1.3507428E-08
1959 05 2.3627541E-08
1959 06 1.9437358E-08
1959 07 9.4562802E-09
1959 08 1.1740394E-08
1959 09 1.6327837E-08
1959 10 1.7156628E-08
1959 11 1.4477756E-08
1959 12 1.6612491E-08
1960 01 1.3680434E-08
1960 02 6.8974888E-09
1960 03 1.1227060E-08
1960 04 1.5540275E-08
1960 05 2.1848679E-08
1960 06 2.0620824E-08
1960 07 1.2140947E-08
1960 08 9.6236050E-09
1960 09 1.2236993E-08
1960 10 1.5150139E-08
1960 11 1.7689427E-08
1960 12 1.5313125E-08
1961 01 1.4527694E-08
1961 02 7.5923241E-09
1961 03 1.2208302E-08
1961 04 1.3872591E-08
1961 05 2.0232308E-08
1961 06 2.8684530E-08
1961 07 1.1156100E-08
1961 08 9.4991854E-09
1961 09 1.3071304E-08
1961 10 1.4661556E-08
1961 11 1.4355843E-08
1961 12 1.1809227E-08
1962 01 1.0928016E-08
1962 02 8.5527372E-09
1962 03 1.1435623E-08
1962 04 1.3085948E-08
1962 05 1.9073051E-08
1962 06 2.5513444E-08
1962 07 1.1627150E-08
1962 08 1.0183481E-08
1962 09 1.2713167E-08
1962 10 1.6389459E-08
1962 11 1.5497445E-08
1962 12 1.2653551E-08
1963 01 1.4005185E-08
1963 02 7.4860447E-09
1963 03 1.2277932E-08
1963 04 1.1914365E-08
1963 05 1.7114358E-08
1963 06 2.4339030E-08
1963 07 1.3860464E-08
1963 08 1.4274625E-08
1963 09 1.8673564E-08
1963 10 1.7884330E-08
1963 11 2.0253138E-08
1963 12 1.9518884E-08
1964 01 1.3896302E-08
1964 02 6.7291932E-09
1964 03 8.9784029E-09
1964 04 1.1770545E-08
1964 05 2.0511637E-08
1964 06 2.8085585E-08
1964 07 1.0620482E-08
1964 08 1.1112022E-08
1964 09 1.2235757E-08
1964 10 1.2781923E-08
1964 11 1.2503961E-08
1964 12 1.2701022E-08
1965 01 1.4622496E-08
1965 02 7.6461486E-09
1965 03 1.4119423E-08
1965 04 1.3681013E-08
1965 05 2.4430349E-08
1965 06 2.5221562E-08
1965 07 1.1671390E-08
1965 08 1.8118005E-08
1965 09 2.1854882E-08
1965 10 1.9441627E-08
1965 11 2.5530824E-08
1965 12 1.9100126E-08
1966 01 1.3148817E-08
1966 02 6.7931478E-09
1966 03 9.7038271E-09
1966 04 1.3798314E-08
1966 05 2.0640657E-08
1966 06 2.9614554E-08
1966 07 1.2165809E-08
1966 08 1.4791852E-08
1966 09 1.4968219E-08
1966 10 1.6091340E-08
1966 11 1.6413427E-08
1966 12 1.5054002E-08
1967 01 1.3199028E-08
1967 02 7.1558803E-09
1967 03 1.0397937E-08
1967 04 1.3130238E-08
1967 05 1.7192814E-08
1967 06 2.2093182E-08
1967 07 1.4235979E-08
1967 08 1.0125516E-08
1967 09 1.5126661E-08
1967 10 1.5506920E-08
1967 11 2.3373495E-08
1967 12 1.7712475E-08
1968 01 1.6536024E-08
1968 02 1.1178218E-08
1968 03 1.3714025E-08
1968 04 1.3035065E-08
1968 05 1.8150784E-08
1968 06 2.5511586E-08
1968 07 1.2586151E-08
1968 08 1.0690733E-08
1968 09 1.7775950E-08
1968 10 1.9070979E-08
1968 11 1.6461195E-08
1968 12 1.7121328E-08
1969 01 1.5861863E-08
1969 02 8.3897733E-09
1969 03 1.0744405E-08
1969 04 1.4205572E-08
1969 05 1.7534086E-08
1969 06 2.0507333E-08
1969 07 1.3890489E-08
1969 08 1.4704455E-08
1969 09 1.8531027E-08
1969 10 2.0198243E-08
1969 11 1.8218506E-08
1969 12 1.2749005E-08
1970 01 1.6322826E-08
1970 02 7.9837497E-09
1970 03 9.3085060E-09
1970 04 1.1490649E-08
1970 05 1.6358813E-08
1970 06 2.2019133E-08
1970 07 1.0223745E-08
1970 08 9.4125427E-09
1970 09 9.4962758E-09
1970 10 1.0531815E-08
1970 11 1.4522457E-08
1970 12 1.4418778E-08
1971 01 1.6212843E-08
1971 02 8.3039815E-09
1971 03 1.2756391E-08
1971 04 1.9998931E-08
1971 05 1.6389119E-08
1971 06 2.3918160E-08
1971 07 1.3559045E-08
1971 08 1.3504547E-08
1971 09 1.0983780E-08
1971 10 1.4098775E-08
1971 11 1.4010776E-08
1971 12 1.4978074E-08
1972 01 1.3827725E-08
1972 02 9.0614654E-09
1972 03 1.1014443E-08
1972 04 1.2960632E-08
1972 05 2.3274053E-08
1972 06 2.0336934E-08
1972 07 1.3460865E-08
1972 08 1.4200878E-08
1972 09 1.9648503E-08
1972 10 2.4893463E-08
1972 11 2.3965839E-08
1972 12 1.5749114E-08
1973 01 1.3045819E-08
1973 02 8.1921012E-09
1973 03 1.0172461E-08
1973 04 1.4421422E-08
1973 05 1.9918478E-08
1973 06 2.8019841E-08
1973 07 1.2408866E-08
1973 08 8.0327069E-09
1973 09 9.5878621E-09
1973 10 1.0932701E-08
1973 11 1.3606716E-08
1973 12 9.5341761E-09
1974 01 1.1677773E-08
1974 02 7.8360340E-09
1974 03 1.3329309E-08
1974 04 1.3594073E-08
1974 05 1.5044755E-08
1974 06 2.1202032E-08
1974 07 1.3785852E-08
1974 08 1.3090303E-08
1974 09 1.3234331E-08
1974 10 1.4042028E-08
1974 11 1.5731844E-08
1974 12 1.3401773E-08
1975 01 1.4684211E-08
1975 02 8.4832914E-09
1975 03 1.2992071E-08
1975 04 1.6011072E-08
1975 05 1.5998912E-08
1975 06 2.4708541E-08
1975 07 1.2154035E-08
1975 08 1.0435259E-08
1975 09 9.6037622E-09
1975 10 1.2965480E-08
1975 11 1.1758183E-08
1975 12 1.0293135E-08
1976 01 1.2892778E-08
1976 02 7.8373636E-09
1976 03 1.5063186E-08
1976 04 1.5519959E-08
1976 05 1.6169224E-08
1976 06 2.3106885E-08
1976 07 1.4914345E-08
1976 08 1.3450579E-08
1976 09 1.5332665E-08
1976 10 1.6923400E-08
1976 11 1.9993633E-08
1976 12 1.9594992E-08
1977 01 1.3026516E-08
1977 02 7.8676399E-09
1977 03 9.2189500E-09
1977 04 1.3376346E-08
1977 05 1.6495232E-08
1977 06 2.1614538E-08
1977 07 1.1541235E-08
1977 08 1.2988867E-08
1977 09 1.4653188E-08
1977 10 1.2828430E-08
1977 11 1.6259387E-08
1977 12 1.2465720E-08
1978 01 1.5617044E-08
1978 02 7.3209181E-09
1978 03 1.3041944E-08
1978 04 1.1902400E-08
1978 05 1.9590868E-08
1978 06 2.4054833E-08
1978 07 1.2111461E-08
1978 08 1.3303871E-08
1978 09 1.5380355E-08
1978 10 1.8933303E-08
1978 11 1.8228892E-08
1978 12 1.5726554E-08
1979 01 1.3553828E-08
1979 02 8.4898080E-09
1979 03 1.1355114E-08
1979 04 1.3400858E-08
1979 05 1.5943902E-08
1979 06 2.6665585E-08
1979 07 1.2224554E-08
1979 08 1.2663274E-08
1979 09 1.3783063E-08
1979 10 1.6708452E-08
1979 11 1.4451317E-08
1979 12 1.3700851E-08
1980 01 1.1819099E-08
1980 02 8.1248785E-09
1980 03 1.0341938E-08
1980 04 1.4261260E-08
1980 05 1.8547180E-08
1980 06 2.0291614E-08
1980 07 1.3155139E-08
1980 08 1.6590404E-08
1980 09 1.4873334E-08
1980 10 1.5453153E-08
1980 11 1.5423296E-08
1980 12 1.6798477E-08
1981 01 1.5630832E-08
1981 02 8.1391756E-09
1981 03 9.6147534E-09
1981 04 1.3985169E-08
1981 05 1.8952425E-08
1981 06 2.0343563E-08
1981 07 1.5072352E-08
1981 08 1.1866359E-08
1981 09 1.3754613E-08
1981 10 1.2738595E-08
1981 11 1.7309691E-08
1981 12 1.5328494E-08
1982 01 1.9637023E-08
1982 02 7.9976994E-09
1982 03 1.2382828E-08
1982 04 1.4343456E-08
1982 05 2.0753228E-08
1982 06 2.3048383E-08
1982 07 1.6993789E-08
1982 08 1.7204739E-08
1982 09 2.1405736E-08
1982 10 2.1486910E-08
1982 11 2.6199160E-08
1982 12 1.8815699E-08
1983 01 1.8311164E-08
1983 02 8.6078940E-09
1983 03 1.1684595E-08
1983 04 1.4438192E-08
1983 05 1.6513413E-08
1983 06 2.6020071E-08
1983 07 1.4892980E-08
1983 08 1.7422153E-08
1983 09 1.7283856E-08
1983 10 1.3693912E-08
1983 11 1.1760448E-08
1983 12 1.1070469E-08
1984 01 8.2501552E-09
1984 02 9.7935482E-09
1984 03 1.1110085E-08
1984 04 1.2186824E-08
1984 05 1.5371526E-08
1984 06 2.4669129E-08
1984 07 9.6573771E-09
1984 08 1.0016852E-08
1984 09 1.3126971E-08
1984 10 1.1257574E-08
1984 11 1.3471854E-08
1984 12 1.4567411E-08
1985 01 1.2716900E-08
1985 02 8.4426857E-09
1985 03 1.3503835E-08
1985 04 1.3036548E-08
1985 05 2.1180506E-08
1985 06 2.3722833E-08
1985 07 1.2639025E-08
1985 08 1.1579029E-08
1985 09 1.7160049E-08
1985 10 1.5671645E-08
1985 11 1.6670485E-08
1985 12 1.6649771E-08
1986 01 1.4497606E-08
1986 02 9.6246184E-09
1986 03 1.0849801E-08
1986 04 1.3211621E-08
1986 05 1.4139093E-08
1986 06 2.4217830E-08
1986 07 1.3131364E-08
1986 08 1.2635825E-08
1986 09 2.0930162E-08
1986 10 2.1668798E-08
1986 11 2.1371809E-08
1986 12 1.9948452E-08
1987 01 1.5830141E-08
1987 02 9.9510951E-09
1987 03 9.3128394E-09
1987 04 1.1861910E-08
1987 05 1.8003758E-08
1987 06 1.8814420E-08
1987 07 1.2771174E-08
1987 08 1.5531912E-08
1987 09 1.9743872E-08
1987 10 1.8050294E-08
1987 11 2.2076398E-08
1987 12 1.4161018E-08
1988 01 1.2743203E-08
1988 02 1.0064125E-08
1988 03 1.0774382E-08
1988 04 1.4728776E-08
1988 05 1.9793784E-08
1988 06 1.8069647E-08
1988 07 9.6190629E-09
1988 08 9.2320720E-09
1988 09 1.1037131E-08
1988 10 1.1252292E-08
1988 11 1.2560192E-08
1988 12 1.1421464E-08
1989 01 1.1640815E-08
1989 02 7.6172082E-09
1989 03 1.4637987E-08
1989 04 1.4595768E-08
1989 05 1.5901101E-08
1989 06 2.3865965E-08
1989 07 1.5285456E-08
1989 08 9.5684696E-09
1989 09 1.1325741E-08
1989 10 1.3959339E-08
1989 11 1.4534677E-08
1989 12 1.9208892E-08
1990 01 1.5582586E-08
1990 02 8.6564613E-09
1990 03 1.0367813E-08
1990 04 1.5849920E-08
1990 05 1.9738957E-08
1990 06 2.8897743E-08
1990 07 1.2401521E-08
1990 08 1.6222412E-08
1990 09 1.7635822E-08
1990 10 2.2011374E-08
1990 11 1.9193353E-08
1990 12 1.7962741E-08
1991 01 1.5493871E-08
1991 02 1.0278524E-08
1991 03 1.3999992E-08
1991 04 1.7695372E-08
1991 05 1.6756864E-08
1991 06 2.4315108E-08
1991 07 9.8596127E-09
1991 08 1.7347768E-08
1991 09 1.5105231E-08
1991 10 1.8166997E-08
1991 11 2.1667942E-08
1991 12 2.1659419E-08
1992 01 1.2158274E-08
1992 02 8.8187218E-09
1992 03 8.5288292E-09
1992 04 1.3920640E-08
1992 05 1.6684050E-08
1992 06 1.9505682E-08
1992 07 1.3696889E-08
1992 08 1.5451938E-08
1992 09 1.6257124E-08
1992 10 2.3992653E-08
1992 11 2.0705134E-08
1992 12 1.5964639E-08
1993 01 1.4429762E-08
1993 02 8.9369578E-09
1993 03 1.2758823E-08
1993 04 1.6288460E-08
1993 05 1.8721686E-08
1993 06 2.0764675E-08
1993 07 1.6081030E-08
1993 08 1.8709658E-08
1993 09 2.3051200E-08
1993 10 2.2400712E-08
1993 11 1.8953054E-08
1993 12 1.5389491E-08
1994 01 1.3177647E-08
1994 02 8.3033314E-09
1994 03 1.1020398E-08
1994 04 1.5752695E-08
1994 05 1.5861065E-08
1994 06 2.2568337E-08
1994 07 1.5398257E-08
1994 08 1.7609588E-08
1994 09 2.1203286E-08
1994 10 2.0384235E-08
1994 11 2.2158407E-08
1994 12 1.5244920E-08
1995 01 1.5256317E-08
1995 02 8.2888567E-09
1995 03 1.1379553E-08
1995 04 1.2448217E-08
1995 05 1.9270425E-08
1995 06 2.3416426E-08
1995 07 1.1678300E-08
1995 08 1.3280072E-08
1995 09 1.5049139E-08
1995 10 1.4868315E-08
1995 11 1.6034232E-08
1995 12 1.5262700E-08
1996 01 1.5181511E-08
1996 02 9.7311981E-09
1996 03 1.1681720E-08
1996 04 1.5706888E-08
1996 05 1.6541280E-08
1996 06 2.3951703E-08
1996 07 1.2050570E-08
1996 08 1.4741484E-08
1996 09 1.3274800E-08
1996 10 1.5187846E-08
1996 11 1.6986460E-08
1996 12 1.7394456E-08
1997 01 1.2220269E-08
1997 02 1.1517823E-08
1997 03 8.9317531E-09
1997 04 1.3959176E-08
1997 05 1.6900302E-08
1997 06 2.5683294E-08
1997 07 1.5369197E-08
1997 08 2.1938336E-08
1997 09 1.8949779E-08
1997 10 2.2542515E-08
1997 11 2.8898933E-08
1997 12 1.7956545E-08
1998 01 1.9962821E-08
1998 02 9.1722629E-09
1998 03 9.6752686E-09
1998 04 1.4058431E-08
1998 05 1.8599113E-08
1998 06 2.4871470E-08
1998 07 9.7399422E-09
1998 08 1.0105214E-08
1998 09 6.4697216E-09
1998 10 1.3243310E-08
1998 11 1.3733017E-08
1998 12 1.2432627E-08
1999 01 9.1246459E-09
1999 02 8.7931005E-09
1999 03 1.4100642E-08
1999 04 1.4387020E-08
1999 05 1.6275438E-08
1999 06 2.2257039E-08
1999 07 1.3653540E-08
1999 08 5.6724212E-09
1999 09 1.2349007E-08
1999 10 1.2145041E-08
1999 11 1.1508128E-08
1999 12 1.2076501E-08
2000 01 1.1992832E-08
2000 02 9.0506083E-09
2000 03 1.3374820E-08
2000 04 1.6537774E-08
2000 05 1.8700998E-08
2000 06 2.9265316E-08
2000 07 1.1169019E-08
2000 08 7.9500433E-09
2000 09 1.3222105E-08
2000 10 1.5403659E-08
2000 11 1.8902508E-08
2000 12 1.5220156E-08
2001 01 1.6479003E-08
2001 02 7.4959257E-09
2001 03 1.5390285E-08
2001 04 1.3518615E-08
2001 05 1.8901153E-08
2001 06 2.0572971E-08
2001 07 8.5397254E-09
2001 08 1.0254467E-08
2001 09 1.6135841E-08
2001 10 2.2947443E-08
2001 11 1.4897824E-08
2001 12 1.3423285E-08
2002 01 1.5712962E-08
2002 02 7.7881879E-09
2002 03 1.1432460E-08
2002 04 1.1016751E-08
2002 05 2.0299915E-08
2002 06 2.0584833E-08
2002 07 1.0005627E-08
2002 08 1.3056291E-08
2002 09 1.4115148E-08
2002 10 1.6708341E-08
2002 11 2.5809275E-08
2002 12 1.6437307E-08
2003 01 1.6216902E-08
2003 02 7.8492421E-09
2003 03 8.5593017E-09
2003 04 1.5245426E-08
2003 05 1.8388063E-08
2003 06 2.5227289E-08
2003 07 1.4067980E-08
2003 08 1.2389472E-08
2003 09 1.6992699E-08
2003 10 1.7657451E-08
2003 11 1.5743144E-08
2003 12 1.2140767E-08
2004 01 1.1665667E-08
2004 02 7.4947373E-09
2004 03 1.1089568E-08
2004 04 1.5862881E-08
2004 05 1.8165554E-08
2004 06 2.2558369E-08
2004 07 1.2179678E-08
2004 08 1.1696883E-08
2004 09 1.6097216E-08
2004 10 1.8723478E-08
2004 11 1.9642824E-08
2004 12 1.4742714E-08
2005 01 1.4274994E-08
2005 02 8.9620524E-09
2005 03 9.3067118E-09
2005 04 1.4273619E-08
2005 05 2.3782199E-08
2005 06 2.7658924E-08
2005 07 1.3768354E-08
2005 08 1.2171983E-08
2005 09 1.6638563E-08
2005 10 1.5533931E-08
2005 11 1.8613539E-08
2005 12 1.6915912E-08
2006 01 1.5143598E-08
2006 02 7.9197626E-09
2006 03 1.1001561E-08
2006 04 1.2999751E-08
2006 05 1.8131944E-08
2006 06 1.9817884E-08
2006 07 1.0005054E-08
2006 08 1.4862752E-08
2006 09 1.5931917E-08
2006 10 1.2877802E-08
2006 11 1.8468670E-08
2006 12 1.4260715E-08
2007 01 1.4808601E-08
2007 02 8.2812495E-09
2007 03 7.5630062E-09
2007 04 1.4268249E-08
2007 05 1.9468887E-08
2007 06 2.2980847E-08
2007 07 1.1991031E-08
2007 08 8.3980671E-09
2007 09 1.4900815E-08
2007 10 1.6428125E-08
2007 11 1.4816796E-08
2007 12 1.1045390E-08
2008 01 1.1297245E-08
2008 02 9.9898481E-09
2008 03 1.1148980E-08
2008 04 1.2766182E-08
2008 05 2.1010667E-08
2008 06 2.2759183E-08
2008 07 1.3385676E-08
2008 08 9.6299075E-09
2008 09 1.0750523E-08
2008 10 1.1718148E-08
2008 11 1.7012505E-08
2008 12 1.1202294E-08
2009 01 1.4236730E-08
2009 02 7.7989615E-09
2009 03 1.2792563E-08
2009 04 1.7664947E-08
2009 05 2.1635579E-08
2009 06 2.7554714E-08
2009 07 1.2872071E-08
2009 08 1.5036454E-08
2009 09 1.5688293E-08
2009 10 1.7868215E-08
2009 11 2.4483059E-08
2009 12 1.5893464E-08
2010 01 1.4242513E-08
2010 02 8.0042604E-09
2010 03 9.5048378E-09
2010 04 1.4473187E-08
2010 05 1.7132319E-08
2010 06 2.3436375E-08
2010 07 1.1909195E-08
2010 08 7.4184596E-09
2010 09 9.4944870E-09
2010 10 1.2963665E-08
2010 11 1.1290600E-08
2010 12 1.1604097E-08
2011 01 9.6991259E-09
2011 02 7.8857658E-09
2011 03 1.2103165E-08
2011 04 1.4276027E-08
2011 05 2.4094845E-08
2011 06 2.2526262E-08
2011 07 7.8374782E-09
2011 08 9.2045962E-09
2011 09 1.0978248E-08
2011 10 1.4576287E-08
2011 11 1.2012941E-08
2011 12 1.2693988E-08
2012 01 1.7035118E-08
2012 02 8.0884162E-09
2012 03 1.0298179E-08
2012 04 1.2474172E-08
2012 05 2.0038208E-08
2012 06 2.0194529E-08
2012 07 1.1316963E-08
2012 08 1.1802690E-08
2012 09 1.5278481E-08
2012 10 1.4078661E-08
2012 11 1.3208671E-08
2012 12 1.5703309E-08
2013 01 1.4297829E-08
2013 02 9.6372466E-09
2013 03 1.2419699E-08
2013 04 1.2212432E-08
2013 05 2.5672032E-08
2013 06 1.9802664E-08
2013 07 1.3034431E-08
2013 08 1.1364268E-08
2013 09 1.4831687E-08
2013 10 1.7661884E-08
2013 11 1.3781160E-08
2013 12 1.2142545E-08
2014 01 1.0945502E-08
2014 02 8.8576675E-09
2014 03 1.1942013E-08
2014 04 1.4789001E-08
2014 05 1.8882401E-08
2014 06 2.5355543E-08
2014 07 1.6553521E-08
2014 08 1.3331992E-08
2014 09 1.6716829E-08
2014 10 1.9543315E-08
2014 11 2.1224178E-08
2014 12 1.7608723E-08
2015 01 1.2697145E-08
2015 02 6.9017729E-09
2015 03 8.9465013E-09
2015 04 1.2487794E-08
2015 05 1.7741820E-08
2015 06 2.5600688E-08
2015 07 1.4245050E-08
2015 08 1.7614981E-08
2015 09 3.0087204E-08
2015 10 2.7602804E-08
2015 11 2.1303029E-08
2015 12 1.6664137E-08
2016 01 1.9961513E-08
2016 02 8.6863343E-09
2016 03 7.7158600E-09
2016 04 1.3829920E-08
2016 05 1.7509624E-08
2016 06 1.9022968E-08
2016 07 1.7500634E-08
2016 08 1.3266830E-08
2016 09 1.1859619E-08
2016 10 1.3000999E-08
2016 11 1.6578131E-08
2016 12 1.3406725E-08
2017 01 1.3786582E-08
2017 02 7.1664088E-09
2017 03 1.1874988E-08
