1957 01 3.3386527E-08
1957 02 3.5426606E-08
1957 03 5.2826437E-09
1957 04 2.1366555E-09
1957 05 3.7127184E-09
1957 06 1.2662801E-08
1957 07 1.9121444E-08
1957 08 2.0941377E-08
1957 09 1.9292246E-08
1957 10 2.0921883E-08
1957 11 2.3432419E-08
1957 12 1.8488228E-08
1958 01 3.0752137E-08
1958 02 3.1250067E-08
1958 03 8.7006580E-09
1958 04 3.9220223E-09
1958 05 3.9389070E-09
1958 06 1.1986607E-08
1958 07 1.9530271E-08
1958 08 1.8616007E-08
1958 09 1.4716180E-08
1958 10 1.2927109E-08
1958 11 1.4682186E-08
1958 12 1.8919193E-08
1959 01 3.0048277E-08
1959 02 2.9005419E-08
1959 03 7.5977962E-09
1959 04 2.0879034E-09
1959 05 6.8800108E-09
1959 06 9.1585051E-09
1959 07 9.6750270E-09
1959 08 1.5390304E-08
1959 09 1.7393150E-08
1959 10 1.4444764E-08
1959 11 1.3936826E-08
1959 12 1.4602898E-08
1960 01 2.8803305E-08
1960 02 2.3495799E-08
1960 03 8.0131022E-09
1960 04 2.0967783E-09
1960 05 3.8423398E-09
1960 06 1.1429963E-08
1960 07 1.3856533E-08
1960 08 1.8345872E-08
1960 09 1.1961001E-08
1960 10 1.2285517E-08
1960 11 1.6788478E-08
1960 12 1.9392850E-08
1961 01 2.7815158E-08
1961 02 2.5272184E-08
1961 03 8.0697298E-09
1961 04 2.4133762E-09
1961 05 3.2951295E-09
1961 06 1.4330120E-08
1961 07 1.6054392E-08
1961 08 2.0363000E-08
1961 09 1.3832507E-08
1961 10 1.4671234E-08
1961 11 1.5925844E-08
1961 12 1.3711111E-08
1962 01 2.6513044E-08
1962 02 2.5047122E-08
1962 03 7.2903603E-09
1962 04 1.6464681E-09
1962 05 4.7270006E-09
1962 06 9.9581481E-09
1962 07 9.6800665E-09
1962 08 1.7167867E-08
1962 09 1.7821199E-08
1962 10 1.4170782E-08
1962 11 2.0592987E-08
1962 12 1.7504204E-08
1963 01 3.2524429E-08
1963 02 2.7125699E-08
1963 03 8.1245917E-09
1963 04 2.8121339E-09
1963 05 4.1809129E-09
1963 06 1.5485817E-08
1963 07 1.8994616E-08
1963 08 2.2039927E-08
1963 09 1.3558516E-08
1963 10 1.5525895E-08
1963 11 1.7686171E-08
1963 12 1.9785704E-08
1964 01 3.0310471E-08
1964 02 2.9989966E-08
1964 03 5.6984533E-09
1964 04 1.9924120E-09
1964 05 3.9550456E-09
1964 06 1.0367521E-08
1964 07 1.3697020E-08
1964 08 1.6259451E-08
1964 09 1.3745388E-08
1964 10 1.2236428E-08
1964 11 1.2870192E-08
1964 12 1.2990808E-08
1965 01 3.0218366E-08
1965 02 3.1241747E-08
1965 03 8.7027443E-09
1965 04 2.5255578E-09
1965 05 3.7035404E-09
1965 06 1.5511038E-08
1965 07 1.8897973E-08
1965 08 2.1841370E-08
1965 09 1.9065839E-08
1965 10 1.5347256E-08
1965 11 2.5228500E-08
1965 12 2.4000469E-08
1966 01 3.6213372E-08
1966 02 2.9555297E-08
1966 03 8.5838199E-09
1966 04 2.4925439E-09
1966 05 3.7501704E-09
1966 06 1.5380625E-08
1966 07 1.4224924E-08
1966 08 1.8312244E-08
1966 09 1.7139662E-08
1966 10 1.4565114E-08
1966 11 1.6936632E-08
1966 12 1.6534759E-08
1967 01 2.4564716E-08
1967 02 2.8355961E-08
1967 03 6.3240755E-09
1967 04 3.3391903E-09
1967 05 3.2316612E-09
1967 06 1.1210103E-08
1967 07 1.2705640E-08
1967 08 1.6388578E-08
1967 09 1.1264635E-08
1967 10 1.4595564E-08
1967 11 2.5223597E-08
1967 12 2.4708129E-08
1968 01 3.1696725E-08
1968 02 3.1325243E-08
1968 03 6.1204481E-09
1968 04 2.7142468E-09
1968 05 4.5024047E-09
1968 06 1.3544474E-08
1968 07 9.3595185E-09
1968 08 1.5056095E-08
1968 09 1.8068018E-08
1968 10 1.6334770E-08
1968 11 1.6402938E-08
1968 12 1.9811246E-08
1969 01 2.7783297E-08
1969 02 3.6276077E-08
1969 03 7.6184001E-09
1969 04 5.2599209E-09
1969 05 4.4576227E-09
1969 06 1.2035974E-08
1969 07 2.0728656E-08
1969 08 1.7437323E-08
1969 09 2.0752140E-08
1969 10 1.7968418E-08
1969 11 1.9500646E-08
1969 12 1.4611084E-08
1970 01 3.1011904E-08
1970 02 3.4365481E-08
1970 03 7.3065500E-09
1970 04 3.1016563E-09
1970 05 2.8093039E-09
1970 06 1.4586647E-08
1970 07 1.4832803E-08
1970 08 1.3960006E-08
1970 09 8.5250731E-09
1970 10 9.6864499E-09
1970 11 1.5381048E-08
1970 12 1.3612666E-08
1971 01 2.7524786E-08
1971 02 2.4896668E-08
1971 03 7.2499620E-09
1971 04 3.5392551E-09
1971 05 3.8001882E-09
1971 06 1.1838759E-08
1971 07 1.5419889E-08
1971 08 1.5155670E-08
1971 09 1.2175429E-08
1971 10 1.3149347E-08
1971 11 1.6078973E-08
1971 12 1.9302279E-08
1972 01 3.3821550E-08
1972 02 3.4295940E-08
1972 03 8.7251966E-09
1972 04 1.8763038E-09
1972 05 3.7254164E-09
1972 06 1.1751898E-08
1972 07 1.3600487E-08
1972 08 2.4751380E-08
1972 09 1.7376802E-08
1972 10 2.1752177E-08
1972 11 2.0823883E-08
1972 12 1.5599914E-08
1973 01 3.5651251E-08
1973 02 3.6745298E-08
1973 03 8.3216323E-09
1973 04 2.5527378E-09
1973 05 5.8314158E-09
1973 06 1.4462109E-08
1973 07 1.2677837E-08
1973 08 1.2297142E-08
1973 09 1.0072033E-08
1973 10 1.0989776E-08
1973 11 1.4391365E-08
1973 12 1.3462087E-08
1974 01 2.8474959E-08
1974 02 1.7490152E-08
1974 03 1.0463523E-08
1974 04 2.4794526E-09
1974 05 4.7275082E-09
1974 06 1.0924690E-08
1974 07 1.6262351E-08
1974 08 1.3632164E-08
1974 09 1.2165479E-08
1974 10 1.4314443E-08
1974 11 1.3603880E-08
1974 12 1.5504513E-08
1975 01 2.9990701E-08
1975 02 2.9601059E-08
1975 03 6.3476988E-09
1975 04 2.1200324E-09
1975 05 2.9489791E-09
1975 06 1.1963663E-08
1975 07 1.1448866E-08
1975 08 1.1948202E-08
1975 09 9.1633252E-09
1975 10 1.2405252E-08
1975 11 1.3204900E-08
1975 12 1.3812429E-08
1976 01 2.7540883E-08
1976 02 2.5798013E-08
1976 03 7.6689766E-09
1976 04 3.6891197E-09
1976 05 4.6871325E-09
1976 06 1.1588922E-08
1976 07 1.5039891E-08
1976 08 2.1089134E-08
1976 09 1.3104925E-08
1976 10 1.1005262E-08
1976 11 2.1525745E-08
1976 12 2.3670019E-08
1977 01 3.3835562E-08
1977 02 3.7373407E-08
1977 03 6.9344877E-09
1977 04 3.6625853E-09
1977 05 3.0820373E-09
1977 06 1.3855833E-08
1977 07 1.8710276E-08
1977 08 1.3255581E-08
1977 09 1.1386033E-08
1977 10 1.4649108E-08
1977 11 1.5826785E-08
1977 12 1.6403813E-08
1978 01 3.0639271E-08
1978 02 3.2351515E-08
1978 03 5.9246075E-09
1978 04 2.4488864E-09
1978 05 4.3012069E-09
1978 06 8.5397591E-09
1978 07 1.3672583E-08
1978 08 1.8108068E-08
1978 09 1.2251877E-08
1978 10 1.4634585E-08
1978 11 1.9153447E-08
1978 12 1.4758788E-08
1979 01 2.5837656E-08
1979 02 2.8332021E-08
1979 03 7.6270705E-09
1979 04 2.1552351E-09
1979 05 4.4166657E-09
1979 06 1.2667067E-08
1979 07 1.2286488E-08
1979 08 1.9903185E-08
1979 09 1.4578379E-08
1979 10 1.8351507E-08
1979 11 1.4701371E-08
1979 12 1.7280639E-08
1980 01 2.7384068E-08
1980 02 2.8445735E-08
1980 03 7.7624103E-09
1980 04 2.9644029E-09
1980 05 4.3851873E-09
1980 06 1.3040799E-08
1980 07 1.3940799E-08
1980 08 2.1152903E-08
1980 09 1.4974429E-08
1980 10 1.5177887E-08
1980 11 1.5062934E-08
1980 12 2.1733175E-08
1981 01 3.2020100E-08
1981 02 2.5034318E-08
1981 03 6.9688224E-09
1981 04 2.0398048E-09
1981 05 5.1138294E-09
1981 06 1.1167275E-08
1981 07 1.6924099E-08
1981 08 1.8344398E-08
1981 09 1.1882960E-08
1981 10 1.0013510E-08
1981 11 1.9421426E-08
1981 12 2.0162823E-08
1982 01 2.9644836E-08
1982 02 2.6297373E-08
1982 03 5.8663105E-09
1982 04 3.7308663E-09
1982 05 3.9683852E-09
1982 06 1.5254949E-08
1982 07 2.0735570E-08
1982 08 2.0184617E-08
1982 09 1.6912162E-08
1982 10 1.7454150E-08
1982 11 2.0263315E-08
1982 12 1.8506459E-08
1983 01 3.7123534E-08
1983 02 4.4613540E-08
1983 03 9.4140304E-09
1983 04 4.5279784E-09
1983 05 3.9936245E-09
1983 06 1.2645484E-08
1983 07 1.8906885E-08
1983 08 2.5834709E-08
1983 09 1.6767473E-08
1983 10 1.3247247E-08
1983 11 1.6316038E-08
1983 12 1.3947060E-08
1984 01 2.8522239E-08
1984 02 2.8226067E-08
1984 03 1.1328985E-08
1984 04 3.1352498E-09
1984 05 2.7571967E-09
1984 06 1.0067772E-08
1984 07 1.1734326E-08
1984 08 1.5201554E-08
1984 09 1.1990924E-08
1984 10 1.1409590E-08
1984 11 1.2885037E-08
1984 12 1.9344849E-08
1985 01 2.7610062E-08
1985 02 2.2581730E-08
1985 03 5.2105524E-09
1985 04 3.1544165E-09
1985 05 4.1734292E-09
1985 06 1.4354634E-08
1985 07 1.2396188E-08
1985 08 1.5343954E-08
1985 09 1.8582881E-08
1985 10 1.4828396E-08
1985 11 1.9140971E-08
1985 12 2.1106441E-08
1986 01 2.9079597E-08
1986 02 3.0698853E-08
1986 03 8.0727451E-09
1986 04 4.6372697E-09
1986 05 3.3906968E-09
1986 06 1.0041832E-08
1986 07 1.5127430E-08
1986 08 1.9810752E-08
1986 09 1.9058946E-08
1986 10 1.8937856E-08
1986 11 2.0366661E-08
1986 12 2.5140011E-08
1987 01 3.3409908E-08
1987 02 3.9517349E-08
1987 03 1.0479190E-08
1987 04 2.9053042E-09
1987 05 6.5161267E-09
1987 06 9.7820072E-09
1987 07 1.6949260E-08
1987 08 2.0878495E-08
1987 09 1.5641859E-08
1987 10 1.7731038E-08
1987 11 2.1037723E-08
1987 12 1.8545636E-08
1988 01 2.6551428E-08
1988 02 3.6147568E-08
1988 03 9.8975539E-09
1988 04 3.7605483E-09
1988 05 2.6043485E-09
1988 06 1.0433809E-08
1988 07 1.0543848E-08
1988 08 1.1176492E-08
1988 09 1.0234835E-08
1988 10 1.1701077E-08
1988 11 1.1774973E-08
1988 12 1.2884396E-08
1989 01 3.0118485E-08
1989 02 2.3569370E-08
1989 03 7.9371301E-09
1989 04 3.0309453E-09
1989 05 3.5948660E-09
1989 06 1.1462505E-08
1989 07 1.4888425E-08
1989 08 1.6266279E-08
1989 09 1.2720401E-08
1989 10 1.3777172E-08
1989 11 1.6690512E-08
1989 12 2.2839693E-08
1990 01 3.2503845E-08
1990 02 3.2984218E-08
1990 03 5.0816258E-09
1990 04 2.0431887E-09
1990 05 3.3780063E-09
1990 06 1.6472390E-08
1990 07 1.6347382E-08
1990 08 2.1169933E-08
1990 09 1.8533630E-08
1990 10 2.0932259E-08
1990 11 2.1087484E-08
1990 12 2.5002414E-08
1991 01 2.9763996E-08
1991 02 3.4228286E-08
1991 03 7.6393389E-09
1991 04 4.4428781E-09
1991 05 6.6687722E-09
1991 06 9.3244852E-09
1991 07 1.7142781E-08
1991 08 2.2735128E-08
1991 09 1.3416522E-08
1991 10 1.6573178E-08
1991 11 2.5166544E-08
1991 12 2.8262439E-08
1992 01 3.0250177E-08
1992 02 3.5224804E-08
1992 03 8.6494589E-09
1992 04 4.0184660E-09
1992 05 3.9634993E-09
1992 06 1.0716818E-08
1992 07 2.0707921E-08
1992 08 2.1266821E-08
1992 09 1.8850260E-08
1992 10 2.0248194E-08
1992 11 2.4474419E-08
1992 12 2.0228931E-08
1993 01 3.0873412E-08
1993 02 3.1026246E-08
1993 03 1.2125336E-08
1993 04 3.9116639E-09
1993 05 4.7497837E-09
1993 06 1.4100944E-08
1993 07 2.3885535E-08
1993 08 2.0333339E-08
1993 09 2.1060899E-08
1993 10 2.2708068E-08
1993 11 1.9536964E-08
1993 12 2.2642125E-08
1994 01 2.8390462E-08
1994 02 3.6461245E-08
1994 03 8.1140730E-09
1994 04 4.0631720E-09
1994 05 3.6476797E-09
1994 06 1.4147965E-08
1994 07 2.0094999E-08
1994 08 2.1068054E-08
1994 09 2.4551486E-08
1994 10 2.1480535E-08
1994 11 2.2592682E-08
1994 12 1.7871701E-08
1995 01 3.3358404E-08
1995 02 3.9251610E-08
1995 03 8.2588638E-09
1995 04 2.2223856E-09
1995 05 3.9508796E-09
1995 06 1.1005422E-08
1995 07 1.4314385E-08
1995 08 1.7179124E-08
1995 09 1.6313905E-08
1995 10 1.6030098E-08
1995 11 1.9413584E-08
1995 12 1.7486169E-08
1996 01 3.0381127E-08
1996 02 2.7025061E-08
1996 03 6.6382722E-09
1996 04 3.8899888E-09
1996 05 3.0252401E-09
1996 06 1.5379596E-08
1996 07 1.3784820E-08
1996 08 2.0550923E-08
1996 09 1.4970842E-08
1996 10 1.5232812E-08
1996 11 1.3778794E-08
1996 12 2.4399000E-08
1997 01 2.8686472E-08
1997 02 3.9831587E-08
1997 03 6.4870922E-09
1997 04 4.9101869E-09
1997 05 4.4483954E-09
1997 06 1.3548532E-08
1997 07 2.8589422E-08
1997 08 2.5922995E-08
1997 09 1.4929709E-08
1997 10 1.9048919E-08
1997 11 2.1664610E-08
1997 12 1.9258234E-08
1998 01 3.2080319E-08
1998 02 3.8882490E-08
1998 03 8.5202467E-09
1998 04 2.7056608E-09
1998 05 5.0195452E-09
1998 06 9.4893080E-09
1998 07 1.0400901E-08
1998 08 1.1605755E-08
1998 09 8.3485574E-09
1998 10 1.3405122E-08
1998 11 1.2695618E-08
1998 12 1.6302801E-08
1999 01 2.3264175E-08
1999 02 1.8892209E-08
1999 03 6.9682420E-09
1999 04 3.7841743E-09
1999 05 6.3727330E-09
1999 06 8.3274587E-09
1999 07 9.2009982E-09
1999 08 9.2529602E-09
1999 09 1.1864089E-08
1999 10 9.6814192E-09
1999 11 1.3003890E-08
1999 12 1.6256289E-08
2000 01 2.8863543E-08
2000 02 2.7634819E-08
2000 03 8.3725720E-09
2000 04 3.6901238E-09
2000 05 5.5377827E-09
2000 06 1.0913168E-08
2000 07 1.1996293E-08
2000 08 1.3432659E-08
2000 09 1.4053190E-08
2000 10 1.5300646E-08
2000 11 1.7480568E-08
2000 12 1.8790404E-08
2001 01 3.4658822E-08
2001 02 3.3301468E-08
2001 03 1.4705877E-08
2001 04 3.7225327E-09
2001 05 4.8216675E-09
2001 06 1.0985755E-08
2001 07 9.2194528E-09
2001 08 1.6577586E-08
2001 09 1.8079922E-08
2001 10 2.0367992E-08
2001 11 1.6517507E-08
2001 12 1.6202319E-08
2002 01 2.3917183E-08
2002 02 2.8713478E-08
2002 03 8.0891542E-09
2002 04 2.3577340E-09
2002 05 4.4100479E-09
2002 06 1.3503885E-08
2002 07 9.9330268E-09
2002 08 2.2664747E-08
2002 09 1.5343428E-08
2002 10 1.2792335E-08
2002 11 2.8115760E-08
2002 12 1.8987622E-08
2003 01 3.3321609E-08
2003 02 3.7562131E-08
2003 03 1.1618433E-08
2003 04 4.2208108E-09
2003 05 4.3222479E-09
2003 06 1.3206822E-08
2003 07 1.4788664E-08
2003 08 1.3758642E-08
2003 09 1.7220634E-08
2003 10 1.6253782E-08
2003 11 1.9538664E-08
2003 12 1.5028707E-08
2004 01 2.9991476E-08
2004 02 2.2117357E-08
2004 03 9.4128323E-09
2004 04 3.0392684E-09
2004 05 3.1327496E-09
2004 06 1.1897860E-08
2004 07 1.4936823E-08
2004 08 1.5084352E-08
2004 09 1.4508893E-08
2004 10 1.8423313E-08
2004 11 2.2694520E-08
2004 12 1.8282860E-08
2005 01 3.0204866E-08
2005 02 3.3665057E-08
2005 03 9.9664250E-09
2005 04 3.9419090E-09
2005 05 4.5597144E-09
2005 06 9.6968922E-09
2005 07 1.3231755E-08
2005 08 2.1084686E-08
2005 09 1.8405018E-08
2005 10 2.1655115E-08
2005 11 1.8164764E-08
2005 12 2.0058611E-08
2006 01 3.1037647E-08
2006 02 3.1172092E-08
2006 03 6.9066970E-09
2006 04 3.3977017E-09
2006 05 4.2982857E-09
2006 06 1.0069257E-08
2006 07 1.2687309E-08
2006 08 1.9353269E-08
2006 09 1.7502725E-08
2006 10 1.5694519E-08
2006 11 1.9421607E-08
2006 12 1.7979772E-08
2007 01 2.9233211E-08
2007 02 3.5941508E-08
2007 03 7.1591733E-09
2007 04 1.7734975E-09
2007 05 3.8974091E-09
2007 06 9.0268744E-09
2007 07 9.3489199E-09
2007 08 1.5527482E-08
2007 09 1.5384506E-08
2007 10 1.6096703E-08
2007 11 1.5333583E-08
2007 12 1.7803064E-08
2008 01 3.2766216E-08
2008 02 2.4315876E-08
2008 03 7.9892901E-09
2008 04 2.7949001E-09
2008 05 3.7818899E-09
2008 06 6.7408914E-09
2008 07 1.2449563E-08
2008 08 1.0176064E-08
2008 09 1.0717829E-08
2008 10 1.1563075E-08
2008 11 2.0564615E-08
2008 12 1.4730347E-08
2009 01 2.9526326E-08
2009 02 2.1361199E-08
2009 03 8.6976408E-09
2009 04 3.0421528E-09
2009 05 3.2161207E-09
2009 06 9.7710249E-09
2009 07 1.9383252E-08
2009 08 1.9115394E-08
2009 09 1.6394335E-08
2009 10 1.7324059E-08
2009 11 2.5281802E-08
2009 12 2.2822841E-08
2010 01 3.0772384E-08
2010 02 3.4761527E-08
2010 03 6.7075234E-09
2010 04 1.5915368E-09
2010 05 4.4970223E-09
2010 06 1.0496970E-08
2010 07 1.1974296E-08
2010 08 8.6200656E-09
2010 09 1.1206583E-08
2010 10 1.3201211E-08
2010 11 1.2670003E-08
2010 12 1.2794523E-08
2011 01 2.3655899E-08
2011 02 1.7391399E-08
2011 03 6.8354562E-09
2011 04 3.2213345E-09
2011 05 5.1419957E-09
2011 06 8.9370795E-09
2011 07 1.1800136E-08
2011 08 1.1933068E-08
2011 09 1.0305390E-08
2011 10 1.3009429E-08
2011 11 1.2612182E-08
2011 12 1.3918210E-08
2012 01 3.2182779E-08
2012 02 2.5081151E-08
2012 03 6.5283539E-09
2012 04 1.4850112E-09
2012 05 3.4647130E-09
2012 06 1.6055878E-08
2012 07 1.2431170E-08
2012 08 1.0948958E-08
2012 09 2.0111303E-08
2012 10 1.2258918E-08
2012 11 1.9426155E-08
2012 12 1.9125764E-08
2013 01 3.1796311E-08
2013 02 2.6009531E-08
2013 03 1.0159809E-08
2013 04 2.2939033E-09
2013 05 5.6786535E-09
2013 06 1.0296611E-08
2013 07 1.3710319E-08
2013 08 1.8261105E-08
2013 09 1.4638411E-08
2013 10 1.4495668E-08
2013 11 1.6402211E-08
2013 12 2.0404624E-08
2014 01 2.7568763E-08
2014 02 2.9851666E-08
2014 03 6.9864732E-09
2014 04 1.5904954E-09
2014 05 5.8516489E-09
2014 06 1.6117562E-08
2014 07 1.7506142E-08
2014 08 1.7028334E-08
2014 09 1.7069056E-08
2014 10 1.5556481E-08
2014 11 2.1698980E-08
2014 12 2.6138164E-08
2015 01 3.0184552E-08
2015 02 3.5282159E-08
2015 03 5.9103553E-09
2015 04 1.0970900E-09
2015 05 4.7726796E-09
2015 06 1.3451553E-08
2015 07 2.4161913E-08
2015 08 2.4516400E-08
2015 09 2.0017984E-08
2015 10 1.9369679E-08
2015 11 1.9361243E-08
2015 12 2.2921965E-08
2016 01 2.9488096E-08
2016 02 3.8678255E-08
2016 03 5.4978924E-09
2016 04 2.4359406E-09
2016 05 2.6741824E-09
2016 06 1.0559282E-08
2016 07 1.3507918E-08
2016 08 1.7272873E-08
2016 09 1.0477436E-08
2016 10 1.4683646E-08
2016 11 1.9047539E-08
2016 12 1.8916163E-08
2017 01 2.8338754E-08
2017 02 2.8138727E-08
2017 03 6.7023942E-09
