1949 1	  83.62   11.48    0.55    4.97 
1949 2	  62.05   18.35    6.44    4.27 
1949 3	  78.33   22.27    7.75    4.47 
1949 4	 143.22   22.32   10.54    4.25 
1949 5	  22.25   30.63   18.19    3.79 
1949 6	  73.40   33.43   20.09    3.48 
1949 7	  63.68   35.19   21.49    3.01 
1949 8	  67.27   35.09   19.31    2.68 
1949 9	  81.30   32.88   17.73    3.13 
1949 10	  95.08   26.41   14.40    4.22 
1949 11	   0.12   24.93    6.86    3.75 
1949 12	  78.48   17.45    4.52    5.06 
1950 1	  19.00   17.77    6.51    5.42 
1950 2	  81.32   18.28    5.33    4.01 
1950 3	   6.97   21.33    5.84    4.81 
1950 4	 129.20   21.94   11.53    4.67 
1950 5	  93.65   29.12   17.12    3.98 
1950 6	  60.90   32.39   18.97    3.65 
1950 7	  22.02   34.78   19.93    4.05 
1950 8	  54.15   35.62   18.47    2.99 
1950 9	  45.97   31.47   15.93    3.08 
1950 10	  28.77   30.54   11.65    3.89 
1950 11	   5.73   23.48    6.25    4.73 
1950 12	   0.00   19.30    1.89    4.19 
1951 1	   2.78   18.37   -0.01    5.33 
1951 2	  67.12   17.56    3.05    5.44 
1951 3	  85.05   22.81    8.03    4.73 
1951 4	  30.00   26.53   11.20    4.51 
1951 5	  84.05   29.44   16.21    3.87 
1951 6	  73.15   32.79   20.85    4.64 
1951 7	  10.32   36.67   22.66    3.45 
1951 8	  21.05   37.63   22.87    3.22 
1951 9	 120.12   32.36   19.43    3.41 
1951 10	  30.55   28.45   14.93    3.66 
1951 11	  25.35   19.58    6.13    5.01 
1951 12	  11.32   18.65    3.06    5.00 
1952 1	   6.70   20.39    6.54    5.10 
1952 2	  46.25   20.32    5.46    4.79 
1952 3	  63.35   20.85    6.61    4.53 
1952 4	 141.65   23.73   10.14    4.28 
1952 5	 115.08   28.46   14.94    3.42 
1952 6	  58.37   33.05   20.91    3.63 
1952 7	  38.92   34.32   21.21    2.86 
1952 8	   0.00   37.75   22.54    3.51 
1952 9	 167.13   32.02   17.37    3.56 
1952 10	   0.00   26.59    8.56    3.63 
1952 11	 123.07   19.59    7.69    4.69 
1952 12	  83.12   15.53    2.85    4.15 
1953 1	  15.73   20.36    4.01    5.10 
1953 2	  34.13   17.90    4.20    4.35 
1953 3	  48.45   24.70   11.23    4.20 
1953 4	  95.83   25.81   10.81    4.08 
1953 5	  40.17   27.77   16.67    3.93 
1953 6	  29.90   35.74   21.13    3.34 
1953 7	   7.73   35.06   21.66    3.18 
1953 8	 126.27   34.13   21.24    2.42 
1953 9	  93.93   33.34   15.99    2.91 
1953 10	 129.03   27.47   13.52    3.56 
1953 11	  11.32   19.82    6.18    3.71 
1953 12	  60.13   15.25    1.61    4.63 
1954 1	  19.45   17.05    3.69    4.57 
1954 2	   1.58   22.71    4.76    4.12 
1954 3	   2.72   21.66    6.72    4.92 
1954 4	  42.42   27.93   15.04    4.85 
1954 5	  28.30   28.73   15.75    3.98 
1954 6	  14.02   34.26   21.08    4.17 
1954 7	  33.25   37.54   22.21    3.23 
1954 8	  33.62   36.73   22.46    3.84 
1954 9	  20.25   35.01   17.77    3.45 
1954 10	  73.08   28.75   14.38    3.92 
1954 11	  21.38   21.70    5.72    3.98 
1954 12	   3.92   20.88    4.09    4.30 
1955 1	  61.48   16.22    2.86    4.40 
1955 2	  69.20   17.14    4.86    5.16 
1955 3	  13.48   22.21    8.46    5.09 
1955 4	   8.50   28.99   14.36    4.30 
1955 5	  87.22   31.83   17.28    4.32 
1955 6	  81.17   32.57   19.00    3.70 
1955 7	  46.15   34.73   23.00    3.69 
1955 8	  59.22   34.59   22.04    2.60 
1955 9	  41.53   33.22   20.11    3.54 
1955 10	  10.35   29.14   12.05    3.94 
1955 11	  29.20   21.15    7.79    5.34 
1955 12	  20.22   17.92    2.37    4.37 
1956 1	  42.38   16.21    2.46    4.49 
1956 2	  34.00   18.45    4.49    4.78 
1956 3	   3.03   23.50    6.65    4.11 
1956 4	   5.05   27.08   12.13    4.35 
1956 5	  60.65   31.98   17.42    3.90 
1956 6	  22.40   35.50   20.17    3.41 
1956 7	  22.02   37.15   21.14    3.86 
1956 8	  12.80   36.71   19.71    3.39 
1956 9	   8.62   34.51   15.96    3.24 
1956 10	  33.05   29.88   13.54    3.29 
1956 11	  69.05   19.48    5.91    4.37 
1956 12	  61.45   19.53    4.59    4.29 
1957 1	  19.90   15.11    3.71    4.39 
1957 2	  53.78   19.97    9.63    3.71 
1957 3	  78.40   20.82    7.63    4.01 
1957 4	 299.08   23.15   11.91    4.82 
1957 5	 185.53   26.55   16.81    4.49 
1957 6	 162.30   31.37   20.19    3.46 
1957 7	  15.35   36.70   21.03    2.83 
1957 8	  27.05   36.61   20.41    3.33 
1957 9	 239.08   30.88   15.76    3.45 
1957 10	 171.35   23.50   11.11    4.03 
1957 11	 108.75   18.10    6.25    4.70 
1957 12	  33.75   18.91    4.01    4.65 
1958 1	  74.33   14.58    0.51    4.99 
1958 2	 134.12   13.28    1.66    4.78 
1958 3	  64.05   17.33    4.72    4.36 
1958 4	  53.95   24.31   10.82    3.86 
1958 5	 147.58   29.46   14.77    3.03 
1958 6	 212.17   33.75   20.00    3.67 
1958 7	  26.30   35.42   21.39    3.81 
1958 8	  43.28   36.63   20.25    2.83 
1958 9	 200.30   30.76   18.95    3.22 
1958 10	 148.80   23.89   12.49    4.28 
1958 11	  28.70   21.47    6.31    3.77 
1958 12	  32.45   14.85    0.41    4.04 
1959 1	  13.10   14.13    0.86    4.79 
1959 2	  66.30   15.69    4.69    4.38 
1959 3	   6.38   21.61    5.41    4.53 
1959 4	 119.03   23.23   11.02    4.45 
1959 5	  59.38   29.88   17.97    4.05 
1959 6	 152.32   33.77   20.04    3.39 
1959 7	  98.62   34.59   20.57    2.34 
1959 8	 147.02   34.10   20.76    2.76 
1959 9	  80.63   31.88   19.07    3.75 
1959 10	 165.95   27.03   12.24    3.67 
1959 11	  48.08   19.28    1.95    4.55 
1959 12	  78.12   18.17    3.77    4.55 
1960 1	  45.95   15.13    2.08    4.50 
1960 2	  59.15   15.30    0.30    5.10 
1960 3	  44.20   17.45    4.71    4.36 
1960 4	  26.50   26.62   13.00    4.74 
1960 5	  21.90   28.02   15.64    4.22 
1960 6	  93.52   34.28   19.95    3.48 
1960 7	  81.97   34.26   21.42    2.54 
1960 8	 106.75   32.99   22.05    3.17 
1960 9	  29.65   32.11   17.25    2.81 
1960 10	 216.08   27.27   14.77    3.34 
1960 11	  58.60   20.95    8.67    4.07 
1960 12	 117.10   13.20    2.78    4.23 
1961 1	  32.45   12.70    0.20    4.41 
1961 2	 131.43   18.28    4.50    4.40 
1961 3	  10.68   22.94    9.04    4.71 
1961 4	   0.80   25.92   10.58    4.60 
1961 5	  25.00   30.26   16.98    4.61 
1961 6	 234.93   31.34   19.72    3.46 
1961 7	 129.20   32.10   20.87    3.31 
1961 8	  25.33   33.53   19.64    2.27 
1961 9	 104.03   30.66   18.96    4.48 
1961 10	  51.80   25.97   13.15    4.07 
1961 11	  56.33   18.26    6.42    4.62 
1961 12	  38.05   16.29    3.91    3.91 
1962 1	  20.08   12.90   -1.32    4.98 
1962 2	  31.80   22.37    6.81    4.53 
1962 3	  22.02   19.42    5.23    4.44 
1962 4	  93.75   24.69   12.53    4.75 
1962 5	  53.05   29.73   18.14    4.96 
1962 6	 112.62   31.78   20.10    2.88 
1962 7	   7.05   35.65   21.95    3.00 
1962 8	  40.42   37.10   22.01    2.63 
1962 9	 121.60   31.79   19.58    2.95 
1962 10	  62.92   27.78   16.32    3.94 
1962 11	  42.05   19.65    7.81    4.43 
1962 12	  71.35   15.39    3.43    3.77 
1963 1	   5.85   12.09   -1.73    4.38 
1963 2	  55.85   17.29    1.30    4.74 
1963 3	   6.98   24.25    9.02    4.51 
1963 4	  58.92   28.69   15.47    5.26 
1963 5	  43.27   30.47   17.97    3.99 
1963 6	  62.02   34.78   21.26    3.48 
1963 7	   9.07   35.77   22.47    3.70 
1963 8	  32.03   37.15   22.44    2.76 
1963 9	  53.12   33.70   20.33    2.71 
1963 10	  40.22   30.90   15.39    3.08 
1963 11	  80.57   21.61    9.93    4.74 
1963 12	  33.80   12.03   -0.11    4.78 
1964 1	  77.82   15.43    0.18    4.35 
1964 2	  42.15   14.13    1.19    4.08 
1964 3	  66.12   21.83    7.34    4.52 
1964 4	  25.07   26.54   14.52    4.98 
1964 5	  34.97   30.44   18.00    4.05 
1964 6	  61.00   33.08   20.55    3.68 
1964 7	   9.43   36.22   22.29    3.18 
1964 8	  63.25   36.12   23.04    3.44 
1964 9	 145.73   31.86   20.15    3.11 
1964 10	  62.15   26.04   11.19    4.03 
1964 11	  75.15   22.50    9.73    4.32 
1964 12	  25.95   17.28    3.44    4.76 
1965 1	  88.18   18.18    4.17    4.32 
1965 2	 157.23   14.70    2.72    4.86 
1965 3	  31.97   17.45    4.52    4.97 
1965 4	  79.88   26.53   15.19    4.51 
1965 5	 198.37   26.70   18.49    4.76 
1965 6	  65.53   31.71   21.09    3.62 
1965 7	  30.07   34.95   21.59    2.70 
1965 8	  34.90   34.82   21.13    2.63 
1965 9	 150.65   32.22   19.98    3.72 
1965 10	 112.28   24.79   11.67    3.73 
1965 11	  77.00   22.92   10.99    3.47 
1965 12	 130.47   17.16    6.08    4.33 
1966 1	  41.65   11.96    0.47    4.76 
1966 2	  70.57   15.16    1.93    4.64 
1966 3	  11.07   20.94    7.88    4.34 
1966 4	 111.47   26.29   13.52    4.61 
1966 5	  76.97   28.03   17.29    3.53 
1966 6	  31.77   32.29   20.04    3.03 
1966 7	  33.70   35.34   22.32    2.81 
1966 8	 165.08   33.40   21.36    3.05 
1966 9	 120.50   31.11   18.62    2.21 
1966 10	  12.47   27.34   11.22    3.85 
1966 11	   0.88   24.21    9.09    4.40 
1966 12	  10.92   17.66    1.36    4.58 
1967 1	   5.03   17.18    2.06    4.67 
1967 2	  31.10   17.92    2.14    4.64 
1967 3	  26.93   25.88   10.97    4.61 
1967 4	  94.30   29.33   17.74    5.49 
1967 5	  72.82   30.16   16.31    4.93 
1967 6	   2.72   34.48   21.27    4.11 
1967 7	  16.15   35.89   21.79    3.94 
1967 8	  50.20   34.77   20.16    2.74 
1967 9	 204.12   28.83   17.40    3.63 
1967 10	  98.55   26.64   11.78    3.82 
1967 11	  85.70   20.51    7.72    3.87 
1967 12	  57.27   15.50    2.81    4.17 
1968 1	 230.10   13.29    3.37    4.69 
1968 2	  37.50   14.04    1.76    4.05 
1968 3	  97.53   19.26    7.12    4.97 
1968 4	  53.15   24.89   13.52    4.86 
1968 5	 187.33   28.20   17.07    4.39 
1968 6	 114.85   31.06   20.69    3.35 
1968 7	  64.60   32.87   21.26    3.22 
1968 8	  27.88   34.94   21.30    3.44 
1968 9	 149.40   30.33   16.95    3.48 
1968 10	  30.68   28.08   14.22    3.66 
1968 11	 124.85   20.22    5.60    4.64 
1968 12	  10.55   17.19    2.38    5.13 
1969 1	   9.05   17.52    4.80    4.69 
1969 2	  79.18   16.70    4.45    4.58 
1969 3	  75.15   17.49    5.27    4.69 
1969 4	 119.08   25.95   13.35    4.30 
1969 5	 137.60   28.21   16.10    3.35 
1969 6	  76.97   32.62   20.38    4.15 
1969 7	  41.70   36.39   22.63    3.46 
1969 8	 112.75   35.45   22.08    2.97 
1969 9	  82.60   31.94   18.80    3.17 
1969 10	 125.55   25.60   13.39    5.07 
1969 11	  42.22   20.68    5.75    4.14 
1969 12	  79.05   18.31    4.04    3.57 
1970 1	  47.80   13.03   -0.11    4.28 
1970 2	 102.53   17.44    4.68    4.80 
1970 3	  62.70   18.93    5.89    4.42 
1970 4	  25.45   26.13   13.67    4.91 
1970 5	 192.47   27.64   14.83    4.41 
1970 6	   7.00   32.12   19.55    3.32 
1970 7	   5.52   35.16   21.33    2.76 
1970 8	  14.70   36.08   21.44    2.97 
1970 9	 126.72   31.56   19.81    4.06 
1970 10	  63.03   25.23   11.10    4.21 
1970 11	   0.00   21.72    4.18    4.83 
1970 12	   3.95   21.10    5.92    4.55 
1971 1	   0.20   20.47    3.32    4.84 
1971 2	  26.05   20.02    4.28    5.26 
1971 3	  14.70   24.76    7.02    4.67 
1971 4	  49.22   26.37   11.73    4.55 
1971 5	  43.82   30.39   17.21    4.61 
1971 6	  50.23   34.18   21.52    3.91 
1971 7	  43.05   35.96   22.09    3.42 
1971 8	 151.42   31.55   20.70    2.58 
1971 9	  82.17   30.80   19.66    3.46 
1971 10	 130.17   26.89   15.43    3.53 
1971 11	  68.90   21.49    8.38    4.13 
1971 12	  79.00   18.11    6.48    4.19 
1972 1	  43.98   17.29    2.27    4.88 
1972 2	   9.88   20.18    4.01    4.61 
1972 3	  13.12   25.59   10.58    4.45 
1972 4	  53.90   29.00   14.91    4.87 
1972 5	 159.00   28.37   16.24    2.96 
1972 6	  62.47   32.79   20.53    3.74 
1972 7	  59.05   33.26   21.45    3.67 
1972 8	  59.98   33.72   21.44    3.04 
1972 9	  73.95   33.00   21.31    2.80 
1972 10	  92.00   27.18   13.64    3.89 
1972 11	  66.93   16.86    5.12    4.63 
1972 12	  24.65   15.52    1.04    4.69 
1973 1	  78.43   12.63    0.79    5.33 
1973 2	  63.65   15.35    3.31    4.66 
1973 3	  56.08   23.51    9.37    4.12 
1973 4	  70.62   22.30   11.12    4.92 
1973 5	  77.15   29.23   15.55    4.57 
1973 6	 172.47   30.52   19.78    3.97 
1973 7	 116.75   33.17   21.82    3.21 
1973 8	   9.73   33.62   20.54    2.85 
1973 9	 153.43   31.30   19.73    3.18 
1973 10	 187.25   26.83   15.20    3.78 
1973 11	  18.60   24.17   11.05    4.68 
1973 12	  11.43   19.22    2.11    4.80 
1974 1	  70.22   15.11    1.76    4.03 
1974 2	   6.53   21.17    3.77    5.17 
1974 3	  28.00   25.40   12.12    5.31 
1974 4	  83.95   26.81   12.36    5.35 
1974 5	 127.70   30.58   18.67    4.23 
1974 6	  70.15   33.33   19.09    3.70 
1974 7	  41.65   35.65   21.34    2.76 
1974 8	 243.52   32.16   21.29    3.34 
1974 9	  66.15   26.95   16.12    4.36 
1974 10	 101.55   26.50   12.92    4.29 
1974 11	  97.27   19.13    6.98    4.27 
1974 12	  54.75   15.65    2.36    3.91 
1975 1	  43.43   17.80    3.84    4.44 
1975 2	  82.03   17.46    2.86    4.21 
1975 3	  20.55   22.08    7.06    4.93 
1975 4	  63.05   24.69   12.75    5.23 
1975 5	 240.00   27.86   16.69    4.05 
1975 6	 122.68   31.52   20.49    3.90 
1975 7	  48.60   33.01   21.32    2.78 
1975 8	 106.85   33.54   21.63    3.09 
1975 9	  42.30   29.98   16.87    3.22 
1975 10	  57.05   27.68   12.47    3.96 
1975 11	  11.02   22.58    7.21    4.33 
1975 12	  41.55   17.39    3.05    4.81 
1976 1	  11.55   16.72    0.14    4.71 
1976 2	  14.25   22.65    7.51    5.17 
1976 3	  73.83   22.63    9.28    5.09 
1976 4	 189.60   24.60   13.53    4.66 
1976 5	 138.33   26.79   14.56    3.52 
1976 6	  80.28   31.37   19.52    3.89 
1976 7	 112.03   30.67   20.59    3.12 
1976 8	  22.70   34.44   20.82    2.33 
1976 9	 105.17   30.86   18.29    2.74 
1976 10	 127.85   21.65    8.63    3.81 
1976 11	  44.47   16.38    4.21    4.60 
1976 12	  62.43   15.06    1.47    4.13 
1977 1	  53.90   10.54   -1.47    4.48 
1977 2	  38.92   18.90    3.25    4.46 
1977 3	  50.85   22.29    8.01    4.48 
1977 4	 183.95   24.93   12.16    4.00 
1977 5	  28.52   28.05   18.54    3.94 
1977 6	  62.70   33.11   20.90    3.53 
1977 7	   1.40   35.62   22.25    3.24 
1977 8	  11.75   36.94   22.65    3.38 
1977 9	  49.75   34.61   21.07    3.42 
1977 10	  63.95   28.11   14.11    3.45 
1977 11	  64.02   22.25    8.40    3.83 
1977 12	   5.40   18.52    2.92    4.99 
1978 1	  31.75    9.74   -1.20    5.44 
1978 2	  57.30   11.43    0.22    4.60 
1978 3	  22.35   21.21    6.20    4.11 
1978 4	  35.95   26.59   13.54    4.73 
1978 5	  86.18   30.56   18.12    4.03 
1978 6	  93.95   33.36   20.95    3.14 
1978 7	  42.85   36.65   22.78    3.31 
1978 8	  53.70   33.88   21.97    3.14 
1978 9	 172.75   29.58   20.19    3.78 
1978 10	   8.07   27.19   12.24    3.45 
1978 11	 114.85   20.60    9.08    4.21 
1978 12	  47.55   15.51    2.22    4.83 
1979 1	  66.65    8.64   -1.12    5.24 
1979 2	  77.60   14.63    2.31    4.77 
1979 3	 107.82   21.65    9.05    4.68 
1979 4	 100.72   24.80   12.97    3.72 
1979 5	 109.45   27.17   14.96    4.26 
1979 6	  61.25   31.47   20.06    3.37 
1979 7	 175.32   33.67   22.03    3.32 
1979 8	  45.33   33.56   20.89    2.83 
1979 9	  30.95   31.60   16.59    3.71 
1979 10	  10.58   30.31   13.34    3.89 
1979 11	  23.65   19.62    4.71    5.04 
1979 12	  83.95   17.35    3.47    4.59 
1980 1	  26.67   15.57    4.02    4.10 
1980 2	  45.92   17.58    2.80    4.62 
1980 3	  65.95   21.80    7.02    4.29 
1980 4	  67.12   25.76   10.17    4.36 
1980 5	 114.47   28.55   17.15    3.65 
1980 6	   7.40   34.99   22.15    4.23 
1980 7	   8.73   38.19   22.35    2.82 
1980 8	  41.82   35.78   22.36    4.11 
1980 9	 171.88   32.52   20.99    3.05 
1980 10	  55.88   26.47   11.51    3.94 
1980 11	  82.70   19.73    5.60    4.27 
1980 12	  27.10   17.56    4.77    4.14 
1981 1	  32.65   16.16    2.51    4.13 
1981 2	  40.05   17.30    4.15    4.66 
1981 3	  93.12   20.35    7.89    4.30 
1981 4	  50.50   27.18   15.29    4.54 
1981 5	 140.58   29.06   16.58    4.26 
1981 6	 248.43   31.12   21.52    3.68 
1981 7	  40.30   34.19   22.71    3.34 
1981 8	 108.38   35.13   21.52    2.92 
1981 9	  96.60   31.87   18.20    3.40 
1981 10	 213.18   26.96   15.36    4.12 
1981 11	  18.75   23.30    8.29    3.93 
1981 12	   4.97   17.27    3.29    4.41 
1982 1	  25.85   17.33    1.77    5.29 
1982 2	  28.60   15.46    2.38    4.62 
1982 3	  22.38   22.22   11.44    5.31 
1982 4	 107.85   24.73   13.00    4.61 
1982 5	 147.38   28.34   17.90    4.38 
1982 6	  90.55   32.95   20.49    3.68 
1982 7	   0.68   36.19   22.84    3.78 
1982 8	  31.10   36.79   22.59    3.21 
1982 9	  55.78   33.58   18.73    3.60 
1982 10	  39.62   26.61   13.50    4.19 
1982 11	 121.55   19.85    8.91    4.20 
1982 12	  47.90   16.49    4.11    4.93 
1983 1	  32.33   14.07    1.55    3.90 
1983 2	  69.90   16.06    3.49    4.57 
1983 3	 106.93   19.64    7.05    4.36 
1983 4	   1.02   24.63    9.84    5.00 
1983 5	 176.88   28.29   15.78    4.09 
1983 6	  99.27   30.34   19.19    3.28 
1983 7	  52.38   33.01   21.92    3.47 
1983 8	  37.22   34.83   22.01    2.19 
1983 9	  49.80   31.82   18.56    3.64 
1983 10	 108.12   27.73   14.34    3.58 
1983 11	  46.42   23.15    9.14    4.47 
1983 12	   8.18   11.15   -1.90    5.09 
1984 1	  43.27   12.99    0.51    4.60 
1984 2	   8.93   19.78    3.43    4.69 
1984 3	  32.42   23.62    9.40    4.64 
1984 4	   7.75   28.60   11.74    4.45 
1984 5	  46.75   31.61   17.09    4.72 
1984 6	  67.88   33.64   20.84    4.11 
1984 7	  57.58   35.75   21.33    3.09 
1984 8	  36.00   36.40   21.52    3.11 
1984 9	  21.93   30.80   17.03    4.48 
1984 10	 260.50   25.52   15.51    3.96 
1984 11	  47.78   20.00    7.86    4.60 
1984 12	 141.80   19.52    9.08    5.00 
1985 1	  50.00   13.13   -0.66    4.52 
1985 2	 108.07   14.69    3.45    4.89 
1985 3	  68.85   22.91   11.71    4.72 
1985 4	  53.70   26.66   14.03    4.77 
1985 5	  52.05   30.32   17.58    3.68 
1985 6	 198.80   31.88   20.37    3.90 
1985 7	  34.65   34.00   21.37    3.14 
1985 8	   5.03   37.25   21.97    2.94 
1985 9	 116.07   31.83   19.47    4.18 
1985 10	 129.40   26.42   15.96    5.02 
1985 11	 156.12   21.42   11.43    4.76 
1985 12	  44.45   15.67    1.75    4.34 
1986 1	  15.30   18.15    3.26    4.40 
1986 2	  55.68   20.74    6.81    4.31 
1986 3	   9.80   24.68    8.71    4.05 
1986 4	  65.22   27.54   15.33    4.64 
1986 5	 150.62   27.69   17.01    4.22 
1986 6	  80.65   32.00   21.24    2.77 
1986 7	   1.85   36.08   22.06    3.47 
1986 8	  35.58   35.30   21.78    2.84 
1986 9	 138.90   32.07   22.50    3.57 
1986 10	 205.62   24.87   13.48    3.82 
1986 11	  66.95   19.98    8.50    4.44 
1986 12	 172.85   13.75    4.46    4.32 
1987 1	  22.45   15.33    2.80    4.23 
1987 2	  87.28   17.43    6.38    4.75 
1987 3	  28.30   20.45    5.58    3.91 
1987 4	   8.90   27.06    9.61    3.32 
1987 5	 197.43   29.10   17.86    3.64 
1987 6	 288.75   30.65   20.24    3.33 
1987 7	 118.30   32.72   21.89    3.24 
1987 8	  32.00   34.84   22.36    3.32 
1987 9	  59.18   31.53   17.77    3.35 
1987 10	  12.38   27.52   12.30    3.93 
1987 11	 173.50   20.88    7.69    4.37 
1987 12	  66.93   16.79    4.52    4.39 
1988 1	  10.27   13.63    0.42    4.93 
1988 2	  12.60   17.41    3.85    4.64 
1988 3	  41.62   22.38    7.71    4.75 
1988 4	  33.50   27.18   11.25    3.55 
1988 5	  93.20   28.94   15.77    3.73 
1988 6	  84.28   32.27   18.93    3.20 
1988 7	  85.55   33.99   21.96    3.16 
1988 8	  58.65   35.96   22.24    2.87 
1988 9	  68.40   33.05   18.67    3.89 
1988 10	  20.07   28.06   14.02    3.65 
1988 11	   6.07   24.36    9.28    4.82 
1988 12	  24.45   17.76    5.00    4.35 
1989 1	 135.47   17.48    5.67    4.25 
1989 2	  30.40   14.24    3.71    5.97 
1989 3	  65.73   22.46    8.07    4.91 
1989 4	  59.72   26.47   13.31    4.39 
1989 5	 181.45   30.70   18.83    4.74 
1989 6	 127.95   32.10   20.34    3.96 
1989 7	  21.68   35.43   21.20    3.03 
1989 8	  31.68   35.01   21.35    3.38 
1989 9	  10.27   32.44   15.88    3.96 
1989 10	  67.80   28.19   13.44    4.11 
1989 11	  38.63   21.69    9.05    4.38 
1989 12	   3.62   12.59   -1.52    4.83 
1990 1	  54.38   19.38    6.02    4.53 
1990 2	  71.65   20.27    7.03    4.79 
1990 3	 101.43   20.60    9.96    5.16 
1990 4	  87.43   25.49   13.72    4.85 
1990 5	  83.52   30.55   18.56    4.79 
1990 6	  36.75   35.88   22.22    4.21 
1990 7	 118.03   33.39   21.23    3.33 
1990 8	  17.60   35.08   21.80    3.10 
1990 9	  52.03   32.19   19.26    2.56 
1990 10	  85.53   27.20   12.00    3.82 
1990 11	  93.62   22.94    9.88    4.61 
1990 12	  22.12   16.63    2.99    4.58 
1991 1	 193.73   13.06    2.60    4.52 
1991 2	  74.10   18.56    5.69    4.25 
1991 3	  21.33   23.65    8.86    4.86 
1991 4	 120.27   26.88   15.25    4.41 
1991 5	  76.33   29.11   18.71    4.28 
1991 6	 144.23   32.18   20.74    3.46 
1991 7	  14.65   34.09   21.75    3.01 
1991 8	 141.35   35.46   21.65    2.79 
1991 9	 157.75   29.90   17.80    3.42 
1991 10	  49.33   28.73   14.09    3.74 
1991 11	  31.02   19.27    6.09    5.22 
1991 12	 396.95   15.83    6.53    4.91 
1992 1	 126.85   13.92    4.48    3.96 
1992 2	 157.82   19.55    6.98    4.17 
1992 3	 115.72   22.88   10.03    4.27 
1992 4	  49.60   25.54   13.35    3.55 
1992 5	 212.10   27.25   16.24    3.61 
1992 6	 119.40   32.70   20.64    2.95 
1992 7	  60.90   33.73   22.63    4.30 
1992 8	  50.20   33.26   19.78    2.60 
1992 9	  51.23   32.55   19.31    3.84 
1992 10	  36.20   29.02   13.60    3.75 
1992 11	 123.75   18.91    6.29    4.52 
1992 12	  83.43   17.24    5.91    4.05 
1993 1	  56.58   14.63    2.99    4.10 
1993 2	  64.80   17.32    5.16    4.59 
1993 3	  53.60   21.29    7.94    3.83 
1993 4	  86.40   24.59   11.13    4.87 
1993 5	  88.75   28.16   15.37    3.75 
1993 6	 142.65   31.37   21.53    4.27 
1993 7	   0.00   34.45   23.06    4.27 
1993 8	  14.27   36.84   22.59    3.18 
1993 9	  44.43   33.30   18.21    3.40 
1993 10	  90.72   26.58   12.98    4.35 
1993 11	  37.15   18.12    5.17    4.36 
1993 12	  33.88   16.74    5.66    4.58 
1994 1	  36.20   15.91    3.63    5.04 
1994 2	  55.75   18.17    4.92    4.75 
1994 3	  45.38   22.89    9.53    4.04 
1994 4	  36.53   26.33   12.74    4.49 
1994 5	 114.57   28.23   17.07    3.67 
1994 6	  54.30   34.15   21.40    3.17 
1994 7	   8.35   36.91   22.41    3.86 
1994 8	 140.75   34.69   21.18    2.77 
1994 9	 100.00   31.07   16.87    2.59 
1994 10	 178.25   26.60   14.83    3.88 
1994 11	  63.67   22.41   10.32    4.78 
1994 12	 132.93   17.53    5.74    4.17 
1995 1	  21.30   17.08    4.01    4.89 
1995 2	  43.20   19.07    5.39    3.86 
1995 3	  49.50   20.73    8.91    4.66 
1995 4	  74.35   26.22   12.02    4.65 
1995 5	 211.93   29.60   18.18    4.43 
1995 6	  95.75   31.64   19.09    3.43 
1995 7	  23.20   35.31   21.91    3.13 
1995 8	  63.70   35.44   21.75    2.44 
1995 9	  86.78   32.44   18.66    2.93 
1995 10	  61.30   28.11   12.61    4.60 
1995 11	  40.17   20.57    7.59    4.34 
1995 12	  13.82   17.92    5.83    4.72 
1996 1	   0.93   17.93    1.48    5.18 
1996 2	  18.95   20.91    6.20    5.35 
1996 3	  24.05   20.82    5.55    4.88 
1996 4	  32.17   28.85   11.06    4.80 
1996 5	  59.17   33.26   20.40    5.10 
1996 6	  83.25   34.90   21.06    3.54 
1996 7	   8.72   38.19   22.81    3.52 
1996 8	 138.87   35.35   21.78    3.46 
1996 9	  75.20   31.46   18.32    2.71 
1996 10	  40.92   26.98   13.82    4.55 
1996 11	 115.35   21.68    8.71    4.83 
1996 12	  63.65   18.70    5.03    4.30 
1997 1	  37.38   14.53    2.59    5.08 
1997 2	 105.55   15.97    5.67    4.68 
1997 3	  67.88   22.80    9.78    3.87 
1997 4	 150.80   22.77   10.80    4.59 
1997 5	 154.20   28.13   16.58    3.48 
1997 6	 345.57   31.02   20.46    3.07 
1997 7	  26.58   34.79   22.23    2.60 
1997 8	  39.33   34.39   22.06    3.23 
1997 9	  41.80   33.44   19.93    2.77 
1997 10	 109.80   26.22   14.08    4.38 
1997 11	  83.75   18.41    6.97    4.21 
1997 12	 119.83   15.59    2.49    4.61 
1998 1	 125.57   18.91    6.34    4.50 
1998 2	 106.17   18.12    5.72    4.23 
1998 3	  93.58   21.18    7.88    5.17 
1998 4	  19.45   25.90   10.80    4.06 
1998 5	  20.50   33.16   18.66    4.00 
1998 6	  39.93   36.31   22.59    5.08 
1998 7	  79.10   36.91   23.14    3.75 
1998 8	 118.60   35.38   22.40    2.58 
1998 9	 134.18   32.07   21.08    3.60 
1998 10	 310.90   26.36   15.80    4.77 
1998 11	  79.23   21.02   11.37    4.22 
1998 12	  47.68   16.35    4.85    4.90 
1999 1	   3.72   19.30    5.19    5.43 
1999 2	   1.25   22.74    8.23    4.47 
1999 3	  74.40   22.69    9.58    4.70 
1999 4	  30.83   27.78   14.95    5.08 
1999 5	 159.10   29.69   17.83    3.78 
1999 6	  84.17   32.01   21.89    3.77 
1999 7	  76.22   33.25   21.99    2.95 
1999 8	   2.08   37.26   22.36    2.08 
1999 9	   4.38   34.18   18.36    3.36 
1999 10	  53.53   28.33   11.80    3.91 
1999 11	   5.32   24.33    8.72    3.86 
1999 12	  26.72   19.03    4.46    4.83 
2000 1	  61.70   18.89    5.30    4.97 
2000 2	  50.20   22.37    9.00    5.05 
2000 3	  41.90   24.69   11.99    4.13 
2000 4	  80.38   26.69   13.70    4.28 
2000 5	  68.65   31.07   19.74    4.54 
2000 6	 172.37   32.04   21.40    4.11 
2000 7	  19.90   36.79   21.97    2.93 
2000 8	  24.60   37.45   21.82    2.42 
2000 9	  42.45   34.71   18.31    3.56 
2000 10	 129.98   25.56   16.26    4.42 
2000 11	 234.90   17.70    6.77    4.58 
2000 12	  70.83   12.18    1.53    4.82 
2001 1	  84.33   14.02    2.40    4.41 
2001 2	  36.58   18.83    7.28    4.47 
2001 3	 130.98   17.80    6.59    3.80 
2001 4	  39.33   26.22   15.23    5.16 
2001 5	  95.55   30.11   17.91    4.02 
2001 6	  20.55   33.46   20.86    2.81 
2001 7	  10.80   37.09   22.64    2.94 
2001 8	 175.07   36.25   22.66    3.14 
2001 9	  59.72   30.22   17.91    3.70 
2001 10	  93.05   25.75   12.07    4.12 
2001 11	 233.18   21.62   10.51    3.91 
2001 12	 118.20   16.86    5.70    4.25 
2002 1	  32.15   17.45    4.30    4.33 
2002 2	  19.55   17.28    2.35    4.53 
2002 3	  40.90   21.36    8.03    5.05 
2002 4	  18.28   28.07   16.62    4.80 
2002 5	  40.05   31.08   18.08    4.96 
2002 6	 218.82   33.66   20.90    3.37 
2002 7	 247.28   31.94   22.32    3.45 
2002 8	  36.95   34.46   22.36    2.79 
2002 9	 100.05   30.87   18.40    3.77 
2002 10	 167.45   24.37   15.20    3.40 
2002 11	  80.77   19.45    6.09    4.28 
2002 12	 110.60   17.29    4.39    4.86 
2003 1	  43.17   15.37    3.06    4.28 
2003 2	 112.90   15.67    4.98    4.60 
2003 3	  20.25   21.25    8.53    3.38 
2003 4	   2.50   27.73   14.35    4.26 
2003 5	  30.60   32.03   19.77    4.10 
2003 6	 120.40   33.17   20.04    2.86 
2003 7	  60.10   33.82   21.88    2.97 
2003 8	  56.85   36.24   21.86    2.37 
2003 9	  87.15   30.31   18.44    3.13 
2003 10	  47.58   27.46   14.67    3.61 
2003 11	  22.22   21.95   11.07    4.79 
2003 12	  11.10   18.63    4.42    4.69 
2004 1	 104.30   16.52    6.00    4.88 
2004 2	  98.10   15.16    4.16    4.57 
2004 3	  48.80   23.50   12.06    4.19 
2004 4	 132.30   24.99   13.57    4.64 
2004 5	  56.20   28.85   18.26    4.50 
2004 6	 245.38   30.87   20.85    3.40 
2004 7	  38.75   33.03   21.54    2.56 
2004 8	  35.53   33.50   20.91    3.06 
2004 9	  26.97   31.40   18.70    2.67 
2004 10	 219.75   28.13   18.62    4.20 
2004 11	 300.88   20.02    9.84    4.41 
2004 12	  10.30   16.59    3.94    4.69 
2005 1	  67.40   17.04    6.63    4.55 
2005 2	  50.68   16.98    7.55    4.46 
2005 3	  83.07   21.92    8.57    3.81 
2005 4	  19.60   25.99   11.72    4.22 
2005 5	 100.77   28.64   16.85    3.62 
2005 6	   2.78   33.54   21.32    3.49 
2005 7	  78.70   34.78   22.35    3.04 
2005 8	 102.57   34.60   22.55    2.85 
2005 9	  26.15   34.64   20.76    3.38 
2005 10	  43.92   26.93   13.27    3.99 
2005 11	  10.35   24.00    9.79    4.57 
2005 12	   2.65   17.51    2.74    4.52 
2006 1	  25.50   21.33    5.89    4.75 
2006 2	  24.58   18.42    4.49    4.66 
2006 3	 111.68   23.66   11.69    4.88 
2006 4	  90.47   29.39   16.44    4.51 
2006 5	 103.65   30.90   17.52    4.03 
2006 6	  82.38   33.40   20.24    2.53 
2006 7	  12.45   35.00   22.47    2.76 
2006 8	  16.48   37.11   23.05    3.00 
2006 9	  86.02   32.33   18.32    3.11 
2006 10	  81.45   27.91   14.61    4.12 
2006 11	  11.25   22.88    9.63    4.38 
2006 12	  81.10   16.97    5.13    4.69 
2007 1	 180.92   11.84    1.80    4.76 
2007 2	   1.65   17.72    4.97    4.17 
2007 3	 198.80   22.64   11.71    4.42 
2007 4	  57.12   23.29   11.87    4.27 
2007 5	 149.80   27.04   17.49    3.90 
2007 6	 161.50   29.91   20.46    3.45 
2007 7	 169.82   29.22   21.19    3.19 
2007 8	 105.50   32.51   22.07    2.57 
2007 9	  80.70   30.70   19.26    2.62 
2007 10	  21.53   27.67   13.07    3.90 
2007 11	  32.28   21.05    9.19    3.96 
2007 12	  14.68   18.26    3.19    3.85 
2008 1	  17.63   14.66    1.84    4.94 
2008 2	   6.30   21.78    5.29    4.81 
2008 3	  73.52   22.91    8.53    5.26 
2008 4	  82.42   26.45   12.24    4.50 
2008 5	  30.95   31.21   18.03    4.57 
2008 6	   9.77   35.89   21.98    3.96 
2008 7	  47.55   36.29   21.62    3.43 
2008 8	  74.85   35.21   22.18    2.64 
2008 9	   1.60   33.21   17.09    3.78 
2008 10	  60.62   28.00   12.19    3.72 
2008 11	   8.52   22.93    8.20    3.73 
2008 12	   9.03   18.30    4.19    5.27 
2009 1	  21.42   18.77    2.46    4.31 
2009 2	  25.17   22.69    7.99    5.11 
2009 3	  80.53   23.70   10.04    4.72 
2009 4	  90.60   26.69   12.52    4.77 
2009 5	  32.92   31.23   18.13    3.83 
2009 6	  33.77   36.74   21.96    3.42 
2009 7	  46.43   38.27   23.31    3.20 
2009 8	  12.75   37.92   22.83    2.49 
2009 9	 237.23   30.11   18.97    2.53 
2009 10	 198.42   25.14   14.10    4.46 
2009 11	  97.10   21.56    8.53    4.06 
2009 12	  64.80   13.47    2.47    4.55 
2010 1	  98.22   14.32    2.41    4.83 
2010 2	  92.78   12.94    2.45    4.53 
2010 3	  74.75   21.70    6.86    3.99 
2010 4	  35.62   25.75   13.61    4.48 
2010 5	  88.50   30.91   18.63    3.80 
2010 6	 121.80   33.26   22.67    3.80 
2010 7	  96.30   33.09   23.26    3.43 
2010 8	   0.48   36.90   23.35    2.42 
2010 9	 302.07   31.54   20.41    3.59 
2010 10	   3.83   27.72   12.67    3.78 
2010 11	  14.57   22.13    8.96    5.04 
2010 12	  25.35   17.47    4.65    4.82 
