1949 1	  61.15   13.86    2.90    5.23 
1949 2	  96.70   19.18    9.40    4.57 
1949 3	  55.35   22.99   10.22    4.57 
1949 4	 190.55   24.00   12.33    4.40 
1949 5	  34.12   30.54   20.06    3.95 
1949 6	 198.52   33.00   21.20    3.78 
1949 7	  57.03   34.39   22.51    3.36 
1949 8	  54.72   34.61   20.92    2.83 
1949 9	  27.87   33.24   20.43    3.25 
1949 10	 159.35   27.43   15.04    4.31 
1949 11	   1.33   25.60    7.96    3.75 
1949 12	  63.95   18.15    8.08    5.14 
1950 1	  11.55   19.56   10.05    5.73 
1950 2	  42.62   20.07    8.01    4.30 
1950 3	   5.32   23.24    8.59    4.88 
1950 4	  67.83   25.34   14.03    4.82 
1950 5	  88.15   30.38   19.75    4.28 
1950 6	  52.12   32.72   21.26    3.93 
1950 7	  68.12   34.85   22.58    4.61 
1950 8	  98.52   34.96   21.19    3.18 
1950 9	  61.03   32.30   20.39    3.26 
1950 10	   2.45   30.92   15.07    3.98 
1950 11	  13.47   23.61    7.60    4.85 
1950 12	   0.32   20.50    2.40    4.29 
1951 1	   7.67   18.86    2.21    5.49 
1951 2	  53.32   19.58    5.17    5.76 
1951 3	  64.30   23.95   10.11    4.96 
1951 4	  19.10   28.04   12.68    4.61 
1951 5	 179.12   29.78   17.85    3.95 
1951 6	  72.98   33.37   22.05    4.96 
1951 7	  13.25   37.24   23.26    3.91 
1951 8	  11.45   37.93   22.44    3.61 
1951 9	  74.95   33.10   20.36    3.62 
1951 10	  25.62   29.18   16.15    3.79 
1951 11	  21.38   20.93    7.68    5.17 
1951 12	   5.88   20.36    5.72    5.02 
1952 1	  10.25   21.49    8.55    5.37 
1952 2	  48.88   22.03    7.47    4.78 
1952 3	  66.50   22.46    9.25    4.65 
1952 4	  71.33   24.97   12.22    4.44 
1952 5	  70.38   29.77   16.01    3.76 
1952 6	  52.23   33.31   21.60    3.98 
1952 7	  67.15   35.04   22.03    3.22 
1952 8	   0.00   37.64   22.55    3.86 
1952 9	 187.00   31.78   18.35    3.56 
1952 10	   0.00   27.26    9.93    3.72 
1952 11	 126.65   19.94    9.26    4.75 
1952 12	  78.25   16.72    4.66    4.31 
1953 1	  10.80   21.70    4.74    4.89 
1953 2	  20.15   19.43    6.04    4.47 
1953 3	  16.97   26.10   13.54    4.40 
1953 4	  39.62   27.77   13.70    4.15 
1953 5	  21.50   31.23   18.21    4.23 
1953 6	  45.12   36.94   22.41    3.72 
1953 7	   9.43   36.85   23.50    3.64 
1953 8	 124.30   35.56   22.57    2.59 
1953 9	  75.73   32.81   18.10    3.08 
1953 10	  77.17   27.49   15.34    3.62 
1953 11	  12.55   21.52    8.00    3.79 
1953 12	  35.85   15.87    3.11    4.67 
1954 1	  21.47   19.04    6.31    4.67 
1954 2	   0.83   24.46    7.08    4.10 
1954 3	   0.35   24.17    9.15    4.96 
1954 4	  37.22   28.79   17.12    5.22 
1954 5	  42.33   29.98   17.45    4.16 
1954 6	  50.13   34.57   22.40    4.59 
1954 7	  47.72   36.65   22.90    3.59 
1954 8	  15.77   36.93   23.11    4.17 
1954 9	  19.53   35.19   20.45    3.44 
1954 10	  51.90   29.16   15.96    3.96 
1954 11	  37.30   23.08    7.95    3.96 
1954 12	   2.70   21.66    6.73    4.34 
1955 1	  41.85   17.57    5.27    4.74 
1955 2	  43.72   19.28    7.09    5.31 
1955 3	  20.62   24.52   10.46    5.29 
1955 4	   4.90   29.80   16.26    4.40 
1955 5	 114.80   32.16   19.16    4.57 
1955 6	  45.85   33.93   20.51    4.16 
1955 7	  23.15   35.37   22.73    4.16 
1955 8	  34.17   35.35   22.58    2.84 
1955 9	  15.75   33.20   21.41    3.61 
1955 10	  11.58   29.32   12.98    3.93 
1955 11	  54.82   21.72    9.29    5.31 
1955 12	  11.18   19.43    4.53    4.27 
1956 1	  25.35   17.84    4.04    4.48 
1956 2	  17.32   20.70    7.21    4.98 
1956 3	   4.05   25.39    9.35    4.31 
1956 4	  17.60   27.57   14.27    4.47 
1956 5	  27.45   32.41   19.32    4.19 
1956 6	  11.12   35.74   22.32    3.60 
1956 7	  15.38   36.56   22.28    4.14 
1956 8	  68.50   36.11   22.19    3.54 
1956 9	  11.02   33.75   18.94    3.20 
1956 10	  38.95   30.05   15.06    3.34 
1956 11	  30.65   21.30    7.76    4.45 
1956 12	  23.23   21.07    6.43    4.34 
1957 1	  11.00   17.44    6.98    4.70 
1957 2	  46.10   22.35   12.06    3.84 
1957 3	  97.45   23.20   10.32    4.14 
1957 4	 200.57   24.73   13.56    5.05 
1957 5	 215.88   27.89   18.24    4.68 
1957 6	  66.47   32.37   21.92    3.69 
1957 7	   7.72   37.01   22.60    3.41 
1957 8	  11.65   36.91   22.64    3.50 
1957 9	 172.45   31.93   18.59    3.32 
1957 10	 108.47   25.06   13.20    4.02 
1957 11	  88.85   19.34    8.06    4.74 
1957 12	  23.07   19.81    6.00    4.71 
1958 1	 118.70   16.37    3.06    4.81 
1958 2	  89.97   15.02    4.59    4.71 
1958 3	  30.70   19.20    7.02    4.45 
1958 4	  31.47   25.85   13.53    4.08 
1958 5	 162.63   29.79   17.31    3.18 
1958 6	  72.43   33.85   22.19    4.02 
1958 7	  75.93   35.33   22.87    4.10 
1958 8	  15.90   36.50   21.84    3.14 
1958 9	 313.45   30.92   21.36    3.16 
1958 10	 142.88   23.64   15.27    4.22 
1958 11	  12.52   21.42    9.97    3.79 
1958 12	  22.98   16.68    3.15    4.07 
1959 1	  14.60   15.35    3.09    4.84 
1959 2	  63.27   17.15    6.73    4.38 
1959 3	  12.15   22.89    7.71    4.55 
1959 4	  59.83   24.58   12.49    4.50 
1959 5	  71.55   30.30   19.18    4.28 
1959 6	 117.10   34.13   21.86    3.57 
1959 7	  77.00   35.02   21.96    2.75 
1959 8	  50.97   35.18   22.44    3.03 
1959 9	  47.03   33.17   21.03    3.80 
1959 10	 186.68   27.75   14.26    3.71 
1959 11	  58.53   19.18    4.56    4.53 
1959 12	  54.63   18.48    5.94    4.58 
1960 1	  17.95   15.57    4.83    4.65 
1960 2	  35.52   16.68    3.09    5.15 
1960 3	  56.92   19.47    7.19    4.53 
1960 4	  43.45   27.12   14.71    4.92 
1960 5	  43.80   29.19   17.11    4.49 
1960 6	  77.18   35.01   21.40    3.64 
1960 7	  80.62   34.62   22.67    2.88 
1960 8	 109.37   33.59   22.92    3.52 
1960 9	  21.38   32.88   18.18    2.85 
1960 10	 168.02   28.25   16.95    3.50 
1960 11	  32.75   21.67   11.29    4.06 
1960 12	  88.48   14.95    4.75    4.33 
1961 1	  28.07   14.88    2.36    4.44 
1961 2	  47.30   20.05    6.00    4.49 
1961 3	   3.22   25.20   11.53    4.78 
1961 4	   8.80   27.40   12.59    4.69 
1961 5	   2.47   32.17   18.86    4.79 
1961 6	 162.90   32.81   21.51    3.68 
1961 7	 155.00   32.96   22.12    3.75 
1961 8	  30.42   34.13   20.93    2.31 
1961 9	  39.48   32.53   20.67    4.48 
1961 10	  74.30   27.79   14.92    4.19 
1961 11	  51.97   19.91    8.71    4.58 
1961 12	  17.62   17.99    6.22    3.93 
1962 1	  12.30   14.98    0.46    4.99 
1962 2	  20.50   24.62    9.69    4.53 
1962 3	  24.27   22.21    7.42    4.48 
1962 4	 137.73   27.17   14.20    4.91 
1962 5	  42.13   31.52   19.01    5.17 
1962 6	  69.88   33.60   21.72    3.31 
1962 7	   0.88   37.19   23.03    3.45 
1962 8	  20.35   37.89   23.09    2.76 
1962 9	  94.30   33.02   21.02    3.02 
1962 10	  35.60   30.19   17.96    4.05 
1962 11	  73.90   22.16    9.02    4.27 
1962 12	  52.02   17.02    5.20    3.78 
1963 1	  16.40   14.90    0.69    4.43 
1963 2	  70.38   19.35    3.43    4.63 
1963 3	   2.97   25.63   11.37    4.59 
1963 4	  62.85   30.14   17.13    5.42 
1963 5	  62.00   31.07   19.52    4.19 
1963 6	  39.55   34.87   22.14    3.93 
1963 7	  15.43   35.72   23.17    3.99 
1963 8	   9.00   36.64   22.63    3.01 
1963 9	  43.52   33.52   20.50    2.66 
1963 10	  52.08   30.23   16.18    3.33 
1963 11	  53.22   22.50   11.13    4.80 
1963 12	  22.12   13.51    1.65    4.73 
1964 1	  73.22   17.66    3.02    4.36 
1964 2	  49.60   16.01    3.48    4.12 
1964 3	  49.27   23.08    9.21    4.67 
1964 4	  35.72   27.79   15.09    5.02 
1964 5	  71.20   31.49   18.89    4.22 
1964 6	  85.62   34.07   21.12    3.80 
1964 7	   7.00   36.75   22.88    3.46 
1964 8	  85.43   36.42   23.27    3.69 
1964 9	 119.50   32.40   21.20    3.20 
1964 10	  61.22   27.04   11.46    4.03 
1964 11	  71.35   23.25   10.88    4.42 
1964 12	  26.15   18.16    4.48    4.66 
1965 1	  35.45   19.72    5.53    4.31 
1965 2	 151.40   15.90    4.24    4.78 
1965 3	  62.45   19.74    6.25    5.09 
1965 4	  52.77   27.61   16.30    4.72 
1965 5	 175.92   27.91   19.26    4.88 
1965 6	  48.83   32.83   21.86    3.92 
1965 7	   3.85   35.97   22.28    3.02 
1965 8	  59.78   35.40   21.83    2.78 
1965 9	  58.60   33.47   20.55    3.71 
1965 10	  64.32   25.96   12.73    3.68 
1965 11	  25.65   23.70   12.37    3.33 
1965 12	 135.35   18.27    7.74    4.38 
1966 1	  35.47   13.53    1.79    4.69 
1966 2	  66.25   16.60    3.33    4.60 
1966 3	  22.08   21.90    9.09    4.36 
1966 4	  98.80   26.82   14.55    4.58 
1966 5	 161.95   28.33   18.08    3.65 
1966 6	  35.57   31.77   20.37    3.24 
1966 7	  14.22   35.02   22.79    3.07 
1966 8	 147.15   33.79   21.74    3.40 
1966 9	  88.30   31.29   19.50    2.31 
1966 10	  10.60   27.27   12.15    3.78 
1966 11	   0.00   24.64   10.22    4.40 
1966 12	   4.22   18.83    2.71    4.63 
1967 1	   4.25   17.80    3.10    4.66 
1967 2	  17.90   18.57    4.05    4.79 
1967 3	  38.15   26.49   12.34    4.73 
1967 4	  48.63   30.33   18.93    5.66 
1967 5	  55.38   31.78   17.78    5.06 
1967 6	   3.05   35.23   22.32    4.35 
1967 7	  57.65   36.01   22.67    4.21 
1967 8	  72.03   34.38   21.24    2.96 
1967 9	 281.60   28.98   18.75    3.47 
1967 10	  42.90   26.27   12.78    3.81 
1967 11	  76.40   21.75    9.51    3.84 
1967 12	  39.90   16.47    4.54    4.17 
1968 1	 172.40   14.86    4.83    4.69 
1968 2	  43.75   15.31    3.25    4.15 
1968 3	  39.38   20.29    8.48    5.17 
1968 4	  50.90   25.30   14.82    4.98 
1968 5	  73.40   28.81   18.70    4.64 
1968 6	  51.92   32.03   21.35    3.43 
1968 7	  29.85   33.55   22.00    3.50 
1968 8	  17.62   35.58   21.74    3.59 
1968 9	 104.87   30.51   17.67    3.49 
1968 10	  18.40   28.60   15.46    3.76 
1968 11	  86.40   21.15    6.38    4.66 
1968 12	  25.30   18.05    3.19    5.12 
1969 1	  30.55   17.30    5.39    4.64 
1969 2	  81.38   18.23    5.88    4.53 
1969 3	  57.80   18.93    6.34    4.81 
1969 4	  71.12   26.80   14.05    4.62 
1969 5	 137.57   28.42   17.13    3.49 
1969 6	  48.65   33.39   21.03    4.24 
1969 7	  11.42   37.04   23.44    3.82 
1969 8	 112.43   36.50   22.64    3.06 
1969 9	  39.15   32.56   19.92    3.19 
1969 10	 173.32   26.65   15.10    5.01 
1969 11	  41.03   21.79    7.11    4.33 
1969 12	  57.70   19.94    5.59    3.66 
1970 1	  25.82   13.51    1.28    4.31 
1970 2	  77.73   18.79    5.83    4.87 
1970 3	  66.95   20.36    6.82    4.48 
1970 4	  24.30   27.35   14.83    5.09 
1970 5	 123.60   28.55   16.07    4.53 
1970 6	  18.35   32.16   20.74    3.59 
1970 7	  26.42   34.39   22.42    2.93 
1970 8	  28.92   35.80   22.66    3.03 
1970 9	  93.65   32.67   20.89    4.06 
1970 10	  28.65   26.55   12.79    4.17 
1970 11	   0.12   23.30    5.11    4.80 
1970 12	   2.58   22.27    8.63    4.79 
1971 1	   1.23   21.47    4.85    4.88 
1971 2	  18.65   21.98    5.20    5.27 
1971 3	   0.43   26.71    8.34    4.79 
1971 4	  29.65   28.01   12.60    4.67 
1971 5	  33.80   31.85   18.32    4.82 
1971 6	 113.58   34.10   22.53    4.18 
1971 7	   8.35   35.87   22.84    3.69 
1971 8	 243.45   31.82   21.67    2.73 
1971 9	  96.38   31.27   21.17    3.40 
1971 10	 130.65   27.71   17.11    3.59 
1971 11	  54.95   23.59   10.07    4.10 
1971 12	  59.80   19.64    8.01    4.22 
1972 1	  30.20   18.80    4.01    4.82 
1972 2	   7.82   21.29    5.19    4.59 
1972 3	  13.43   26.38   11.58    4.37 
1972 4	  44.90   30.10   15.73    4.88 
1972 5	 256.45   28.48   16.94    3.21 
1972 6	  71.85   32.40   21.10    3.72 
1972 7	  39.63   33.45   22.13    3.76 
1972 8	 116.35   33.28   22.03    3.24 
1972 9	  62.83   33.07   21.77    2.85 
1972 10	  54.53   28.54   15.05    3.96 
1972 11	  49.08   19.13    5.29    4.55 
1972 12	  14.58   17.05    2.39    4.71 
1973 1	  71.70   14.66    1.41    5.26 
1973 2	  68.95   17.07    4.10    4.83 
1973 3	  47.18   25.85   10.70    4.02 
1973 4	 127.55   24.20   12.60    5.06 
1973 5	  41.50   30.02   16.68    4.63 
1973 6	 187.03   30.96   20.74    4.28 
1973 7	 167.07   33.10   22.91    3.59 
1973 8	  30.85   33.54   21.35    2.93 
1973 9	 343.58   31.12   20.83    3.35 
1973 10	 160.43   27.77   16.23    3.80 
1973 11	   7.75   25.22   12.20    4.61 
1973 12	   2.55   20.13    2.08    4.81 
1974 1	  37.03   16.84    3.68    4.06 
1974 2	   1.73   22.42    3.91    5.15 
1974 3	  23.08   26.58   12.82    5.36 
1974 4	  62.10   28.10   13.38    5.31 
1974 5	 109.55   30.88   19.22    4.29 
1974 6	  23.55   33.01   19.70    3.80 
1974 7	  14.35   34.94   21.86    3.06 
1974 8	 305.23   32.66   22.09    3.63 
1974 9	  61.38   27.83   17.30    4.26 
1974 10	  82.18   26.90   13.44    4.25 
1974 11	  73.60   19.99    7.91    4.24 
1974 12	  48.05   16.73    3.67    3.91 
1975 1	  43.83   19.22    4.44    4.43 
1975 2	  65.15   19.49    4.48    4.30 
1975 3	   9.53   24.13    8.62    4.97 
1975 4	  77.20   26.19   14.26    5.38 
1975 5	 130.78   28.50   18.19    4.25 
1975 6	  74.35   31.91   21.29    4.14 
1975 7	  82.03   32.67   21.57    3.07 
1975 8	  35.50   33.51   21.82    3.30 
1975 9	  50.72   30.72   17.93    3.15 
1975 10	  56.42   28.93   14.01    4.02 
1975 11	   0.80   24.01    7.85    4.31 
1975 12	  35.35   19.15    4.15    4.94 
1976 1	  12.43   18.05    1.22    4.71 
1976 2	   2.45   24.23    7.89    5.27 
1976 3	  29.47   24.51   11.13    5.09 
1976 4	 207.52   25.94   14.79    4.77 
1976 5	 142.63   27.53   15.79    3.71 
1976 6	  42.00   32.29   20.53    4.05 
1976 7	 164.57   30.82   21.64    3.45 
1976 8	  44.25   33.93   20.90    2.45 
1976 9	  90.50   31.34   19.44    2.88 
1976 10	 225.35   22.82    9.63    3.88 
1976 11	  60.33   17.19    5.46    4.66 
1976 12	  64.18   16.43    3.29    4.21 
1977 1	  70.38   12.51    1.36    4.42 
1977 2	  19.20   19.90    4.30    4.41 
1977 3	  25.25   23.82    9.49    4.57 
1977 4	 156.07   25.71   13.11    4.14 
1977 5	  50.70   28.06   19.71    4.36 
1977 6	  65.50   32.93   21.64    3.69 
1977 7	   2.33   34.92   23.06    3.60 
1977 8	   5.20   35.87   23.11    3.64 
1977 9	 105.60   34.43   21.51    3.48 
1977 10	  95.38   29.02   14.68    3.55 
1977 11	  66.13   23.74    8.74    3.86 
1977 12	  10.43   20.06    4.07    4.86 
1978 1	  13.32   12.87    0.90    5.36 
1978 2	  38.18   14.30    2.06    4.49 
1978 3	  24.55   23.90    7.35    4.15 
1978 4	  66.20   27.24   14.70    4.96 
1978 5	  53.10   31.50   19.56    4.27 
1978 6	  75.30   33.88   22.14    3.34 
1978 7	  63.22   36.68   22.95    3.67 
1978 8	 128.90   33.71   21.96    3.28 
1978 9	 172.13   30.30   20.94    3.75 
1978 10	  11.10   27.59   13.92    3.57 
1978 11	 134.28   22.12   11.60    4.43 
1978 12	  56.85   17.49    4.48    4.86 
1979 1	  70.92   11.52    1.27    5.23 
1979 2	  32.50   17.25    4.92    4.75 
1979 3	  99.92   23.24   10.83    4.77 
1979 4	 113.90   26.08   15.00    3.80 
1979 5	  45.70   28.69   17.00    4.39 
1979 6	 125.77   31.73   21.43    3.53 
1979 7	 115.95   34.04   23.57    3.59 
1979 8	  58.93   33.97   22.29    3.14 
1979 9	  15.95   32.27   18.26    3.64 
1979 10	   2.78   31.35   15.43    3.97 
1979 11	  33.17   21.60    6.83    5.01 
1979 12	  60.85   19.20    5.30    4.74 
1980 1	  18.85   18.04    5.15    4.29 
1980 2	  15.63   19.72    4.10    4.67 
1980 3	  22.97   24.23    8.55    4.38 
1980 4	  37.08   28.18   11.27    4.49 
1980 5	 153.50   29.99   18.60    4.04 
1980 6	   4.08   35.65   23.00    4.49 
1980 7	  11.07   38.05   23.27    3.22 
1980 8	  92.60   34.79   23.35    4.30 
1980 9	 103.85   33.07   22.57    3.19 
1980 10	  24.15   28.29   13.60    4.01 
1980 11	  97.35   21.28    6.66    4.35 
1980 12	  13.82   18.68    6.38    4.21 
1981 1	  44.03   17.19    4.07    4.24 
1981 2	  34.80   18.57    5.73    4.84 
1981 3	  54.42   22.46    9.43    4.38 
1981 4	  62.28   27.91   16.92    4.71 
1981 5	 159.82   30.11   17.79    4.44 
1981 6	 272.73   31.76   22.15    3.83 
1981 7	  20.82   33.89   23.16    3.79 
1981 8	  30.88   35.08   22.30    3.21 
1981 9	  25.98   32.45   18.81    3.61 
1981 10	 141.28   28.04   15.98    4.34 
1981 11	   8.65   24.70    9.10    4.00 
1981 12	  18.05   19.04    4.36    4.27 
1982 1	  14.92   17.97    3.30    5.24 
1982 2	  40.40   17.11    3.67    4.71 
1982 3	  13.07   23.34   11.94    5.39 
1982 4	  40.90   26.17   13.93    4.78 
1982 5	 167.33   28.54   18.64    4.64 
1982 6	  37.35   33.41   21.73    4.19 
1982 7	   2.30   36.12   22.89    4.25 
1982 8	  34.75   36.65   22.77    3.50 
1982 9	  35.42   34.05   19.43    3.58 
1982 10	  65.78   27.01   14.60    4.17 
1982 11	 100.62   21.03   10.34    4.31 
1982 12	  52.78   17.53    5.44    4.74 
1983 1	  29.20   16.02    2.92    3.89 
1983 2	  37.40   18.28    4.72    4.43 
1983 3	 104.10   21.64    8.58    4.32 
1983 4	   3.08   26.45   11.29    4.94 
1983 5	 100.60   29.50   17.44    4.27 
1983 6	  58.55   32.10   20.38    3.60 
1983 7	  81.00   33.59   22.61    3.67 
1983 8	  79.35   35.34   22.40    2.44 
1983 9	  55.32   32.13   19.60    3.76 
1983 10	  58.00   28.55   15.44    3.75 
1983 11	  54.17   24.81    9.85    4.43 
1983 12	   6.15   13.31   -0.23    5.04 
1984 1	  51.22   14.30    2.76    4.68 
1984 2	  18.32   20.80    4.78    4.62 
1984 3	  21.57   25.77   10.79    4.81 
1984 4	   8.47   30.41   12.30    4.37 
1984 5	  60.88   32.22   17.84    4.81 
1984 6	  37.80   34.20   21.66    4.56 
1984 7	   7.58   36.13   22.17    3.40 
1984 8	  35.32   36.11   22.10    3.46 
1984 9	  29.02   31.80   18.93    4.44 
1984 10	 156.15   26.50   17.38    4.02 
1984 11	  50.48   21.41    8.98    4.59 
1984 12	  60.78   20.90   10.49    5.02 
1985 1	  51.17   13.67    0.63    4.51 
1985 2	  59.05   16.08    4.84    5.01 
1985 3	  72.45   23.57   12.79    4.77 
1985 4	  71.62   27.22   14.73    4.87 
1985 5	  78.45   30.74   18.75    3.87 
1985 6	 150.93   31.93   21.46    4.08 
1985 7	  60.13   33.64   21.89    3.52 
1985 8	   6.85   36.37   22.68    3.23 
1985 9	  99.10   32.47   20.44    4.24 
1985 10	 138.25   27.20   16.77    4.97 
1985 11	 101.32   22.80   13.31    4.76 
1985 12	   7.78   16.89    3.03    4.43 
1986 1	  20.20   19.34    4.34    4.34 
1986 2	  37.58   22.25    7.12    4.22 
1986 3	   9.77   25.44    8.83    4.11 
1986 4	  15.90   28.30   17.00    4.85 
1986 5	 165.93   28.84   18.32    4.44 
1986 6	 239.82   32.03   22.09    3.05 
1986 7	   1.48   35.51   22.56    3.90 
1986 8	  40.55   35.23   22.90    3.12 
1986 9	  73.15   33.02   23.50    3.82 
1986 10	 208.53   26.38   15.46    3.90 
1986 11	  53.45   20.57    9.84    4.41 
1986 12	 136.20   15.33    6.15    4.39 
1987 1	  19.20   17.03    3.59    4.23 
1987 2	 102.95   18.70    7.66    4.72 
1987 3	  31.30   21.17    7.18    3.99 
1987 4	  22.25   26.77   10.44    3.58 
1987 5	 262.83   29.14   18.82    3.95 
1987 6	 235.67   31.02   21.62    3.36 
1987 7	  41.70   33.08   23.15    3.53 
1987 8	  50.75   35.33   23.33    3.65 
1987 9	  49.28   32.40   19.31    3.55 
1987 10	   5.23   28.90   14.31    3.99 
1987 11	  64.17   22.51    8.98    4.44 
1987 12	  47.95   18.87    5.83    4.43 
1988 1	   4.90   14.91    1.64    4.96 
1988 2	  29.15   18.73    5.20    4.71 
1988 3	  22.02   23.85    8.99    4.81 
1988 4	  24.37   28.65   12.23    3.57 
1988 5	  28.67   30.37   17.63    4.00 
1988 6	  43.20   33.47   21.28    3.35 
1988 7	  64.45   34.85   23.42    3.38 
1988 8	   4.70   35.91   23.52    3.07 
1988 9	 124.28   33.13   21.12    3.91 
1988 10	  22.50   28.81   16.32    3.64 
1988 11	   2.28   24.83   11.67    4.76 
1988 12	   9.22   18.72    6.91    4.49 
1989 1	  99.25   18.54    7.63    4.29 
1989 2	  56.53   15.30    5.17    5.98 
1989 3	  29.17   22.36    9.00    4.86 
1989 4	  85.27   26.65   13.87    4.50 
1989 5	   7.10   32.96   20.21    4.99 
1989 6	 148.85   33.86   21.19    4.09 
1989 7	   8.07   35.65   22.51    3.31 
1989 8	  19.25   34.86   22.62    3.76 
1989 9	  58.17   32.26   18.97    4.06 
1989 10	  80.03   28.70   15.19    4.21 
1989 11	  47.57   21.31   10.28    4.31 
1989 12	  11.52   11.96   -0.05    4.83 
1990 1	  26.80   18.67    7.54    4.69 
1990 2	  63.33   21.23    9.37    4.66 
1990 3	  83.38   20.63   11.22    5.38 
1990 4	  67.68   24.87   14.48    5.06 
1990 5	  40.70   30.70   19.66    5.03 
1990 6	   2.60   36.32   23.21    4.63 
1990 7	 188.18   32.62   21.83    3.73 
1990 8	   0.52   34.12   22.73    3.44 
1990 9	  78.38   31.60   20.82    2.77 
1990 10	  55.73   27.18   14.85    3.79 
1990 11	  46.75   22.85   12.15    4.75 
1990 12	   5.43   17.37    5.59    4.68 
1991 1	 101.27   14.34    4.33    4.56 
1991 2	  61.80   18.91    8.50    4.34 
1991 3	  39.95   24.35   11.78    4.85 
1991 4	 187.85   27.34   17.00    4.42 
1991 5	 138.72   30.41   20.06    4.50 
1991 6	 137.75   33.65   21.63    3.77 
1991 7	  93.42   34.16   23.08    3.43 
1991 8	  35.00   35.69   23.35    3.15 
1991 9	  84.28   30.20   19.76    3.41 
1991 10	   7.00   29.10   16.58    3.79 
1991 11	   9.85   19.77    7.97    5.27 
1991 12	 375.40   17.09    8.74    5.02 
1992 1	 128.57   14.44    6.24    4.13 
1992 2	 199.48   20.29    9.71    4.18 
1992 3	 116.20   23.06   11.79    4.32 
1992 4	 107.25   24.96   14.31    3.70 
1992 5	 216.55   27.33   17.36    3.83 
1992 6	 193.48   32.18   21.45    3.38 
1992 7	  32.60   33.60   22.77    4.69 
1992 8	  43.35   33.17   21.53    2.63 
1992 9	  46.22   32.41   20.79    3.80 
1992 10	  25.40   29.42   16.77    3.73 
1992 11	 103.95   19.72    8.04    4.55 
1992 12	  39.72   18.36    7.87    4.15 
1993 1	  24.28   15.28    5.47    4.07 
1993 2	  66.93   17.96    8.01    4.62 
1993 3	  56.97   21.69   10.73    3.82 
1993 4	  32.30   25.29   12.99    4.89 
1993 5	 147.57   28.28   16.99    3.82 
1993 6	 134.42   30.43   21.95    4.27 
1993 7	   0.00   33.84   23.33    4.66 
1993 8	   0.03   35.68   23.07    3.51 
1993 9	  21.03   32.85   20.76    3.50 
1993 10	  44.73   27.18   15.09    4.38 
1993 11	  25.75   19.42    7.89    4.36 
1993 12	   9.38   18.08    8.11    4.63 
1994 1	  54.37   16.98    6.30    5.09 
1994 2	  23.20   18.87    7.20    5.00 
1994 3	  91.77   23.02   11.43    4.14 
1994 4	  81.35   26.13   14.78    4.62 
1994 5	 105.20   28.18   18.61    3.95 
1994 6	 107.10   33.16   22.23    3.30 
1994 7	   0.10   35.63   23.02    4.22 
1994 8	  58.70   34.48   22.67    3.02 
1994 9	  87.73   31.21   19.28    2.64 
1994 10	 173.02   27.08   17.00    3.84 
1994 11	  24.50   22.67   12.80    4.80 
1994 12	  68.88   19.06    7.20    4.29 
1995 1	   8.52   17.54    5.76    4.84 
1995 2	  32.08   20.40    7.36    3.96 
1995 3	  43.72   21.91   10.39    4.63 
1995 4	  22.35   28.57   12.83    4.70 
1995 5	 150.82   32.58   17.58    4.72 
1995 6	 110.30   32.35   20.09    3.79 
1995 7	  63.38   34.96   22.71    3.44 
1995 8	  24.73   36.00   23.32    2.56 
1995 9	  92.43   33.17   19.65    3.01 
1995 10	  26.55   28.73   15.12    4.53 
1995 11	  52.35   21.77    9.20    4.21 
1995 12	  19.80   18.09    7.79    4.65 
1996 1	   0.00   18.47    3.76    5.19 
1996 2	  15.08   21.01    7.70    5.26 
1996 3	  16.55   23.42    6.57    4.88 
1996 4	  29.65   30.18   12.92    4.82 
1996 5	  45.62   33.44   20.33    5.43 
1996 6	  43.10   35.29   22.05    3.83 
1996 7	  35.53   36.74   23.38    3.89 
1996 8	  71.10   35.33   22.98    3.79 
1996 9	  64.12   31.67   20.42    2.94 
1996 10	   9.93   28.54   16.66    4.42 
1996 11	  78.68   22.37   10.61    4.80 
1996 12	  33.53   18.88    7.09    4.27 
1997 1	  16.65   14.84    4.28    4.99 
1997 2	  79.73   16.89    6.86    4.65 
1997 3	  69.23   23.07   12.37    3.96 
1997 4	 101.97   23.95   11.97    4.53 
1997 5	 111.38   29.06   17.80    3.51 
1997 6	 257.88   31.12   21.02    3.57 
1997 7	   1.00   34.91   23.09    3.16 
1997 8	   9.32   36.23   23.47    3.48 
1997 9	   8.88   34.32   21.70    2.72 
1997 10	 160.75   26.96   16.27    4.28 
1997 11	  44.40   19.41    9.58    4.14 
1997 12	  56.78   17.44    4.13    4.61 
1998 1	  80.90   19.65    8.70    4.49 
1998 2	  90.58   19.65    7.24    4.23 
1998 3	  61.67   21.84    9.58    5.26 
1998 4	   0.90   27.11   13.59    4.12 
1998 5	  11.30   33.53   20.24    4.28 
1998 6	  79.20   36.79   23.46    5.24 
1998 7	   4.97   37.46   23.91    4.06 
1998 8	 212.90   34.05   23.35    2.91 
1998 9	  23.85   32.32   23.01    3.38 
1998 10	 318.63   27.58   17.56    4.79 
1998 11	 104.72   22.39   12.77    4.25 
1998 12	   8.27   17.69    6.64    4.95 
1999 1	   1.98   20.48    6.48    5.39 
1999 2	   0.60   23.88   11.06    4.59 
1999 3	  66.68   23.44   12.16    4.90 
1999 4	  39.95   27.96   17.08    5.14 
1999 5	  69.75   30.14   19.67    4.11 
1999 6	 209.53   32.87   22.57    4.02 
1999 7	  52.38   33.79   22.44    3.34 
1999 8	  29.55   36.64   23.07    2.19 
1999 9	   7.75   34.39   20.68    3.31 
1999 10	  54.00   29.02   15.27    3.93 
1999 11	   0.75   25.40   11.61    3.93 
1999 12	   9.60   20.35    6.36    4.78 
2000 1	  26.45   19.57    8.13    4.92 
2000 2	  30.30   23.80   11.91    5.10 
2000 3	  10.45   26.24   14.28    4.25 
2000 4	  40.77   28.07   15.93    4.45 
2000 5	  38.35   31.87   20.63    4.74 
2000 6	 115.60   32.60   22.43    4.38 
2000 7	  22.65   37.62   22.88    3.28 
2000 8	   0.05   37.37   20.14    2.67 
2000 9	  47.80   35.36   19.70    3.46 
2000 10	 179.55   26.23   16.75    4.47 
2000 11	 189.12   19.21    8.95    4.51 
2000 12	  27.08   14.26    3.17    4.81 
2001 1	  94.12   16.11    5.40    4.53 
2001 2	  23.77   20.33    9.54    4.56 
2001 3	  69.75   20.30    8.71    3.80 
2001 4	  97.08   27.02   16.97    5.29 
2001 5	 118.75   31.23   19.57    4.24 
2001 6	  21.35   35.21   21.88    3.07 
2001 7	   0.20   37.44   23.57    3.31 
2001 8	 158.88   36.74   23.27    3.34 
2001 9	  98.20   31.10   19.50    3.74 
2001 10	  86.25   27.16   14.69    4.15 
2001 11	 104.62   23.43   12.70    4.05 
2001 12	  66.18   18.21    7.83    4.27 
2002 1	   9.20   18.12    5.41    4.46 
2002 2	   9.20   18.17    4.65    4.49 
2002 3	  38.48   23.40    7.54    5.10 
2002 4	  58.35   28.87   17.61    4.93 
2002 5	  33.73   31.61   19.26    5.18 
2002 6	   3.50   35.39   22.80    3.56 
2002 7	 200.65   31.92   22.70    3.72 
2002 8	  27.27   35.59   23.24    2.87 
2002 9	 194.18   31.54   18.99    3.56 
2002 10	 176.48   26.44   17.35    3.45 
2002 11	  62.67   20.63    7.58    4.22 
2002 12	  76.55   17.97    5.72    4.89 
2003 1	  34.58   15.78    3.41    4.24 
2003 2	  62.30   17.07    6.59    4.71 
2003 3	  58.45   22.22   10.45    3.49 
2003 4	   2.60   27.61   15.68    4.38 
2003 5	   4.10   32.70   20.90    4.23 
2003 6	 104.98   33.65   21.94    3.06 
2003 7	 210.50   32.71   23.06    3.21 
2003 8	  24.60   34.94   22.84    2.56 
2003 9	 199.07   30.57   20.06    3.12 
2003 10	  53.57   28.04   15.64    3.68 
2003 11	   7.07   23.44   11.57    4.82 
2003 12	   3.18   20.04    6.01    4.70 
2004 1	  63.55   17.52    7.24    5.01 
2004 2	  42.12   18.57    6.59    4.59 
2004 3	 107.35   24.76   13.33    4.37 
2004 4	 204.13   25.83   14.25    4.81 
2004 5	  66.95   30.05   18.70    4.69 
2004 6	 313.27   33.24   21.08    3.68 
2004 7	  63.60   34.22   21.89    2.87 
2004 8	 121.07   34.41   22.60    3.20 
2004 9	  36.97   33.28   21.07    2.57 
2004 10	 122.65   30.46   14.61    4.26 
2004 11	 200.40   22.21    9.28    4.46 
2004 12	   1.75   18.08    5.00    4.73 
2005 1	  57.67   18.88    8.46    4.69 
2005 2	  66.40   17.88    9.09    4.63 
2005 3	  95.60   23.46   10.55    3.84 
2005 4	   1.40   28.45   12.78    4.34 
2005 5	  95.60   31.04   17.01    3.95 
2005 6	  16.83   34.92   21.92    3.91 
2005 7	  90.08   37.20   23.43    3.39 
2005 8	  49.20   36.44   23.40    3.19 
2005 9	  22.60   36.80   22.67    3.37 
2005 10	  46.33   29.74   15.57    3.93 
2005 11	  25.65   25.55   10.39    4.57 
2005 12	   0.03   20.36    4.16    4.49 
2006 1	  15.02   23.81    6.78    4.64 
2006 2	  10.98   21.58    6.01    4.71 
2006 3	  29.25   26.94   12.20    4.90 
2006 4	  22.35   32.35   14.92    4.65 
2006 5	  59.92   34.40   17.09    4.35 
2006 6	  16.88   36.62   21.54    2.83 
2006 7	  23.18   36.62   22.52    3.12 
2006 8	   0.10   37.98   23.91    3.32 
2006 9	 132.48   33.22   20.48    3.15 
2006 10	  44.78   31.83   15.58    4.01 
2006 11	   7.03   25.37   10.79    4.36 
2006 12	  63.73   18.04    7.18    4.70 
2007 1	 119.30   14.48    3.87    4.80 
2007 2	   1.83   20.03    4.87    4.10 
2007 3	 122.50   24.34   11.29    4.59 
2007 4	  68.73   24.63   11.27    4.34 
2007 5	 202.20   28.44   18.21    4.03 
2007 6	 196.72   31.72   20.47    3.80 
2007 7	 403.45   31.42   21.33    3.46 
2007 8	 215.50   33.65   23.23    2.79 
2007 9	  55.12   32.33   21.66    2.66 
2007 10	   0.20   30.00   16.12    3.82 
2007 11	   9.83   23.17   11.47    4.00 
2007 12	   9.35   19.61    7.56    3.99 
2008 1	  15.95   16.74    4.70    4.95 
2008 2	   9.98   25.26    8.70    4.82 
2008 3	  37.92   28.05    8.15    5.28 
2008 4	  75.63   30.24   14.63    4.71 
2008 5	  12.22   33.83   20.29    4.67 
2008 6	   0.05   37.34   23.73    4.24 
2008 7	  70.68   35.21   22.28    3.76 
2008 8	 125.43   34.81   23.22    2.93 
2008 9	   0.20   32.77   19.33    3.58 
2008 10	   0.78   29.15   13.85    3.81 
2008 11	   1.08   24.48   11.00    3.72 
2008 12	   0.98   20.05    2.78    5.20 
2009 1	   6.75   22.19    3.21    4.32 
2009 2	  10.57   26.69    8.91    5.10 
2009 3	  54.25   26.37   12.42    4.86 
2009 4	  20.25   30.37   17.22    4.78 
2009 5	  42.28   35.86   23.11    4.06 
2009 6	   4.25   39.08   24.13    3.75 
2009 7	  34.90   39.56   24.37    3.72 
2009 8	  38.70   39.51   25.64    2.80 
2009 9	 126.35   31.73   20.65    2.62 
2009 10	 204.12   26.91   15.90    4.46 
2009 11	  28.18   22.24   10.84    4.18 
2009 12	  46.97   14.67    3.78    4.52 
2010 1	  98.68   15.93    5.61    4.99 
2010 2	 107.53   15.19    4.10    4.61 
2010 3	  72.92   24.07    7.32    4.08 
2010 4	  67.38   26.03   14.65    4.50 
2010 5	  30.87   30.69   19.69    4.03 
2010 6	  22.58   33.93   23.64    4.14 
2010 7	  71.47   34.58   24.69    3.64 
2010 8	   3.72   37.34   24.57    2.61 
2010 9	 105.97   31.35   22.28    3.54 
2010 10	   5.93   28.30   14.68    3.96 
2010 11	   0.65   23.43    7.77    5.09 
2010 12	  24.33   18.52    6.67    4.79 
