1949 1	  77.38   12.26    0.49    3.70 
1949 2	 110.33   18.26    5.16    3.47 
1949 3	  14.15   21.87    6.36    3.43 
1949 4	  99.68   24.30    9.12    3.35 
1949 5	  80.00   28.50   16.37    3.61 
1949 6	 107.70   31.82   18.60    3.71 
1949 7	  36.50   33.90   18.98    3.13 
1949 8	 128.90   33.67   17.62    2.51 
1949 9	 121.78   31.01   15.92    2.66 
1949 10	  95.88   25.84   11.92    3.18 
1949 11	   0.00   24.87    4.92    2.43 
1949 12	  54.50   18.13    3.38    3.54 
1950 1	  23.15   19.26    5.10    3.79 
1950 2	  24.20   21.08    5.42    3.38 
1950 3	   0.30   24.72    4.15    3.79 
1950 4	  48.83   27.41    9.78    3.83 
1950 5	 103.95   29.64   15.05    3.49 
1950 6	  50.80   31.71   19.01    3.56 
1950 7	  85.88   33.79   20.25    4.08 
1950 8	  28.27   34.10   19.04    2.83 
1950 9	 113.67   31.60   17.15    2.84 
1950 10	  10.25   29.19   12.34    2.80 
1950 11	   0.50   23.51    4.86    3.37 
1950 12	   0.00   19.97    1.02    2.76 
1951 1	   0.15   17.34   -0.21    3.49 
1951 2	   4.97   17.98    1.98    4.11 
1951 3	  49.28   23.42    6.26    4.01 
1951 4	  38.75   27.39   10.34    3.73 
1951 5	  29.80   30.07   16.04    3.44 
1951 6	  37.07   32.92   19.53    4.24 
1951 7	  17.58   36.79   20.79    3.59 
1951 8	   0.50   37.33   19.62    3.37 
1951 9	  47.02   32.57   19.19    2.90 
1951 10	  30.73   27.82   15.16    2.96 
1951 11	   1.12   19.92    6.01    3.55 
1951 12	   8.52   19.50    3.40    3.25 
1952 1	   2.90   20.16    5.69    3.81 
1952 2	  14.93   21.35    4.72    3.39 
1952 3	  26.00   22.26    6.31    3.61 
1952 4	  54.30   25.28   10.03    3.53 
1952 5	  62.08   29.16   13.75    3.29 
1952 6	  12.77   34.74   20.17    3.67 
1952 7	  13.10   34.22   20.04    3.09 
1952 8	   3.00   37.40   21.51    3.53 
1952 9	  12.77   32.09   13.80    2.21 
1952 10	   0.00   27.64    6.14    2.37 
1952 11	  40.08   18.65    4.97    3.15 
1952 12	  30.45   16.15    0.23    2.73 
1953 1	   0.32   20.91    0.97    3.20 
1953 2	   7.92   18.87    1.48    3.02 
1953 3	  67.12   24.77    9.36    2.99 
1953 4	   0.65   27.23    9.53    2.99 
1953 5	  25.87   30.41   14.03    3.59 
1953 6	   7.75   36.70   20.96    3.57 
1953 7	  27.58   36.02   21.13    3.54 
1953 8	 128.17   34.77   19.84    2.47 
1953 9	  19.85   32.80   14.89    1.87 
1953 10	  44.22   26.39   12.47    2.53 
1953 11	   0.08   20.79    5.03    2.28 
1953 12	   7.20   15.32   -0.34    3.00 
1954 1	  22.33   18.04    1.51    3.30 
1954 2	   6.72   23.10    2.96    2.92 
1954 3	   0.00   22.69    5.39    3.45 
1954 4	  66.30   27.49   14.70    4.25 
1954 5	  57.67   27.90   15.20    3.40 
1954 6	 198.38   31.63   19.79    3.92 
1954 7	   6.70   34.65   20.41    3.19 
1954 8	  15.98   34.56   20.91    3.53 
1954 9	  43.72   33.69   18.31    2.32 
1954 10	  35.92   26.42   13.26    2.60 
1954 11	   8.18   21.34    4.58    2.46 
1954 12	   0.00   19.72    2.04    2.96 
1955 1	  25.65   15.30    1.55    3.30 
1955 2	   9.15   17.02    2.65    3.70 
1955 3	  16.23   23.84    6.75    3.82 
1955 4	   5.70   29.31   13.46    3.49 
1955 5	  60.03   31.38   16.08    3.50 
1955 6	  58.22   33.14   18.12    3.54 
1955 7	  85.75   33.51   19.98    3.64 
1955 8	  85.35   33.70   19.20    2.20 
1955 9	  82.75   31.58   17.47    2.32 
1955 10	  12.72   27.70    8.37    2.54 
1955 11	  28.65   21.10    3.35    3.29 
1955 12	   1.42   19.49   -0.11    2.59 
1956 1	  17.15   17.31   -0.78    3.09 
1956 2	  31.15   18.50    2.81    3.55 
1956 3	   0.00   25.26    5.31    3.28 
1956 4	  43.67   26.43   10.54    3.47 
1956 5	  35.18   31.52   16.55    3.63 
1956 6	  13.25   35.17   19.93    3.26 
1956 7	   6.95   35.05   20.21    3.89 
1956 8	  14.35   35.64   19.66    3.22 
1956 9	  13.02   33.34   16.03    2.21 
1956 10	  25.55   28.71   12.06    2.32 
1956 11	   5.30   19.49    4.24    2.91 
1956 12	   7.43   18.63    2.31    2.91 
1957 1	  14.17   15.92    2.64    3.25 
1957 2	  55.00   20.26    8.52    3.20 
1957 3	  58.75   21.96    6.94    3.38 
1957 4	 180.15   22.93   10.27    3.84 
1957 5	 178.00   25.92   15.39    3.46 
1957 6	  24.75   31.04   18.87    2.95 
1957 7	  38.18   36.72   20.02    3.23 
1957 8	  18.77   36.09   19.67    2.73 
1957 9	  77.62   31.07   15.14    2.54 
1957 10	 161.32   23.43   10.21    2.68 
1957 11	  70.38   17.30    4.21    3.00 
1957 12	  14.23   17.79    1.42    3.10 
1958 1	  58.10   14.55   -0.78    3.04 
1958 2	  98.20   13.67    2.11    3.57 
1958 3	  64.85   16.69    3.57    3.25 
1958 4	  28.88   24.45    9.55    3.38 
1958 5	  33.48   28.68   13.90    2.60 
1958 6	 162.13   32.56   19.40    3.32 
1958 7	   6.68   33.97   20.88    3.82 
1958 8	 102.55   34.09   20.17    2.76 
1958 9	 249.13   29.03   19.82    2.45 
1958 10	  80.27   23.01   13.45    2.78 
1958 11	  22.62   19.91    7.45    2.39 
1958 12	   2.60   15.73    1.39    2.65 
1959 1	   2.55   14.96    1.46    3.26 
1959 2	  35.23   16.77    4.63    3.10 
1959 3	  10.25   22.45    6.06    3.44 
1959 4	  87.00   23.48   10.55    3.54 
1959 5	  55.55   28.91   17.13    3.87 
1959 6	 182.02   32.34   19.84    3.08 
1959 7	  89.80   31.86   19.82    2.70 
1959 8	  37.70   32.69   20.42    2.76 
1959 9	   8.62   31.98   18.89    3.04 
1959 10	  91.17   26.29   12.38    2.68 
1959 11	  46.88   18.34    2.55    2.84 
1959 12	  59.05   16.81    3.62    3.21 
1960 1	  27.05   15.53    3.46    3.24 
1960 2	  58.30   15.10    1.06    3.94 
1960 3	  36.38   19.27    5.11    3.44 
1960 4	  10.47   26.90   12.43    4.05 
1960 5	  20.50   30.14   14.20    3.82 
1960 6	   0.30   35.40   19.03    3.25 
1960 7	  66.15   34.18   20.44    2.77 
1960 8	 147.73   32.60   20.75    2.88 
1960 9	  10.50   32.23   16.50    2.06 
1960 10	 105.47   27.30   14.92    2.61 
1960 11	  23.15   19.17    8.61    2.64 
1960 12	  50.20   12.93    0.89    2.94 
1961 1	  53.55   13.01   -2.06    2.89 
1961 2	  56.35   18.34    1.16    3.53 
1961 3	   7.73   23.54    6.29    3.45 
1961 4	   5.68   26.52    9.34    3.81 
1961 5	  25.88   30.60   15.95    3.93 
1961 6	 200.33   30.95   18.65    3.16 
1961 7	  78.92   30.94   19.28    3.24 
1961 8	  10.92   32.85   18.34    1.98 
1961 9	  58.85   31.03   17.46    3.35 
1961 10	  40.08   26.88   10.53    3.05 
1961 11	  38.20   19.02    3.24    2.96 
1961 12	   1.85   16.40    0.77    2.70 
1962 1	   7.50   13.35   -4.13    3.48 
1962 2	  17.03   22.74    3.20    3.30 
1962 3	   3.40   20.57    3.20    3.37 
1962 4	  64.52   26.04   10.24    3.69 
1962 5	  34.72   30.41   15.97    4.69 
1962 6	  47.80   31.83   18.44    3.05 
1962 7	   0.00   36.12   20.63    3.52 
1962 8	  17.90   37.14   19.92    2.45 
1962 9	  88.60   32.41   18.01    2.35 
1962 10	  90.30   27.73   14.86    3.06 
1962 11	  16.17   20.84    6.84    2.66 
1962 12	   5.80   15.57    1.70    2.47 
1963 1	   0.68   14.38   -3.10    2.91 
1963 2	  39.78   18.67    1.27    3.03 
1963 3	   1.97   24.97    7.27    3.65 
1963 4	  25.42   29.90   14.27    4.39 
1963 5	 119.88   28.91   16.10    3.70 
1963 6	  24.83   32.30   18.93    3.71 
1963 7	   5.85   35.03   19.94    3.67 
1963 8	  66.75   34.89   19.65    2.70 
1963 9	  31.65   32.00   16.72    1.95 
1963 10	  31.50   28.83   12.81    2.11 
1963 11	  59.10   21.10    6.71    3.27 
1963 12	  17.67   12.39   -1.69    2.78 
1964 1	  50.50   16.56   -0.11    3.16 
1964 2	  24.30   15.05    0.65    3.27 
1964 3	  34.10   22.70    6.17    3.67 
1964 4	  41.97   26.90   12.18    3.88 
1964 5	  26.42   29.63   17.08    3.64 
1964 6	  29.95   33.27   18.79    3.38 
1964 7	  28.37   35.32   19.54    2.98 
1964 8	  63.90   35.94   20.61    3.40 
1964 9	 211.75   30.09   18.04    2.45 
1964 10	  29.50   24.97    9.39    2.38 
1964 11	  18.15   21.82    7.81    2.87 
1964 12	  15.43   17.20    2.20    2.86 
1965 1	  28.10   17.39    3.00    2.87 
1965 2	  58.25   13.18    2.01    3.22 
1965 3	   4.70   19.26    3.28    3.66 
1965 4	  18.80   27.51   13.68    3.59 
1965 5	 156.40   26.98   16.84    3.84 
1965 6	  61.37   30.62   18.83    3.60 
1965 7	   6.93   34.49   19.83    2.84 
1965 8	  23.00   34.50   19.18    2.62 
1965 9	  39.92   32.83   18.05    2.84 
1965 10	  38.23   25.58    9.54    2.24 
1965 11	  15.22   23.56    9.54    2.16 
1965 12	  41.88   17.28    6.16    3.08 
1966 1	  32.92   12.04   -0.19    2.99 
1966 2	  25.40   16.08    0.70    3.19 
1966 3	  27.50   21.03    7.12    3.51 
1966 4	 132.25   26.38   12.81    3.52 
1966 5	  54.97   28.00   15.94    2.99 
1966 6	  40.58   31.40   18.95    2.91 
1966 7	  26.98   35.21   21.03    2.92 
1966 8	 216.47   31.72   19.47    2.81 
1966 9	 119.02   29.73   17.27    1.80 
1966 10	  17.32   26.28    8.51    2.31 
1966 11	   1.83   22.80    6.92    3.04 
1966 12	   0.00   18.19   -0.27    2.95 
1967 1	   1.05   18.00    1.22    3.26 
1967 2	  21.05   18.38    2.22    3.44 
1967 3	  12.35   26.76   10.09    4.15 
1967 4	  63.98   28.62   15.26    4.71 
1967 5	  29.32   31.21   14.97    3.81 
1967 6	   3.12   33.65   19.49    3.80 
1967 7	  99.80   34.88   20.10    3.67 
1967 8	  49.98   33.45   18.64    2.38 
1967 9	 105.28   27.54   16.11    2.31 
1967 10	  61.43   25.79   11.36    2.75 
1967 11	  92.47   20.72    7.78    2.55 
1967 12	  19.60   15.35    1.36    2.60 
1968 1	 118.72   13.97    2.68    3.33 
1968 2	  58.50   14.50    1.47    3.02 
1968 3	  77.15   18.69    6.27    4.18 
1968 4	 103.70   24.22   10.82    3.60 
1968 5	  68.68   27.69   15.95    4.00 
1968 6	  16.50   31.44   18.34    3.01 
1968 7	  48.95   32.05   19.43    3.12 
1968 8	  27.80   34.16   19.66    3.21 
1968 9	  84.57   29.51   15.38    2.33 
1968 10	   5.12   27.77   13.09    2.81 
1968 11	  92.93   19.95    4.24    3.14 
1968 12	   4.72   17.37    0.20    3.34 
1969 1	   7.68   17.62    3.51    3.09 
1969 2	  33.90   18.71    4.68    2.91 
1969 3	  26.60   19.31    4.19    3.60 
1969 4	  88.25   25.78   11.97    3.84 
1969 5	  65.10   28.36   14.33    2.61 
1969 6	  44.22   33.26   19.28    3.70 
1969 7	  29.20   36.92   20.98    3.34 
1969 8	  90.35   35.32   19.60    2.56 
1969 9	  87.25   30.69   16.90    2.14 
1969 10	 155.62   24.48   12.70    3.28 
1969 11	  57.55   19.89    5.17    2.70 
1969 12	  35.93   18.75    3.20    2.35 
1970 1	  18.73   15.10    0.16    2.65 
1970 2	  45.17   18.71    3.89    3.32 
1970 3	  25.62   19.70    4.57    3.34 
1970 4	  18.40   26.78   12.12    3.86 
1970 5	 131.82   28.08   13.18    3.25 
1970 6	  63.13   30.83   17.26    3.10 
1970 7	  12.05   34.86   19.85    2.61 
1970 8	  47.72   35.62   19.69    2.44 
1970 9	  99.93   30.31   17.62    2.87 
1970 10	  12.38   25.29   11.24    2.38 
1970 11	   0.00   21.34    3.46    3.16 
1970 12	   2.03   20.60    5.05    3.13 
1971 1	   0.00   21.84    2.84    3.19 
1971 2	  33.50   20.93    2.81    3.65 
1971 3	   0.62   25.92    6.31    3.59 
1971 4	  51.05   26.52   10.90    3.55 
1971 5	  24.15   31.45   15.78    3.89 
1971 6	 128.38   32.06   19.16    3.56 
1971 7	  97.45   33.21   19.49    3.12 
1971 8	 204.33   29.36   18.25    2.18 
1971 9	  50.33   30.02   17.07    2.58 
1971 10	 106.52   25.08   13.53    2.50 
1971 11	   7.55   21.26    8.05    2.83 
1971 12	  16.35   18.52    4.71    2.97 
1972 1	  15.17   19.23    2.27    3.11 
1972 2	   5.03   21.07    3.50    3.08 
1972 3	  26.60   26.29    9.65    3.18 
1972 4	  22.02   29.20   13.79    3.90 
1972 5	 134.42   27.48   14.77    2.74 
1972 6	  49.85   32.37   18.81    2.66 
1972 7	  19.65   32.89   19.61    3.10 
1972 8	 185.98   31.37   18.73    2.76 
1972 9	  76.72   31.21   18.70    2.36 
1972 10	  27.45   27.06   12.75    2.64 
1972 11	  18.17   19.35    3.41    2.77 
1972 12	   4.70   17.64    0.57    3.03 
1973 1	  37.15   13.30   -0.46    3.54 
1973 2	  79.47   16.50    1.71    3.35 
1973 3	  29.88   23.88    7.98    2.98 
1973 4	  18.27   24.21    9.35    3.61 
1973 5	  30.32   30.72   14.13    3.33 
1973 6	  68.02   30.35   17.65    3.48 
1973 7	 135.15   32.18   19.15    3.23 
1973 8	   1.65   32.78   18.05    2.24 
1973 9	  41.47   30.90   17.62    2.63 
1973 10	 200.62   26.07   13.41    2.58 
1973 11	   8.60   23.36    9.84    3.03 
1973 12	   0.03   18.77    0.64    3.23 
1974 1	   1.95   17.98    1.52    2.96 
1974 2	   0.15   21.96    2.47    3.63 
1974 3	  24.10   26.77   11.56    4.24 
1974 4	  96.07   27.76   11.54    4.03 
1974 5	  54.23   30.33   16.88    3.58 
1974 6	  12.12   33.44   17.58    3.05 
1974 7	  18.45   34.80   19.41    3.00 
1974 8	 241.40   31.94   19.39    3.24 
1974 9	 123.35   26.67   14.39    2.81 
1974 10	 103.55   24.89   12.47    2.82 
1974 11	  23.43   18.96    6.09    2.83 
1974 12	  44.12   15.89    0.85    2.44 
1975 1	  21.70   17.99    2.04    3.22 
1975 2	  32.72   19.15    2.05    3.25 
1975 3	   9.43   23.58    6.57    3.75 
1975 4	  71.15   26.05   12.16    4.43 
1975 5	 186.10   28.17   15.20    3.49 
1975 6	  88.72   30.87   19.16    3.60 
1975 7	 118.92   31.13   18.97    2.77 
1975 8	  35.85   32.14   19.90    2.71 
1975 9	  48.50   29.28   14.72    2.39 
1975 10	  56.12   26.76   11.46    2.92 
1975 11	  39.28   21.45    5.65    3.10 
1975 12	   4.95   18.01    2.09    3.32 
1976 1	   3.03   17.23   -0.46    3.10 
1976 2	   9.52   24.17    5.23    4.09 
1976 3	  26.98   24.31    8.71    3.76 
1976 4	  77.45   24.91   12.04    3.92 
1976 5	  81.53   27.83   13.62    3.06 
1976 6	  80.20   31.53   18.37    3.46 
1976 7	 181.25   28.87   18.94    3.01 
1976 8	  86.45   32.65   18.10    2.01 
1976 9	  64.48   29.53   16.82    2.13 
1976 10	 122.43   22.34    7.49    2.80 
1976 11	  19.48   16.70    3.32    2.67 
1976 12	  34.42   15.91    0.20    2.70 
1977 1	  29.38   12.61   -0.73    2.90 
1977 2	  22.67   19.16    2.48    2.98 
1977 3	  64.70   22.55    6.76    3.48 
1977 4	 137.80   24.26   10.69    3.51 
1977 5	  37.62   27.00   17.08    4.23 
1977 6	  48.55   32.46   18.58    3.25 
1977 7	   0.92   34.83   19.94    3.26 
1977 8	  32.75   35.94   20.58    3.15 
1977 9	  19.78   34.96   19.57    2.62 
1977 10	  66.38   28.21   13.16    2.57 
1977 11	  42.83   22.14    6.11    2.36 
1977 12	   4.75   19.06    2.40    3.17 
1978 1	  10.65   12.80   -0.97    3.37 
1978 2	  35.30   13.33    0.28    3.04 
1978 3	   5.97   23.03    5.69    3.43 
1978 4	  27.15   28.14   12.93    4.28 
1978 5	  49.30   31.62   16.96    3.78 
1978 6	  75.88   32.87   19.06    2.91 
1978 7	  34.75   36.34   20.57    3.37 
1978 8	  56.60   33.10   19.55    2.68 
1978 9	  83.60   30.21   18.01    2.56 
1978 10	  37.73   26.56   11.26    2.24 
1978 11	  51.80   20.37    8.25    3.04 
1978 12	  22.67   15.08    1.10    2.85 
1979 1	   9.43   10.75   -1.57    3.55 
1979 2	  43.08   17.16    1.72    3.24 
1979 3	  51.33   21.71    7.55    3.79 
1979 4	  31.15   26.35   11.47    2.98 
1979 5	 110.05   28.49   13.86    3.51 
1979 6	  50.83   30.59   18.09    2.88 
1979 7	  91.40   34.90   20.81    2.80 
1979 8	  76.10   32.88   19.12    2.77 
1979 9	   2.05   32.45   15.03    2.15 
1979 10	  10.75   30.75   12.80    2.91 
1979 11	  32.85   20.03    4.15    2.98 
1979 12	  36.77   17.47    2.52    3.05 
1980 1	  36.70   16.45    3.04    3.22 
1980 2	  18.98   18.52    2.27    3.06 
1980 3	  18.90   22.27    6.35    3.34 
1980 4	   9.55   27.83    9.90    3.57 
1980 5	  82.78   30.14   15.87    3.63 
1980 6	  48.80   35.35   21.14    4.01 
1980 7	  13.77   37.72   21.35    3.32 
1980 8	  30.20   34.19   20.89    3.65 
1980 9	 136.38   32.14   19.64    2.80 
1980 10	  36.10   25.88   10.83    2.36 
1980 11	  51.20   19.32    5.33    2.78 
1980 12	  27.52   17.15    3.64    2.97 
1981 1	  19.17   15.47    2.54    2.81 
1981 2	  19.60   17.53    4.50    3.69 
1981 3	  77.07   19.51    6.87    3.33 
1981 4	 108.30   24.93   13.87    3.91 
1981 5	  64.03   28.67   14.88    3.72 
1981 6	 213.78   30.01   18.58    3.14 
1981 7	   3.20   33.70   20.66    3.49 
1981 8	  96.95   33.69   19.07    2.76 
1981 9	  34.40   30.45   16.90    2.75 
1981 10	 240.45   25.48   13.30    3.18 
1981 11	  13.50   23.68    6.73    2.57 
1981 12	   0.00   18.85    1.70    2.64 
1982 1	   7.75   18.74    0.73    3.41 
1982 2	  58.80   16.53    2.25    3.48 
1982 3	  11.85   23.16    9.40    4.04 
1982 4	  26.70   26.67   11.42    3.72 
1982 5	 146.23   27.81   16.15    3.94 
1982 6	  70.68   32.09   19.61    4.08 
1982 7	  43.00   34.20   20.44    3.92 
1982 8	  33.05   36.00   19.87    3.10 
1982 9	  37.70   32.03   16.93    2.54 
1982 10	  10.25   27.37   12.51    2.79 
1982 11	  58.67   19.90    6.67    3.12 
1982 12	  33.90   16.55    1.95    3.20 
1983 1	  29.07   15.37    0.81    2.47 
1983 2	  39.38   17.11    2.51    3.01 
1983 3	  40.23   20.42    4.48    3.66 
1983 4	   3.85   26.54    8.49    3.79 
1983 5	  63.03   29.77   15.20    3.53 
1983 6	 100.63   30.58   18.05    3.35 
1983 7	  10.83   33.86   20.50    3.08 
1983 8	  46.05   35.09   20.28    2.06 
1983 9	  30.65   32.00   17.64    2.74 
1983 10	  77.32   27.46   14.39    2.95 
1983 11	  45.70   22.39    7.56    2.76 
1983 12	   7.22   13.63   -2.35    3.18 
1984 1	  32.83   12.68    0.13    2.96 
1984 2	   7.55   19.24    3.16    3.24 
1984 3	  10.98   24.26    7.38    4.01 
1984 4	   5.00   29.26   10.32    3.08 
1984 5	  22.77   32.41   15.88    3.60 
1984 6	  24.67   34.07   19.47    3.93 
1984 7	  77.95   34.72   19.37    2.82 
1984 8	  21.23   34.61   20.76    2.98 
1984 9	  31.75   30.60   16.52    3.09 
1984 10	 102.88   25.03   14.75    2.71 
1984 11	  49.68   19.11    7.65    3.01 
1984 12	 155.32   18.64    8.48    3.44 
1985 1	  46.40   12.91   -1.29    3.13 
1985 2	  20.28   16.09    2.95    3.63 
1985 3	  34.78   22.03   10.43    3.77 
1985 4	  43.80   26.78   13.19    3.59 
1985 5	  88.20   30.61   17.84    3.37 
1985 6	 109.03   31.51   19.58    3.16 
1985 7	  85.77   32.67   20.30    3.02 
1985 8	  11.92   35.54   21.09    2.88 
1985 9	 125.83   30.94   18.69    3.09 
1985 10	  77.03   24.83   14.23    3.38 
1985 11	  21.07   21.46   10.24    3.19 
1985 12	   0.28   15.53    0.55    2.70 
1986 1	  19.55   17.99    2.19    2.87 
1986 2	  46.40   21.33    5.26    2.87 
1986 3	   9.10   23.78    7.86    3.21 
1986 4	  24.78   28.37   14.97    4.05 
1986 5	 139.20   29.12   16.10    3.72 
1986 6	 104.42   30.62   19.94    2.54 
1986 7	   7.60   34.04   21.08    3.69 
1986 8	  74.33   33.29   20.54    2.86 
1986 9	  46.28   30.24   19.78    3.12 
1986 10	 200.93   24.31   11.65    2.59 
1986 11	  46.27   19.43    4.45    2.60 
1986 12	  73.57   13.95    1.60    2.90 
1987 1	   8.52   15.08   -2.24    2.96 
1987 2	  64.95   16.53    2.21    3.62 
1987 3	  27.80   18.75    2.16    3.16 
1987 4	  59.40   24.34    5.98    2.98 
1987 5	 112.90   28.11   14.72    3.25 
1987 6	 117.25   29.84   17.95    2.43 
1987 7	  66.02   32.08   19.45    3.00 
1987 8	 145.47   33.90   19.80    3.20 
1987 9	  72.45   29.79   15.38    2.61 
1987 10	  13.25   26.61   10.04    2.71 
1987 11	  37.55   19.85    3.96    2.81 
1987 12	  25.45   16.93    0.23    2.90 
1988 1	   2.47   14.22   -3.76    3.29 
1988 2	   4.10   17.96    1.12    3.17 
1988 3	  17.80   23.68    4.57    3.64 
1988 4	  17.70   28.21    8.27    2.87 
1988 5	 101.00   28.67   13.72    3.43 
1988 6	  84.95   32.65   16.53    2.58 
1988 7	 144.93   32.45   19.47    2.86 
1988 8	  29.35   33.70   19.17    2.58 
1988 9	  85.43   31.21   15.13    2.72 
1988 10	  18.57   27.61    9.96    2.45 
1988 11	   0.40   24.04    4.87    2.88 
1988 12	  11.95   17.50    1.21    2.90 
1989 1	  39.43   18.51    1.39    2.89 
1989 2	  77.82   14.46    0.89    3.98 
1989 3	  28.60   23.01    4.35    3.46 
1989 4	  21.98   27.15   10.79    3.66 
1989 5	  72.62   31.88   16.50    4.31 
1989 6	  28.30   33.13   17.57    3.45 
1989 7	  10.75   35.62   19.03    2.69 
1989 8	  17.43   34.06   19.32    3.30 
1989 9	  24.98   31.17   13.94    2.86 
1989 10	  49.73   27.79    8.69    2.86 
1989 11	  25.52   21.20    5.28    2.65 
1989 12	   7.55   12.42   -4.63    2.97 
1990 1	  27.35   18.49    1.28    3.19 
1990 2	  78.90   19.90    4.48    3.31 
1990 3	  69.75   19.21    8.09    4.10 
1990 4	 111.35   23.30   11.81    3.98 
1990 5	 112.33   27.74   15.88    4.09 
1990 6	   0.20   34.21   20.27    4.19 
1990 7	 208.23   30.02   19.01    3.37 
1990 8	  24.78   31.25   18.58    3.19 
1990 9	  93.57   28.56   15.92    2.04 
1990 10	  59.85   26.77    8.25    2.49 
1990 11	  32.62   20.96    7.36    3.07 
1990 12	   0.70   17.19    1.23    3.09 
1991 1	  28.23   13.47    1.50    3.02 
1991 2	  29.92   18.77    3.32    2.97 
1991 3	   2.42   23.53    6.83    3.55 
1991 4	  37.83   26.97   12.39    3.17 
1991 5	  40.90   30.47   17.51    3.82 
1991 6	  59.70   32.70   19.11    3.32 
1991 7	  69.15   32.77   19.47    3.19 
1991 8	  56.88   33.61   19.90    2.75 
1991 9	 165.52   28.34   15.96    2.42 
1991 10	  41.12   27.11   12.68    2.59 
1991 11	  19.90   18.32    3.07    3.18 
1991 12	 110.55   15.51    3.89    3.30 
1992 1	  44.50   12.46    2.64    2.66 
1992 2	  77.72   17.65    5.70    3.00 
1992 3	  60.38   21.60    8.16    3.21 
1992 4	  27.67   23.89   11.70    3.19 
1992 5	  75.83   26.91   15.16    3.01 
1992 6	  96.35   31.93   19.13    3.15 
1992 7	  20.27   32.64   20.83    4.22 
1992 8	  76.53   31.66   19.02    2.27 
1992 9	  23.77   31.32   18.08    2.84 
1992 10	   5.28   27.48   12.83    2.38 
1992 11	  48.70   17.96    4.79    2.84 
1992 12	  37.05   15.78    4.28    2.87 
1993 1	  16.42   14.34    2.03    2.71 
1993 2	  36.65   17.19    3.79    3.24 
1993 3	  24.42   20.88    7.05    3.14 
1993 4	  77.53   25.12    9.74    3.82 
1993 5	  40.07   28.37   13.65    3.16 
1993 6	  43.40   31.34   20.05    3.42 
1993 7	  10.05   33.77   21.20    4.40 
1993 8	  56.43   34.74   21.05    3.21 
1993 9	  60.22   30.33   17.20    2.40 
1993 10	   3.68   25.83   11.59    2.76 
1993 11	   7.38   17.95    4.66    2.89 
1993 12	  21.27   16.78    4.13    3.24 
1994 1	  33.15   15.63    3.10    3.36 
1994 2	  11.52   16.73    3.73    3.56 
1994 3	  31.85   22.38    8.58    3.28 
1994 4	  28.65   25.81   10.57    3.64 
1994 5	 119.78   27.36   15.93    3.41 
1994 6	  72.90   33.43   20.08    2.83 
1994 7	  36.93   33.98   20.73    3.80 
1994 8	  89.27   33.25   20.07    2.62 
1994 9	 101.50   29.60   16.79    1.93 
1994 10	  64.50   25.06   13.94    2.57 
1994 11	  43.78   19.87    7.11    3.17 
1994 12	  82.62   16.05    5.56    2.74 
1995 1	   5.05   15.47    2.93    3.12 
1995 2	  25.92   19.13    5.17    2.82 
1995 3	  46.67   18.94    6.33    3.43 
1995 4	  23.88   25.41   10.18    3.60 
1995 5	 117.48   29.40   16.70    4.03 
1995 6	  43.65   30.53   18.40    3.50 
1995 7	  46.50   34.19   20.18    3.05 
1995 8	  16.72   33.99   20.95    2.08 
1995 9	  94.60   30.45   17.84    2.16 
1995 10	  23.80   26.65   11.92    2.49 
1995 11	  36.05   19.74    6.42    2.56 
1995 12	   5.15   16.77    2.53    2.81 
1996 1	   0.00   17.10   -0.72    3.18 
1996 2	   7.43   19.22    3.65    3.62 
1996 3	   8.30   19.37    3.52    3.49 
1996 4	  29.20   26.71    9.80    3.62 
1996 5	  57.75   31.82   18.13    5.10 
1996 6	  23.95   33.85   20.29    3.27 
1996 7	  23.30   34.92   21.61    3.44 
1996 8	  95.05   32.76   20.68    3.14 
1996 9	 111.35   29.28   17.99    1.93 
1996 10	 142.98   25.32   12.29    2.77 
1996 11	  70.90   18.76    7.31    3.20 
1996 12	  32.30   16.23    2.73    2.73 
1997 1	  21.68   13.14    0.38    3.19 
1997 2	  69.82   14.36    2.95    3.21 
1997 3	 103.28   21.75    8.30    3.08 
1997 4	  79.30   21.62    8.71    3.40 
1997 5	  63.30   26.95   14.56    2.81 
1997 6	 215.75   29.87   18.39    3.17 
1997 7	   0.08   33.27   20.32    3.14 
1997 8	  11.88   34.58   20.50    3.07 
1997 9	  66.12   32.34   18.37    2.06 
1997 10	  46.75   25.24   12.03    2.78 
1997 11	  25.95   19.01    4.98    2.60 
1997 12	  27.10   15.25    0.18    3.18 
1998 1	  30.35   18.28    3.70    2.93 
1998 2	  34.95   18.46    3.37    2.94 
1998 3	  59.08   20.25    5.67    3.79 
1998 4	   6.75   26.56    9.09    3.25 
1998 5	  28.42   33.17   17.04    3.90 
1998 6	  68.62   34.51   20.68    4.31 
1998 7	   9.67   36.18   21.85    3.68 
1998 8	 341.13   31.27   20.03    2.26 
1998 9	  68.05   30.20   18.68    2.08 
1998 10	 106.55   24.27   14.13    3.12 
1998 11	  36.45   20.13    9.16    2.53 
1998 12	  18.10   15.82    2.79    3.17 
1999 1	  13.38   18.44    1.83    3.45 
1999 2	   2.15   22.12    5.40    3.08 
1999 3	  79.50   21.30    8.26    3.75 
1999 4	  52.05   26.09   12.64    3.87 
1999 5	  89.60   27.83   16.37    3.59 
1999 6	 107.45   30.14   20.18    3.55 
1999 7	  37.02   31.97   20.16    3.03 
1999 8	  10.85   35.60   20.71    2.10 
1999 9	   5.65   32.00   17.22    2.57 
1999 10	  59.38   26.25   10.52    2.49 
1999 11	   0.08   22.63    6.89    2.51 
1999 12	   6.62   16.68    2.02    3.15 
2000 1	   6.95   19.22    2.52    3.30 
2000 2	  15.00   21.82    6.48    3.58 
2000 3	  10.45   25.28    8.52    3.33 
2000 4	  55.70   26.80   12.17    3.66 
2000 5	  39.12   30.65   18.15    3.91 
2000 6	 124.70   29.62   19.84    3.51 
2000 7	  10.05   35.53   20.58    3.14 
2000 8	   3.78   34.84   20.31    2.49 
2000 9	  69.20   33.16   16.44    2.32 
2000 10	 269.25   22.09   13.92    3.30 
2000 11	 195.18   16.00    5.38    2.94 
2000 12	  20.68   12.19   -0.19    2.93 
2001 1	  44.53   13.16    1.38    3.14 
2001 2	  30.88   17.62    5.05    3.48 
2001 3	  44.48   17.36    5.22    2.96 
2001 4	  28.33   24.79   13.29    4.00 
2001 5	  61.05   28.95   15.61    3.49 
2001 6	  21.18   33.22   19.55    2.94 
2001 7	   5.12   34.92   20.86    3.24 
2001 8	  55.12   34.27   20.62    2.85 
2001 9	  35.88   29.94   16.74    2.38 
2001 10	  26.10   25.48   11.08    2.82 
2001 11	 102.12   20.07    9.56    2.73 
2001 12	  13.30   15.71    3.03    2.89 
2002 1	  16.12   16.55    2.44    3.00 
2002 2	  17.08   15.66    0.51    3.01 
2002 3	  27.80   20.42    4.89    3.76 
2002 4	  34.50   27.23   14.16    4.27 
2002 5	  12.07   30.13   16.61    4.29 
2002 6	  27.05   32.66   19.11    3.07 
2002 7	  94.45   30.35   19.38    3.17 
2002 8	  16.73   33.73   19.35    2.54 
2002 9	  53.02   30.41   14.06    2.25 
2002 10	 178.68   23.71   12.42    2.50 
2002 11	  12.82   18.03    1.78    2.69 
2002 12	  34.88   15.92   -0.90    3.07 
2003 1	   3.20   14.80   -0.75    2.74 
2003 2	  36.95   14.77    2.16    3.27 
2003 3	  35.10   21.32    7.53    2.85 
2003 4	   2.40   26.17   11.56    3.68 
2003 5	  41.50   31.37   17.44    3.31 
2003 6	 112.55   31.31   18.00    2.65 
2003 7	  83.05   31.64   19.34    2.52 
2003 8	  84.65   33.06   19.60    2.13 
2003 9	  93.55   27.13   17.06    1.92 
2003 10	  92.90   25.23   12.02    2.26 
2003 11	  25.45   18.69    7.56    3.24 
2003 12	   0.10   16.91    1.42    3.17 
2004 1	  33.65   14.50    3.52    3.53 
2004 2	  33.38   14.46    1.66    3.25 
2004 3	  83.15   21.76   10.13    3.53 
2004 4	 132.68   22.92   11.05    3.80 
2004 5	  45.95   26.84   15.91    3.77 
2004 6	 133.18   29.80   19.14    3.02 
2004 7	  26.67   31.21   19.39    2.53 
2004 8	 163.10   31.68   19.20    2.35 
2004 9	  69.92   28.11   17.12    1.99 
2004 10	 112.73   26.16   15.24    2.91 
2004 11	 161.22   18.97    5.96    3.02 
2004 12	  15.52   14.85   -1.65    3.15 
2005 1	  32.42   16.86    3.92    3.47 
2005 2	  55.20   14.71    5.29    3.27 
2005 3	  66.25   20.75    5.11    2.84 
2005 4	  20.25   25.42    9.18    3.59 
2005 5	 148.25   26.89   14.67    3.46 
2005 6	   4.17   31.27   19.11    3.52 
2005 7	  88.45   33.50   20.52    2.86 
2005 8	 106.20   31.85   19.93    2.73 
2005 9	   1.33   32.77   19.42    2.20 
2005 10	  86.05   24.58   12.06    2.58 
2005 11	   3.02   22.06    6.84    2.75 
2005 12	   2.50   16.31   -0.48    2.58 
2006 1	  21.53   19.77    1.58    3.19 
2006 2	  12.20   17.70    1.73    3.26 
2006 3	  32.58   22.99    8.40    3.80 
2006 4	  68.47   28.45   13.96    3.76 
2006 5	  37.65   31.21   15.80    3.65 
2006 6	  62.70   32.94   18.58    2.70 
2006 7	   2.23   33.60   20.17    2.66 
2006 8	  69.65   34.33   21.25    2.92 
2006 9	  70.55   29.16   16.58    2.25 
2006 10	  80.60   25.54   12.04    2.55 
2006 11	   0.55   22.16    7.69    3.02 
2006 12	  16.07   15.35    2.16    3.01 
2007 1	  59.50   10.46   -0.51    3.40 
2007 2	   0.52   16.69    1.62    2.64 
2007 3	 123.03   22.06    9.63    3.73 
2007 4	  62.17   22.60    9.06    3.51 
2007 5	 196.65   25.53   15.68    3.50 
2007 6	 249.80   29.15   18.81    3.13 
2007 7	 117.65   28.80   19.79    2.41 
2007 8	 120.28   31.01   20.56    2.35 
2007 9	  79.27   28.76   18.69    2.05 
2007 10	  22.97   27.26   12.35    2.42 
2007 11	  36.55   20.28    7.28    2.85 
2007 12	   3.05   17.44    0.83    2.81 
2008 1	   4.63   14.07    0.56    3.09 
2008 2	   4.18   20.28    3.25    3.18 
2008 3	  43.38   21.63    6.22    3.92 
2008 4	  27.33   26.06   10.72    3.67 
2008 5	  23.20   30.93   16.26    3.55 
2008 6	  51.58   34.24   20.75    3.95 
2008 7	  24.83   32.95   20.24    3.54 
2008 8	  78.88   32.93   20.25    2.43 
2008 9	  32.25   29.42   15.95    1.89 
2008 10	  18.30   26.07   10.80    2.58 
2008 11	   0.20   21.67    6.11    2.19 
2008 12	   1.62   16.35    0.23    3.16 
2009 1	   1.48   17.27    0.22    2.96 
2009 2	   2.83   21.43    4.54    3.71 
2009 3	  69.70   21.64    8.03    3.81 
2009 4	  98.48   25.05   10.25    3.82 
2009 5	  32.40   29.50   16.49    3.29 
2009 6	  44.08   34.11   20.32    3.58 
2009 7	  88.83   35.23   21.40    3.39 
2009 8	  20.80   34.92   20.87    2.83 
2009 9	  67.45   28.17   16.89    1.94 
2009 10	  68.53   24.24   11.86    2.88 
2009 11	  30.02   20.33    6.02    2.44 
2009 12	  29.45   11.72    0.02    2.76 
2010 1	  72.08   12.81    0.22    3.48 
2010 2	  67.07   12.83    0.93    3.21 
2010 3	  44.38   19.40    3.87    3.37 
2010 4	 100.97   23.33   10.95    3.56 
2010 5	  66.60   28.20   16.24    3.47 
2010 6	  82.05   32.55   20.57    3.68 
2010 7	  46.80   31.22   21.39    3.01 
2010 8	  38.08   34.77   21.21    2.45 
2010 9	  55.72   30.18   18.21    2.39 
2010 10	   5.38   27.33   11.47    2.58 
2010 11	   0.00   22.09    6.17    3.48 
2010 12	  11.18   17.23    1.05    2.96 
