1949 1	  74.45   14.72    2.91    4.21 
1949 2	 183.22   20.48    8.89    3.91 
1949 3	  28.05   24.17    9.63    3.84 
1949 4	  72.18   24.23   11.54    3.72 
1949 5	  57.72   30.40   19.96    3.84 
1949 6	  82.48   33.73   20.76    3.81 
1949 7	  49.83   35.23   22.07    3.35 
1949 8	 110.45   34.95   20.61    2.68 
1949 9	  88.20   33.84   19.75    2.81 
1949 10	  89.38   28.37   13.92    3.45 
1949 11	   0.00   26.59    5.84    2.67 
1949 12	  52.80   18.86    7.00    3.95 
1950 1	   5.73   20.35   10.42    4.44 
1950 2	  21.67   21.04    8.39    3.77 
1950 3	   1.55   25.35    8.83    4.11 
1950 4	  34.22   27.73   14.33    4.14 
1950 5	  92.82   31.46   19.42    3.90 
1950 6	  77.53   33.52   20.84    3.81 
1950 7	  90.28   35.46   21.85    4.42 
1950 8	  44.65   35.94   20.52    2.88 
1950 9	  71.62   33.28   20.14    2.95 
1950 10	   4.30   32.01   14.54    3.00 
1950 11	   0.75   24.61    6.77    3.75 
1950 12	   0.00   22.24    1.22    3.24 
1951 1	   0.25   20.61    0.58    4.09 
1951 2	  11.20   21.44    4.81    4.75 
1951 3	  73.87   26.18    9.85    4.40 
1951 4	   8.05   29.90   12.58    4.07 
1951 5	 107.53   30.00   17.99    3.67 
1951 6	  65.83   33.98   21.95    4.58 
1951 7	   1.60   37.65   23.35    3.85 
1951 8	  45.90   37.95   22.96    3.54 
1951 9	  13.95   34.71   20.64    3.08 
1951 10	  79.40   30.39   16.08    3.15 
1951 11	   4.15   21.91    7.04    3.99 
1951 12	   9.83   20.97    4.66    3.72 
1952 1	   5.25   22.49    7.53    4.39 
1952 2	  35.75   23.22    6.10    3.77 
1952 3	  46.10   23.55    8.79    3.93 
1952 4	  53.45   26.65   12.36    3.86 
1952 5	 104.38   31.21   15.85    3.54 
1952 6	  12.72   34.12   21.50    3.85 
1952 7	   8.38   36.45   22.32    3.18 
1952 8	   0.00   38.55   22.60    3.77 
1952 9	  30.22   33.79   18.52    2.48 
1952 10	   0.00   28.96   10.17    2.60 
1952 11	  58.80   21.50    8.48    3.56 
1952 12	  26.60   17.46    3.34    3.21 
1953 1	  12.40   22.60    2.78    3.49 
1953 2	   7.52   21.20    5.15    3.42 
1953 3	  30.37   27.85   13.61    3.58 
1953 4	  12.55   30.36   13.92    3.29 
1953 5	  16.35   33.85   18.36    3.83 
1953 6	  19.75   38.38   23.33    3.78 
1953 7	   0.62   38.04   23.89    3.71 
1953 8	 240.83   35.76   22.66    2.56 
1953 9	  64.45   31.98   17.26    2.14 
1953 10	 131.70   26.95   14.83    2.69 
1953 11	   2.88   22.53    6.86    2.66 
1953 12	  15.60   15.83    1.33    3.37 
1954 1	   8.45   19.45    4.83    3.72 
1954 2	   0.00   24.79    6.71    3.17 
1954 3	   0.30   25.32    8.43    3.87 
1954 4	  52.52   29.45   16.60    4.67 
1954 5	 126.40   30.92   17.54    3.61 
1954 6	 155.05   33.86   22.24    4.15 
1954 7	  45.17   36.46   22.11    3.42 
1954 8	  13.05   36.50   22.57    3.69 
1954 9	  28.30   35.78   20.35    2.42 
1954 10	  50.50   29.44   15.43    2.82 
1954 11	  12.35   24.26    5.69    2.78 
1954 12	   0.08   22.32    4.56    3.29 
1955 1	  15.60   18.08    3.40    3.83 
1955 2	  28.37   20.07    6.18    4.19 
1955 3	  16.33   25.83   10.06    4.42 
1955 4	   1.15   30.94   15.93    3.78 
1955 5	  78.42   33.05   18.64    3.82 
1955 6	  54.05   35.38   20.16    3.75 
1955 7	  79.93   35.55   21.42    3.78 
1955 8	  77.35   36.48   21.52    2.36 
1955 9	  35.78   34.04   20.39    2.50 
1955 10	   2.60   30.47   11.04    2.76 
1955 11	  42.83   22.95    6.97    3.73 
1955 12	   1.00   19.92    2.80    2.95 
1956 1	  10.73   19.28    2.33    3.41 
1956 2	  14.00   21.33    6.05    3.97 
1956 3	   0.28   27.16    8.77    3.69 
1956 4	   6.90   28.78   14.25    3.80 
1956 5	   7.07   34.21   18.68    3.89 
1956 6	  15.20   37.53   21.57    3.35 
1956 7	  12.33   37.29   21.13    4.02 
1956 8	  27.25   37.47   20.79    3.28 
1956 9	  13.98   35.31   17.68    2.31 
1956 10	  66.18   31.01   15.04    2.51 
1956 11	   5.55   22.05    6.38    3.24 
1956 12	   8.68   21.53    4.21    3.29 
1957 1	  10.50   18.32    5.59    3.78 
1957 2	  50.22   23.10   11.27    3.41 
1957 3	  55.10   24.58    9.17    3.58 
1957 4	 192.62   25.69   12.90    4.24 
1957 5	 244.30   29.02   17.59    3.78 
1957 6	  24.20   32.79   20.79    3.15 
1957 7	   1.05   38.07   21.34    3.52 
1957 8	  14.12   38.06   21.50    2.90 
1957 9	 127.48   33.54   17.88    2.56 
1957 10	 144.85   25.87   13.02    2.97 
1957 11	  66.52   19.40    7.31    3.41 
1957 12	  40.17   19.97    4.00    3.47 
1958 1	  96.80   16.40    1.30    3.43 
1958 2	  75.78   16.00    3.76    3.89 
1958 3	  44.65   19.87    6.38    3.62 
1958 4	  23.07   26.62   12.47    3.72 
1958 5	  82.30   30.07   16.30    2.88 
1958 6	 196.60   34.74   21.45    3.62 
1958 7	  19.08   36.45   22.04    3.93 
1958 8	  60.38   37.04   20.91    3.05 
1958 9	 167.23   31.65   21.32    2.49 
1958 10	 144.00   24.03   14.88    3.09 
1958 11	  11.72   21.56    8.68    2.75 
1958 12	  15.45   17.13    2.20    3.03 
1959 1	   9.65   15.93    2.26    3.66 
1959 2	  21.90   17.57    6.29    3.47 
1959 3	   3.02   24.13    6.91    3.70 
1959 4	  43.98   25.54   11.97    3.83 
1959 5	 102.43   31.21   18.45    4.09 
1959 6	 152.20   34.89   20.66    3.24 
1959 7	  93.85   34.45   21.06    2.85 
1959 8	  27.55   35.92   21.77    2.87 
1959 9	  44.17   34.32   20.14    3.16 
1959 10	 144.35   28.33   13.60    2.94 
1959 11	  34.65   20.01    3.98    3.22 
1959 12	  32.08   19.53    4.25    3.54 
1960 1	  13.88   16.24    3.51    3.70 
1960 2	  25.17   18.35    1.50    4.24 
1960 3	  41.02   20.15    6.59    3.82 
1960 4	   9.10   29.00   13.64    4.36 
1960 5	  41.53   31.02   16.30    4.14 
1960 6	   7.10   36.64   20.74    3.43 
1960 7	 170.18   35.96   21.66    2.96 
1960 8	 147.35   33.99   22.28    3.19 
1960 9	  20.23   33.46   17.66    2.15 
1960 10	  86.15   29.05   16.91    2.81 
1960 11	  20.80   21.69   10.26    2.97 
1960 12	  51.58   14.62    3.22    3.33 
1961 1	  30.28   14.89    1.05    3.31 
1961 2	  51.12   20.15    4.41    3.75 
1961 3	   1.15   26.06   10.04    3.76 
1961 4	  17.80   28.62   12.14    4.10 
1961 5	   8.15   33.05   18.67    4.25 
1961 6	 125.15   34.01   21.25    3.35 
1961 7	 165.15   32.83   21.35    3.52 
1961 8	  38.70   34.33   19.66    1.98 
1961 9	   8.60   33.50   19.22    3.58 
1961 10	 109.25   28.14   13.13    3.27 
1961 11	  10.98   20.22    6.86    3.33 
1961 12	  15.20   18.53    4.41    2.99 
1962 1	   7.30   15.29   -0.92    3.86 
1962 2	   9.88   26.69    7.88    3.57 
1962 3	  14.95   23.33    6.53    3.70 
1962 4	  48.25   29.04   13.06    4.04 
1962 5	  36.12   33.08   18.27    4.84 
1962 6	  31.35   34.61   21.12    3.33 
1962 7	   0.03   37.72   22.40    3.69 
1962 8	  55.80   38.61   21.80    2.55 
1962 9	  31.48   34.03   20.53    2.45 
1962 10	  19.88   30.94   17.18    3.27 
1962 11	  19.35   23.06    7.86    2.93 
1962 12	  13.05   17.31    4.17    2.79 
1963 1	   2.12   16.00   -0.69    3.27 
1963 2	  53.92   19.66    2.00    3.35 
1963 3	   0.65   26.99   10.74    3.95 
1963 4	  54.83   31.39   16.56    4.80 
1963 5	 115.92   30.57   18.88    3.91 
1963 6	  71.88   34.79   21.69    3.94 
1963 7	   8.80   36.23   22.17    3.84 
1963 8	   5.45   37.70   21.96    2.89 
1963 9	  58.95   34.29   19.07    2.03 
1963 10	  28.50   30.16   14.51    2.38 
1963 11	  26.27   23.56    8.25    3.65 
1963 12	  15.00   13.71   -0.18    3.31 
1964 1	  33.45   18.13   -0.29    3.44 
1964 2	  16.45   16.95    1.50    3.47 
1964 3	  39.53   24.15    7.62    4.01 
1964 4	  27.32   29.32   14.14    4.17 
1964 5	  64.15   31.78   18.45    3.80 
1964 6	   9.82   34.98   20.08    3.45 
1964 7	  34.47   37.55   21.28    3.20 
1964 8	  70.83   36.62   21.50    3.54 
1964 9	 225.47   32.41   19.75    2.58 
1964 10	  41.68   26.70   10.00    2.72 
1964 11	   9.75   23.61    8.27    3.24 
1964 12	  11.48   18.36    2.17    3.29 
1965 1	  12.68   20.11    3.96    3.20 
1965 2	  84.65   16.18    3.44    3.53 
1965 3	  63.38   20.34    6.05    4.05 
1965 4	  69.65   28.41   14.88    3.98 
1965 5	 135.15   28.31   18.64    4.17 
1965 6	  32.75   33.16   20.99    3.79 
1965 7	   6.92   36.70   20.98    3.04 
1965 8	  42.55   35.75   20.49    2.61 
1965 9	  63.98   33.92   19.43    2.99 
1965 10	  33.90   27.04   11.44    2.55 
1965 11	  23.60   24.50   10.80    2.37 
1965 12	  81.52   18.68    7.15    3.35 
1966 1	  40.92   14.08    1.28    3.39 
1966 2	  32.25   17.14    3.32    3.54 
1966 3	  25.80   22.93    9.10    3.66 
1966 4	 117.20   28.67   14.16    3.75 
1966 5	  40.48   29.35   17.98    3.27 
1966 6	  27.70   33.20   20.10    3.01 
1966 7	   3.95   37.09   22.53    3.03 
1966 8	 143.25   34.39   21.50    3.08 
1966 9	  70.40   32.48   19.05    1.92 
1966 10	   7.50   29.06   11.09    2.57 
1966 11	   0.73   25.69    9.47    3.27 
1966 12	   0.35   19.86    1.62    3.42 
1967 1	   2.45   18.41    1.71    3.57 
1967 2	  17.95   19.46    3.25    3.84 
1967 3	  10.38   27.77   11.60    4.32 
1967 4	  50.77   30.91   18.00    5.01 
1967 5	   5.45   33.08   17.62    4.13 
1967 6	  22.48   36.09   21.57    3.97 
1967 7	  16.73   37.60   22.14    3.86 
1967 8	  79.73   34.89   20.11    2.57 
1967 9	 122.25   29.93   17.10    2.33 
1967 10	  69.10   27.22   11.20    2.85 
1967 11	  67.08   21.69    8.32    2.80 
1967 12	  21.58   16.64    2.52    2.99 
1968 1	  80.08   15.32    3.50    3.74 
1968 2	  41.58   16.44    2.40    3.39 
1968 3	  50.70   20.33    7.07    4.48 
1968 4	  50.90   25.99   14.29    4.03 
1968 5	  92.57   29.08   18.38    4.20 
1968 6	  24.18   32.67   20.55    3.01 
1968 7	  63.35   33.60   21.61    3.20 
1968 8	  15.52   35.43   21.74    3.21 
1968 9	  90.80   29.81   17.58    2.53 
1968 10	  22.70   27.85   15.15    2.90 
1968 11	  64.85   21.66    7.35    3.45 
1968 12	   6.35   18.58    3.83    3.76 
1969 1	  28.65   19.23    5.43    3.49 
1969 2	  23.27   20.04    6.64    3.37 
1969 3	  17.40   21.21    5.98    3.92 
1969 4	  60.12   27.49   14.28    4.13 
1969 5	  90.02   29.23   16.81    2.84 
1969 6	  68.87   34.62   20.78    3.74 
1969 7	  25.92   37.54   23.00    3.54 
1969 8	 119.80   36.51   22.22    2.63 
1969 9	  39.93   31.74   19.73    2.26 
1969 10	 254.23   26.36   14.82    3.54 
1969 11	  63.00   21.00    7.23    3.14 
1969 12	  38.58   19.37    4.99    2.65 
1970 1	  18.67   15.14    1.65    3.10 
1970 2	  50.55   19.69    5.61    3.77 
1970 3	  23.27   21.41    6.82    3.65 
1970 4	  11.50   27.67   14.20    4.31 
1970 5	  92.75   28.85   15.59    3.60 
1970 6	  35.10   32.09   19.93    3.23 
1970 7	   5.65   34.42   21.79    2.66 
1970 8	  46.03   35.16   21.83    2.52 
1970 9	 140.25   31.24   19.91    3.05 
1970 10	   3.52   25.89   12.23    2.74 
1970 11	   0.00   22.89    4.95    3.54 
1970 12	   5.15   21.70    7.93    3.71 
1971 1	   0.00   22.40    5.17    3.72 
1971 2	  11.55   22.44    6.11    4.07 
1971 3	   0.00   27.68    8.71    3.95 
1971 4	  31.88   28.90   13.24    3.88 
1971 5	  15.75   33.49   17.86    4.20 
1971 6	 244.17   34.19   21.07    3.80 
1971 7	  44.33   34.66   21.05    3.32 
1971 8	 207.25   31.93   19.40    2.27 
1971 9	  74.57   31.46   19.22    2.69 
1971 10	 153.60   27.67   15.38    2.69 
1971 11	   2.08   24.06    9.17    3.01 
1971 12	  34.47   20.56    6.43    3.22 
1972 1	  19.45   20.73    3.57    3.51 
1972 2	   3.08   22.39    4.62    3.49 
1972 3	  11.70   28.28   11.30    3.36 
1972 4	  29.70   32.01   15.29    4.15 
1972 5	  55.90   29.46   16.54    3.01 
1972 6	  34.88   34.16   19.50    2.81 
1972 7	  20.30   35.00   20.89    3.13 
1972 8	 110.07   34.02   20.70    2.82 
1972 9	  73.18   33.26   20.70    2.34 
1972 10	  23.15   29.06   15.33    2.89 
1972 11	  19.75   21.00    5.59    3.18 
1972 12	  11.27   18.25    2.01    3.46 
1973 1	  45.67   15.47    1.45    3.94 
1973 2	  60.82   17.43    3.54    3.86 
1973 3	  31.50   26.21   10.26    3.18 
1973 4	  57.85   25.68   12.02    4.06 
1973 5	  30.12   32.91   16.16    3.69 
1973 6	 126.65   32.39   19.61    3.78 
1973 7	 148.35   33.75   21.31    3.46 
1973 8	  30.98   34.98   20.08    2.34 
1973 9	 104.70   32.18   19.69    2.73 
1973 10	 194.35   28.23   14.84    2.79 
1973 11	   1.55   25.71   11.52    3.28 
1973 12	   0.03   21.57    2.16    3.59 
1974 1	  27.45   18.76    2.82    3.24 
1974 2	   0.00   23.63    2.84    4.02 
1974 3	  26.52   28.02   12.31    4.57 
1974 4	  79.62   29.92   13.14    4.28 
1974 5	  44.95   32.32   18.88    3.80 
1974 6	   8.00   34.99   19.34    3.12 
1974 7	   4.28   36.57   20.64    3.08 
1974 8	 231.65   33.59   20.31    3.45 
1974 9	  33.17   28.98   15.34    2.99 
1974 10	  53.63   27.59   13.27    3.01 
1974 11	  31.30   21.01    6.56    3.12 
1974 12	  58.50   17.43    1.85    2.87 
1975 1	  35.70   19.68    2.77    3.52 
1975 2	  27.15   20.90    3.73    3.55 
1975 3	   8.68   25.29    8.26    4.11 
1975 4	 110.05   27.96   13.84    4.78 
1975 5	 131.90   30.02   17.79    3.78 
1975 6	  84.30   32.96   20.60    3.74 
1975 7	  73.05   33.48   20.25    2.91 
1975 8	  27.25   35.09   20.94    2.84 
1975 9	  56.75   31.82   16.14    2.38 
1975 10	  52.40   29.52   12.91    3.04 
1975 11	   4.25   24.72    7.33    3.28 
1975 12	  23.55   19.78    3.00    3.79 
1976 1	   5.08   19.02    1.17    3.53 
1976 2	   0.00   25.97    7.40    4.41 
1976 3	  28.30   26.24    9.71    4.06 
1976 4	 142.77   26.71   13.91    4.15 
1976 5	 113.58   28.54   15.47    3.25 
1976 6	  35.25   33.47   19.79    3.55 
1976 7	 265.85   30.96   20.04    3.18 
1976 8	  34.30   34.36   19.07    2.09 
1976 9	 209.22   32.04   18.62    2.34 
1976 10	 125.28   24.12    9.61    3.00 
1976 11	  36.60   18.71    5.26    3.16 
1976 12	  49.22   17.18    1.75    3.04 
1977 1	  47.45   14.24    0.88    3.29 
1977 2	  20.90   20.71    3.74    3.32 
1977 3	  10.40   24.99    8.32    3.77 
1977 4	  78.58   26.71   12.87    3.67 
1977 5	  53.08   28.63   19.24    4.43 
1977 6	  37.22   34.23   20.96    3.37 
1977 7	   2.65   36.30   21.62    3.46 
1977 8	  13.30   37.95   22.56    3.34 
1977 9	  20.12   37.20   21.30    2.79 
1977 10	  62.80   29.88   14.92    2.78 
1977 11	  74.03   25.19    8.55    2.69 
1977 12	  11.25   21.03    3.68    3.55 
1978 1	   7.23   14.42    1.00    3.90 
1978 2	  15.98   16.10    1.60    3.41 
1978 3	   6.05   25.54    7.36    3.55 
1978 4	  23.02   29.97   14.69    4.56 
1978 5	  80.67   33.58   19.04    4.03 
1978 6	 106.93   34.38   20.77    3.02 
1978 7	  37.85   37.05   21.49    3.61 
1978 8	 109.38   34.64   19.96    2.81 
1978 9	  73.42   31.31   20.05    2.73 
1978 10	  23.65   28.07   13.52    2.52 
1978 11	  78.83   22.36   11.63    3.44 
1978 12	  17.73   18.17    3.81    3.43 
1979 1	  21.90   12.29    1.48    4.03 
1979 2	  28.70   17.98    4.10    3.66 
1979 3	  79.45   23.58    9.95    4.12 
1979 4	 104.75   27.15   14.33    3.24 
1979 5	  40.62   29.72   16.13    3.77 
1979 6	 241.55   31.97   19.97    3.07 
1979 7	  27.25   36.02   22.12    3.07 
1979 8	  25.33   35.63   20.74    2.89 
1979 9	   4.07   34.39   17.21    2.39 
1979 10	   0.75   32.00   14.63    3.13 
1979 11	  43.00   22.05    6.68    3.45 
1979 12	  19.25   18.84    4.66    3.58 
1980 1	  14.60   18.83    4.97    3.50 
1980 2	   7.50   20.23    4.07    3.51 
1980 3	  26.30   24.40    8.81    3.69 
1980 4	  15.23   29.23   11.93    3.80 
1980 5	 181.15   30.92   18.77    3.94 
1980 6	   3.62   36.04   22.90    4.28 
1980 7	   5.20   38.24   23.11    3.48 
1980 8	 130.38   34.43   22.76    3.80 
1980 9	  46.18   33.34   21.70    2.86 
1980 10	  17.88   28.75   13.40    2.77 
1980 11	  80.43   21.18    6.57    3.18 
1980 12	  24.20   18.19    6.11    3.27 
1981 1	  26.12   17.35    4.05    3.26 
1981 2	  10.90   18.58    6.01    4.11 
1981 3	  58.68   22.93    9.52    3.66 
1981 4	 185.75   27.33   16.62    4.24 
1981 5	  55.40   30.59   17.98    4.04 
1981 6	 118.50   32.17   21.41    3.34 
1981 7	  16.58   34.70   22.42    3.73 
1981 8	  15.85   35.22   21.90    2.98 
1981 9	  57.80   32.97   19.62    2.98 
1981 10	  93.95   28.37   16.02    3.49 
1981 11	   1.98   25.72    8.22    2.84 
1981 12	   6.17   20.45    3.96    2.96 
1982 1	  13.90   19.41    2.78    3.81 
1982 2	  98.27   18.54    4.00    3.83 
1982 3	   7.82   24.53   12.44    4.47 
1982 4	  33.33   28.13   14.46    4.04 
1982 5	 149.10   29.43   18.60    4.30 
1982 6	  84.58   34.33   22.18    4.35 
1982 7	  43.55   36.11   22.68    4.23 
1982 8	  24.33   37.08   22.33    3.30 
1982 9	   7.88   34.65   19.77    2.69 
1982 10	  22.42   28.44   14.96    3.02 
1982 11	  64.53   22.31    9.34    3.42 
1982 12	  36.23   18.65    4.86    3.44 
1983 1	  29.33   17.16    2.78    2.80 
1983 2	  31.65   20.32    5.10    3.32 
1983 3	  60.75   23.24    8.19    3.81 
1983 4	   1.42   28.40   11.62    4.02 
1983 5	  46.23   31.58   17.55    3.78 
1983 6	 131.50   32.61   20.19    3.54 
1983 7	  30.40   35.18   22.35    3.22 
1983 8	  84.15   36.15   22.17    2.27 
1983 9	  60.70   33.23   19.83    2.94 
1983 10	  56.33   28.90   15.25    3.10 
1983 11	  81.33   24.68    9.20    3.13 
1983 12	   6.45   13.78   -0.47    3.63 
1984 1	  37.88   14.48    1.38    3.50 
1984 2	   0.32   21.43    4.14    3.50 
1984 3	   1.77   25.73   10.30    4.29 
1984 4	   2.08   31.35   13.18    3.33 
1984 5	  37.15   33.51   17.85    3.87 
1984 6	  19.92   34.77   21.67    4.26 
1984 7	  11.48   36.68   22.44    3.08 
1984 8	  28.12   36.61   23.03    3.21 
1984 9	  31.65   32.78   18.83    3.32 
1984 10	 179.85   26.45   16.31    3.00 
1984 11	  28.88   20.97    8.65    3.32 
1984 12	  94.33   20.79    9.93    3.83 
1985 1	  39.30   13.14    0.52    3.46 
1985 2	  51.10   16.41    3.92    4.05 
1985 3	  29.62   23.31   11.58    4.04 
1985 4	  40.57   28.34   14.69    3.92 
1985 5	  91.65   32.04   18.81    3.62 
1985 6	  66.90   32.96   20.93    3.44 
1985 7	  45.78   34.35   20.90    3.28 
1985 8	   1.58   37.30   22.34    3.09 
1985 9	 145.73   33.71   19.84    3.31 
1985 10	 144.60   27.15   15.46    3.69 
1985 11	  38.15   22.80   11.81    3.56 
1985 12	  10.02   17.34    1.18    3.21 
1986 1	  30.52   19.03    2.49    3.23 
1986 2	  19.23   23.14    5.80    3.16 
1986 3	  12.30   26.09    8.36    3.41 
1986 4	  46.80   28.45   15.96    4.35 
1986 5	 106.12   29.77   17.50    3.97 
1986 6	  93.43   32.01   20.95    2.77 
1986 7	   1.10   36.60   21.68    3.90 
1986 8	  37.85   35.88   21.87    3.00 
1986 9	  83.30   32.63   21.88    3.30 
1986 10	 206.45   25.87   14.27    2.83 
1986 11	  42.10   20.48    8.34    2.95 
1986 12	 103.90   15.51    4.56    3.28 
1987 1	  11.00   17.14    2.28    3.24 
1987 2	 105.48   18.69    5.65    3.84 
1987 3	  56.72   20.25    5.85    3.39 
1987 4	  44.28   25.73    9.38    3.22 
1987 5	 298.50   29.18   16.93    3.62 
1987 6	 202.05   31.04   19.99    2.62 
1987 7	  25.60   33.64   21.47    3.21 
1987 8	  64.93   35.53   21.59    3.45 
1987 9	  25.60   32.40   18.19    2.88 
1987 10	   0.57   28.86   12.99    2.95 
1987 11	  33.20   22.94    7.09    3.17 
1987 12	  40.68   19.36    3.67    3.27 
1988 1	   5.75   15.11    0.17    3.73 
1988 2	  19.00   18.80    4.36    3.61 
1988 3	   9.88   25.07    8.57    3.98 
1988 4	  10.23   29.28   12.12    3.04 
1988 5	  42.25   30.66   17.65    3.69 
1988 6	  75.55   33.99   20.48    2.76 
1988 7	  52.43   34.71   22.25    3.06 
1988 8	  15.20   36.15   22.31    2.73 
1988 9	  61.28   33.58   19.27    2.94 
1988 10	  45.35   29.05   14.18    2.68 
1988 11	   1.70   25.24    8.59    3.33 
1988 12	   8.52   19.38    4.78    3.33 
1989 1	  81.15   19.62    5.78    3.30 
1989 2	  26.95   16.90    4.39    4.51 
1989 3	  19.65   24.01    7.70    3.82 
1989 4	  35.38   28.03   12.92    3.95 
1989 5	  41.83   34.30   19.28    4.60 
1989 6	  24.08   35.59   20.41    3.62 
1989 7	   7.60   37.03   21.95    2.95 
1989 8	  93.12   35.44   21.73    3.46 
1989 9	   9.40   33.12   17.76    3.07 
1989 10	  92.48   29.08   13.89    3.12 
1989 11	  36.82   22.27    9.20    3.03 
1989 12	   8.55   12.93   -0.34    3.37 
1990 1	  20.05   19.85    5.42    3.69 
1990 2	  95.62   22.05    6.82    3.61 
1990 3	  44.60   21.60   10.87    4.53 
1990 4	  94.75   25.33   14.94    4.39 
1990 5	  68.12   31.37   19.28    4.50 
1990 6	   1.35   36.98   23.73    4.47 
1990 7	 212.73   33.43   21.84    3.63 
1990 8	  14.60   34.64   21.90    3.36 
1990 9	  66.10   31.54   19.88    2.28 
1990 10	  47.20   28.19   12.39    2.70 
1990 11	  32.78   23.30   10.29    3.45 
1990 12	   5.47   19.15    3.41    3.56 
1991 1	  44.08   15.57    3.67    3.43 
1991 2	  35.65   20.38    6.20    3.42 
1991 3	   3.92   26.14   10.26    3.85 
1991 4	  36.42   29.01   15.61    3.53 
1991 5	  60.58   32.49   19.67    4.14 
1991 6	  69.38   35.10   21.73    3.52 
1991 7	  50.17   35.18   22.43    3.39 
1991 8	  25.12   36.67   22.35    2.96 
1991 9	 142.25   30.78   18.22    2.57 
1991 10	  10.38   29.86   15.76    2.77 
1991 11	  24.88   20.55    6.93    3.70 
1991 12	 151.08   17.44    7.58    3.77 
1992 1	  82.42   15.18    4.53    3.10 
1992 2	  97.00   20.48    7.53    3.25 
1992 3	  57.43   24.27    9.79    3.53 
1992 4	  85.93   25.24   13.55    3.39 
1992 5	 121.17   28.25   17.20    3.27 
1992 6	 116.28   33.43   20.93    3.38 
1992 7	  73.47   35.07   22.55    4.46 
1992 8	  52.70   34.15   20.82    2.35 
1992 9	  25.22   33.99   20.05    2.96 
1992 10	  11.85   30.20   15.01    2.61 
1992 11	  56.53   20.94    7.02    3.19 
1992 12	  46.03   18.36    6.23    3.21 
1993 1	  22.77   17.03    4.63    3.03 
1993 2	  42.83   19.19    5.94    3.61 
1993 3	  51.80   23.55    9.23    3.33 
1993 4	  24.90   27.30   11.69    4.10 
1993 5	  84.50   30.00   15.58    3.32 
1993 6	  92.17   32.34   21.78    3.54 
1993 7	   1.60   35.66   23.09    4.55 
1993 8	  14.40   37.16   22.81    3.42 
1993 9	  44.20   33.72   19.80    2.68 
1993 10	   9.72   28.50   13.82    3.07 
1993 11	   8.50   20.70    6.89    3.19 
1993 12	   2.98   19.85    6.77    3.63 
1994 1	  65.78   18.69    4.30    3.84 
1994 2	  18.32   19.82    5.99    4.08 
1994 3	 106.00   24.23   10.82    3.57 
1994 4	 118.25   27.37   13.33    3.95 
1994 5	 104.38   28.87   18.32    3.70 
1994 6	  53.95   35.94   21.66    2.93 
1994 7	  25.88   36.77   22.43    4.03 
1994 8	  23.03   35.92   22.12    2.69 
1994 9	  62.83   32.92   18.61    2.01 
1994 10	  95.33   28.02   16.15    2.81 
1994 11	  75.53   23.13   10.28    3.55 
1994 12	  74.35   18.74    7.43    3.21 
1995 1	   5.75   18.29    4.20    3.57 
1995 2	  14.40   21.69    6.75    3.19 
1995 3	  71.95   22.39    9.00    3.71 
1995 4	  16.58   27.92   12.52    3.95 
1995 5	 110.62   31.97   18.92    4.38 
1995 6	  74.38   33.48   19.97    3.69 
1995 7	  13.30   36.54   22.09    3.23 
1995 8	  36.97   36.51   22.80    2.16 
1995 9	 102.45   33.13   20.07    2.30 
1995 10	  34.35   29.23   13.05    2.83 
1995 11	  61.38   21.86    8.45    2.88 
1995 12	   8.82   18.78    5.09    3.22 
1996 1	   0.10   20.05    0.50    3.69 
1996 2	  17.82   21.51    5.61    4.08 
1996 3	  17.60   21.53    6.08    3.82 
1996 4	  10.95   29.09   11.74    3.91 
1996 5	  33.03   34.03   20.54    5.34 
1996 6	   9.77   36.01   22.20    3.53 
1996 7	  29.68   36.71   23.04    3.74 
1996 8	  68.53   35.49   22.63    3.36 
1996 9	 124.62   32.17   19.94    2.22 
1996 10	  36.80   28.34   13.92    3.02 
1996 11	  44.08   23.01    9.49    3.50 
1996 12	  28.07   18.83    3.54    3.09 
1997 1	  16.80   15.88    2.16    3.63 
1997 2	  39.97   17.30    4.97    3.57 
1997 3	  84.32   23.84   10.42    3.35 
1997 4	  85.73   23.94   11.11    3.63 
1997 5	  96.85   30.11   16.31    3.01 
1997 6	 198.48   32.22   20.17    3.55 
1997 7	  15.10   35.69   21.89    3.40 
1997 8	  11.93   36.87   21.95    3.26 
1997 9	  36.05   35.24   19.90    2.11 
1997 10	  95.85   27.64   13.24    3.03 
1997 11	  27.15   20.82    6.68    2.94 
1997 12	  20.32   16.65    0.92    3.52 
1998 1	  23.57   20.74    4.21    3.31 
1998 2	  49.68   21.50    4.76    3.24 
1998 3	  55.00   23.09    7.29    4.21 
1998 4	   0.73   29.49   11.80    3.56 
1998 5	   1.15   35.17   19.33    4.16 
1998 6	  86.05   37.60   22.67    4.60 
1998 7	   5.20   38.56   23.18    3.86 
1998 8	 282.00   34.28   21.89    2.57 
1998 9	  68.72   32.62   20.88    2.34 
1998 10	 120.80   26.97   15.98    3.39 
1998 11	  44.38   22.36   11.66    2.94 
1998 12	   9.85   18.74    4.52    3.63 
1999 1	   0.60   21.12    3.24    3.90 
1999 2	   0.05   25.01    7.45    3.59 
1999 3	  83.45   24.54   10.20    4.10 
1999 4	  50.60   28.68   14.75    4.24 
1999 5	  58.63   30.80   18.31    3.86 
1999 6	 154.12   33.40   22.37    3.72 
1999 7	  57.02   34.46   21.64    3.20 
1999 8	  32.55   37.28   22.10    2.18 
1999 9	  26.97   33.90   18.55    2.59 
1999 10	  41.78   28.83   11.50    2.73 
1999 11	   0.00   25.43    7.66    2.77 
1999 12	   2.17   19.48    3.03    3.50 
2000 1	   7.30   21.71    4.09    3.64 
2000 2	  38.33   23.82    8.71    4.00 
2000 3	  13.10   27.38   11.71    3.62 
2000 4	  27.10   29.52   13.39    3.92 
2000 5	  54.90   33.63   19.84    4.21 
2000 6	 114.33   33.08   21.48    3.81 
2000 7	   3.72   37.02   22.01    3.39 
2000 8	   1.65   35.79   22.19    2.58 
2000 9	  35.67   34.68   18.26    2.48 
2000 10	 114.77   25.38   15.97    3.52 
2000 11	 109.37   18.20    7.52    3.26 
2000 12	  34.80   13.39    1.77    3.40 
2001 1	  43.28   14.65    2.43    3.53 
2001 2	  15.78   19.63    6.76    3.73 
2001 3	  48.15   19.02    6.39    3.20 
2001 4	  14.82   26.35   15.50    4.40 
2001 5	  63.22   30.56   17.60    3.72 
2001 6	  13.75   34.87   21.26    2.95 
2001 7	  71.60   35.72   22.52    3.38 
2001 8	  97.95   35.47   22.54    2.99 
2001 9	  44.55   30.82   18.00    2.66 
2001 10	  38.42   27.15   12.65    3.03 
2001 11	 115.75   23.19   10.44    2.98 
2001 12	  31.45   18.45    3.48    3.22 
2002 1	   1.53   19.51    2.74    3.40 
2002 2	   1.53   19.54    1.13    3.34 
2002 3	  22.90   24.39    6.85    4.09 
2002 4	  59.72   30.28   16.33    4.50 
2002 5	  28.32   32.69   18.92    4.58 
2002 6	  43.93   35.73   21.76    3.25 
2002 7	 301.10   32.48   21.87    3.40 
2002 8	  13.92   35.03   22.40    2.57 
2002 9	  98.98   31.79   18.07    2.47 
2002 10	 211.18   26.47   15.90    2.68 
2002 11	  20.77   20.68    5.50    2.95 
2002 12	  19.60   18.84    2.23    3.57 
2003 1	  19.47   17.78    2.08    3.12 
2003 2	  26.98   17.66    3.79    3.74 
2003 3	  17.90   22.05    7.00    3.06 
2003 4	   6.47   27.91   13.38    3.91 
2003 5	  38.30   33.65   19.96    3.63 
2003 6	  89.35   33.89   20.15    2.78 
2003 7	 179.85   33.00   21.34    2.79 
2003 8	  35.30   35.13   21.45    2.34 
2003 9	 131.48   29.95   18.94    2.10 
2003 10	  57.25   27.43   13.70    2.58 
2003 11	  30.85   22.01    9.98    3.56 
2003 12	   0.28   19.80    2.02    3.47 
2004 1	  31.38   17.47    5.43    4.00 
2004 2	  34.45   17.94    3.73    3.56 
2004 3	  95.88   24.15   11.96    3.85 
2004 4	 149.90   24.61   13.09    4.14 
2004 5	  10.07   28.87   17.95    4.07 
2004 6	 147.00   32.23   20.91    3.21 
2004 7	  23.07   33.40   21.35    2.75 
2004 8	  93.90   34.16   21.40    2.61 
2004 9	  35.92   31.52   19.08    2.03 
2004 10	  58.67   29.35   17.45    3.23 
2004 11	 134.35   21.77    8.43    3.35 
2004 12	   4.38   18.39    1.60    3.55 
2005 1	  45.42   19.44    6.02    3.86 
2005 2	  52.10   18.17    8.39    3.72 
2005 3	  47.83   24.05    7.66    3.12 
2005 4	   6.43   27.97   11.18    3.84 
2005 5	  97.25   29.72   17.10    3.79 
2005 6	   1.17   33.98   21.06    3.79 
2005 7	  32.85   36.24   22.42    3.14 
2005 8	  83.87   35.00   21.93    2.97 
2005 9	  16.40   35.84   20.46    2.41 
2005 10	 100.42   27.56   14.14    2.76 
2005 11	   4.60   24.99    7.33    3.19 
2005 12	   5.03   19.09    1.27    3.03 
2006 1	   7.78   22.87    2.71    3.49 
2006 2	   3.25   21.09    3.21    3.64 
2006 3	  28.30   26.40   11.45    4.08 
2006 4	  32.17   31.31   16.49    4.07 
2006 5	  50.60   33.75   17.77    3.95 
2006 6	  26.35   35.79   20.52    2.87 
2006 7	  20.73   36.02   22.32    2.88 
2006 8	  36.25   36.77   23.35    3.06 
2006 9	 107.35   32.20   18.52    2.35 
2006 10	  29.93   28.43   14.74    2.83 
2006 11	   1.67   25.15    9.10    3.26 
2006 12	  27.52   17.88    4.09    3.43 
2007 1	  74.03   13.84    2.21    3.81 
2007 2	   1.25   19.81    3.99    2.98 
2007 3	 123.52   24.53   11.73    4.03 
2007 4	  51.33   25.36   11.73    3.71 
2007 5	 149.50   27.89   17.82    3.75 
2007 6	 140.17   31.01   20.76    3.49 
2007 7	 236.25   30.61   21.42    2.79 
2007 8	  48.13   32.88   22.37    2.46 
2007 9	  77.30   31.07   20.44    2.09 
2007 10	  11.72   29.71   14.21    2.60 
2007 11	  19.20   22.80   10.00    3.07 
2007 12	   6.62   20.02    4.38    3.18 
2008 1	   2.93   18.06    3.06    3.60 
2008 2	   2.50   24.30    6.37    3.58 
2008 3	  19.95   26.14    8.90    4.26 
2008 4	  21.15   29.08   13.79    4.01 
2008 5	  46.53   32.91   19.22    3.84 
2008 6	  15.05   36.31   22.93    4.07 
2008 7	  42.72   33.92   22.12    3.63 
2008 8	 147.15   34.46   22.30    2.66 
2008 9	  17.43   31.76   18.18    2.18 
2008 10	  10.07   29.18   12.72    2.77 
2008 11	   0.00   24.58    8.10    2.51 
2008 12	   8.25   19.43    4.16    3.60 
2009 1	   6.97   19.85    2.26    3.28 
2009 2	   0.95   24.79    6.60    4.00 
2009 3	  54.95   24.86   10.28    4.12 
2009 4	  31.05   28.07   12.46    4.00 
2009 5	  56.27   32.35   19.07    3.62 
2009 6	  10.35   36.50   21.80    3.76 
2009 7	  20.27   37.84   22.71    3.72 
2009 8	   3.12   37.55   22.09    2.92 
2009 9	  83.38   30.43   18.72    2.12 
2009 10	  69.90   26.48   13.58    3.15 
2009 11	  44.07   22.58    6.14    2.85 
2009 12	  32.30   14.52    1.88    3.21 
2010 1	  54.17   15.77    1.13    3.89 
2010 2	  85.10   15.96    2.79    3.60 
2010 3	  27.25   22.53    5.05    3.51 
2010 4	  88.87   26.05   13.03    3.79 
2010 5	  70.93   30.32   18.15    3.70 
2010 6	  48.28   34.29   22.60    3.84 
2010 7	  84.10   33.03   23.39    3.15 
2010 8	  41.27   36.91   23.23    2.48 
2010 9	  91.45   32.48   20.47    2.49 
2010 10	   0.00   30.27   12.68    2.92 
2010 11	   0.35   25.09    8.05    3.86 
2010 12	   8.92   20.06    1.66    3.43 
