1949 1	 222.15   16.83    4.96    5.93 
1949 2	 153.70   19.15    7.14    5.23 
1949 3	 162.80   21.27    7.80    6.07 
1949 4	 162.93   23.83   11.35    5.82 
1949 5	  37.67   30.95   17.72    4.90 
1949 6	 132.90   33.42   20.79    3.75 
1949 7	 156.45   33.68   21.89    3.53 
1949 8	  58.15   33.26   19.69    3.27 
1949 9	  79.03   31.95   17.67    4.37 
1949 10	 241.32   26.39   15.76    5.11 
1949 11	  10.12   23.46    5.52    5.37 
1949 12	 265.28   18.47    5.57    7.00 
1950 1	 176.08   21.06   10.81    5.65 
1950 2	 247.93   20.88    7.91    4.94 
1950 3	  87.00   21.58    6.86    5.89 
1950 4	 135.68   24.26   11.28    5.91 
1950 5	 208.85   30.24   17.85    4.72 
1950 6	 281.32   32.08   20.23    3.61 
1950 7	 127.82   33.00   20.79    3.80 
1950 8	 108.50   34.75   20.09    2.74 
1950 9	  70.05   30.89   17.90    3.91 
1950 10	  35.22   29.03   12.99    5.00 
1950 11	 120.90   21.29    5.75    5.95 
1950 12	 116.98   16.63    2.27    5.47 
1951 1	 202.48   18.04    3.02    6.06 
1951 2	  58.90   17.88    4.83    5.84 
1951 3	 148.70   22.36    8.55    5.80 
1951 4	  36.17   24.30   10.23    5.47 
1951 5	  94.50   29.99   15.33    4.41 
1951 6	  67.55   33.27   20.68    4.37 
1951 7	  84.28   35.02   21.41    2.95 
1951 8	  21.05   38.06   21.83    2.53 
1951 9	 170.93   31.99   18.87    3.95 
1951 10	  23.27   28.22   13.18    5.07 
1951 11	  64.07   20.09    5.34    6.28 
1951 12	 138.20   19.39    4.99    6.82 
1952 1	  99.45   21.40    9.15    5.94 
1952 2	 119.77   19.52    6.43    6.32 
1952 3	  75.23   21.08    6.35    5.82 
1952 4	 188.40   24.00    9.42    5.13 
1952 5	 169.55   28.60   15.28    3.95 
1952 6	  20.15   33.74   20.16    3.17 
1952 7	 209.25   33.84   21.53    3.37 
1952 8	  21.70   34.56   21.19    3.80 
1952 9	  13.40   32.83   16.05    5.19 
1952 10	   0.00   26.97    4.13    5.01 
1952 11	 150.80   20.82    5.83    5.76 
1952 12	 134.52   16.13    2.91    5.22 
1953 1	  98.45   19.32    4.54    6.51 
1953 2	 183.12   17.19    4.64    5.90 
1953 3	 182.30   24.30   11.62    4.77 
1953 4	 238.70   25.61   10.74    5.55 
1953 5	 359.20   29.26   18.13    4.93 
1953 6	  80.38   35.16   21.28    3.43 
1953 7	 115.70   33.14   21.37    3.32 
1953 8	  87.15   33.03   21.11    2.59 
1953 9	  19.35   33.18   16.12    4.35 
1953 10	  47.08   29.54   10.74    4.35 
1953 11	  96.52   20.30    4.67    5.67 
1953 12	 169.70   15.59    1.80    6.23 
1954 1	 100.95   17.64    4.16    5.23 
1954 2	  27.50   22.86    4.97    5.99 
1954 3	  35.00   21.29    6.90    5.72 
1954 4	 161.15   27.45   14.13    4.16 
1954 5	 163.88   26.78   13.71    4.33 
1954 6	  12.35   33.62   19.50    3.32 
1954 7	  34.95   36.09   21.59    3.95 
1954 8	  47.02   37.21   20.41    3.60 
1954 9	  43.82   34.82   17.05    4.34 
1954 10	  73.10   27.83   12.59    5.35 
1954 11	  55.73   19.99    3.45    5.86 
1954 12	  47.85   18.12    1.90    5.77 
1955 1	 117.25   14.75    2.33    4.71 
1955 2	 150.40   17.06    3.44    5.78 
1955 3	  31.30   23.75    9.23    6.26 
1955 4	 121.85   26.72   12.76    4.98 
1955 5	 123.25   29.71   16.19    4.38 
1955 6	  39.48   31.43   16.83    3.55 
1955 7	 186.80   33.67   20.10    3.47 
1955 8	 167.32   32.65   19.97    2.89 
1955 9	  32.22   32.87   18.34    3.83 
1955 10	  14.90   27.70    9.20    4.87 
1955 11	  94.78   21.05    5.47    6.76 
1955 12	  47.15   16.83    3.73    6.25 
1956 1	  94.65   16.03    1.29    5.92 
1956 2	 125.05   18.97    5.72    5.74 
1956 3	  47.22   21.50    6.80    5.18 
1956 4	  61.52   25.06   10.31    5.70 
1956 5	  53.12   30.70   15.99    3.71 
1956 6	  75.50   32.71   18.15    3.74 
1956 7	  33.05   35.78   20.07    3.66 
1956 8	  17.83   36.35   18.46    3.03 
1956 9	   9.10   34.38   14.02    4.61 
1956 10	  72.88   28.93    9.59    3.93 
1956 11	  96.38   20.61    3.78    5.55 
1956 12	  84.93   19.52    5.56    5.08 
1957 1	  93.50   15.71    4.61    5.37 
1957 2	  83.80   20.24    8.59    4.72 
1957 3	 139.80   19.83    6.29    5.23 
1957 4	 223.78   24.98   13.15    6.13 
1957 5	  68.05   28.64   16.69    5.16 
1957 6	 193.58   30.79   20.14    4.60 
1957 7	  64.92   33.98   21.10    3.20 
1957 8	  26.25   34.17   19.94    4.03 
1957 9	 132.22   28.81   16.71    4.12 
1957 10	 132.15   23.30   10.49    6.09 
1957 11	 289.68   19.06    8.27    6.24 
1957 12	  93.60   18.23    4.25    5.69 
1958 1	 111.47   14.73    1.22    7.50 
1958 2	  67.97   13.45    1.75    7.31 
1958 3	 109.30   19.12    6.34    5.88 
1958 4	 150.75   25.32   12.41    5.41 
1958 5	  80.90   29.40   16.74    4.13 
1958 6	 120.62   32.98   20.84    3.74 
1958 7	  84.53   34.09   21.80    3.50 
1958 8	 230.02   33.71   20.45    3.00 
1958 9	 336.10   30.06   19.85    5.06 
1958 10	  14.50   24.90   11.97    6.17 
1958 11	  61.32   21.21    6.76    5.31 
1958 12	  17.48   15.12    1.10    5.76 
1959 1	  50.10   15.15    0.57    6.19 
1959 2	 124.15   17.30    5.15    6.02 
1959 3	  74.60   21.29    4.77    6.07 
1959 4	 134.77   24.01   10.93    5.20 
1959 5	 125.92   29.89   17.87    4.68 
1959 6	  91.60   31.79   19.80    3.98 
1959 7	 175.22   33.30   20.37    2.72 
1959 8	 105.82   33.51   20.28    3.25 
1959 9	  44.58   31.98   18.41    4.47 
1959 10	  92.85   26.89   13.33    4.87 
1959 11	  37.53   19.41    3.11    6.50 
1959 12	 153.18   16.92    3.40    6.30 
1960 1	 100.83   14.11    2.35    6.05 
1960 2	 176.72   14.42    0.70    6.68 
1960 3	  55.15   17.09    3.53    5.67 
1960 4	  65.28   26.77   12.07    5.19 
1960 5	  44.20   28.95   13.79    5.15 
1960 6	 142.45   33.25   18.56    3.81 
1960 7	 147.93   34.34   20.65    2.61 
1960 8	 111.32   32.91   20.37    3.63 
1960 9	  86.83   31.82   16.28    4.02 
1960 10	 121.55   26.99   13.08    4.21 
1960 11	 178.38   21.10    7.54    5.65 
1960 12	 190.25   13.69    1.93    6.51 
1961 1	 187.85   13.01   -0.62    6.49 
1961 2	 158.55   18.61    4.99    5.24 
1961 3	 207.60   23.22   10.04    6.07 
1961 4	  51.98   24.06    9.14    5.94 
1961 5	  72.38   28.59   14.57    5.09 
1961 6	 134.98   29.91   17.58    3.82 
1961 7	 150.57   31.77   19.99    2.70 
1961 8	  91.22   31.87   18.67    2.94 
1961 9	 266.35   30.23   17.81    6.19 
1961 10	  27.98   26.13    9.69    5.53 
1961 11	 107.25   18.90    6.76    6.58 
1961 12	 224.73   15.94    3.57    5.76 
1962 1	 139.30   13.82   -0.31    6.68 
1962 2	  41.97   22.16    8.10    6.17 
1962 3	  32.45   19.53    4.76    5.91 
1962 4	 173.83   24.04   10.74    5.52 
1962 5	  67.93   30.34   15.87    4.70 
1962 6	 114.35   31.86   19.18    2.95 
1962 7	  41.70   35.12   21.01    2.83 
1962 8	  92.90   36.71   20.99    3.04 
1962 9	 117.25   31.81   19.20    3.73 
1962 10	  35.80   28.41   14.78    4.84 
1962 11	  94.02   19.20    5.73    6.61 
1962 12	 160.38   15.96    3.21    5.52 
1963 1	  49.20   12.69   -1.03    6.87 
1963 2	  82.93   16.63    0.21    6.91 
1963 3	  24.37   24.50    7.86    5.51 
1963 4	  84.72   27.87   14.45    5.59 
1963 5	  65.40   30.32   15.80    3.82 
1963 6	  94.25   33.68   18.96    3.46 
1963 7	  91.60   34.48   20.90    3.55 
1963 8	 121.20   35.29   20.31    2.39 
1963 9	  50.80   32.28   17.57    4.38 
1963 10	   4.88   31.02   10.99    3.53 
1963 11	 145.70   22.15    5.35    6.43 
1963 12	  76.38   12.49   -2.58    7.16 
1964 1	  71.25   15.30   -0.22    6.06 
1964 2	  84.13   15.05    0.29    6.15 
1964 3	 117.72   21.45    5.62    6.09 
1964 4	 185.35   26.23   13.68    6.14 
1964 5	  66.90   29.64   16.90    4.24 
1964 6	  38.12   32.25   19.39    3.44 
1964 7	  61.95   34.19   20.60    3.77 
1964 8	 113.83   34.28   21.78    3.11 
1964 9	  64.12   30.98   17.93    3.92 
1964 10	   7.20   25.93    8.01    5.96 
1964 11	  78.20   23.13    8.61    5.62 
1964 12	 141.45   16.47    3.91    6.66 
1965 1	  70.20   18.17    3.02    5.89 
1965 2	 157.67   17.03    2.21    7.26 
1965 3	 116.97   18.11    4.99    6.75 
1965 4	   6.30   28.08   14.30    5.57 
1965 5	 104.73   29.09   17.46    5.78 
1965 6	  70.15   32.48   19.06    3.88 
1965 7	  86.68   35.18   21.49    2.98 
1965 8	 101.30   34.63   19.95    2.76 
1965 9	 159.90   31.40   18.61    5.31 
1965 10	  21.62   25.59   10.16    5.38 
1965 11	  88.70   23.86   10.96    5.10 
1965 12	 256.73   17.32    3.41    5.96 
1966 1	 147.57   11.17    0.65    6.78 
1966 2	 243.95   15.01    2.43    6.29 
1966 3	  20.88   21.01    6.15    5.51 
1966 4	 103.93   26.08   12.26    5.89 
1966 5	 102.53   28.56   17.14    4.96 
1966 6	  68.80   32.24   18.02    3.72 
1966 7	  87.65   35.04   22.12    2.86 
1966 8	  81.35   32.79   20.34    3.13 
1966 9	 101.60   30.26   17.54    3.13 
1966 10	 118.38   24.88    8.96    5.41 
1966 11	  50.95   22.36    7.92    5.54 
1966 12	 113.80   15.34    3.00    5.97 
1967 1	  42.07   14.99    1.67    5.73 
1967 2	  87.38   15.80    0.96    5.77 
1967 3	  44.60   24.47    8.40    5.33 
1967 4	 108.08   27.98   15.56    5.61 
1967 5	 204.27   28.34   14.32    5.78 
1967 6	  48.47   32.43   19.01    3.91 
1967 7	  96.53   32.50   19.69    3.92 
1967 8	  63.12   32.80   19.32    3.01 
1967 9	  33.75   29.32   15.18    5.03 
1967 10	  53.55   27.45    7.58    5.21 
1967 11	  10.70   21.56    4.76    5.66 
1967 12	 206.63   16.28    3.66    5.86 
1968 1	 114.15   13.30    2.73    6.39 
1968 2	 111.25   13.70   -0.90    6.08 
1968 3	  96.40   19.49    6.48    5.62 
1968 4	 351.03   24.80   13.17    5.86 
1968 5	 171.52   28.55   15.95    4.83 
1968 6	 122.33   31.27   19.67    3.72 
1968 7	 133.90   32.42   20.04    2.98 
1968 8	  84.32   33.30   20.30    2.96 
1968 9	  93.32   29.63   15.47    4.16 
1968 10	  38.47   26.67   11.30    4.47 
1968 11	 192.25   19.17    5.14    6.16 
1968 12	  94.95   15.51    1.80    6.42 
1969 1	  33.62   15.68    4.58    6.46 
1969 2	 129.10   16.05    3.57    6.11 
1969 3	 160.42   16.64    3.87    6.00 
1969 4	 104.15   25.23   12.09    4.97 
1969 5	 232.75   28.41   15.18    3.86 
1969 6	  40.10   32.21   19.43    4.16 
1969 7	  90.53   35.12   22.33    3.40 
1969 8	  19.80   34.20   20.10    3.41 
1969 9	  31.45   32.18   16.42    4.28 
1969 10	  52.38   27.50   12.55    6.56 
1969 11	  56.08   20.84    4.55    5.87 
1969 12	 141.90   16.77    2.38    5.59 
1970 1	  53.42   11.61   -0.79    6.49 
1970 2	  89.58   17.03    1.95    5.77 
1970 3	 136.68   19.29    6.19    5.85 
1970 4	 108.50   26.17   13.59    5.56 
1970 5	  98.78   28.64   14.77    5.18 
1970 6	  69.98   31.51   18.71    3.50 
1970 7	 105.35   33.05   20.32    2.97 
1970 8	  53.05   33.88   21.09    3.34 
1970 9	  66.80   31.95   19.79    5.05 
1970 10	 194.55   24.15   10.63    5.40 
1970 11	  69.07   18.50    3.90    5.99 
1970 12	  68.15   19.48    6.13    5.00 
1971 1	  27.10   16.70    3.71    6.13 
1971 2	  77.52   17.70    2.88    6.89 
1971 3	  63.00   19.89    5.33    5.81 
1971 4	  11.98   25.06   10.77    5.22 
1971 5	 128.70   27.46   14.80    4.48 
1971 6	  68.20   33.37   19.65    3.55 
1971 7	 186.97   34.44   21.23    3.37 
1971 8	 142.25   32.05   19.85    2.71 
1971 9	  62.93   30.34   18.89    4.66 
1971 10	  55.48   27.60   13.73    3.87 
1971 11	 105.45   21.12    5.19    5.87 
1971 12	 256.80   18.98    8.05    5.57 
1972 1	 168.90   17.39    4.81    6.20 
1972 2	  45.35   17.93    3.17    6.14 
1972 3	 173.60   22.84    7.95    5.45 
1972 4	  72.15   26.16   12.14    5.71 
1972 5	  78.33   28.43   14.46    3.43 
1972 6	  93.60   32.51   19.60    5.08 
1972 7	 232.02   31.97   20.24    4.22 
1972 8	 132.20   33.11   19.68    2.90 
1972 9	 124.77   32.42   19.93    3.35 
1972 10	 174.95   25.12   11.80    5.10 
1972 11	  90.60   16.20    5.56    6.64 
1972 12	 156.23   15.01    1.56    6.06 
1973 1	 164.77   12.22   -0.24    6.82 
1973 2	  86.05   15.20    2.54    6.11 
1973 3	 223.22   22.11    9.53    6.10 
1973 4	 158.75   22.71   10.43    6.19 
1973 5	  87.25   28.36   14.53    5.61 
1973 6	 205.60   30.92   19.78    3.89 
1973 7	 158.65   33.35   21.73    3.09 
1973 8	  79.45   32.29   19.31    3.28 
1973 9	 171.47   30.57   19.53    4.90 
1973 10	 147.70   27.64   13.83    4.89 
1973 11	  78.78   24.12   10.67    6.03 
1973 12	 178.70   17.07    1.12    6.77 
1974 1	 324.00   15.68    5.47    4.69 
1974 2	  54.47   18.37    2.80    6.41 
1974 3	  66.55   23.93   11.40    5.84 
1974 4	 129.30   25.50   11.03    6.75 
1974 5	 143.10   29.42   17.81    5.32 
1974 6	  27.88   31.26   18.13    4.16 
1974 7	  90.47   34.02   20.64    2.58 
1974 8	 114.65   32.85   20.30    2.94 
1974 9	 116.35   27.65   16.62    5.58 
1974 10	 209.80   25.93   10.44    6.38 
1974 11	 163.88   19.87    6.80    6.09 
1974 12	 214.20   15.33    2.66    5.47 
1975 1	 115.73   17.76    5.07    5.83 
1975 2	 202.45   17.43    3.56    4.84 
1975 3	 140.85   19.89    6.89    6.48 
1975 4	 128.28   23.74   11.85    6.62 
1975 5	 340.65   28.70   17.60    4.63 
1975 6	 188.58   31.12   20.11    4.30 
1975 7	 125.00   32.30   21.44    3.37 
1975 8	  57.95   32.72   21.49    2.83 
1975 9	 105.20   29.14   16.39    4.33 
1975 10	 155.85   25.87   11.99    4.96 
1975 11	  72.08   20.93    6.83    5.72 
1975 12	  79.20   15.43    3.26    5.65 
1976 1	  68.45   15.32    0.05    6.67 
1976 2	  59.60   20.71    6.55    5.04 
1976 3	 132.67   20.85    9.44    6.36 
1976 4	  67.73   25.56   12.30    4.84 
1976 5	 267.57   26.37   14.03    4.75 
1976 6	 163.32   30.47   18.33    3.72 
1976 7	  75.75   31.78   20.94    2.30 
1976 8	  43.35   32.76   19.48    2.72 
1976 9	 104.23   30.22   17.49    3.27 
1976 10	  51.58   22.23    7.15    5.72 
1976 11	  86.10   15.70    2.97    6.44 
1976 12	 121.30   14.40    0.49    6.06 
1977 1	  95.15    9.12   -2.07    6.59 
1977 2	  52.88   17.23    2.19    6.86 
1977 3	 189.90   21.62    8.31    6.08 
1977 4	 109.05   25.19   11.64    5.42 
1977 5	  20.85   29.73   16.60    4.41 
1977 6	  76.25   33.09   20.31    3.83 
1977 7	  89.67   34.50   21.68    2.61 
1977 8	 163.48   33.06   22.08    4.12 
1977 9	  70.47   31.71   20.32    4.08 
1977 10	  49.42   26.19   10.74    4.93 
1977 11	 154.68   20.49    8.73    5.51 
1977 12	  83.92   15.79    2.71    6.85 
1978 1	 214.45    8.08   -1.03    7.77 
1978 2	  49.23   10.39   -1.17    6.97 
1978 3	  34.12   19.15    5.14    5.05 
1978 4	  12.53   26.05   12.22    5.15 
1978 5	  64.95   29.78   16.44    4.58 
1978 6	  83.05   32.62   19.75    3.18 
1978 7	  55.80   35.21   21.63    2.82 
1978 8	 116.95   34.24   20.92    3.30 
1978 9	 144.60   30.39   19.97    4.54 
1978 10	  23.35   26.43   10.01    4.57 
1978 11	 120.53   21.69   10.05    4.91 
1978 12	 170.60   16.32    2.43    6.58 
1979 1	 177.48    9.30   -0.71    7.50 
1979 2	 162.68   12.90    3.06    6.09 
1979 3	 165.13   20.73    7.77    6.06 
1979 4	 137.62   23.99   12.93    5.18 
1979 5	 113.22   27.37   15.26    4.71 
1979 6	  84.32   31.49   19.61    4.00 
1979 7	 167.65   32.64   21.92    4.15 
1979 8	  67.45   33.39   20.84    2.69 
1979 9	 141.75   30.20   17.41    6.04 
1979 10	  81.45   28.34   11.46    4.86 
1979 11	 113.85   19.34    3.88    6.45 
1979 12	 152.92   16.31    1.98    5.77 
1980 1	 100.40   14.86    4.35    5.28 
1980 2	 121.28   15.02    2.25    6.03 
1980 3	 168.50   19.79    6.47    6.16 
1980 4	 130.50   23.96    9.77    5.19 
1980 5	 168.73   28.87   16.91    4.07 
1980 6	  49.93   34.28   20.50    4.48 
1980 7	  70.80   36.71   21.99    2.45 
1980 8	   7.80   36.03   21.06    4.09 
1980 9	  55.20   34.29   20.55    3.60 
1980 10	 132.27   25.53    8.29    5.24 
1980 11	  70.60   18.36    4.97    5.85 
1980 12	  28.38   16.31    2.19    5.56 
1981 1	  68.18   13.78   -0.22    5.20 
1981 2	  39.95   16.31    2.62    5.12 
1981 3	  83.32   20.51    6.22    5.58 
1981 4	  45.38   27.59   15.15    4.39 
1981 5	 166.10   27.72   15.02    5.03 
1981 6	 251.17   32.57   21.45    4.44 
1981 7	 122.15   34.15   22.39    3.43 
1981 8	  52.47   34.45   21.22    3.03 
1981 9	 101.18   30.36   16.27    3.89 
1981 10	  89.43   25.43   12.49    4.77 
1981 11	  62.25   21.62    7.21    4.77 
1981 12	  56.60   15.57    1.87    5.98 
1982 1	  83.85   15.72    1.83    6.64 
1982 2	 117.97   13.98    2.70    5.89 
1982 3	  87.62   21.66   10.81    5.90 
1982 4	 216.27   23.04   11.59    6.09 
1982 5	  96.67   29.08   16.20    4.45 
1982 6	 132.60   32.25   19.68    3.12 
1982 7	  67.37   33.90   21.57    2.53 
1982 8	  76.38   34.17   21.63    2.47 
1982 9	  73.93   31.09   16.51    4.72 
1982 10	 130.05   25.66   11.44    5.79 
1982 11	 230.92   20.50    7.93    5.94 
1982 12	 294.25   18.08    6.14    7.08 
1983 1	 101.70   12.93    1.30    5.65 
1983 2	 136.88   15.10    3.78    6.93 
1983 3	 116.72   19.72    5.49    5.76 
1983 4	  62.05   22.09    9.11    6.64 
1983 5	 274.58   27.61   14.99    4.90 
1983 6	 104.20   29.95   19.26    3.97 
1983 7	  41.00   33.19   21.52    3.94 
1983 8	 194.75   33.19   21.69    2.95 
1983 9	 103.55   30.45   16.86    5.05 
1983 10	  19.78   26.00   11.62    4.89 
1983 11	 172.02   20.78    7.10    5.92 
1983 12	 147.63   10.97    0.10    7.47 
1984 1	  90.05   11.09   -1.32    6.50 
1984 2	 175.82   17.32    2.41    5.98 
1984 3	  88.05   20.28    7.91    5.37 
1984 4	  62.10   25.15   11.60    6.24 
1984 5	 183.50   28.62   15.89    5.39 
1984 6	  92.30   31.67   19.08    3.62 
1984 7	  37.50   33.43   20.45    2.42 
1984 8	  65.57   33.39   20.72    3.16 
1984 9	  77.18   30.09   17.15    5.90 
1984 10	 282.98   26.54   15.35    5.38 
1984 11	 138.27   19.80    6.52    6.34 
1984 12	  52.28   20.72    9.11    5.85 
1985 1	  70.28   11.28   -0.82    5.90 
1985 2	 194.55   13.47    2.22    5.78 
1985 3	  92.08   22.71   10.46    5.71 
1985 4	  52.95   25.72   12.96    5.50 
1985 5	  93.43   28.72   16.01    3.99 
1985 6	  21.20   32.54   19.44    4.30 
1985 7	 109.97   33.36   20.86    3.07 
1985 8	  31.48   34.69   21.24    3.33 
1985 9	 166.10   31.82   17.74    5.22 
1985 10	 254.75   25.17   15.39    5.89 
1985 11	  92.00   21.60   11.42    5.35 
1985 12	 103.80   13.94    0.14    5.64 
1986 1	  32.93   15.78    1.46    5.96 
1986 2	  87.97   19.05    6.50    5.95 
1986 3	  66.38   22.16    6.04    4.49 
1986 4	  83.15   25.18   13.24    4.91 
1986 5	 121.28   27.92   17.13    4.41 
1986 6	 199.20   31.21   21.08    2.99 
1986 7	  40.90   34.28   22.07    3.50 
1986 8	 116.15   32.90   20.19    3.33 
1986 9	  87.90   31.60   20.38    3.72 
1986 10	 136.78   24.53   12.89    5.02 
1986 11	 269.32   19.22   10.05    6.42 
1986 12	 128.05   13.22    4.01    6.09 
1987 1	  76.38   13.31    1.47    5.90 
1987 2	 213.78   16.44    5.67    5.91 
1987 3	  57.40   20.20    5.45    5.70 
1987 4	  11.95   25.42    7.44    4.28 
1987 5	 131.70   29.46   17.82    3.39 
1987 6	 141.98   31.33   19.91    4.69 
1987 7	  97.33   33.25   20.70    3.40 
1987 8	  94.65   34.63   22.31    3.43 
1987 9	  95.42   30.49   16.58    4.08 
1987 10	  53.60   25.20    8.05    5.40 
1987 11	 245.15   20.49    6.32    6.50 
1987 12	 189.88   16.74    4.56    5.80 
1988 1	  64.78   11.88   -0.55    6.58 
1988 2	  57.45   15.38    2.79    5.76 
1988 3	 181.62   20.43    7.26    5.71 
1988 4	  57.87   25.49   10.79    5.17 
1988 5	  29.48   28.88   13.39    4.39 
1988 6	  35.40   32.24   18.10    3.99 
1988 7	 157.32   33.25   21.50    3.80 
1988 8	 102.15   33.36   21.63    3.09 
1988 9	  54.40   31.32   18.39    4.93 
1988 10	  73.20   25.30   11.05    4.80 
1988 11	  35.58   21.94    8.48    6.47 
1988 12	 146.50   16.21    3.02    5.69 
1989 1	 248.02   16.47    5.80    5.37 
1989 2	  98.20   14.22    3.38    6.68 
1989 3	 153.68   20.15    7.39    6.14 
1989 4	  28.60   24.75   10.72    4.97 
1989 5	 206.02   28.87   17.10    5.00 
1989 6	 368.12   29.72   19.64    5.40 
1989 7	 185.80   31.65   21.35    4.08 
1989 8	  25.95   32.26   20.87    2.85 
1989 9	  50.85   29.17   17.43    4.76 
1989 10	  87.88   26.58   11.16    5.31 
1989 11	  32.10   21.21    8.35    6.12 
1989 12	 123.57   11.09   -2.22    6.88 
1990 1	 332.57   16.34    4.68    5.12 
1990 2	 135.62   19.89    7.02    6.50 
1990 3	 112.55   21.23    9.37    5.27 
1990 4	 109.93   25.11   11.39    5.45 
1990 5	 201.53   28.62   17.32    5.40 
1990 6	 106.75   34.20   21.22    3.56 
1990 7	  55.05   33.48   20.69    3.02 
1990 8	  37.35   34.60   20.47    2.90 
1990 9	  43.03   32.55   18.91    2.87 
1990 10	  51.42   25.90    9.69    5.04 
1990 11	  98.15   22.28    7.29    5.49 
1990 12	 175.05   16.54    3.39    6.09 
1991 1	 258.32   12.23    2.36    5.98 
1991 2	 170.50   17.01    4.18    5.99 
1991 3	  41.83   21.94    8.53    6.58 
1991 4	 245.50   25.64   14.93    5.40 
1991 5	 209.00   28.96   19.06    5.53 
1991 6	 104.95   31.88   20.97    4.12 
1991 7	 123.60   33.36   21.65    3.18 
1991 8	 186.95   32.10   20.73    2.44 
1991 9	 106.93   29.82   17.88    4.44 
1991 10	  79.90   27.54   12.85    5.18 
1991 11	  82.43   17.77    4.55    6.63 
1991 12	 124.55   16.46    6.35    6.25 
1992 1	 156.53   13.40    2.31    5.77 
1992 2	 227.10   18.92    5.61    5.63 
1992 3	  97.50   21.77    8.66    5.36 
1992 4	  91.40   24.46   10.88    4.44 
1992 5	 112.00   28.10   15.06    3.88 
1992 6	 109.25   30.68   19.72    3.73 
1992 7	  78.80   33.12   21.42    4.04 
1992 8	  60.40   31.50   18.56    2.94 
1992 9	  85.43   30.28   18.14    4.65 
1992 10	  87.38   26.71   10.68    4.99 
1992 11	 118.10   17.33    4.98    6.24 
1992 12	 175.38   15.12    4.45    5.08 
1993 1	 134.95   14.01    3.39    5.56 
1993 2	  51.78   15.93    3.09    6.07 
1993 3	 176.45   18.58    6.11    5.72 
1993 4	 121.53   21.98    9.72    5.90 
1993 5	 130.68   26.82   15.19    4.58 
1993 6	 172.25   31.29   20.83    5.12 
1993 7	  25.15   34.59   21.79    3.08 
1993 8	  43.95   35.72   21.66    3.00 
1993 9	  30.25   32.18   17.53    3.93 
1993 10	  85.95   24.72   11.78    5.29 
1993 11	 110.18   16.88    4.20    6.20 
1993 12	 120.90   15.55    3.17    6.06 
1994 1	 176.43   13.50    1.92    6.70 
1994 2	 135.43   16.20    3.55    5.30 
1994 3	 113.22   20.67    7.06    4.88 
1994 4	 104.53   25.34   11.80    4.95 
1994 5	 140.33   27.19   15.35    4.14 
1994 6	  70.12   32.01   21.11    4.55 
1994 7	  97.53   33.55   20.85    3.87 
1994 8	 162.78   31.78   20.02    2.97 
1994 9	  26.80   30.00   16.47    3.65 
1994 10	 334.17   24.33   14.14    5.54 
1994 11	  65.75   21.23    9.85    5.81 
1994 12	 161.47   15.83    5.10    5.41 
1995 1	 212.40   15.27    3.70    6.31 
1995 2	  76.08   17.52    3.94    5.71 
1995 3	 136.60   20.39    9.65    6.09 
1995 4	 228.15   23.68   10.85    5.71 
1995 5	 112.55   28.72   17.22    5.22 
1995 6	  38.40   32.01   18.23    3.93 
1995 7	 173.75   33.99   21.45    4.46 
1995 8	  65.00   34.46   22.05    3.18 
1995 9	  65.18   31.68   17.30    3.94 
1995 10	  85.83   26.58   10.13    6.64 
1995 11	  66.30   19.56    4.92    6.06 
1995 12	 164.10   15.80    4.01    6.48 
1996 1	  53.05   15.65    1.15    6.49 
1996 2	  26.58   18.02    3.77    6.17 
1996 3	  35.32   18.39    4.13    6.25 
1996 4	 106.98   24.70    9.47    5.75 
1996 5	  71.20   31.09   17.97    4.89 
1996 6	  99.85   32.32   18.72    3.30 
1996 7	 124.05   34.24   21.51    3.33 
1996 8	 146.40   32.30   20.07    3.36 
1996 9	 134.38   29.89   17.00    4.01 
1996 10	  68.98   25.52   11.39    6.41 
1996 11	  86.88   20.18    7.00    6.59 
1996 12	 125.62   17.41    4.70    5.79 
1997 1	  80.08   13.73    1.94    6.59 
1997 2	 264.33   16.21    4.79    6.58 
1997 3	 110.38   22.92   10.14    5.40 
1997 4	 131.12   22.12    8.80    6.55 
1997 5	 117.32   28.74   14.77    4.29 
1997 6	  86.50   32.60   18.99    3.68 
1997 7	 110.35   35.00   21.75    2.66 
1997 8	 122.87   33.44   20.74    2.98 
1997 9	  67.88   32.13   17.72    3.59 
1997 10	 109.55   25.18   11.91    6.30 
1997 11	 118.30   17.47    5.47    5.78 
1997 12	 212.02   14.04    2.09    6.17 
1998 1	 244.45   16.28    4.99    5.36 
1998 2	 140.30   16.64    3.57    5.74 
1998 3	  89.82   19.73    6.77    6.83 
1998 4	  44.12   23.77    8.95    5.63 
1998 5	   0.32   31.94   17.03    4.40 
1998 6	  56.87   35.65   22.06    5.90 
1998 7	  60.35   37.88   22.77    3.89 
1998 8	 179.38   36.19   21.72    2.76 
1998 9	 303.70   32.49   20.98    7.36 
1998 10	 103.98   26.93   13.29    5.94 
1998 11	 256.93   20.51    9.57    4.98 
1998 12	 246.30   15.90    4.91    5.70 
1999 1	 304.58   17.84    3.85    6.45 
1999 2	  32.28   20.25    6.07    5.09 
1999 3	 184.12   20.47    6.93    5.76 
1999 4	 109.45   27.16   12.29    5.81 
1999 5	 111.50   29.01   13.53    4.11 
1999 6	 135.65   31.63   18.05    4.13 
1999 7	 142.20   33.53   19.63    3.32 
1999 8	  17.45   36.54   21.71    3.18 
1999 9	  85.00   31.30   15.87    4.85 
1999 10	  48.70   26.42    9.59    5.37 
1999 11	  13.02   22.66    5.16    4.75 
1999 12	 141.70   17.14    1.90    6.35 
2000 1	  39.12   17.13    4.18    6.28 
2000 2	  34.50   20.71    6.36    5.52 
2000 3	 144.07   23.72   10.63    4.99 
2000 4	 128.50   23.74   10.42    4.94 
2000 5	 196.00   29.59   18.81    5.07 
2000 6	 113.52   32.05   20.48    4.27 
2000 7	  54.95   35.47   21.22    3.64 
2000 8	   9.85   36.58   20.78    2.56 
2000 9	  53.20   32.33   17.57    5.07 
2000 10	  32.08   26.91   12.05    5.51 
2000 11	 334.25   17.66    6.26    6.24 
2000 12	 102.95   11.03    0.09    6.56 
2001 1	 143.68   11.63    0.72    5.80 
2001 2	  77.95   18.47    6.08    5.64 
2001 3	 244.98   17.04    6.37    5.56 
2001 4	  38.33   26.75   14.69    6.21 
2001 5	  39.42   30.14   16.37    4.59 
2001 6	 229.90   31.87   19.62    4.03 
2001 7	  93.17   34.65   22.27    2.83 
2001 8	 159.35   33.98   21.79    3.68 
2001 9	 132.45   29.20   17.73    4.89 
2001 10	 130.30   24.80    9.64    6.07 
2001 11	 156.68   22.62    8.11    5.17 
2001 12	 200.75   17.91    5.07    5.77 
2002 1	  73.40   16.49    3.35    5.83 
2002 2	 105.20   15.82    1.72    6.14 
2002 3	  94.03   20.25    6.41    6.52 
2002 4	  65.20   26.49   14.41    5.17 
2002 5	  42.00   30.04   16.87    5.88 
2002 6	  66.97   32.15   19.57    4.04 
2002 7	  70.55   34.10   21.24    2.82 
2002 8	  82.75   34.18   21.41    3.56 
2002 9	 115.13   31.32   19.81    6.04 
2002 10	 292.17   24.24   15.14    4.84 
2002 11	 181.85   18.54    5.51    5.88 
2002 12	 271.77   16.03    3.32    6.55 
2003 1	  30.90   13.54    1.06    6.00 
2003 2	 184.55   15.17    5.19    5.76 
2003 3	  77.25   19.29    7.74    4.09 
2003 4	  22.83   24.16   11.27    4.96 
2003 5	  49.83   30.25   18.14    5.24 
2003 6	 161.02   32.28   20.29    3.61 
2003 7	  75.60   33.87   21.93    3.77 
2003 8	 135.93   34.45   22.23    3.55 
2003 9	 132.93   29.72   18.13    4.49 
2003 10	  35.48   26.02   12.11    4.74 
2003 11	 137.78   22.45    9.44    6.22 
2003 12	  70.78   17.05    2.41    6.23 
2004 1	 119.18   15.88    3.23    5.89 
2004 2	 302.60   13.79    2.98    6.26 
2004 3	  60.53   22.55   10.10    5.19 
2004 4	 137.50   25.06   12.17    4.86 
2004 5	 214.90   28.68   17.12    5.11 
2004 6	 265.90   31.00   20.73    3.97 
2004 7	  46.03   33.18   21.31    2.71 
2004 8	  76.20   32.34   20.08    3.79 
2004 9	  59.52   31.96   19.14    5.18 
2004 10	 128.55   27.78   18.01    4.94 
2004 11	 314.73   20.22   10.69    6.00 
2004 12	 119.48   15.57    2.51    6.66 
2005 1	  82.53   16.56    5.86    5.74 
2005 2	 162.20   16.19    7.24    5.41 
2005 3	 125.13   19.88    7.25    4.95 
2005 4	  72.75   24.54   10.79    5.32 
2005 5	  57.40   28.84   14.53    4.07 
2005 6	  49.15   33.27   19.84    3.29 
2005 7	 153.40   33.42   22.05    3.65 
2005 8	  88.90   34.77   21.62    2.73 
2005 9	 192.55   34.15   20.18    4.91 
2005 10	  32.55   27.00   11.56    5.89 
2005 11	  55.32   22.52    8.72    5.88 
2005 12	  86.00   15.52    1.59    6.22 
2006 1	 117.53   18.48    4.73    5.56 
2006 2	 216.22   15.53    1.98    5.80 
2006 3	  91.22   21.70    9.44    6.26 
2006 4	 121.82   27.52   14.78    5.33 
2006 5	  51.97   29.45   16.56    4.49 
2006 6	  87.00   32.01   18.88    2.91 
2006 7	 116.35   32.67   21.85    2.72 
2006 8	  79.13   34.59   22.18    2.90 
2006 9	  76.03   30.65   17.17    3.91 
2006 10	 442.98   25.95   13.30    5.20 
2006 11	  48.95   21.13    7.39    6.03 
2006 12	 252.67   16.78    4.50    6.69 
2007 1	 147.45   13.75    3.02    6.35 
2007 2	  56.65   15.60    3.67    5.17 
2007 3	  87.98   23.78   10.76    4.88 
2007 4	 108.25   23.35   11.13    5.30 
2007 5	 115.68   28.57   17.10    5.01 
2007 6	 111.68   31.68   20.77    3.77 
2007 7	 189.10   30.88   21.89    3.65 
2007 8	  53.62   34.14   22.31    3.10 
2007 9	  44.58   31.17   19.82    4.06 
2007 10	  74.50   27.47   13.80    6.00 
2007 11	 110.50   21.10    8.85    5.01 
2007 12	 112.15   18.50    5.63    4.90 
2008 1	  88.10   14.27    2.67    6.98 
2008 2	 155.35   18.70    5.41    5.55 
2008 3	 115.00   21.19    9.17    6.49 
2008 4	  56.73   25.10   12.75    5.52 
2008 5	  75.73   28.97   17.57    5.20 
2008 6	  74.65   33.08   21.80    4.07 
2008 7	  42.47   34.71   21.80    3.42 
2008 8	 127.08   32.85   22.30    4.01 
2008 9	 168.88   29.17   18.55    6.14 
2008 10	  44.43   25.84   11.57    5.11 
2008 11	 135.73   20.90    7.20    5.64 
2008 12	 165.18   16.34    4.42    6.53 
2009 1	  37.98   15.12    2.63    5.65 
2009 2	  50.30   19.20    6.35    6.20 
2009 3	 200.00   20.03    8.48    5.78 
2009 4	 149.20   23.96   10.90    6.71 
2009 5	  64.88   28.52   17.89    4.95 
2009 6	  27.98   34.14   21.13    3.55 
2009 7	 157.00   34.50   22.22    3.19 
2009 8	 147.23   33.12   21.79    2.45 
2009 9	 140.53   29.01   19.66    3.93 
2009 10	 380.20   24.37   13.38    5.84 
2009 11	  47.68   20.60    7.51    5.68 
2009 12	 196.30   12.21    2.84    6.79 
2010 1	  78.12   12.84    0.84    6.16 
2010 2	 132.18   11.44    0.95    6.34 
2010 3	  52.05   18.88    5.86    5.32 
2010 4	  14.30   26.30   12.45    5.36 
2010 5	  47.63   31.05   18.85    4.09 
2010 6	  57.80   34.08   22.82    3.17 
2010 7	 134.18   33.47   23.43    4.19 
2010 8	  63.33   35.71   24.25    3.72 
2010 9	  84.88   33.14   20.12    4.53 
2010 10	  37.35   31.19   14.65    4.82 
2010 11	 150.68   20.93    7.28    5.59 
2010 12	  45.43   15.17    1.56    6.72 
