1949 1	  69.00    3.84   -7.86    3.74 
1949 2	  11.98   12.64   -2.24    3.30 
1949 3	   5.47   18.86   -0.12    3.91 
1949 4	  63.00   20.49    4.88    3.09 
1949 5	 131.88   26.90   11.23    3.75 
1949 6	  94.37   31.62   15.35    3.98 
1949 7	  81.88   33.29   17.75    3.08 
1949 8	  31.27   31.73   15.73    2.50 
1949 9	  66.97   27.91   12.71    2.81 
1949 10	  31.32   22.22    5.52    2.95 
1949 11	   2.08   21.67   -0.38    2.58 
1949 12	   5.90   12.05   -5.60    3.16 
1950 1	   4.93   15.92   -4.63    3.38 
1950 2	   0.22   17.90   -3.58    3.06 
1950 3	   0.00   19.88   -3.17    4.20 
1950 4	  11.75   24.50    3.81    4.19 
1950 5	  15.88   28.53    9.63    3.54 
1950 6	  34.93   33.72   16.34    4.19 
1950 7	 230.25   30.62   17.31    3.60 
1950 8	  64.35   31.51   15.84    2.98 
1950 9	 139.67   25.73   12.92    2.85 
1950 10	   0.77   26.68    7.57    2.92 
1950 11	   0.68   19.45   -2.42    2.95 
1950 12	   5.45   14.89   -6.54    2.35 
1951 1	  11.45   11.78   -6.75    3.47 
1951 2	  24.97   14.60   -4.17    4.09 
1951 3	   7.53   16.85   -1.44    3.81 
1951 4	   3.85   22.83    2.79    3.87 
1951 5	 166.20   27.50   10.53    3.90 
1951 6	 105.20   32.22   15.37    4.26 
1951 7	  67.20   34.63   18.59    3.62 
1951 8	  41.65   33.64   18.00    3.39 
1951 9	  18.35   30.35   12.03    3.54 
1951 10	  42.17   25.00    6.13    3.41 
1951 11	   5.47   15.36   -2.49    3.17 
1951 12	   6.75   12.39   -4.12    3.49 
1952 1	  18.08   13.98   -3.53    3.28 
1952 2	   3.55   15.71   -3.72    3.62 
1952 3	   2.83   17.14   -2.00    4.48 
1952 4	  47.80   21.78    4.71    3.63 
1952 5	  17.82   28.39   10.26    3.71 
1952 6	  31.95   34.61   17.97    4.73 
1952 7	  46.30   32.23   17.65    3.46 
1952 8	  43.80   34.69   18.95    3.29 
1952 9	  17.80   28.35   11.69    2.44 
1952 10	   0.00   23.96    3.13    2.71 
1952 11	  24.73   13.91   -2.06    2.95 
1952 12	   3.70   12.13   -5.17    2.80 
1953 1	  17.45   16.72   -2.60    3.98 
1953 2	  11.35   14.25   -4.25    3.19 
1953 3	  10.43   21.06    2.10    3.50 
1953 4	  16.80   23.24    3.64    3.68 
1953 5	  39.47   27.39    9.20    4.17 
1953 6	  21.40   36.41   18.77    4.54 
1953 7	  74.95   34.22   18.66    3.63 
1953 8	  44.38   32.45   17.44    2.90 
1953 9	   2.67   31.83   10.99    2.60 
1953 10	  55.90   24.12    6.82    3.19 
1953 11	   6.00   17.06    0.22    2.93 
1953 12	   5.20   10.39   -5.78    3.58 
1954 1	   0.20   13.94   -5.39    2.96 
1954 2	   7.55   18.71   -1.39    3.69 
1954 3	   0.00   17.33   -0.92    3.68 
1954 4	  26.35   25.86    7.35    3.83 
1954 5	  63.30   24.66    9.75    3.57 
1954 6	  13.32   33.32   16.19    4.16 
1954 7	   8.30   35.74   18.68    3.03 
1954 8	  69.07   32.76   17.97    3.38 
1954 9	   4.60   31.42   14.13    3.08 
1954 10	  49.02   23.68    7.82    2.97 
1954 11	   0.00   19.15   -0.49    2.69 
1954 12	   2.93   14.86   -4.07    3.18 
1955 1	  17.82   10.75   -3.75    3.13 
1955 2	   0.00   13.12   -6.53    3.39 
1955 3	   0.95   18.75   -0.91    3.66 
1955 4	  11.32   24.38    4.70    4.20 
1955 5	 120.88   26.61   11.05    3.40 
1955 6	  22.10   31.99   14.32    3.98 
1955 7	  65.78   32.13   17.75    3.29 
1955 8	   7.95   32.96   16.91    2.47 
1955 9	  78.35   29.47   13.67    2.98 
1955 10	  69.65   24.07    6.55    2.74 
1955 11	   6.72   17.55   -1.96    3.15 
1955 12	   0.00   15.17   -3.23    3.13 
1956 1	   1.40   13.67   -4.24    2.82 
1956 2	  33.65   10.17   -5.90    3.65 
1956 3	   0.00   20.53   -0.69    3.57 
1956 4	   5.27   23.85    3.74    3.68 
1956 5	  55.62   30.75   12.50    4.21 
1956 6	  67.82   34.17   17.14    3.91 
1956 7	  32.95   34.32   17.61    3.58 
1956 8	  22.07   33.41   16.12    3.36 
1956 9	   5.67   32.51   12.44    3.19 
1956 10	  24.40   26.23    7.72    2.79 
1956 11	   0.00   16.54   -2.69    2.88 
1956 12	   6.90   15.22   -3.13    3.18 
1957 1	   4.18   12.17   -4.87    3.29 
1957 2	  19.60   16.58    1.23    2.99 
1957 3	  23.55   16.86    0.56    3.61 
1957 4	  86.10   20.45    3.94    3.84 
1957 5	 113.27   24.73   10.44    3.11 
1957 6	  75.88   30.80   15.48    3.74 
1957 7	  31.53   35.33   18.68    3.15 
1957 8	  45.28   32.59   17.89    2.98 
1957 9	  51.67   28.08   11.22    2.84 
1957 10	  77.32   20.14    6.99    2.92 
1957 11	  32.48   12.13   -0.55    2.97 
1957 12	   2.75   15.63   -3.07    3.25 
1958 1	  44.48    9.16   -4.89    3.19 
1958 2	   8.70   12.66   -2.87    3.80 
1958 3	  53.43   10.89   -1.57    3.22 
1958 4	  40.33   20.06    4.44    3.66 
1958 5	  58.68   27.72   12.10    2.78 
1958 6	  33.35   33.47   17.17    3.85 
1958 7	  56.35   34.45   18.40    4.26 
1958 8	  35.33   33.48   17.73    2.47 
1958 9	  97.93   28.08   14.02    2.88 
1958 10	  15.02   20.57    7.16    2.43 
1958 11	  15.05   18.05   -0.57    2.74 
1958 12	   2.53   13.35   -5.80    2.90 
1959 1	   0.32   12.14   -7.00    3.36 
1959 2	   3.45   12.45   -3.86    3.76 
1959 3	   1.15   18.35   -1.46    4.00 
1959 4	  38.30   22.21    5.27    3.74 
1959 5	  85.85   27.82   11.75    3.95 
1959 6	 115.17   32.30   16.54    3.22 
1959 7	  82.58   31.95   17.35    2.52 
1959 8	  44.48   32.88   17.57    3.02 
1959 9	  20.27   31.14   12.62    3.66 
1959 10	  61.20   21.83    4.65    2.71 
1959 11	   0.65   14.89   -3.41    2.65 
1959 12	  43.25   12.66   -2.93    3.26 
1960 1	  28.90    8.69   -6.06    3.08 
1960 2	  19.30   10.08   -6.73    4.13 
1960 3	   9.60   15.81   -2.04    3.19 
1960 4	   9.15   25.99    5.80    3.97 
1960 5	  27.30   29.42    9.02    3.50 
1960 6	  99.85   33.52   16.66    3.57 
1960 7	 219.60   31.63   17.49    2.83 
1960 8	  47.67   32.24   17.25    3.14 
1960 9	  27.33   29.86   13.09    2.60 
1960 10	 119.40   23.22    6.95    2.81 
1960 11	   0.00   18.82   -0.36    2.81 
1960 12	  35.18    7.62   -4.58    3.40 
1961 1	  13.62   10.19   -7.83    2.89 
1961 2	  40.55   13.43   -3.31    3.33 
1961 3	  35.47   17.61    0.03    3.62 
1961 4	   4.15   23.27    4.02    4.09 
1961 5	  55.38   28.84   10.56    3.83 
1961 6	  83.23   31.65   15.18    3.22 
1961 7	  64.07   31.32   16.80    3.04 
1961 8	  40.93   31.44   15.93    2.42 
1961 9	  26.08   28.53   11.30    3.52 
1961 10	   9.62   24.70    5.07    3.25 
1961 11	  44.38   12.01   -0.88    3.21 
1961 12	   9.48   11.53   -4.79    3.10 
1962 1	  18.98    9.10   -8.50    3.46 
1962 2	   7.38   18.45   -2.57    3.60 
1962 3	   7.70   16.58   -2.32    4.12 
1962 4	  16.28   23.66    5.72    3.57 
1962 5	  12.57   32.09   12.52    5.09 
1962 6	  42.35   31.67   15.26    3.47 
1962 7	 174.80   32.35   17.82    3.30 
1962 8	  24.25   33.64   16.39    2.73 
1962 9	 115.78   27.65   14.15    2.48 
1962 10	  74.88   23.68    7.50    2.99 
1962 11	  21.70   17.75    1.32    2.51 
1962 12	   3.60   13.10   -2.88    2.70 
1963 1	   1.52   10.01  -10.23    3.18 
1963 2	  21.55   15.16   -2.99    3.11 
1963 3	  12.82   19.70    0.81    3.97 
1963 4	  20.18   25.54    7.55    3.60 
1963 5	  74.15   28.48   11.98    3.89 
1963 6	 151.98   30.35   15.70    3.88 
1963 7	  81.20   33.59   18.44    3.66 
1963 8	  36.75   31.84   17.19    2.42 
1963 9	  23.38   29.45   13.83    2.02 
1963 10	  11.10   27.35    8.47    2.35 
1963 11	  16.20   18.81    0.87    2.70 
1963 12	   1.48   10.71   -5.50    2.57 
1964 1	   3.47   12.88   -6.04    3.45 
1964 2	  18.77    9.58   -6.06    3.43 
1964 3	   1.93   18.82   -1.34    3.73 
1964 4	   0.00   25.07    5.05    3.78 
1964 5	  29.48   29.38   12.02    3.88 
1964 6	  93.90   32.39   15.16    4.00 
1964 7	  11.27   35.08   18.39    3.11 
1964 8	  35.90   33.25   17.32    3.32 
1964 9	  54.35   27.50   13.68    2.66 
1964 10	   6.93   25.26    6.59    2.61 
1964 11	  47.20   17.04    1.25    3.17 
1964 12	  15.07   12.82   -2.75    3.17 
1965 1	   1.98   15.28   -2.75    3.53 
1965 2	  13.40   13.20   -5.13    3.47 
1965 3	   3.65   14.02   -3.68    3.66 
1965 4	  17.35   25.01    7.04    3.63 
1965 5	  29.38   28.33   12.13    3.85 
1965 6	 155.62   30.71   16.09    4.20 
1965 7	  43.23   33.73   18.29    2.94 
1965 8	  37.70   31.53   16.48    2.97 
1965 9	  58.33   28.74   12.50    3.15 
1965 10	  31.28   24.18    5.94    2.42 
1965 11	   3.17   20.60    3.29    2.38 
1965 12	  10.27   14.37   -2.08    3.42 
1966 1	  16.02    8.33   -8.47    2.85 
1966 2	   4.62   11.44   -6.13    3.32 
1966 3	   0.60   20.06   -0.33    4.18 
1966 4	  49.80   22.24    4.93    3.42 
1966 5	  27.88   26.79   10.34    3.11 
1966 6	 115.20   30.18   16.07    3.93 
1966 7	  16.95   34.64   19.69    3.16 
1966 8	 224.33   28.86   16.65    2.94 
1966 9	  54.75   26.82   13.58    1.89 
1966 10	   2.73   22.63    4.15    2.43 
1966 11	   4.25   20.02    0.80    3.32 
1966 12	   3.48   12.43   -6.86    2.84 
1967 1	   0.00   14.24   -6.51    3.22 
1967 2	   1.93   14.47   -5.20    3.29 
1967 3	   8.88   22.24    2.21    4.13 
1967 4	   8.53   25.82    8.09    4.83 
1967 5	  24.30   27.50    8.34    3.59 
1967 6	 132.10   30.42   15.73    4.31 
1967 7	 116.95   30.91   17.12    3.47 
1967 8	  56.65   30.60   15.26    2.84 
1967 9	  37.15   26.70   11.73    2.66 
1967 10	   5.45   25.17    4.68    3.49 
1967 11	   2.15   17.49   -0.26    3.04 
1967 12	  13.82    9.74   -5.88    3.60 
1968 1	  36.55   11.07   -3.77    3.47 
1968 2	  15.40   11.92   -4.07    2.97 
1968 3	  31.98   16.38    0.53    4.39 
1968 4	   9.10   21.02    4.08    4.01 
1968 5	  75.40   26.17    9.54    4.22 
1968 6	  50.40   32.22   14.93    3.97 
1968 7	  79.85   30.62   17.27    3.73 
1968 8	  70.28   30.51   16.81    3.80 
1968 9	  29.62   27.69   10.80    3.04 
1968 10	  16.62   24.37    6.95    3.77 
1968 11	  29.10   14.67    0.36    3.49 
1968 12	   5.18   13.02   -4.92    4.11 
1969 1	   0.00   14.86   -3.62    3.53 
1969 2	  20.25   12.77   -2.90    3.43 
1969 3	  26.18   11.38   -3.41    3.70 
1969 4	  36.30   22.87    6.55    4.22 
1969 5	  91.68   26.55   11.29    3.53 
1969 6	  94.12   30.49   14.32    3.69 
1969 7	  40.53   34.52   18.89    3.28 
1969 8	  45.70   33.15   17.78    2.77 
1969 9	  95.52   26.81   14.04    2.49 
1969 10	 125.70   19.13    5.62    3.54 
1969 11	  12.90   16.64   -0.53    2.76 
1969 12	  16.42   13.63   -2.85    2.88 
1970 1	   0.10   10.26   -6.69    2.82 
1970 2	   6.90   14.82   -2.61    2.93 
1970 3	  35.08   14.23   -1.81    3.40 
1970 4	  23.33   21.88    4.08    3.57 
1970 5	  25.45   28.56    9.64    3.76 
1970 6	  50.33   31.30   14.45    3.69 
1970 7	  10.62   33.15   17.82    3.29 
1970 8	  29.03   32.83   16.59    2.92 
1970 9	  75.68   27.73   13.06    3.25 
1970 10	  20.07   20.47    3.81    2.65 
1970 11	   0.15   16.78   -1.28    3.28 
1970 12	   0.08   15.92   -3.56    2.68 
1971 1	   0.17   13.19   -5.58    3.00 
1971 2	  14.70   12.76   -5.60    3.63 
1971 3	   2.33   18.82   -2.17    3.67 
1971 4	  30.10   22.26    4.27    3.59 
1971 5	  76.05   27.24    8.89    3.83 
1971 6	  50.50   32.19   15.61    4.20 
1971 7	  44.33   32.63   17.17    2.89 
1971 8	 117.28   27.62   15.31    2.27 
1971 9	 129.93   26.30   12.02    3.22 
1971 10	  32.80   22.43    6.76    2.76 
1971 11	  24.62   17.26    1.16    3.10 
1971 12	  27.40   11.72   -2.48    3.54 
1972 1	   1.00   13.64   -6.19    3.31 
1972 2	   3.78   16.06   -4.58    3.29 
1972 3	   1.10   22.30    1.71    3.55 
1972 4	   0.43   25.91    6.56    4.17 
1972 5	 111.75   25.71   10.26    3.21 
1972 6	 119.20   31.38   15.10    2.92 
1972 7	  73.82   30.56   16.31    3.59 
1972 8	 110.62   29.45   15.36    2.87 
1972 9	  67.30   27.62   13.28    2.93 
1972 10	  56.20   22.64    6.49    2.92 
1972 11	  21.75   10.90   -2.64    2.83 
1972 12	   7.93   10.71   -6.18    3.45 
1973 1	  27.10    7.25   -5.99    3.54 
1973 2	  23.33   11.25   -4.14    3.37 
1973 3	  59.47   16.17    0.96    4.11 
1973 4	  46.53   18.55    2.14    3.34 
1973 5	  24.10   26.26    8.66    3.26 
1973 6	  33.35   31.53   13.89    3.70 
1973 7	  79.97   31.87   16.58    3.26 
1973 8	  12.88   32.51   15.53    3.17 
1973 9	  28.12   27.70   12.39    3.36 
1973 10	  25.55   25.68    6.76    3.10 
1973 11	   0.47   19.66    0.25    3.87 
1973 12	   0.23   14.56   -5.67    4.17 
1974 1	  13.77   11.98   -5.57    3.52 
1974 2	   0.52   15.74   -5.34    4.12 
1974 3	  20.98   22.38    2.53    4.32 
1974 4	  25.12   24.41    5.55    5.02 
1974 5	  13.58   30.37   12.01    4.01 
1974 6	  21.83   32.60   14.68    3.77 
1974 7	  12.25   33.36   17.02    3.31 
1974 8	 190.90   28.79   15.49    3.16 
1974 9	 107.65   22.55    9.91    3.01 
1974 10	 110.95   21.19    7.47    3.26 
1974 11	   5.00   15.40    0.30    3.01 
1974 12	  31.95   10.50   -4.56    3.31 
1975 1	  16.38   11.15   -4.73    3.77 
1975 2	  38.62   10.58   -4.52    3.46 
1975 3	   8.55   16.85   -2.43    4.01 
1975 4	  29.38   21.73    3.30    4.72 
1975 5	  31.15   26.80    9.27    3.50 
1975 6	  51.75   32.47   14.78    4.48 
1975 7	 150.45   29.10   16.25    2.84 
1975 8	  24.55   30.91   15.59    3.24 
1975 9	  48.67   25.65   10.10    3.11 
1975 10	   3.75   24.89    4.63    3.31 
1975 11	  12.72   18.17   -1.72    3.55 
1975 12	   4.90   13.87   -4.75    3.00 
1976 1	   1.02   12.78   -7.43    3.21 
1976 2	   3.50   18.58   -1.12    3.90 
1976 3	   6.08   18.36   -0.55    4.05 
1976 4	  30.20   23.78    6.86    4.46 
1976 5	  10.67   25.50    8.22    3.23 
1976 6	  53.13   31.74   14.57    3.67 
1976 7	  76.90   29.36   16.25    3.17 
1976 8	  43.28   32.04   15.39    2.76 
1976 9	  85.82   26.52   12.44    2.35 
1976 10	  27.73   19.27    2.23    2.81 
1976 11	  16.90   12.79   -3.26    2.64 
1976 12	   0.00   12.58   -6.55    2.92 
1977 1	   8.43    7.79   -8.47    2.51 
1977 2	  14.00   14.74   -2.80    3.46 
1977 3	  15.45   17.67   -0.98    4.15 
1977 4	  65.35   21.36    6.35    3.70 
1977 5	  77.07   27.72   12.35    4.20 
1977 6	  43.70   33.56   15.69    3.73 
1977 7	  20.95   33.46   17.33    3.29 
1977 8	 116.15   32.43   17.40    3.37 
1977 9	  13.35   31.63   12.89    2.99 
1977 10	  32.10   23.97    6.84    2.63 
1977 11	   2.48   18.86   -0.59    3.03 
1977 12	   1.92   14.43   -3.75    3.41 
1978 1	  16.45    6.79   -7.78    3.04 
1978 2	  33.75    6.39   -5.69    3.06 
1978 3	   5.15   18.23   -0.35    3.62 
1978 4	   6.30   26.43    6.59    3.98 
1978 5	  70.90   27.22   10.49    3.46 
1978 6	  77.35   32.40   16.06    3.86 
1978 7	  27.10   34.73   17.40    3.09 
1978 8	  33.00   31.51   15.87    3.06 
1978 9	  59.70   27.47   13.00    2.64 
1978 10	  17.67   23.56    5.85    2.60 
1978 11	  59.38   14.08    1.85    3.01 
1978 12	   9.93    9.98   -6.89    3.34 
1979 1	  13.82    4.93   -8.97    3.01 
1979 2	  12.08   12.60   -5.46    2.99 
1979 3	  28.10   16.68   -0.55    3.81 
1979 4	  53.35   22.36    4.76    3.45 
1979 5	  61.38   25.52    9.35    3.44 
1979 6	 102.75   29.73   13.76    3.42 
1979 7	 113.53   32.69   17.05    3.20 
1979 8	  76.95   30.17   14.97    3.00 
1979 9	  26.30   29.29   11.94    2.22 
1979 10	  18.38   26.11    5.66    3.07 
1979 11	   4.70   13.18   -2.47    2.69 
1979 12	  19.42   11.41   -4.71    2.95 
1980 1	  11.98   10.93   -4.69    3.07 
1980 2	  12.17   13.34   -4.33    3.51 
1980 3	   9.52   17.71   -2.57    4.24 
1980 4	  16.97   21.98    2.27    3.64 
1980 5	  61.83   25.96    9.57    3.24 
1980 6	  25.42   36.18   17.08    4.57 
1980 7	  16.15   36.18   18.19    3.47 
1980 8	  48.62   32.85   17.10    3.89 
1980 9	 105.40   28.50   14.18    3.00 
1980 10	  19.62   22.34    4.88    2.69 
1980 11	  36.10   14.10   -1.71    2.87 
1980 12	   7.67   14.78   -2.83    3.21 
1981 1	   8.25   12.47   -4.05    2.42 
1981 2	   8.15   15.74   -4.26    3.17 
1981 3	  13.68   16.35    1.08    3.69 
1981 4	  32.95   24.29    6.84    4.05 
1981 5	  30.48   26.85   10.15    3.58 
1981 6	  32.97   33.66   15.67    4.01 
1981 7	  77.52   33.14   18.07    3.55 
1981 8	 135.35   29.17   16.36    2.65 
1981 9	  70.55   27.33   12.45    2.83 
1981 10	 102.30   21.12    7.21    3.09 
1981 11	  15.95   18.90    0.95    2.59 
1981 12	   2.78   14.20   -3.56    2.88 
1982 1	   4.18   11.39   -5.70    3.66 
1982 2	  11.85   11.29   -5.82    3.40 
1982 3	   8.03   18.54   -0.22    3.75 
1982 4	  21.62   21.59    4.05    3.85 
1982 5	  59.42   26.63    9.92    3.91 
1982 6	  91.52   29.44   13.86    4.10 
1982 7	  72.45   33.03   17.62    3.65 
1982 8	  11.70   33.40   17.33    3.01 
1982 9	  14.85   30.69   13.16    3.09 
1982 10	   4.03   23.21    3.86    2.84 
1982 11	  37.25   14.83   -0.61    3.51 
1982 12	  44.83    8.77   -4.53    3.47 
1983 1	  53.20    7.64   -7.40    3.08 
1983 2	   8.35   11.54   -3.16    3.15 
1983 3	   3.30   17.12   -0.65    3.89 
1983 4	  13.07   19.35    0.80    4.07 
1983 5	  42.27   27.20    7.05    3.54 
1983 6	  52.23   30.23   13.08    3.70 
1983 7	  15.43   34.94   17.23    3.71 
1983 8	  12.02   35.09   16.57    2.36 
1983 9	  18.90   31.64   13.30    3.43 
1983 10	  97.35   23.23    7.93    3.09 
1983 11	  11.32   17.16    1.83    3.20 
1983 12	   8.60    5.71   -8.87    3.13 
1984 1	   5.35    9.77   -6.98    2.80 
1984 2	   0.62   15.27   -5.30    3.75 
1984 3	  10.00   17.50   -2.35    3.51 
1984 4	   2.20   21.82    2.70    3.67 
1984 5	  35.32   29.05   10.39    3.71 
1984 6	  89.40   31.16   16.05    3.63 
1984 7	  69.68   32.61   16.35    2.74 
1984 8	 137.17   30.89   15.94    2.53 
1984 9	  21.48   27.47   10.06    3.32 
1984 10	  86.65   19.83    5.57    3.00 
1984 11	  34.70   15.39    0.14    3.28 
1984 12	  37.25   11.67   -2.56    3.22 
1985 1	  14.55    8.66   -6.85    3.03 
1985 2	  10.28   11.34   -5.52    3.26 
1985 3	  44.85   18.53    1.29    4.26 
1985 4	  11.60   24.77    6.05    3.69 
1985 5	 101.98   28.32    9.81    3.26 
1985 6	 129.22   30.13   14.82    3.62 
1985 7	  38.35   34.00   15.58    2.67 
1985 8	  31.25   34.58   16.84    2.99 
1985 9	 136.05   27.98   12.58    3.14 
1985 10	  99.22   21.22    6.08    2.90 
1985 11	   7.53   17.63   -1.38    2.82 
1985 12	   5.20   10.74   -8.12    2.52 
1986 1	   0.00   15.44   -6.32    2.81 
1986 2	  22.88   14.22   -2.83    3.44 
1986 3	   9.20   20.54    0.55    3.65 
1986 4	  16.25   24.98    6.31    3.74 
1986 5	  89.30   27.70    9.07    3.30 
1986 6	 116.80   29.22   15.22    2.65 
1986 7	  28.62   33.78   17.36    3.87 
1986 8	  92.98   31.50   16.23    2.89 
1986 9	  99.20   27.37   13.32    3.11 
1986 10	  85.68   20.22    6.40    2.73 
1986 11	  55.15   14.21   -1.07    3.17 
1986 12	  47.67    9.17   -4.38    2.58 
1987 1	   9.02    9.57   -6.36    3.56 
1987 2	  27.73   12.57   -2.38    3.77 
1987 3	   4.88   15.55   -2.66    3.42 
1987 4	   5.03   21.99    1.99    3.18 
1987 5	  84.47   26.26   10.61    3.32 
1987 6	  49.65   30.86   14.96    2.87 
1987 7	  46.30   32.84   17.03    3.94 
1987 8	 143.27   31.44   16.18    3.03 
1987 9	  80.02   27.11   11.92    2.22 
1987 10	  20.30   23.96    5.56    3.01 
1987 11	   6.38   17.29   -1.23    3.04 
1987 12	  33.75   10.07   -6.15    3.13 
1988 1	   1.98    8.38   -7.38    3.38 
1988 2	   7.40   14.65   -5.14    3.14 
1988 3	  26.30   18.66   -2.14    3.94 
1988 4	  28.90   22.28    2.93    3.36 
1988 5	 131.23   26.33    9.09    3.93 
1988 6	  98.02   30.54   14.58    2.97 
1988 7	  50.02   30.73   16.85    2.72 
1988 8	  80.12   31.42   16.45    2.76 
1988 9	  82.40   28.12   11.30    2.80 
1988 10	   1.90   23.98    5.73    2.58 
1988 11	   6.73   18.86   -0.88    3.30 
1988 12	   5.15   11.83   -5.96    2.77 
1989 1	   3.40   14.37   -5.18    3.32 
1989 2	  21.13   10.84   -5.04    3.28 
1989 3	  14.18   21.34    0.18    3.64 
1989 4	   0.12   25.34    5.61    3.83 
1989 5	  16.05   29.68   11.65    4.00 
1989 6	  95.05   29.11   14.34    3.81 
1989 7	  62.10   32.81   16.20    2.94 
1989 8	 118.03   31.01   16.51    3.49 
1989 9	  66.95   26.88   10.43    2.71 
1989 10	   0.00   25.60    4.28    3.30 
1989 11	   4.15   18.78   -2.77    2.86 
1989 12	   5.40    9.03   -8.81    3.01 
1990 1	  26.42   12.75   -5.98    3.29 
1990 2	  22.30   15.27   -4.48    3.86 
1990 3	  23.35   15.82    0.30    3.53 
1990 4	  37.78   21.89    5.17    3.84 
1990 5	  11.73   26.88    8.61    3.68 
1990 6	   3.77   36.76   17.42    4.44 
1990 7	  50.60   30.99   16.60    3.24 
1990 8	  46.27   31.23   15.23    2.72 
1990 9	  53.30   28.69   13.62    2.12 
1990 10	  21.57   23.18    4.52    2.83 
1990 11	  23.80   17.98   -0.19    3.36 
1990 12	   7.40   11.45   -7.60    2.99 
1991 1	  25.45    7.97   -5.96    2.54 
1991 2	   4.25   16.66   -3.41    3.23 
1991 3	   7.93   19.32    0.03    4.39 
1991 4	   0.00   24.62    3.96    3.52 
1991 5	  38.40   30.57   11.08    4.25 
1991 6	  65.30   32.30   15.32    3.93 
1991 7	  55.25   31.38   16.90    2.86 
1991 8	  65.15   31.32   16.28    2.45 
1991 9	 136.45   24.53   11.55    2.58 
1991 10	  19.15   24.54    4.41    3.12 
1991 11	  28.67   12.41   -1.90    3.19 
1991 12	  74.82   10.38   -2.82    3.17 
1992 1	  33.80    8.83   -4.54    2.62 
1992 2	  20.27   15.28   -1.10    3.68 
1992 3	  23.15   20.21    0.28    3.85 
1992 4	  36.72   22.93    6.05    3.37 
1992 5	 121.43   24.66    9.92    3.13 
1992 6	 115.85   29.13   13.96    2.98 
1992 7	  41.38   32.57   16.57    4.01 
1992 8	  71.12   30.72   15.46    3.24 
1992 9	   7.05   28.93   11.38    3.40 
1992 10	   0.75   25.82    4.76    2.61 
1992 11	  20.27   13.69   -2.82    3.15 
1992 12	  28.65   11.03   -4.78    3.16 
1993 1	  22.80    9.42   -4.83    2.85 
1993 2	  16.35   12.54   -4.48    3.42 
1993 3	   8.73   18.20   -0.68    3.57 
1993 4	  16.23   23.23    3.65    3.75 
1993 5	  26.02   27.68    9.73    3.63 
1993 6	  35.83   32.61   15.31    4.03 
1993 7	  96.25   33.55   18.90    4.91 
1993 8	  46.98   32.80   16.46    3.15 
1993 9	  55.45   28.97   10.63    2.68 
1993 10	  22.55   22.31    3.83    2.81 
1993 11	  11.02   14.47   -3.70    3.05 
1993 12	   8.93   14.36   -5.74    3.22 
1994 1	   0.05   12.69   -7.00    3.18 
1994 2	  14.95   14.40   -6.52    3.32 
1994 3	  12.95   19.02    0.23    3.38 
1994 4	  37.22   23.29    3.44    3.40 
1994 5	 112.00   25.62   11.08    3.24 
1994 6	  28.55   35.18   16.58    3.67 
1994 7	  69.45   34.48   17.18    3.67 
1994 8	  39.23   32.58   16.42    3.10 
1994 9	  23.75   29.92   11.67    2.51 
1994 10	  11.35   23.91    5.34    2.83 
1994 11	  17.12   17.27    0.33    3.33 
1994 12	   6.30   14.69   -3.54    2.35 
1995 1	   3.60   11.98   -4.14    3.46 
1995 2	   3.08   17.03   -2.51    3.41 
1995 3	   8.65   17.75   -0.27    3.93 
1995 4	  21.57   22.17    3.30    3.69 
1995 5	  84.90   26.22    9.58    4.18 
1995 6	  23.05   31.69   14.48    3.71 
1995 7	  17.95   34.52   16.56    3.03 
1995 8	  48.15   32.64   17.18    2.76 
1995 9	  66.90   26.74   12.61    2.47 
1995 10	  23.07   24.69    4.08    2.91 
1995 11	   0.15   18.86   -0.81    2.82 
1995 12	  19.73   12.92   -3.75    2.88 
1996 1	   2.07   13.34   -7.06    3.65 
1996 2	   0.35   16.69   -3.33    3.52 
1996 3	   0.08   17.50   -3.08    3.89 
1996 4	   0.00   24.14    3.44    3.91 
1996 5	  20.42   32.49   13.27    5.00 
1996 6	 107.87   32.99   16.55    3.58 
1996 7	 123.15   32.61   18.34    3.17 
1996 8	  94.15   30.55   17.29    2.99 
1996 9	  33.88   27.01   11.72    2.24 
1996 10	   7.55   23.80    4.80    3.07 
1996 11	  11.82   17.61   -1.16    3.49 
1996 12	   0.08   14.48   -5.73    3.61 
1997 1	   9.85    9.01   -5.93    3.67 
1997 2	  16.68   10.38   -3.94    3.58 
1997 3	   0.20   21.09   -1.03    3.21 
1997 4	 110.53   18.50    2.49    3.75 
1997 5	  57.97   25.63   10.08    3.28 
1997 6	  89.17   30.74   14.49    3.45 
1997 7	  86.02   33.83   17.06    3.37 
1997 8	  58.62   32.03   16.34    2.85 
1997 9	  75.83   30.37   14.04    2.74 
1997 10	  21.92   23.19    5.77    3.14 
1997 11	  13.30   15.54   -2.04    2.63 
1997 12	  41.80    8.88   -5.90    3.61 
1998 1	   0.88   14.51   -4.35    2.93 
1998 2	  33.05   13.32   -1.94    3.13 
1998 3	  30.23   17.01   -1.96    3.89 
1998 4	  10.55   22.11    2.64    3.58 
1998 5	  13.72   31.89   10.63    3.65 
1998 6	   6.95   35.76   15.05    4.35 
1998 7	  20.55   36.20   18.28    3.33 
1998 8	  61.20   31.76   16.69    2.10 
1998 9	  22.17   32.79   14.25    2.71 
1998 10	 102.95   24.51    8.55    3.52 
1998 11	  32.92   18.24    1.48    2.76 
1998 12	  12.35   12.54   -4.18    2.84 
1999 1	  44.85   14.61   -3.45    3.71 
1999 2	   1.60   18.25   -2.43    3.64 
1999 3	  52.95   16.55    0.60    3.68 
1999 4	  68.28   22.42    4.41    4.10 
1999 5	  88.23   25.86    9.34    3.74 
1999 6	 157.08   30.85   15.30    4.01 
1999 7	  47.70   32.72   17.49    3.63 
1999 8	  90.65   33.37   16.98    2.35 
1999 9	  66.10   27.81   11.79    2.83 
1999 10	  16.25   24.70    4.17    2.92 
1999 11	   0.00   22.22   -0.25    2.74 
1999 12	  22.92   12.30   -4.97    3.15 
2000 1	   0.08   15.18   -5.20    3.55 
2000 2	   0.00   19.57   -2.22    3.75 
2000 3	  45.78   20.08    0.48    3.80 
2000 4	  23.80   24.36    4.80    3.92 
2000 5	   5.23   31.78   11.63    3.99 
2000 6	 109.90   29.88   16.20    3.59 
2000 7	  42.77   34.36   17.49    3.35 
2000 8	  21.05   34.38   16.80    3.23 
2000 9	   0.00   32.70   11.97    2.65 
2000 10	  67.97   22.83    8.19    3.75 
2000 11	  39.25   12.12   -2.70    2.60 
2000 12	  23.25    9.03   -6.45    3.08 
2001 1	  30.58    7.46   -4.89    3.29 
2001 2	  14.40   14.83   -1.98    3.61 
2001 3	  65.80   14.26    1.09    3.00 
2001 4	   1.52   25.31    6.39    4.34 
2001 5	 126.98   28.21   11.02    3.81 
2001 6	  12.58   33.88   16.10    3.92 
2001 7	   8.40   36.20   19.00    3.49 
2001 8	  45.12   32.65   16.98    2.62 
2001 9	  46.55   29.58   12.66    2.39 
2001 10	  10.55   24.56    4.76    3.28 
2001 11	  63.92   17.30    2.32    3.44 
2001 12	   5.77   12.78   -4.02    3.16 
2002 1	  26.67   12.87   -4.67    3.37 
2002 2	   9.20   12.83   -5.48    3.48 
2002 3	  63.18   17.26   -3.56    3.60 
2002 4	   7.60   23.64    6.71    4.01 
2002 5	   4.20   29.27    9.95    4.09 
2002 6	  24.45   33.89   16.43    3.87 
2002 7	  22.60   33.14   17.61    3.04 
2002 8	  77.90   33.82   17.89    3.69 
2002 9	  64.20   28.91   12.64    2.45 
2002 10	  89.55   20.19    7.19    2.67 
2002 11	  12.27   14.16   -0.98    2.83 
2002 12	  30.93   10.67   -3.70    3.31 
2003 1	   0.88   13.90   -4.81    3.13 
2003 2	   7.72   12.60   -3.85    3.51 
2003 3	   8.05   19.61    0.03    3.60 
2003 4	   1.50   25.40    3.99    4.25 
2003 5	  21.95   29.46   10.43    3.20 
2003 6	 153.12   29.92   14.46    3.51 
2003 7	   0.67   34.60   17.49    3.02 
2003 8	  21.60   34.11   17.60    2.66 
2003 9	  18.92   27.77   11.81    2.83 
2003 10	  21.33   25.50    8.14    2.69 
2003 11	   7.60   17.11    1.06    3.58 
2003 12	   0.00   14.47   -5.15    3.74 
2004 1	  34.20   12.82   -4.13    3.28 
2004 2	  68.17   11.53   -4.19    3.67 
2004 3	  44.68   19.27    4.18    3.79 
2004 4	 100.28   21.09    5.96    3.85 
2004 5	  18.25   29.53   11.71    4.40 
2004 6	 106.97   31.89   14.96    3.76 
2004 7	  89.28   31.14   16.71    3.22 
2004 8	 119.90   29.89   15.31    2.79 
2004 9	 229.18   27.39   12.03    2.96 
2004 10	  94.80   21.95    7.43    2.86 
2004 11	 114.97   12.31    0.55    3.14 
2004 12	  12.60   12.47   -4.91    3.34 
2005 1	  32.95   12.88   -3.03    3.44 
2005 2	  18.88   12.73   -1.16    3.08 
2005 3	  19.75   16.57   -0.84    3.48 
2005 4	  10.82   22.49    3.81    4.15 
2005 5	  66.43   25.87   10.42    3.84 
2005 6	  32.78   32.91   15.30    3.95 
2005 7	  70.82   32.74   16.50    3.18 
2005 8	 165.05   30.34   16.37    2.64 
2005 9	  13.43   30.93   13.61    2.70 
2005 10	  25.30   23.28    6.56    2.89 
2005 11	   0.95   19.93   -1.80    2.96 
2005 12	   1.30   13.27   -6.55    3.10 
2006 1	   0.12   16.45   -4.60    3.96 
2006 2	   3.20   15.88   -5.21    3.49 
2006 3	  33.28   18.50    0.91    4.34 
2006 4	  18.25   26.42    6.22    4.26 
2006 5	  41.18   30.85   11.38    4.15 
2006 6	  21.48   33.87   15.88    3.22 
2006 7	  67.62   33.96   17.46    3.27 
2006 8	 115.60   31.60   17.33    2.63 
2006 9	 103.15   25.90   10.96    2.52 
2006 10	  52.65   22.52    5.99    3.04 
2006 11	   5.88   19.22   -0.56    3.39 
2006 12	  46.40   11.54   -4.41    3.56 
2007 1	  29.23    6.50   -6.71    3.23 
2007 2	   4.62   14.55   -4.73    3.76 
2007 3	 115.80   19.65    1.99    3.66 
2007 4	  32.55   19.89    2.44    3.94 
2007 5	 129.50   24.08   10.04    2.90 
2007 6	 105.35   29.57   13.95    2.82 
2007 7	  27.35   31.31   16.04    2.24 
2007 8	  19.97   33.13   17.31    3.08 
2007 9	  40.82   29.77   14.27    2.67 
2007 10	   2.70   26.85    5.90    3.09 
2007 11	   8.55   18.52   -1.43    2.77 
2007 12	  28.28   12.25   -4.13    3.37 
2008 1	   0.50   12.23   -7.11    3.65 
2008 2	   8.62   16.48   -4.32    3.52 
2008 3	   2.40   19.54   -0.79    4.20 
2008 4	  16.38   23.50    2.29    4.00 
2008 5	  80.60   27.88    9.49    3.94 
2008 6	  53.92   34.65   15.96    4.75 
2008 7	  65.23   31.12   16.96    3.64 
2008 8	  85.02   31.21   16.09    2.42 
2008 9	  83.07   26.70   10.90    2.24 
2008 10	  80.32   23.31    5.45    3.12 
2008 11	   2.58   19.34   -1.47    2.95 
2008 12	   2.30   13.57   -5.33    3.84 
2009 1	   0.57   14.54   -6.27    3.42 
2009 2	  10.90   18.28   -2.98    4.01 
2009 3	   7.60   20.42    0.21    4.15 
2009 4	  23.67   23.42    3.08    4.65 
2009 5	  38.33   27.29   10.20    3.11 
2009 6	  89.03   32.44   15.70    3.70 
2009 7	 124.45   32.91   17.65    3.00 
2009 8	  32.30   32.86   16.44    3.32 
2009 9	  17.85   27.69   10.98    2.52 
2009 10	  44.65   21.64    4.30    3.31 
2009 11	   5.65   19.72   -0.94    2.67 
2009 12	  35.20    8.25   -7.32    2.90 
2010 1	  31.08   11.19   -6.65    3.45 
2010 2	  57.40    8.55   -4.91    3.30 
2010 3	  29.38   17.09   -0.92    4.46 
2010 4	  46.48   22.75    4.51    4.42 
2010 5	  52.70   26.27    9.35    3.49 
2010 6	  39.33   34.37   16.65    4.41 
2010 7	 104.57   30.62   17.39    3.25 
2010 8	  53.83   33.36   16.34    3.15 
2010 9	  34.50   31.22   13.92    2.67 
2010 10	  26.65   25.15    5.90    2.66 
2010 11	  13.60   18.38   -2.45    3.33 
2010 12	   1.30   14.83   -3.82    3.15 
