1949 1	  59.90    6.06   -6.33    3.49 
1949 2	  13.27   14.85   -1.71    2.84 
1949 3	  10.02   19.70    1.34    3.26 
1949 4	  61.25   21.70    5.69    2.92 
1949 5	  61.55   28.55   14.30    3.30 
1949 6	  78.40   33.02   17.94    3.51 
1949 7	  23.02   36.12   19.92    2.74 
1949 8	  24.60   34.18   17.80    2.25 
1949 9	  55.08   29.62   14.84    2.44 
1949 10	  61.83   24.10    8.22    2.98 
1949 11	   0.00   23.02    1.64    2.50 
1949 12	  12.90   14.48   -1.72    3.07 
1950 1	  12.48   15.79   -1.47    3.35 
1950 2	   3.73   17.99    0.58    3.16 
1950 3	   0.00   21.19    1.30    3.86 
1950 4	  45.02   26.05    8.09    3.99 
1950 5	 159.30   28.75   13.08    3.05 
1950 6	  30.55   32.85   17.99    3.35 
1950 7	  82.40   32.49   18.99    3.38 
1950 8	  29.67   34.14   16.87    2.87 
1950 9	 126.60   28.49   14.79    2.67 
1950 10	   0.25   28.91    9.23    2.86 
1950 11	   0.00   20.81   -1.08    3.25 
1950 12	   0.00   15.58   -5.59    2.62 
1951 1	   2.33   14.80   -4.39    3.49 
1951 2	   9.62   17.19   -1.03    3.85 
1951 3	   6.75   20.38    1.98    3.67 
1951 4	  17.17   25.35    7.51    3.56 
1951 5	  56.77   30.46   14.52    3.27 
1951 6	  67.68   34.26   18.79    3.73 
1951 7	  34.75   37.17   21.39    3.07 
1951 8	  78.57   36.93   20.66    2.99 
1951 9	  30.25   32.50   15.67    2.95 
1951 10	   9.65   27.25   10.31    3.13 
1951 11	   1.45   16.57    0.57    3.23 
1951 12	   0.25   16.37   -1.43    3.27 
1952 1	   2.78   17.58    0.49    3.30 
1952 2	   6.35   18.81    0.48    3.55 
1952 3	  10.05   19.71    1.94    3.79 
1952 4	  28.32   25.01    7.77    3.44 
1952 5	  42.10   30.70   13.57    3.48 
1952 6	   0.55   36.59   20.93    3.71 
1952 7	  94.15   35.76   19.95    3.06 
1952 8	  30.60   38.83   21.93    3.23 
1952 9	  59.92   31.02   14.45    2.07 
1952 10	   0.00   26.41    5.68    2.59 
1952 11	  44.08   16.97    2.29    3.02 
1952 12	  23.08   14.34   -2.41    2.55 
1953 1	   0.90   19.41    0.16    3.82 
1953 2	  12.62   16.24   -1.88    3.00 
1953 3	  35.80   23.33    5.68    2.91 
1953 4	  33.45   25.99    7.15    3.26 
1953 5	  20.30   30.08   13.47    3.78 
1953 6	   3.23   38.54   21.62    3.63 
1953 7	  30.62   36.15   21.02    3.19 
1953 8	  78.70   34.49   19.27    2.37 
1953 9	   8.80   34.04   14.05    2.13 
1953 10	 141.55   25.35   10.04    2.77 
1953 11	   5.77   18.02    2.65    2.40 
1953 12	   4.07   13.10   -2.87    3.39 
1954 1	   5.28   15.38   -2.41    3.05 
1954 2	   2.50   21.35    1.39    3.50 
1954 3	   1.60   19.77    1.87    3.44 
1954 4	  82.62   27.37   11.43    3.88 
1954 5	 112.72   26.53   12.38    3.27 
1954 6	  22.47   34.24   19.33    3.66 
1954 7	  13.70   37.81   20.90    2.86 
1954 8	  16.00   36.58   21.20    3.27 
1954 9	   1.67   34.58   16.38    2.57 
1954 10	  29.55   27.05   10.34    2.72 
1954 11	  15.48   20.29    2.56    2.57 
1954 12	   7.05   17.01   -0.69    3.07 
1955 1	  20.65   12.54   -1.26    3.17 
1955 2	  14.07   16.18   -1.64    3.39 
1955 3	  29.40   22.17    3.54    3.48 
1955 4	   3.75   28.77   10.44    3.77 
1955 5	 145.30   31.07   14.68    3.23 
1955 6	  58.05   34.44   18.18    3.58 
1955 7	  56.75   35.05   20.82    3.17 
1955 8	  28.62   35.89   19.60    2.10 
1955 9	 209.55   32.75   16.46    2.40 
1955 10	  76.85   27.57    9.36    2.61 
1955 11	   5.32   20.77    1.44    3.09 
1955 12	   0.10   17.33   -1.16    2.83 
1956 1	   4.57   14.59   -2.59    3.10 
1956 2	  18.07   15.24   -1.75    3.40 
1956 3	   0.00   23.72    3.29    3.42 
1956 4	  31.20   25.96    8.02    3.47 
1956 5	  43.90   32.39   15.83    3.56 
1956 6	  20.23   37.14   19.71    3.33 
1956 7	  18.90   37.24   19.99    3.45 
1956 8	   5.92   37.24   19.29    3.28 
1956 9	   1.60   35.00   15.35    2.61 
1956 10	  32.05   28.77   10.50    2.29 
1956 11	   5.68   18.94    0.50    2.86 
1956 12	  16.75   16.63   -0.44    3.07 
1957 1	   7.43   13.85   -2.28    3.09 
1957 2	  48.57   16.54    4.96    3.04 
1957 3	   8.50   19.57    3.66    3.49 
1957 4	  89.50   23.74    7.69    3.59 
1957 5	 149.43   25.73   13.07    3.04 
1957 6	  97.05   31.75   17.17    2.98 
1957 7	  30.62   37.43   20.01    2.69 
1957 8	  40.62   36.20   19.48    2.69 
1957 9	  35.28   31.19   14.13    2.75 
1957 10	  73.35   23.25    8.67    2.66 
1957 11	  66.87   14.23    1.66    2.83 
1957 12	   0.85   17.62   -0.60    3.34 
1958 1	  20.87   12.78   -2.63    3.07 
1958 2	  25.60   12.21   -0.65    3.67 
1958 3	  37.15   13.97    0.52    2.97 
1958 4	  68.40   23.03    6.85    3.34 
1958 5	 101.25   29.95   13.28    2.48 
1958 6	  65.58   36.08   19.64    3.11 
1958 7	  13.00   37.63   21.18    3.80 
1958 8	  32.28   37.31   19.94    2.36 
1958 9	  66.57   30.67   17.17    2.53 
1958 10	  46.00   23.23   10.05    2.35 
1958 11	  18.12   19.86    2.24    2.42 
1958 12	   0.28   14.78   -3.58    2.91 
1959 1	   0.15   14.55   -4.67    3.50 
1959 2	  10.10   15.02   -1.70    3.29 
1959 3	  15.73   22.20    0.66    3.85 
1959 4	  16.68   25.80    7.57    3.63 
1959 5	  53.33   30.44   14.73    3.63 
1959 6	 139.33   33.83   18.29    2.83 
1959 7	 117.90   33.81   19.27    2.36 
1959 8	  46.78   36.70   19.66    2.71 
1959 9	  28.70   34.54   16.02    3.19 
1959 10	  76.92   25.10    7.67    2.53 
1959 11	  11.32   16.58   -0.20    2.74 
1959 12	  47.62   15.31    0.81    3.09 
1960 1	  31.25   12.66   -1.77    2.97 
1960 2	  13.95   13.82   -3.16    4.08 
1960 3	   1.70   17.10    0.26    3.03 
1960 4	   4.53   28.08    9.51    4.00 
1960 5	  53.12   30.54   12.51    3.48 
1960 6	   6.97   35.74   19.66    3.15 
1960 7	 184.62   34.18   20.28    2.60 
1960 8	  33.73   33.97   19.59    2.58 
1960 9	  21.00   31.97   15.85    2.39 
1960 10	 176.68   26.70   11.38    2.75 
1960 11	   1.30   19.96    4.30    2.83 
1960 12	  35.22   10.25   -2.26    3.17 
1961 1	  43.38   11.17   -4.71    2.87 
1961 2	  16.80   14.84   -0.56    3.43 
1961 3	  20.55   21.22    3.66    3.50 
1961 4	   4.12   26.37    7.77    4.03 
1961 5	  28.00   30.62   14.40    3.53 
1961 6	 158.03   30.76   17.48    2.95 
1961 7	 152.88   31.39   18.66    2.88 
1961 8	  11.65   33.07   18.00    2.23 
1961 9	  49.28   29.78   15.98    3.49 
1961 10	  46.25   25.92    9.07    3.16 
1961 11	  80.95   15.24    2.29    3.07 
1961 12	  12.70   12.88   -1.66    3.04 
1962 1	   0.43   11.06   -6.36    3.38 
1962 2	   0.80   21.04    0.71    3.50 
1962 3	  12.00   18.39    1.49    3.66 
1962 4	  23.17   24.56    9.22    3.44 
1962 5	  10.93   32.57   16.28    4.89 
1962 6	 133.53   31.63   17.46    2.74 
1962 7	  43.65   34.42   20.43    3.09 
1962 8	  35.70   36.03   19.68    2.59 
1962 9	 277.67   28.55   16.12    2.32 
1962 10	  44.30   26.06   11.63    3.08 
1962 11	   9.95   18.73    4.06    2.53 
1962 12	  15.38   14.01   -0.67    2.67 
1963 1	   0.00   11.43   -7.70    3.11 
1963 2	  15.42   15.99   -2.41    3.16 
1963 3	  11.73   21.20    4.03    3.77 
1963 4	  41.75   28.10   11.74    3.74 
1963 5	 101.15   29.78   15.41    3.48 
1963 6	 106.75   31.67   18.74    3.41 
1963 7	  13.93   35.14   21.41    3.32 
1963 8	  24.45   35.36   20.51    2.34 
1963 9	  75.38   31.42   16.89    2.00 
1963 10	  30.50   28.60   11.62    2.17 
1963 11	  47.00   20.14    3.59    2.86 
1963 12	  24.87    9.46   -3.88    2.58 
1964 1	  30.32   13.94   -3.21    3.41 
1964 2	  20.93   12.28   -3.07    3.49 
1964 3	  12.35   19.85    1.26    3.54 
1964 4	   1.72   27.16    9.49    3.84 
1964 5	  51.55   30.89   15.19    3.50 
1964 6	  66.85   33.23   18.50    3.64 
1964 7	   9.30   36.16   21.29    2.77 
1964 8	  44.77   35.46   20.96    3.34 
1964 9	  24.15   28.57   16.28    2.36 
1964 10	  16.52   25.13    9.23    2.38 
1964 11	  16.33   19.07    4.37    2.98 
1964 12	  16.65   13.95   -0.97    3.07 
1965 1	   3.88   15.25   -0.37    3.36 
1965 2	  16.90   13.49   -1.83    3.43 
1965 3	   1.60   14.35   -0.84    3.65 
1965 4	  20.73   27.02   11.37    3.31 
1965 5	 170.05   27.85   15.51    3.57 
1965 6	  87.95   31.67   19.12    3.40 
1965 7	  16.68   35.61   20.90    2.55 
1965 8	  67.58   33.14   19.14    2.73 
1965 9	  39.35   30.92   15.96    2.85 
1965 10	  50.55   24.77    8.62    2.38 
1965 11	   5.18   21.81    5.15    2.08 
1965 12	   9.70   15.33    1.97    3.26 
1966 1	  25.93    8.43   -5.86    2.91 
1966 2	  17.78   12.39   -2.99    3.33 
1966 3	   7.95   21.62    4.41    3.82 
1966 4	  89.67   23.01    7.63    3.35 
1966 5	  35.28   27.58   13.53    2.83 
1966 6	  48.55   32.01   18.66    3.14 
1966 7	  21.95   35.57   22.23    2.80 
1966 8	 119.35   31.04   18.75    2.57 
1966 9	  65.35   27.47   15.81    1.80 
1966 10	  16.80   23.55    7.57    2.34 
1966 11	   2.80   22.07    5.17    3.24 
1966 12	   0.62   13.37   -4.01    2.69 
1967 1	   0.00   16.12   -3.97    3.31 
1967 2	   4.88   16.22   -1.37    3.51 
1967 3	  36.70   24.22    5.83    4.35 
1967 4	  30.60   27.07   12.52    4.51 
1967 5	  22.20   29.47   12.08    3.51 
1967 6	 203.60   32.43   18.76    3.62 
1967 7	  72.27   33.06   19.75    3.12 
1967 8	  13.55   33.05   18.39    2.49 
1967 9	  75.27   26.76   15.06    2.55 
1967 10	  26.65   25.68    8.44    3.20 
1967 11	  19.27   17.69    4.19    2.67 
1967 12	  16.47   11.67   -2.29    3.04 
1968 1	  48.90   10.67   -1.10    3.46 
1968 2	  40.20   12.16   -2.17    2.73 
1968 3	  57.23   17.12    3.78    4.39 
1968 4	  52.20   22.14    7.89    3.51 
1968 5	  63.67   28.05   13.06    3.86 
1968 6	  17.78   32.12   18.00    3.32 
1968 7	  63.20   33.01   19.97    3.14 
1968 8	  78.45   33.59   20.23    3.33 
1968 9	  11.07   29.80   14.17    2.52 
1968 10	  18.43   27.00   10.19    3.32 
1968 11	  97.83   16.81    2.93    3.31 
1968 12	   9.85   14.55   -2.45    3.64 
1969 1	   0.40   14.99   -0.62    3.26 
1969 2	  24.08   14.75    0.51    3.11 
1969 3	  29.08   13.51   -0.59    3.64 
1969 4	  40.80   25.19    9.54    3.91 
1969 5	 120.95   27.38   13.41    2.75 
1969 6	  36.67   33.18   18.28    3.69 
1969 7	   9.62   37.01   22.68    2.90 
1969 8	  29.77   35.71   21.19    2.52 
1969 9	 149.65   28.11   16.29    2.06 
1969 10	 106.05   21.14    8.95    3.37 
1969 11	  26.00   18.22    2.70    2.60 
1969 12	  37.80   15.26   -0.30    2.90 
1970 1	   1.12   11.13   -3.95    2.81 
1970 2	  20.67   15.38    0.28    3.13 
1970 3	  82.53   16.00    0.99    3.42 
1970 4	  18.65   24.48    7.93    3.40 
1970 5	  67.57   28.79   12.66    3.17 
1970 6	  32.00   32.72   17.45    3.30 
1970 7	   0.05   35.57   20.59    2.85 
1970 8	  26.00   35.42   20.01    2.78 
1970 9	  51.80   29.94   16.93    2.87 
1970 10	  56.48   22.58    7.60    2.46 
1970 11	   0.17   18.32    0.57    3.11 
1970 12	   3.35   17.52    0.54    2.66 
1971 1	   0.00   15.05   -2.93    3.17 
1971 2	   5.28   15.40   -2.29    3.77 
1971 3	   0.05   20.59    1.63    3.67 
1971 4	  25.73   25.25    8.38    3.38 
1971 5	 100.27   29.88   12.96    3.62 
1971 6	  54.75   33.31   19.27    3.53 
1971 7	  46.92   34.68   20.16    2.68 
1971 8	 262.25   28.60   17.62    2.13 
1971 9	 120.97   27.52   15.07    2.73 
1971 10	  56.23   24.14   11.09    2.66 
1971 11	  12.12   18.42    4.13    3.08 
1971 12	  20.40   13.92    0.49    3.37 
1972 1	   0.60   14.06   -3.46    3.16 
1972 2	   6.53   17.21   -0.99    3.18 
1972 3	   4.47   23.88    5.39    3.58 
1972 4	  52.53   28.31   10.04    3.98 
1972 5	  61.45   28.05   13.14    2.51 
1972 6	  40.17   33.44   18.64    2.71 
1972 7	  38.85   32.43   19.39    3.09 
1972 8	 258.30   30.60   18.39    2.72 
1972 9	  97.42   29.10   16.74    2.66 
1972 10	 149.62   23.65    9.32    2.67 
1972 11	   9.32   13.08    0.11    2.45 
1972 12	   1.55   11.96   -3.97    3.22 
1973 1	  55.28    7.98   -4.38    3.48 
1973 2	  63.53   12.48   -1.71    3.30 
1973 3	  79.40   19.75    4.62    3.88 
1973 4	  30.05   20.66    5.47    3.38 
1973 5	  29.75   28.53   11.82    3.27 
1973 6	  23.72   33.13   16.85    3.35 
1973 7	  47.03   33.33   19.43    2.76 
1973 8	  15.15   34.06   18.68    2.67 
1973 9	 106.80   28.27   15.44    2.79 
1973 10	  11.15   26.12   10.19    2.82 
1973 11	   2.62   20.73    4.90    3.54 
1973 12	   0.00   16.49   -2.61    3.73 
1974 1	   4.15   12.80   -3.87    3.05 
1974 2	   5.95   18.48   -1.41    4.03 
1974 3	   9.27   24.45    6.03    4.37 
1974 4	  55.10   26.21    9.09    4.30 
1974 5	  26.83   31.12   15.72    3.62 
1974 6	  32.15   33.76   17.38    3.30 
1974 7	  13.77   35.45   20.48    2.91 
1974 8	 128.38   30.93   18.78    2.87 
1974 9	 185.95   24.23   12.86    2.69 
1974 10	 141.32   23.25   10.49    2.97 
1974 11	  15.07   17.11    3.37    2.79 
1974 12	  24.88   12.11   -1.84    2.71 
1975 1	  18.92   13.06   -1.96    3.66 
1975 2	  34.25   13.35   -2.04    3.52 
1975 3	   3.72   18.71    1.80    3.88 
1975 4	  13.10   23.94    7.06    4.24 
1975 5	 105.50   28.57   12.56    3.18 
1975 6	  43.08   32.81   17.48    3.74 
1975 7	 156.00   31.20   18.72    2.50 
1975 8	  77.80   31.96   18.61    2.86 
1975 9	 121.47   26.94   13.09    2.88 
1975 10	  14.75   25.23    8.58    3.21 
1975 11	  58.25   19.14    2.88    3.69 
1975 12	  25.70   14.97   -1.57    3.03 
1976 1	   0.00   14.34   -4.18    3.23 
1976 2	   0.10   20.24    1.85    4.08 
1976 3	   9.62   21.46    2.57    4.05 
1976 4	 119.90   24.87    9.31    3.90 
1976 5	  26.07   26.74   11.66    3.14 
1976 6	  14.40   33.21   17.83    3.31 
1976 7	 135.77   30.57   18.50    2.73 
1976 8	  46.67   33.86   18.79    2.12 
1976 9	  91.17   28.01   15.64    2.06 
1976 10	 146.80   20.31    5.50    2.75 
1976 11	   7.12   13.39   -0.96    2.54 
1976 12	   0.35   13.53   -3.87    2.92 
1977 1	  16.88    8.09   -6.07    2.53 
1977 2	  16.42   16.74    0.08    3.31 
1977 3	  40.97   20.41    2.19    3.78 
1977 4	  93.93   22.66    8.37    3.58 
1977 5	  41.12   28.89   15.90    3.95 
1977 6	  78.45   33.78   18.59    3.19 
1977 7	  41.02   35.17   20.85    2.81 
1977 8	  97.28   34.85   19.71    2.99 
1977 9	   5.27   33.98   17.23    2.90 
1977 10	  11.35   26.14    8.92    2.58 
1977 11	   6.82   20.57    2.49    2.96 
1977 12	   2.25   16.93   -1.49    3.21 
1978 1	  14.33    7.62   -6.03    2.92 
1978 2	  32.75    8.22   -4.04    3.10 
1978 3	   3.33   21.03    1.97    3.71 
1978 4	   3.48   28.99   10.16    4.33 
1978 5	 165.48   29.33   13.95    3.44 
1978 6	  51.05   32.82   19.04    3.08 
1978 7	  29.85   36.57   21.18    2.78 
1978 8	  37.60   33.10   18.99    2.82 
1978 9	 149.30   29.27   17.06    2.55 
1978 10	  44.42   24.28    9.54    2.30 
1978 11	  21.30   16.53    4.48    2.84 
1978 12	  12.60   12.51   -3.47    3.20 
1979 1	  14.60    5.58   -6.45    3.23 
1979 2	  15.15   13.31   -3.72    3.01 
1979 3	  48.80   18.79    3.14    3.77 
1979 4	  33.92   24.24    8.14    3.15 
1979 5	  82.78   27.38   11.99    3.54 
1979 6	  82.65   30.93   17.07    3.04 
1979 7	  97.10   34.20   20.37    2.65 
1979 8	  58.12   32.41   18.37    2.56 
1979 9	   1.30   31.56   14.30    2.08 
1979 10	  10.88   28.68    8.75    2.98 
1979 11	  23.70   16.05    0.17    2.63 
1979 12	  50.75   13.55   -0.60    3.11 
1980 1	  15.45   11.79   -1.49    3.42 
1980 2	  15.88   14.69   -1.51    3.33 
1980 3	  10.08   19.69    0.71    3.84 
1980 4	  13.88   24.98    6.02    3.55 
1980 5	 153.88   28.30   13.21    3.12 
1980 6	  45.95   34.74   19.78    3.81 
1980 7	   8.32   37.81   21.34    3.02 
1980 8	  19.92   35.64   21.01    3.51 
1980 9	 285.45   29.51   16.37    2.84 
1980 10	   8.95   24.10    7.66    2.49 
1980 11	  32.90   15.76    0.89    2.66 
1980 12	  35.28   15.01    0.03    3.26 
1981 1	  10.82   12.48   -1.57    2.38 
1981 2	  29.27   15.51    0.21    3.27 
1981 3	  23.47   17.99    4.39    3.46 
1981 4	 117.85   24.87   10.75    3.78 
1981 5	  50.15   27.70   12.53    3.44 
1981 6	  69.72   32.19   18.32    3.20 
1981 7	  28.10   34.83   20.98    3.10 
1981 8	  45.80   32.91   19.14    2.49 
1981 9	  14.00   30.90   16.19    2.64 
1981 10	 102.55   23.42   10.80    3.14 
1981 11	  11.82   20.85    3.48    2.48 
1981 12	   4.95   15.63   -0.83    2.96 
1982 1	  24.52   13.96   -2.98    3.45 
1982 2	   9.50   13.12   -2.83    3.24 
1982 3	  25.00   20.59    3.87    3.72 
1982 4	  19.12   24.09    8.24    3.76 
1982 5	 208.55   27.26   13.47    3.42 
1982 6	 176.57   30.18   17.02    3.47 
1982 7	  39.97   33.69   20.42    3.22 
1982 8	  50.55   35.13   20.38    2.83 
1982 9	  20.38   31.71   16.75    2.72 
1982 10	  10.35   25.19    8.94    2.73 
1982 11	  39.83   17.64    2.93    3.29 
1982 12	  36.65   11.68   -1.58    3.47 
1983 1	  65.62   10.28   -3.86    2.71 
1983 2	   1.32   14.21   -1.46    3.04 
1983 3	  15.30   19.13    1.78    3.94 
1983 4	  21.87   22.48    4.63    4.14 
1983 5	  86.43   28.24   11.08    3.22 
1983 6	  34.08   30.58   14.99    3.10 
1983 7	  21.48   35.15   19.27    3.06 
1983 8	  19.60   36.00   19.80    2.00 
1983 9	  13.25   32.46   15.41    2.84 
1983 10	 150.65   25.40   10.69    3.09 
1983 11	  34.00   19.08    3.65    2.98 
1983 12	  11.65    5.63   -8.21    2.96 
1984 1	  13.18   10.09   -5.43    2.61 
1984 2	   7.38   17.43   -3.14    3.53 
1984 3	   6.78   19.54    0.52    3.79 
1984 4	   1.85   24.58    4.79    3.35 
1984 5	  21.88   31.35   13.92    3.52 
1984 6	  31.77   34.17   19.57    3.47 
1984 7	  37.90   34.58   20.03    2.46 
1984 8	  64.70   33.90   19.78    2.47 
1984 9	  61.35   29.03   14.49    2.98 
1984 10	 110.65   21.32    9.50    2.74 
1984 11	  59.80   16.69    3.91    3.05 
1984 12	  67.88   13.10    0.89    3.18 
1985 1	   4.05    9.48   -4.59    3.08 
1985 2	  35.20   11.50   -1.84    3.39 
1985 3	  65.68   19.06    5.68    4.06 
1985 4	 101.72   25.56    9.67    3.41 
1985 5	 120.15   29.57   13.34    3.15 
1985 6	  99.00   31.40   16.97    2.82 
1985 7	  84.72   34.05   18.94    2.52 
1985 8	   7.80   35.84   20.16    2.56 
1985 9	  70.20   29.97   16.14    2.83 
1985 10	 108.12   23.45   10.75    3.14 
1985 11	   8.07   17.82    3.39    2.90 
1985 12	   0.75   11.85   -4.50    2.75 
1986 1	   0.00   16.74   -2.42    2.87 
1986 2	  13.10   17.07    1.44    3.26 
1986 3	   5.53   23.25    5.22    3.67 
1986 4	  41.15   27.35   10.53    3.72 
1986 5	  91.43   29.36   13.73    3.54 
1986 6	  87.95   31.52   18.52    2.24 
1986 7	  66.85   34.96   20.30    3.42 
1986 8	 116.60   33.35   19.58    2.75 
1986 9	 124.30   28.35   17.13    3.00 
1986 10	 160.52   22.25    9.69    2.56 
1986 11	  23.85   16.78    1.94    2.97 
1986 12	  44.00   11.05   -0.80    2.64 
1987 1	  15.60   12.11   -3.10    3.20 
1987 2	  67.40   14.00    1.22    3.77 
1987 3	  27.90   16.78    0.73    3.44 
1987 4	  11.35   24.11    5.56    3.02 
1987 5	 174.00   27.90   13.24    2.82 
1987 6	  83.12   30.75   17.35    2.50 
1987 7	  46.90   32.70   19.24    3.07 
1987 8	  28.33   34.44   19.77    2.81 
1987 9	  35.53   29.64   15.07    2.18 
1987 10	   2.85   26.21    9.64    2.90 
1987 11	   0.55   19.01    2.84    2.95 
1987 12	  30.60   12.83   -3.12    2.91 
1988 1	   4.07    9.49   -4.10    3.22 
1988 2	  14.45   14.09   -2.42    3.31 
1988 3	  25.27   20.78    1.54    3.77 
1988 4	  22.98   25.40    5.43    3.20 
1988 5	  52.45   28.22   12.63    3.51 
1988 6	  74.62   32.74   17.99    2.51 
1988 7	  87.20   32.86   19.63    2.53 
1988 8	  21.05   34.15   19.86    2.40 
1988 9	 104.08   29.84   14.98    2.51 
1988 10	   2.58   24.80    8.99    2.47 
1988 11	   1.08   21.33    2.43    2.93 
1988 12	  16.95   14.09   -2.50    2.72 
1989 1	  17.58   15.62   -1.51    3.22 
1989 2	  56.00    9.72   -2.79    3.58 
1989 3	   3.78   21.32    2.59    3.64 
1989 4	  12.02   26.83    9.23    3.75 
1989 5	  14.05   31.56   15.05    4.11 
1989 6	  82.27   31.00   16.87    3.37 
1989 7	  15.75   35.14   19.77    2.56 
1989 8	  62.12   33.11   19.48    3.16 
1989 9	  44.88   29.11   13.75    2.60 
1989 10	  13.95   27.09    9.80    3.14 
1989 11	   0.38   20.54    2.54    2.76 
1989 12	   5.65    9.95   -5.95    3.15 
1990 1	  27.90   15.69   -0.61    3.10 
1990 2	  49.47   17.81    1.01    3.39 
1990 3	  68.22   18.06    4.53    3.80 
1990 4	 112.00   23.47    8.63    3.66 
1990 5	  22.32   28.39   13.20    3.66 
1990 6	  59.15   35.35   20.37    3.83 
1990 7	 139.58   31.44   19.20    2.79 
1990 8	 106.23   31.92   18.79    2.75 
1990 9	 104.25   29.91   16.95    1.90 
1990 10	  36.65   24.35    8.01    2.73 
1990 11	  43.70   19.80    4.62    3.20 
1990 12	  27.00   11.85   -3.50    2.92 
1991 1	  40.22    9.20   -3.01    2.77 
1991 2	   1.17   17.57    1.05    2.92 
1991 3	   1.78   21.46    4.31    3.98 
1991 4	   3.17   27.15    8.48    3.26 
1991 5	  59.93   30.59   15.56    3.43 
1991 6	 173.18   31.52   18.22    3.04 
1991 7	  86.70   33.30   19.55    2.65 
1991 8	  68.02   31.48   18.98    2.38 
1991 9	 136.52   25.83   14.92    2.27 
1991 10	  39.82   25.53    8.88    3.03 
1991 11	  16.52   14.64    0.49    3.14 
1991 12	  98.57   12.31    1.04    3.26 
1992 1	  44.17   10.75   -1.66    2.50 
1992 2	  88.88   16.96    2.32    3.47 
1992 3	  17.58   21.67    4.58    3.52 
1992 4	  32.83   23.82    8.98    3.09 
1992 5	 151.40   25.64   12.99    2.77 
1992 6	 144.55   30.21   17.21    2.69 
1992 7	  65.97   33.26   19.37    3.66 
1992 8	  58.78   31.01   17.47    2.61 
1992 9	   7.67   30.50   15.55    3.19 
1992 10	   0.00   27.15    9.13    2.50 
1992 11	  51.53   16.98    1.99    3.08 
1992 12	  20.67   13.21   -0.65    3.15 
1993 1	  23.20   10.60   -2.58    2.64 
1993 2	  55.10   13.38   -1.42    3.19 
1993 3	  10.48   18.91    2.56    3.56 
1993 4	  41.10   24.87    6.93    3.67 
1993 5	  41.42   28.03   12.43    3.36 
1993 6	  77.03   32.34   18.83    3.37 
1993 7	  31.07   35.48   22.00    4.34 
1993 8	  45.35   34.70   20.23    2.78 
1993 9	  40.88   29.08   14.32    2.30 
1993 10	  52.47   23.73    8.14    2.76 
1993 11	  10.95   15.69   -0.36    3.02 
1993 12	   5.18   14.62   -1.03    3.27 
1994 1	  17.98   12.57   -2.08    3.29 
1994 2	  16.23   13.93   -3.02    3.27 
1994 3	  15.55   20.80    3.57    3.33 
1994 4	  24.45   25.27    6.63    3.45 
1994 5	  96.32   26.73   13.29    2.84 
1994 6	   0.00   35.92   19.88    3.09 
1994 7	  16.00   36.34   20.76    3.32 
1994 8	  47.20   34.74   20.45    2.74 
1994 9	  45.10   29.47   15.25    2.23 
1994 10	  51.62   24.85   10.86    2.66 
1994 11	  35.27   18.65    3.96    2.95 
1994 12	  21.20   14.47    0.81    2.34 
1995 1	  18.95   13.60   -1.05    3.09 
1995 2	  34.50   17.02    1.00    3.23 
1995 3	  18.90   18.07    3.49    3.46 
1995 4	  23.45   24.56    7.21    3.69 
1995 5	 173.70   27.67   13.07    3.60 
1995 6	  51.95   31.39   17.29    3.19 
1995 7	  56.32   36.02   20.23    2.77 
1995 8	  50.47   32.66   20.23    2.16 
1995 9	 114.85   28.65   15.68    2.35 
1995 10	  31.25   26.59    9.02    2.57 
1995 11	   1.40   20.03    2.70    2.74 
1995 12	   6.90   13.87   -1.42    2.84 
1996 1	   4.22   14.02   -4.28    3.44 
1996 2	   1.80   18.15   -0.29    3.58 
1996 3	  10.75   18.02    0.58    3.95 
1996 4	  28.52   25.27    7.60    3.83 
1996 5	  20.17   33.62   17.41    5.00 
1996 6	  90.50   33.96   19.06    2.89 
1996 7	  28.92   35.14   21.51    2.81 
1996 8	 100.40   32.38   20.12    2.79 
1996 9	  63.00   27.56   14.51    1.90 
1996 10	  30.78   24.50    9.09    2.87 
1996 11	 101.95   17.51    2.92    3.40 
1996 12	   0.00   16.24   -1.48    3.21 
1997 1	   8.38   11.50   -2.05    3.39 
1997 2	 119.88   12.27    0.65    3.37 
1997 3	   4.50   21.48    4.45    3.04 
1997 4	 125.80   19.59    5.93    3.34 
1997 5	  63.40   26.58   12.72    2.85 
1997 6	 176.45   30.25   17.35    2.71 
1997 7	  27.85   33.89   20.40    2.69 
1997 8	  56.65   33.48   19.25    2.78 
1997 9	  52.02   31.51   17.10    2.31 
1997 10	  33.62   25.15   10.26    2.84 
1997 11	   9.98   17.07    1.63    2.48 
1997 12	  56.40   12.21   -2.16    3.38 
1998 1	  24.25   15.98   -0.70    3.09 
1998 2	  36.35   14.87    1.07    2.85 
1998 3	  46.72   18.37    2.38    3.89 
1998 4	   6.75   24.70    6.75    3.39 
1998 5	  16.62   33.95   16.19    3.74 
1998 6	  16.40   36.82   20.83    4.04 
1998 7	   7.20   37.84   23.31    3.20 
1998 8	  39.95   34.03   20.11    1.70 
1998 9	   8.20   33.59   18.67    2.24 
1998 10	  67.67   26.28   12.88    3.33 
1998 11	   7.78   19.20    6.06    2.58 
1998 12	   5.87   13.22   -1.15    2.95 
1999 1	  19.78   15.04   -1.32    3.71 
1999 2	   0.00   21.01    2.60    3.26 
1999 3	  44.92   17.43    4.35    3.70 
1999 4	  78.18   25.76    9.32    3.59 
1999 5	  37.60   28.31   14.12    3.43 
1999 6	 169.55   31.16   18.66    3.36 
1999 7	  59.53   34.22   20.95    2.95 
1999 8	  43.88   36.52   21.73    2.20 
1999 9	  45.67   30.00   15.89    2.88 
1999 10	  19.12   25.48    8.67    2.74 
1999 11	   0.00   22.54    4.49    2.59 
1999 12	   1.83   15.16   -1.38    3.32 
2000 1	  18.60   15.74   -0.61    3.45 
2000 2	  20.28   19.99    2.54    3.46 
2000 3	 139.67   21.78    5.21    3.60 
2000 4	   8.50   26.04    9.34    3.67 
2000 5	  53.20   32.30   16.32    3.91 
2000 6	 134.12   29.91   18.53    3.08 
2000 7	  14.77   35.54   21.14    2.81 
2000 8	   0.00   36.12   21.22    2.76 
2000 9	   0.00   32.99   16.18    2.34 
2000 10	 106.50   23.82   11.95    3.57 
2000 11	  60.22   13.07    0.95    2.67 
2000 12	   5.18    8.94   -3.26    2.89 
2001 1	  28.10    9.96   -2.53    3.12 
2001 2	  51.85   14.91    0.09    3.62 
2001 3	  54.02   15.40    3.58    2.81 
2001 4	   8.70   26.06   10.17    3.92 
2001 5	  61.75   30.03   14.86    3.46 
2001 6	  14.85   34.23   19.92    3.29 
2001 7	   2.25   37.07   22.92    2.99 
2001 8	  66.68   33.78   20.61    2.61 
2001 9	  77.78   29.71   15.48    2.07 
2001 10	  29.08   25.09    8.76    3.07 
2001 11	 113.10   18.37    6.45    3.24 
2001 12	  21.40   13.61    0.11    3.01 
2002 1	   8.38   14.38   -1.17    3.31 
2002 2	  29.33   14.10   -1.17    3.18 
2002 3	  98.20   18.43    1.84    3.88 
2002 4	  30.20   24.95   10.73    4.02 
2002 5	  68.05   29.31   14.25    3.84 
2002 6	  47.17   32.69   19.43    2.77 
2002 7	  74.55   32.51   20.51    2.64 
2002 8	  21.95   35.07   21.09    2.82 
2002 9	  40.48   30.90   16.05    2.20 
2002 10	 150.82   20.75   10.55    2.43 
2002 11	   3.60   15.80    1.74    2.96 
2002 12	  55.30   12.38   -0.31    3.14 
2003 1	   1.58   13.06   -2.21    2.95 
2003 2	  16.65   13.12   -0.47    3.35 
2003 3	  13.23   20.41    3.41    3.34 
2003 4	  18.55   26.65    9.52    4.02 
2003 5	  62.95   30.43   15.20    3.06 
2003 6	 143.80   31.56   18.27    2.75 
2003 7	   2.50   35.06   21.21    2.48 
2003 8	  52.22   35.23   20.95    2.09 
2003 9	  11.42   28.58   15.99    2.21 
2003 10	  40.40   25.92   11.52    2.43 
2003 11	  37.38   18.25    5.31    3.27 
2003 12	   0.00   16.33   -0.78    3.72 
2004 1	  47.90   13.94   -0.45    3.26 
2004 2	  61.67   12.43   -0.48    3.60 
2004 3	  81.60   20.09    8.31    3.58 
2004 4	  68.08   23.09    9.74    3.58 
2004 5	  28.70   30.68   15.51    3.75 
2004 6	 114.15   31.81   18.55    3.00 
2004 7	 129.05   32.55   20.25    2.67 
2004 8	  98.22   30.88   19.45    2.37 
2004 9	 102.12   28.76   16.34    2.36 
2004 10	 101.65   23.94   11.91    2.68 
2004 11	 201.70   15.48    5.11    3.03 
2004 12	  21.70   13.40   -1.26    3.16 
2005 1	  25.25   13.67    0.54    3.37 
2005 2	  29.67   12.85    1.99    2.88 
2005 3	  34.40   18.47    3.30    3.28 
2005 4	   3.35   24.42    8.04    3.87 
2005 5	  64.92   26.34   14.34    3.21 
2005 6	  47.98   32.67   19.20    3.11 
2005 7	  64.97   33.83   20.00    2.41 
2005 8	 232.70   31.16   19.49    2.34 
2005 9	  13.15   31.89   17.46    2.20 
2005 10	  73.28   24.22   10.84    2.58 
2005 11	   0.00   20.78    3.26    2.79 
2005 12	   1.30   13.57   -2.96    2.80 
2006 1	  10.77   18.58    0.15    3.72 
2006 2	   8.82   15.08   -0.92    3.30 
2006 3	  43.85   20.41    5.92    4.00 
2006 4	  20.88   27.51   11.34    3.72 
2006 5	 124.88   30.89   15.17    3.75 
2006 6	  28.68   34.09   18.95    2.57 
2006 7	  21.73   35.50   21.51    2.75 
2006 8	  52.92   34.61   21.02    2.72 
2006 9	  93.45   27.11   14.44    2.39 
2006 10	  91.53   23.94   10.25    2.53 
2006 11	   2.05   20.09    4.11    3.30 
2006 12	  52.72   13.07   -1.12    3.18 
2007 1	  33.92    8.12   -2.79    3.14 
2007 2	   4.98   13.58   -1.98    3.51 
2007 3	 121.55   21.03    7.03    3.78 
2007 4	  80.62   21.14    6.81    3.55 
2007 5	 104.85   24.44   14.32    2.79 
2007 6	 110.00   29.90   17.68    2.44 
2007 7	  35.73   30.94   19.16    1.86 
2007 8	 124.75   32.26   20.54    2.45 
2007 9	  48.05   29.98   17.10    2.18 
2007 10	  15.75   27.33   10.85    2.68 
2007 11	  18.52   18.81    3.23    2.96 
2007 12	  27.10   13.41   -1.71    3.15 
2008 1	   1.78   12.99   -2.97    3.24 
2008 2	   1.60   17.44   -1.15    3.38 
2008 3	  23.42   19.94    2.85    4.01 
2008 4	  86.60   24.80    7.68    3.81 
2008 5	  41.12   30.04   13.70    3.55 
2008 6	 120.97   34.96   20.09    4.10 
2008 7	  64.55   33.08   20.15    3.47 
2008 8	  87.30   32.07   19.42    2.18 
2008 9	  52.05   27.89   14.49    1.96 
2008 10	  77.75   24.65    9.21    2.86 
2008 11	   1.50   19.84    3.22    2.75 
2008 12	   0.00   14.47   -1.77    3.51 
2009 1	   2.05   14.47   -3.70    3.36 
2009 2	  13.82   19.18    0.50    3.98 
2009 3	  16.83   21.49    5.10    4.18 
2009 4	  23.85   24.97    7.63    4.30 
2009 5	  36.18   28.24   13.60    2.82 
2009 6	  77.50   34.31   19.72    3.37 
2009 7	 137.77   33.74   20.49    2.69 
2009 8	   6.85   34.91   20.49    2.97 
2009 9	  31.08   28.11   15.18    2.18 
2009 10	  49.82   22.00    8.44    3.00 
2009 11	   1.27   21.07    3.86    2.54 
2009 12	  55.80   10.59   -3.31    2.83 
2010 1	  33.90   11.58   -2.78    3.48 
2010 2	 102.45    9.98   -1.71    3.31 
2010 3	  30.88   18.65    2.97    4.20 
2010 4	 119.42   23.68    9.74    3.77 
2010 5	  44.27   27.80   13.80    3.28 
2010 6	  96.60   34.55   20.76    3.59 
2010 7	 146.40   31.28   20.64    2.84 
2010 8	  33.20   35.37   21.13    2.75 
2010 9	 106.15   30.50   17.28    2.47 
2010 10	   8.75   25.93    9.95    2.46 
2010 11	   7.25   20.21    2.33    3.36 
2010 12	   4.70   15.43   -0.92    3.11 
