1949 1	 159.20   15.77    5.08    6.16 
1949 2	 157.80   18.58    7.63    5.35 
1949 3	 201.43   21.12    7.69    6.22 
1949 4	 184.12   23.47   11.02    6.02 
1949 5	  76.18   29.93   16.56    5.02 
1949 6	 151.30   32.17   19.50    3.91 
1949 7	 216.73   33.61   21.59    3.57 
1949 8	  37.78   32.26   18.36    3.20 
1949 9	  32.03   30.89   16.63    4.37 
1949 10	 266.22   25.40   14.65    5.28 
1949 11	  18.02   21.68    3.99    5.42 
1949 12	 224.17   17.83    4.96    7.09 
1950 1	 114.18   21.06   11.86    5.84 
1950 2	 239.53   20.58    8.70    5.09 
1950 3	 112.82   21.04    7.17    5.95 
1950 4	 158.85   23.74   11.58    6.15 
1950 5	 195.90   29.67   17.62    5.02 
1950 6	 227.43   31.71   19.70    3.67 
1950 7	 101.62   32.36   20.49    3.78 
1950 8	  65.90   33.34   20.06    2.83 
1950 9	  42.28   30.89   18.22    3.80 
1950 10	  28.55   28.85   13.02    5.18 
1950 11	  65.40   19.91    6.09    6.05 
1950 12	  88.40   15.76    2.55    5.49 
1951 1	 152.72   17.18    2.92    6.17 
1951 2	  41.92   16.61    5.36    6.07 
1951 3	 129.93   21.40    8.98    5.93 
1951 4	  27.33   24.03   10.38    5.55 
1951 5	  80.00   29.66   14.54    4.50 
1951 6	  50.72   33.18   19.76    4.59 
1951 7	  90.03   34.74   21.08    3.13 
1951 8	  19.45   36.19   21.29    2.48 
1951 9	 303.25   30.46   19.13    4.03 
1951 10	  29.40   27.66   13.09    5.22 
1951 11	  27.55   20.05    5.42    6.46 
1951 12	 122.17   18.36    5.86    6.87 
1952 1	 105.60   20.72    9.88    6.05 
1952 2	  91.15   19.48    6.62    6.39 
1952 3	  63.70   21.20    6.11    6.07 
1952 4	 236.73   23.83    9.40    5.17 
1952 5	 255.22   27.62   14.36    3.88 
1952 6	  55.40   32.67   19.43    3.16 
1952 7	 198.45   32.75   21.10    3.43 
1952 8	  29.70   34.29   20.90    3.52 
1952 9	   3.43   32.29   16.03    5.36 
1952 10	   0.00   24.87    4.45    5.20 
1952 11	 158.75   19.73    6.29    5.92 
1952 12	 142.50   16.39    3.36    5.34 
1953 1	  78.95   18.61    5.02    6.62 
1953 2	 182.30   17.19    5.23    5.98 
1953 3	  80.40   24.12   12.41    4.89 
1953 4	 224.93   25.07   11.49    5.71 
1953 5	 393.90   29.04   17.58    5.14 
1953 6	 140.60   34.12   20.73    3.44 
1953 7	 156.10   32.79   21.05    3.27 
1953 8	 113.33   32.86   21.48    2.50 
1953 9	  32.00   32.98   17.15    4.51 
1953 10	  40.95   28.56   11.87    4.67 
1953 11	  53.82   19.06    5.58    5.71 
1953 12	 184.83   15.36    2.56    6.44 
1954 1	  55.27   18.07    4.89    5.35 
1954 2	  16.83   23.07    6.23    6.02 
1954 3	  35.95   21.56    7.49    5.97 
1954 4	 173.93   27.84   14.56    4.41 
1954 5	 207.80   27.61   14.07    4.43 
1954 6	  41.55   33.71   19.25    3.35 
1954 7	  89.18   35.51   21.69    3.75 
1954 8	  26.72   35.65   21.00    3.60 
1954 9	  25.55   35.08   17.27    4.55 
1954 10	 125.95   28.69   13.73    5.62 
1954 11	  73.03   21.60    5.34    6.08 
1954 12	  57.50   19.63    3.80    5.81 
1955 1	 114.80   16.20    3.88    4.94 
1955 2	 212.58   18.49    5.13    5.86 
1955 3	  34.33   24.64   10.45    6.35 
1955 4	 167.85   27.36   14.37    5.15 
1955 5	 115.47   30.62   17.25    4.48 
1955 6	 105.43   31.74   17.65    3.45 
1955 7	 133.50   33.00   20.88    3.57 
1955 8	 276.87   32.88   21.04    2.81 
1955 9	  39.50   32.59   20.10    4.18 
1955 10	  21.77   27.97   10.77    5.09 
1955 11	  95.25   21.78    7.64    6.82 
1955 12	  61.40   18.56    5.27    6.30 
1956 1	 111.45   17.34    2.51    5.94 
1956 2	 135.10   20.16    6.48    5.97 
1956 3	  80.90   22.05    7.85    5.27 
1956 4	  36.75   25.64   11.82    5.97 
1956 5	  74.35   31.05   17.09    3.86 
1956 6	 126.70   32.47   18.90    3.73 
1956 7	  31.50   35.70   20.86    3.52 
1956 8	  52.83   35.51   19.94    3.00 
1956 9	  66.67   33.92   16.49    4.69 
1956 10	  37.05   30.05   11.93    4.06 
1956 11	 106.75   21.80    5.56    5.73 
1956 12	 151.65   20.36    6.82    5.25 
1957 1	  59.27   17.91    6.47    5.46 
1957 2	  50.40   21.75   10.15    4.77 
1957 3	 262.57   21.34    7.90    5.27 
1957 4	 169.47   25.77   14.37    6.32 
1957 5	  60.70   29.53   18.09    5.44 
1957 6	 166.95   31.50   20.77    4.88 
1957 7	  84.00   34.56   22.05    3.06 
1957 8	  85.33   33.98   21.10    3.89 
1957 9	 217.48   29.44   18.25    4.16 
1957 10	 118.00   24.72   11.51    6.14 
1957 11	 225.70   20.93    9.59    6.40 
1957 12	 101.90   19.03    4.72    5.90 
1958 1	 121.65   15.45    1.76    7.69 
1958 2	  94.38   14.43    2.92    7.38 
1958 3	  52.10   19.88    6.95    6.08 
1958 4	  80.00   25.98   13.15    5.50 
1958 5	  54.45   29.87   16.83    4.13 
1958 6	 108.25   33.73   20.84    3.90 
1958 7	  91.73   34.64   21.65    3.53 
1958 8	 104.45   34.18   20.76    2.92 
1958 9	 337.75   30.40   20.51    5.19 
1958 10	  35.33   25.46   13.73    6.34 
1958 11	  75.45   21.70    8.43    5.43 
1958 12	  37.48   16.44    2.50    5.84 
1959 1	  75.83   15.69    1.47    6.35 
1959 2	 155.30   17.13    6.43    6.07 
1959 3	  67.28   21.09    6.10    6.21 
1959 4	 142.93   24.29   12.14    5.36 
1959 5	 124.12   30.35   18.21    4.77 
1959 6	  97.52   32.26   20.47    4.03 
1959 7	 247.90   32.85   20.93    2.69 
1959 8	 103.80   32.68   21.19    3.23 
1959 9	  33.88   31.83   19.53    4.48 
1959 10	  95.72   27.19   14.08    4.95 
1959 11	  32.12   19.95    4.53    6.69 
1959 12	 144.83   17.38    4.72    6.46 
1960 1	  81.72   14.64    3.45    6.14 
1960 2	 132.20   15.29    1.89    6.83 
1960 3	  42.05   18.38    5.45    5.78 
1960 4	  71.32   26.67   13.32    5.36 
1960 5	  31.05   29.24   14.84    5.25 
1960 6	 180.55   33.98   19.48    3.85 
1960 7	  94.65   34.53   21.40    2.51 
1960 8	 147.27   32.68   21.55    3.75 
1960 9	  64.72   32.28   18.15    4.13 
1960 10	 219.45   27.87   14.81    4.40 
1960 11	 122.62   22.11    9.88    5.81 
1960 12	 225.23   14.80    4.06    6.64 
1961 1	 191.82   13.67    1.10    6.62 
1961 2	 152.93   19.49    5.95    5.29 
1961 3	 115.10   24.06   11.13    6.22 
1961 4	  39.70   24.65   10.67    5.97 
1961 5	  42.35   29.39   15.91    5.30 
1961 6	 190.80   30.60   18.72    3.90 
1961 7	 255.03   32.11   20.65    2.78 
1961 8	  79.62   32.36   20.03    2.98 
1961 9	 187.40   30.69   19.22    6.45 
1961 10	  11.75   26.99   11.77    5.73 
1961 11	 170.98   20.37    8.23    6.68 
1961 12	 151.25   17.44    4.92    5.86 
1962 1	 101.52   14.33    0.72    6.85 
1962 2	  55.60   22.83    9.50    6.20 
1962 3	  48.70   20.34    5.91    6.08 
1962 4	 144.63   25.15   11.73    5.67 
1962 5	  24.47   30.51   16.13    4.92 
1962 6	 271.65   31.91   19.78    3.12 
1962 7	  19.98   35.21   21.27    2.66 
1962 8	  59.15   37.35   21.48    2.89 
1962 9	 126.12   32.43   19.07    3.83 
1962 10	  42.78   28.90   14.92    4.99 
1962 11	 116.15   20.37    6.58    6.76 
1962 12	 133.95   16.32    4.27    5.56 
1963 1	  64.62   13.38    0.01    7.07 
1963 2	  95.53   17.14    1.89    7.04 
1963 3	  23.50   24.79    9.60    5.74 
1963 4	  32.07   28.27   15.49    5.77 
1963 5	  56.40   31.33   16.23    3.82 
1963 6	 134.77   33.60   19.40    3.48 
1963 7	 142.73   33.67   21.01    3.52 
1963 8	  54.25   34.89   20.16    2.32 
1963 9	 268.30   32.09   18.16    4.47 
1963 10	   7.18   29.65   12.68    4.03 
1963 11	 163.90   22.14    7.89    6.55 
1963 12	 118.02   13.20   -0.52    7.17 
1964 1	 122.45   15.82    1.91    6.13 
1964 2	  80.25   15.38    1.78    6.25 
1964 3	 131.85   22.28    7.18    6.30 
1964 4	 108.90   26.41   14.50    6.40 
1964 5	 149.38   29.97   17.23    4.46 
1964 6	  28.70   32.68   19.23    3.63 
1964 7	  58.25   34.10   20.85    3.72 
1964 8	  84.27   34.33   21.60    3.11 
1964 9	  96.78   31.44   18.51    4.02 
1964 10	  19.60   26.76    9.13    6.08 
1964 11	  94.28   23.20    9.62    5.81 
1964 12	 127.50   17.37    5.39    6.83 
1965 1	  62.75   19.23    4.58    6.00 
1965 2	 148.62   17.76    3.88    7.42 
1965 3	 118.88   19.56    6.44    6.98 
1965 4	   2.42   27.92   15.46    5.79 
1965 5	 162.82   29.27   17.90    6.09 
1965 6	  28.23   32.71   19.23    4.05 
1965 7	  43.88   34.98   20.62    2.77 
1965 8	 116.70   33.57   20.05    2.69 
1965 9	 149.72   32.07   19.34    5.30 
1965 10	  23.42   26.12   11.53    5.52 
1965 11	  78.35   24.57   12.70    5.11 
1965 12	 209.95   17.94    5.56    6.18 
1966 1	 154.97   11.84    1.34    6.94 
1966 2	 222.55   16.13    3.62    6.44 
1966 3	  20.35   21.04    6.37    5.71 
1966 4	 135.57   26.54   13.16    6.05 
1966 5	 123.20   28.50   17.83    5.02 
1966 6	  57.40   32.00   18.21    3.83 
1966 7	 119.12   34.80   21.66    2.80 
1966 8	 127.28   32.53   20.80    3.26 
1966 9	 126.32   31.00   17.89    3.01 
1966 10	 116.68   25.78   11.18    5.62 
1966 11	 122.65   22.78    9.55    5.80 
1966 12	 109.20   16.16    4.02    6.13 
1967 1	  47.00   15.97    2.93    5.92 
1967 2	  91.92   17.22    2.37    5.94 
1967 3	  40.12   24.80    9.84    5.43 
1967 4	 140.55   28.25   16.29    5.87 
1967 5	 137.70   28.79   15.39    6.05 
1967 6	  60.20   33.10   19.28    3.98 
1967 7	 104.50   32.88   19.66    3.77 
1967 8	  41.60   33.64   19.82    2.96 
1967 9	  53.65   30.43   15.89    5.29 
1967 10	  79.03   27.90    9.17    5.45 
1967 11	   1.23   22.57    6.61    5.79 
1967 12	 266.67   17.22    4.61    6.02 
1968 1	  91.27   14.06    2.98    6.61 
1968 2	  70.83   14.66    0.06    6.07 
1968 3	  77.68   19.98    6.46    5.92 
1968 4	 168.60   25.74   13.75    6.09 
1968 5	 156.63   29.10   15.91    5.00 
1968 6	 254.12   31.29   19.58    3.90 
1968 7	  74.80   33.22   20.14    3.14 
1968 8	 100.15   33.79   20.17    3.08 
1968 9	  99.95   30.21   15.87    4.36 
1968 10	  88.15   28.03   11.84    4.72 
1968 11	 176.32   20.42    5.15    6.29 
1968 12	 105.05   16.27    1.87    6.56 
1969 1	  33.20   16.51    4.87    6.57 
1969 2	 124.38   17.20    4.63    6.38 
1969 3	 130.90   18.05    4.73    6.06 
1969 4	 106.38   25.92   12.77    5.07 
1969 5	 182.10   28.95   15.42    4.19 
1969 6	  68.50   32.70   19.51    4.29 
1969 7	 170.20   34.74   22.59    3.20 
1969 8	  56.02   34.40   21.00    3.40 
1969 9	  56.50   32.68   17.28    4.37 
1969 10	  67.47   28.54   13.77    6.91 
1969 11	  52.48   22.07    5.18    6.19 
1969 12	 201.45   19.02    3.87    5.66 
1970 1	  47.75   12.70    1.04    6.75 
1970 2	  81.30   18.30    2.57    6.00 
1970 3	  86.27   20.01    6.57    5.89 
1970 4	 117.40   26.56   13.97    5.79 
1970 5	 205.80   28.51   15.25    5.40 
1970 6	  33.92   31.17   19.04    3.55 
1970 7	  62.90   34.19   20.80    3.04 
1970 8	  66.52   34.55   21.59    3.37 
1970 9	 132.05   32.10   20.26    5.41 
1970 10	 251.20   25.05   11.92    5.67 
1970 11	  54.00   19.71    5.44    6.14 
1970 12	  74.65   20.84    8.47    5.08 
1971 1	  26.40   18.40    5.55    6.30 
1971 2	  91.40   18.51    3.94    7.06 
1971 3	  76.12   20.90    6.50    5.95 
1971 4	  16.10   26.01   11.91    5.46 
1971 5	 117.25   28.55   16.17    4.77 
1971 6	  58.95   33.28   20.35    3.66 
1971 7	  82.00   34.87   21.58    3.22 
1971 8	 147.53   33.05   20.46    2.72 
1971 9	  82.92   31.23   19.39    4.81 
1971 10	 111.75   28.45   14.53    4.25 
1971 11	 108.93   22.21    6.22    6.03 
1971 12	 289.62   19.93    9.04    5.68 
1972 1	 177.68   18.53    5.37    6.30 
1972 2	  47.15   19.26    4.54    6.26 
1972 3	 136.03   24.02    8.87    5.56 
1972 4	 108.57   26.82   13.27    5.88 
1972 5	 123.20   29.33   15.73    3.61 
1972 6	  50.18   33.08   20.09    5.24 
1972 7	 170.42   32.00   21.04    4.29 
1972 8	  84.97   33.46   20.68    2.98 
1972 9	 117.55   32.60   20.19    3.46 
1972 10	 128.40   26.55   12.87    5.30 
1972 11	 123.48   17.54    6.30    6.84 
1972 12	 147.07   16.01    3.33    6.29 
1973 1	 165.00   13.71    1.35    6.92 
1973 2	 132.68   16.24    3.02    6.27 
1973 3	 205.10   22.46    9.98    6.15 
1973 4	 203.07   23.17   11.09    6.49 
1973 5	 185.38   29.07   15.15    5.68 
1973 6	 263.17   31.21   20.04    4.07 
1973 7	 191.68   33.97   21.61    3.04 
1973 8	 102.88   32.53   19.56    3.49 
1973 9	 169.82   31.24   19.96    4.90 
1973 10	 164.12   28.33   14.57    5.19 
1973 11	 112.22   25.37   12.11    6.28 
1973 12	 122.22   17.89    2.34    6.96 
1974 1	 284.90   17.55    7.26    4.82 
1974 2	  53.60   19.69    4.05    6.49 
1974 3	 100.90   24.33   12.12    5.97 
1974 4	  69.95   25.81   11.81    7.02 
1974 5	 121.68   29.96   18.39    5.47 
1974 6	  54.05   32.36   19.08    4.26 
1974 7	  86.33   35.05   20.98    2.57 
1974 8	 163.53   33.46   20.50    2.97 
1974 9	 119.20   29.23   17.81    5.71 
1974 10	 140.10   27.12   11.65    6.71 
1974 11	 129.60   20.55    7.83    6.19 
1974 12	 141.65   16.73    3.53    5.61 
1975 1	 111.43   18.12    5.41    5.99 
1975 2	  86.97   18.54    4.00    4.93 
1975 3	 126.70   21.10    7.15    6.53 
1975 4	 166.88   24.02   11.54    6.94 
1975 5	 264.85   29.43   17.62    4.94 
1975 6	 208.40   31.82   20.16    4.42 
1975 7	 154.90   32.60   21.25    3.32 
1975 8	  86.35   32.92   20.93    3.05 
1975 9	  69.82   29.90   16.54    4.50 
1975 10	 166.65   26.76   12.55    5.26 
1975 11	  46.15   21.28    7.01    5.92 
1975 12	  68.93   16.43    3.67    5.78 
1976 1	  57.28   16.13    0.78    6.78 
1976 2	  31.87   21.29    6.83    5.25 
1976 3	 157.93   21.15    9.98    6.61 
1976 4	 101.40   25.68   13.18    5.22 
1976 5	 229.37   26.67   14.46    4.79 
1976 6	  97.98   30.79   18.51    3.83 
1976 7	 140.93   32.20   21.09    2.53 
1976 8	 105.28   33.83   19.63    2.76 
1976 9	  66.65   30.85   17.96    3.26 
1976 10	  86.85   22.71    7.92    5.91 
1976 11	  82.17   16.54    3.63    6.71 
1976 12	 118.85   15.04    1.23    6.29 
1977 1	 100.13   10.00   -1.46    6.73 
1977 2	  53.02   18.17    3.27    6.95 
1977 3	 178.55   22.21    9.00    6.24 
1977 4	 116.10   25.56   12.15    5.63 
1977 5	  16.23   29.85   17.14    4.59 
1977 6	  97.25   33.20   20.42    3.93 
1977 7	  96.40   34.70   22.10    2.54 
1977 8	 104.43   33.60   22.43    4.04 
1977 9	  79.62   32.43   20.55    3.97 
1977 10	  38.40   27.10   11.75    4.92 
1977 11	 203.00   21.35    9.54    5.63 
1977 12	  93.37   16.58    3.52    6.83 
1978 1	 211.20    8.68   -0.38    7.81 
1978 2	  56.48   10.91   -0.50    6.98 
1978 3	  37.68   19.84    5.71    5.17 
1978 4	   6.20   26.14   13.30    5.33 
1978 5	  64.93   30.57   16.96    4.77 
1978 6	  93.97   32.69   20.36    3.33 
1978 7	  72.95   35.12   21.86    2.70 
1978 8	 161.48   34.13   21.40    3.40 
1978 9	 137.95   30.57   20.51    4.76 
1978 10	  13.62   27.17   11.33    4.82 
1978 11	 195.05   22.25   10.88    5.05 
1978 12	 121.03   17.02    3.73    6.72 
1979 1	 189.02   10.00   -0.36    7.68 
1979 2	 152.50   13.61    3.46    6.10 
1979 3	 167.28   21.21    8.82    6.27 
1979 4	 187.52   24.35   13.71    5.38 
1979 5	 137.60   27.45   15.61    4.93 
1979 6	 102.72   31.56   19.94    4.07 
1979 7	 199.15   32.62   22.20    4.15 
1979 8	  62.20   33.20   21.17    2.73 
1979 9	 201.57   29.89   18.01    6.20 
1979 10	 101.00   28.13   12.76    4.93 
1979 11	  99.45   19.29    5.21    6.74 
1979 12	  92.87   16.46    2.99    5.93 
1980 1	  99.97   15.52    5.62    5.40 
1980 2	 113.07   15.66    3.17    6.10 
1980 3	 186.50   19.99    7.79    6.28 
1980 4	 105.30   23.82   10.73    5.33 
1980 5	 202.53   28.67   17.67    4.19 
1980 6	  31.95   34.03   20.98    4.49 
1980 7	  65.28   36.51   22.29    2.43 
1980 8	  24.68   35.70   21.59    4.31 
1980 9	  95.22   33.91   21.11    3.70 
1980 10	 129.90   25.27    9.92    5.43 
1980 11	  71.75   18.79    6.28    6.04 
1980 12	  32.47   16.88    3.60    5.68 
1981 1	  90.12   14.17    0.92    5.33 
1981 2	  47.72   16.84    3.53    5.32 
1981 3	  90.38   20.84    7.56    5.77 
1981 4	  44.60   27.38   15.97    4.62 
1981 5	 112.85   27.90   15.84    5.09 
1981 6	 273.42   32.35   21.75    4.72 
1981 7	 141.35   33.76   22.46    3.33 
1981 8	  77.93   34.28   21.59    3.06 
1981 9	  96.57   30.37   17.17    4.07 
1981 10	 106.00   25.62   13.68    4.94 
1981 11	  54.60   21.90    8.63    4.86 
1981 12	  59.35   16.02    3.31    6.06 
1982 1	  62.28   15.98    2.67    6.72 
1982 2	 145.40   14.61    3.67    6.02 
1982 3	  70.20   21.53   11.34    6.00 
1982 4	 176.45   23.38   12.57    6.25 
1982 5	 114.45   28.67   17.02    4.79 
1982 6	 114.15   32.71   20.19    3.04 
1982 7	  87.23   33.90   21.63    2.41 
1982 8	  82.35   34.37   21.71    2.37 
1982 9	  30.30   32.00   17.61    4.83 
1982 10	  77.98   26.05   12.58    5.92 
1982 11	 264.08   20.76    9.09    6.07 
1982 12	 334.90   17.84    6.61    7.24 
1983 1	 150.48   13.40    2.21    5.61 
1983 2	 127.53   15.74    4.32    6.99 
1983 3	 112.68   19.94    6.28    5.87 
1983 4	  46.50   22.40    9.84    6.74 
1983 5	 276.92   27.72   15.63    5.09 
1983 6	 125.50   30.02   19.65    4.00 
1983 7	 105.32   32.87   21.74    4.01 
1983 8	 188.52   32.80   21.67    2.86 
1983 9	 151.23   30.17   17.68    5.25 
1983 10	  11.30   26.09   12.25    5.02 
1983 11	 140.70   21.21    8.20    6.01 
1983 12	 180.57   11.97    0.39    7.56 
1984 1	 110.15   12.04   -0.31    6.60 
1984 2	 220.80   17.87    3.16    6.14 
1984 3	  77.33   20.61    8.73    5.52 
1984 4	  95.85   25.42   12.35    6.41 
1984 5	 148.68   28.83   16.70    5.70 
1984 6	 131.82   31.59   19.41    3.75 
1984 7	  76.12   33.84   20.88    2.36 
1984 8	  93.20   34.21   20.79    3.10 
1984 9	 107.43   30.69   18.04    6.15 
1984 10	 203.82   26.79   16.10    5.64 
1984 11	 140.05   19.86    7.47    6.47 
1984 12	  70.10   21.24    9.95    5.99 
1985 1	  67.60   11.75   -0.46    6.03 
1985 2	 212.50   13.80    2.67    6.01 
1985 3	 102.85   22.80   11.34    5.82 
1985 4	 113.00   26.07   13.81    5.76 
1985 5	  61.57   29.31   16.68    3.90 
1985 6	  78.63   32.78   19.83    4.40 
1985 7	 117.88   33.21   20.82    2.86 
1985 8	  69.62   35.06   21.26    3.22 
1985 9	 141.65   32.12   18.43    5.42 
1985 10	 260.97   25.49   15.82    6.22 
1985 11	 109.45   22.21   11.97    5.44 
1985 12	  94.67   14.49    0.93    5.83 
1986 1	  20.08   16.46    2.32    6.04 
1986 2	  80.18   19.91    6.88    6.12 
1986 3	  49.85   22.79    6.62    4.78 
1986 4	  97.03   25.22   13.54    5.15 
1986 5	 187.88   28.03   17.06    4.65 
1986 6	 279.65   31.55   21.14    3.03 
1986 7	  41.80   34.28   22.05    3.48 
1986 8	  81.97   33.33   20.49    3.27 
1986 9	 158.83   31.55   21.08    3.90 
1986 10	 115.08   24.80   13.20    5.20 
1986 11	 263.08   19.35   10.95    6.58 
1986 12	 168.93   13.36    4.48    6.37 
1987 1	 103.85   13.87    2.01    6.07 
1987 2	 198.57   16.65    6.34    6.05 
1987 3	  57.08   20.52    6.19    5.95 
1987 4	  14.67   25.90    8.34    4.26 
1987 5	 179.07   29.03   18.16    3.62 
1987 6	 262.48   31.09   20.52    4.74 
1987 7	  80.72   32.71   21.18    3.46 
1987 8	  80.43   34.32   22.41    3.34 
1987 9	  85.32   30.26   17.09    4.09 
1987 10	  60.72   25.52    9.27    5.69 
1987 11	 247.77   20.61    6.85    6.75 
1987 12	 201.67   16.87    5.04    5.95 
1988 1	  67.28   12.07    0.08    6.83 
1988 2	  70.22   15.45    3.29    6.02 
1988 3	 168.05   20.45    7.72    5.98 
1988 4	  55.85   25.46   11.05    5.32 
1988 5	  24.38   28.80   14.23    4.41 
1988 6	  63.33   32.09   18.26    3.94 
1988 7	 124.72   32.46   21.72    3.66 
1988 8	 124.43   33.49   21.50    3.20 
1988 9	  69.55   31.24   18.87    5.18 
1988 10	  47.67   25.88   11.74    4.89 
1988 11	  24.45   22.27    9.19    6.59 
1988 12	 195.70   16.51    3.49    5.82 
1989 1	 183.95   16.62    6.15    5.48 
1989 2	  77.97   14.24    3.99    6.86 
1989 3	 183.20   20.38    8.23    6.25 
1989 4	  42.85   24.59   11.47    5.05 
1989 5	 216.85   28.53   17.61    5.09 
1989 6	 470.83   29.28   19.84    5.55 
1989 7	 150.95   31.15   21.18    4.05 
1989 8	  50.10   32.02   20.88    2.85 
1989 9	  48.38   29.58   17.90    4.92 
1989 10	 102.45   26.95   11.77    5.49 
1989 11	  45.00   21.11    9.20    6.34 
1989 12	  67.97   11.41   -1.59    7.08 
1990 1	 278.12   16.58    4.95    5.25 
1990 2	 142.55   19.72    7.52    6.68 
1990 3	 188.70   20.95    9.77    5.50 
1990 4	 111.93   24.88   12.09    5.68 
1990 5	 199.33   28.18   18.00    5.57 
1990 6	  58.92   33.14   21.04    3.61 
1990 7	  58.18   32.72   20.42    3.06 
1990 8	  46.75   34.50   20.48    2.70 
1990 9	  58.98   32.42   18.73    3.02 
1990 10	  72.20   26.18   10.30    5.25 
1990 11	  74.32   22.66    8.13    5.76 
1990 12	 124.40   16.62    3.46    6.22 
1991 1	 269.50   12.26    2.25    6.15 
1991 2	 206.80   17.49    4.34    6.17 
1991 3	  55.27   22.01    8.66    6.79 
1991 4	 234.90   25.69   15.19    5.68 
1991 5	 234.88   28.52   19.08    5.75 
1991 6	 198.15   31.75   21.09    4.12 
1991 7	  78.27   33.37   21.59    3.09 
1991 8	 196.90   32.29   20.80    2.51 
1991 9	 169.80   29.66   17.99    4.68 
1991 10	  61.30   27.78   13.65    5.35 
1991 11	 101.13   18.00    5.49    6.90 
1991 12	 121.07   16.45    6.49    6.49 
1992 1	 162.25   13.66    2.49    6.00 
1992 2	 202.17   18.85    5.63    5.82 
1992 3	 160.20   22.05    9.20    5.46 
1992 4	 100.78   24.66   11.57    4.55 
1992 5	  85.05   27.89   15.57    4.00 
1992 6	  85.83   31.36   20.13    3.65 
1992 7	  71.40   32.26   21.62    4.04 
1992 8	  74.88   31.24   18.94    2.91 
1992 9	  48.73   30.50   18.65    4.70 
1992 10	 118.47   27.18   11.20    5.21 
1992 11	 114.00   17.29    5.03    6.46 
1992 12	 168.63   15.57    4.72    5.16 
1993 1	 144.65   14.32    3.53    5.66 
1993 2	  60.50   16.77    3.73    6.25 
1993 3	 146.25   19.04    6.37    5.71 
1993 4	 118.80   21.99    9.69    6.00 
1993 5	 126.63   26.61   15.25    4.68 
1993 6	 227.10   30.67   20.70    5.41 
1993 7	  24.70   33.74   21.40    3.09 
1993 8	  72.78   35.09   21.44    2.83 
1993 9	  42.23   31.75   17.39    4.09 
1993 10	 138.47   24.93   12.20    5.50 
1993 11	 124.10   17.83    5.64    6.39 
1993 12	 105.52   16.53    3.84    6.26 
1994 1	 142.65   14.36    2.65    6.99 
1994 2	 171.83   17.03    4.32    5.62 
1994 3	  87.43   21.62    8.29    5.10 
1994 4	  73.23   25.55   12.51    5.15 
1994 5	 195.38   27.37   16.27    4.30 
1994 6	  65.20   31.86   21.42    4.60 
1994 7	 101.55   32.61   21.35    3.87 
1994 8	 164.80   31.46   20.55    3.06 
1994 9	  32.53   29.95   17.21    3.71 
1994 10	 361.07   24.61   14.36    5.64 
1994 11	  35.98   21.52   10.71    5.95 
1994 12	 125.27   16.04    5.96    5.64 
1995 1	 188.15   15.45    4.15    6.55 
1995 2	  60.33   17.82    4.61    5.78 
1995 3	 118.70   20.19   10.12    6.20 
1995 4	 164.90   23.79   11.60    5.95 
1995 5	 189.25   28.54   17.23    5.46 
1995 6	  72.82   31.89   18.45    4.01 
1995 7	 123.82   33.62   21.43    4.26 
1995 8	  81.77   33.90   21.75    3.34 
1995 9	  37.97   31.81   18.26    4.08 
1995 10	  86.83   26.67   11.29    7.04 
1995 11	  61.33   20.46    6.60    6.17 
1995 12	 161.20   16.50    4.58    6.64 
1996 1	 105.75   16.08    1.66    6.65 
1996 2	  11.40   18.72    4.94    6.23 
1996 3	  20.65   18.86    4.83    6.46 
1996 4	 116.25   25.23   10.31    5.90 
1996 5	  79.15   30.94   18.70    5.02 
1996 6	 141.02   32.29   19.40    3.37 
1996 7	 110.80   33.89   21.74    3.35 
1996 8	 200.70   32.43   20.62    3.43 
1996 9	 177.50   30.01   17.77    3.89 
1996 10	  58.37   25.71   12.50    6.68 
1996 11	  96.32   20.69    8.51    6.78 
1996 12	  89.42   17.82    5.41    5.92 
1997 1	  76.25   14.07    2.97    6.53 
1997 2	 248.23   16.48    5.69    6.78 
1997 3	 129.30   22.98   11.25    5.46 
1997 4	 113.70   22.31    9.54    6.77 
1997 5	 154.18   28.31   15.89    4.46 
1997 6	  36.65   31.49   19.11    3.73 
1997 7	  62.33   34.72   21.41    2.54 
1997 8	  60.22   33.37   20.85    2.94 
1997 9	  59.57   32.36   18.60    3.65 
1997 10	  98.88   25.09   12.74    6.55 
1997 11	 120.00   17.81    5.90    5.89 
1997 12	 189.97   14.89    1.63    6.42 
1998 1	 238.43   17.31    4.80    5.47 
1998 2	 121.38   17.63    3.65    5.92 
1998 3	  83.28   20.23    7.56    7.04 
1998 4	  27.23   24.07    9.67    5.80 
1998 5	   0.05   31.86   17.37    4.40 
1998 6	  54.60   35.05   21.95    5.96 
1998 7	  31.20   37.19   22.18    3.65 
1998 8	 173.03   35.54   21.62    2.76 
1998 9	 407.42   32.23   21.04    7.41 
1998 10	 121.18   27.27   14.22    6.38 
1998 11	 189.57   21.26    9.78    5.18 
1998 12	 162.10   16.80    4.67    5.85 
1999 1	 126.38   18.84    3.03    6.63 
1999 2	  16.83   21.41    5.17    5.14 
1999 3	 167.90   21.16    7.12    5.81 
1999 4	 181.53   27.19   13.07    6.00 
1999 5	 176.58   29.18   15.81    4.24 
1999 6	 183.85   31.66   20.41    4.26 
1999 7	 142.43   32.82   21.02    3.28 
1999 8	  17.80   36.33   21.64    3.12 
1999 9	  56.67   31.77   16.26    4.92 
1999 10	  50.55   26.55   10.55    5.66 
1999 11	  10.45   23.05    5.60    4.99 
1999 12	 110.75   17.36    2.16    6.52 
2000 1	  29.22   17.68    5.25    6.42 
2000 2	  30.15   21.36    7.18    5.73 
2000 3	 106.60   24.27   11.18    5.12 
2000 4	 121.25   24.47   11.06    4.99 
2000 5	 149.50   29.80   19.19    5.15 
2000 6	 111.17   32.00   20.87    4.33 
2000 7	  31.75   35.63   21.21    3.36 
2000 8	  23.55   36.46   20.73    2.37 
2000 9	 101.07   32.77   18.43    5.28 
2000 10	  46.50   26.99   13.61    5.82 
2000 11	 320.30   18.23    6.93    6.36 
2000 12	  63.50   12.07    1.08    6.72 
2001 1	 126.98   12.46    1.37    5.86 
2001 2	  40.05   19.34    6.91    5.83 
2001 3	 206.05   18.02    6.09    5.72 
2001 4	  18.27   26.99   15.07    6.55 
2001 5	  48.67   30.41   16.84    4.76 
2001 6	 359.82   31.26   19.75    4.07 
2001 7	  54.55   33.60   22.25    2.78 
2001 8	 152.88   33.65   21.79    3.73 
2001 9	 187.15   29.23   18.61    5.12 
2001 10	 152.82   24.71   10.48    6.28 
2001 11	 185.23   22.88    8.91    5.48 
2001 12	 208.12   18.01    5.51    5.99 
2002 1	  60.65   16.67    4.28    6.05 
2002 2	  85.18   15.93    2.22    6.38 
2002 3	  65.83   20.79    8.30    6.78 
2002 4	  78.50   26.49   15.68    5.36 
2002 5	  27.10   29.50   17.40    6.11 
2002 6	  96.07   31.97   20.46    4.23 
2002 7	 132.70   33.04   21.82    2.98 
2002 8	 118.98   33.50   21.89    3.62 
2002 9	 109.38   30.74   20.06    6.23 
2002 10	 271.60   24.46   16.28    4.93 
2002 11	 198.80   19.04    6.18    6.07 
2002 12	 290.83   15.97    4.77    6.76 
2003 1	  30.97   13.74    2.04    6.09 
2003 2	 133.73   15.11    5.54    5.94 
2003 3	  68.55   19.60    8.54    4.12 
2003 4	   9.98   25.55   13.37    5.12 
2003 5	  40.72   29.99   19.07    5.31 
2003 6	 141.62   31.78   21.22    3.73 
2003 7	 103.43   32.75   22.05    3.86 
2003 8	 161.90   33.77   22.34    3.57 
2003 9	 107.03   29.59   18.81    4.68 
2003 10	  55.35   26.45   13.23    4.97 
2003 11	 191.00   22.87   10.39    6.41 
2003 12	 110.68   16.91    2.41    6.32 
2004 1	 169.22   15.82    4.26    6.07 
2004 2	 268.80   14.13    3.88    6.41 
2004 3	  87.23   22.91   10.91    5.44 
2004 4	 183.40   24.55   13.01    5.15 
2004 5	 242.45   28.40   17.84    5.39 
2004 6	 246.52   30.51   21.35    4.18 
2004 7	  24.02   33.01   22.01    2.69 
2004 8	  86.53   33.04   20.65    3.81 
2004 9	 177.60   31.51   19.93    5.07 
2004 10	 103.40   28.02   18.72    5.07 
2004 11	 307.32   20.44   11.00    6.15 
2004 12	 107.53   15.91    3.63    6.86 
2005 1	  85.80   16.81    6.88    5.79 
2005 2	 171.62   16.61    8.35    5.51 
2005 3	  89.55   20.36    8.26    5.01 
2005 4	  34.95   24.79   11.76    5.52 
2005 5	  60.27   28.71   16.35    4.30 
2005 6	  21.80   33.48   20.97    3.48 
2005 7	 154.35   33.32   22.75    3.67 
2005 8	 137.25   34.29   22.26    2.70 
2005 9	 347.35   34.14   21.45    4.98 
2005 10	  37.42   26.79   12.74    6.15 
2005 11	  72.72   22.92   10.38    6.10 
2005 12	  70.57   15.82    2.92    6.40 
2006 1	  82.67   19.15    5.22    5.70 
2006 2	 117.30   16.12    3.23    5.95 
2006 3	  74.50   22.42   11.05    6.45 
2006 4	 132.30   27.76   15.83    5.43 
2006 5	  87.88   29.14   17.26    4.72 
2006 6	 122.32   32.04   20.32    2.92 
2006 7	 162.90   32.25   22.49    2.74 
2006 8	 102.93   33.97   22.60    3.00 
2006 9	  97.93   30.53   17.95    3.83 
2006 10	 521.67   26.20   13.87    5.46 
2006 11	  44.60   21.39    8.10    6.23 
2006 12	 224.83   16.70    4.53    6.86 
2007 1	 140.27   13.65    3.26    6.58 
2007 2	  57.03   15.80    3.56    5.37 
2007 3	 107.82   23.52   11.04    5.19 
2007 4	  90.40   23.17   11.38    5.56 
2007 5	  69.53   28.42   17.78    5.18 
2007 6	 140.10   31.48   21.31    3.91 
2007 7	 214.93   30.53   22.17    3.73 
2007 8	 109.50   33.56   22.84    3.23 
2007 9	  45.98   31.61   20.30    4.10 
2007 10	  66.25   27.56   14.50    6.24 
2007 11	  89.90   21.08   10.39    5.10 
2007 12	  67.57   18.85    6.32    4.96 
2008 1	 116.78   14.55    3.21    7.17 
2008 2	 114.47   19.50    5.58    5.75 
2008 3	  71.82   22.12    9.48    6.77 
2008 4	  58.57   25.23   13.26    5.80 
2008 5	 102.22   28.61   17.84    5.33 
2008 6	 126.12   32.68   21.80    4.08 
2008 7	  36.85   34.29   21.69    3.52 
2008 8	 146.25   32.69   22.58    3.93 
2008 9	 169.25   29.25   18.85    6.11 
2008 10	  83.43   25.84   11.63    5.33 
2008 11	 127.02   21.36    8.20    5.85 
2008 12	 111.90   16.44    4.54    6.72 
2009 1	  30.10   16.46    3.23    5.78 
2009 2	  65.97   19.68    6.97    6.34 
2009 3	 188.70   20.79    8.86    6.04 
2009 4	 168.25   23.91   12.22    6.86 
2009 5	 161.68   28.14   18.51    5.15 
2009 6	  49.42   33.34   21.10    3.51 
2009 7	 163.08   34.77   22.72    3.04 
2009 8	  71.62   33.12   22.46    2.31 
2009 9	 142.78   28.75   19.96    3.87 
2009 10	 320.05   24.86   13.17    6.05 
2009 11	  38.97   20.63    8.53    6.00 
2009 12	 130.95   12.18    3.49    6.96 
2010 1	  68.47   13.21    1.53    6.35 
2010 2	 122.53   11.78    1.57    6.56 
2010 3	  46.62   18.76    6.38    5.52 
2010 4	  15.35   25.50   12.59    5.57 
2010 5	  39.67   30.90   19.10    4.24 
2010 6	 133.88   33.57   22.66    3.41 
2010 7	 103.62   32.83   23.32    4.29 
2010 8	  74.38   35.50   24.06    3.44 
2010 9	  58.93   32.17   20.75    4.94 
2010 10	  34.75   28.48   12.22    4.80 
2010 11	 131.62   20.86    8.99    5.84 
2010 12	  48.25   15.82    3.25    6.77 
