1949 1	  68.57   14.47    2.03    4.64 
1949 2	 113.65   19.99    8.01    4.08 
1949 3	  70.07   22.96    8.86    4.01 
1949 4	 153.80   24.08   10.97    3.85 
1949 5	  32.97   29.69   18.98    3.56 
1949 6	 141.85   32.16   20.44    3.48 
1949 7	  47.52   33.93   21.54    3.11 
1949 8	  97.05   34.07   18.91    2.59 
1949 9	  63.42   32.80   19.01    2.86 
1949 10	 138.30   27.24   13.10    3.80 
1949 11	   0.00   25.47    4.50    3.17 
1949 12	  60.15   18.31    6.68    4.45 
1950 1	  19.58   19.17    9.28    5.09 
1950 2	  45.13   20.35    6.90    3.91 
1950 3	   4.50   23.78    7.54    4.40 
1950 4	  38.40   25.84   13.22    4.26 
1950 5	 119.30   30.10   18.45    3.81 
1950 6	  83.75   32.07   20.32    3.62 
1950 7	  63.00   34.09   21.61    4.32 
1950 8	  84.12   34.96   19.39    2.91 
1950 9	  81.20   31.80   19.17    3.01 
1950 10	   4.17   30.90   13.13    3.41 
1950 11	   6.05   23.79    5.57    4.22 
1950 12	   0.90   21.30   -0.41    3.77 
1951 1	   4.70   19.44   -0.43    4.75 
1951 2	  41.17   20.71    3.26    5.19 
1951 3	  60.65   24.52    8.32    4.57 
1951 4	  14.15   28.64   10.80    4.19 
1951 5	 221.25   29.63   16.69    3.55 
1951 6	  46.68   33.29   21.57    4.52 
1951 7	   7.22   37.48   22.20    3.72 
1951 8	  14.90   38.26   21.00    3.45 
1951 9	  76.90   33.87   18.76    3.17 
1951 10	  19.70   29.83   14.78    3.34 
1951 11	  27.38   21.50    5.88    4.47 
1951 12	   4.80   20.70    3.77    4.26 
1952 1	   3.80   21.61    6.48    4.84 
1952 2	  48.20   22.50    5.60    4.23 
1952 3	  60.75   22.79    7.41    4.14 
1952 4	  46.95   25.21   10.85    3.98 
1952 5	 100.15   30.00   14.52    3.49 
1952 6	  63.85   33.00   20.78    3.71 
1952 7	  33.70   35.46   20.52    3.01 
1952 8	   0.08   38.33   21.08    3.71 
1952 9	 171.53   32.24   16.26    2.87 
1952 10	   0.00   27.74    7.39    3.07 
1952 11	 100.57   20.25    7.59    4.02 
1952 12	  56.88   16.86    2.53    3.69 
1953 1	  13.73   21.91    1.77    4.20 
1953 2	  13.93   20.25    3.95    3.77 
1953 3	  34.80   26.34   11.93    3.89 
1953 4	  16.60   28.88   11.79    3.55 
1953 5	  18.48   32.21   16.54    3.81 
1953 6	  15.92   37.92   21.34    3.51 
1953 7	  10.90   37.36   21.90    3.48 
1953 8	 135.90   35.74   20.62    2.47 
1953 9	 102.92   32.79   15.34    2.50 
1953 10	  96.40   27.10   13.19    3.03 
1953 11	   9.68   21.30    5.54    3.16 
1953 12	  21.95   16.19    0.97    3.94 
1954 1	  12.62   18.96    4.26    4.18 
1954 2	   0.40   24.30    4.96    3.59 
1954 3	   0.73   24.50    6.33    4.32 
1954 4	  31.47   28.93   15.64    4.87 
1954 5	  57.48   30.64   15.98    3.69 
1954 6	  63.78   34.33   21.00    4.19 
1954 7	  26.62   36.81   20.76    3.38 
1954 8	   4.00   36.68   21.54    3.86 
1954 9	  36.97   35.49   17.90    2.79 
1954 10	  39.63   28.84   13.92    3.24 
1954 11	  37.78   22.99    5.15    3.28 
1954 12	   1.82   21.51    4.13    3.78 
1955 1	  43.10   17.65    2.82    4.21 
1955 2	  49.55   18.95    5.14    4.72 
1955 3	  14.58   24.73    8.74    4.77 
1955 4	   4.05   30.39   14.57    3.98 
1955 5	 138.15   32.23   17.17    4.07 
1955 6	  37.50   34.11   19.13    3.81 
1955 7	  26.93   35.67   21.14    3.84 
1955 8	  68.10   35.84   20.74    2.56 
1955 9	  21.23   33.42   19.62    2.95 
1955 10	   8.45   29.51   10.52    3.26 
1955 11	  73.60   21.83    6.59    4.48 
1955 12	   3.15   20.23    1.45    3.59 
1956 1	  25.08   18.33    1.25    3.97 
1956 2	  17.70   20.66    5.35    4.43 
1956 3	   3.60   26.52    6.96    3.89 
1956 4	  18.27   28.22   12.69    3.92 
1956 5	   7.95   33.58   17.77    3.79 
1956 6	   5.83   36.84   20.99    3.26 
1956 7	  40.92   37.07   20.90    3.88 
1956 8	  68.60   37.46   20.41    3.28 
1956 9	  16.55   35.09   16.08    2.60 
1956 10	  55.05   30.80   11.95    2.84 
1956 11	  40.08   21.63    5.34    3.78 
1956 12	  17.17   21.18    2.77    3.76 
1957 1	  11.43   18.47    5.11    4.19 
1957 2	  44.15   22.36   10.35    3.54 
1957 3	  70.65   23.89    8.19    3.80 
1957 4	 185.27   25.17   12.23    4.45 
1957 5	 212.48   28.36   16.88    4.04 
1957 6	  54.15   32.64   20.39    3.18 
1957 7	   2.12   37.69   20.64    3.32 
1957 8	  24.55   37.56   20.20    3.09 
1957 9	 133.83   32.90   16.10    2.84 
1957 10	 105.32   25.24   11.90    3.40 
1957 11	  91.80   19.30    6.22    3.96 
1957 12	  28.55   19.53    3.80    4.03 
1958 1	 133.18   16.74    0.90    4.03 
1958 2	  79.57   15.41    2.66    4.21 
1958 3	  34.07   19.37    5.72    3.88 
1958 4	  38.25   26.17   11.68    3.77 
1958 5	 117.80   29.85   15.44    2.89 
1958 6	 100.88   33.95   20.83    3.64 
1958 7	  19.23   35.43   22.02    3.84 
1958 8	  30.48   36.60   19.51    2.99 
1958 9	 313.60   31.04   19.46    2.66 
1958 10	 144.32   23.62   12.93    3.54 
1958 11	  10.57   21.48    7.27    3.20 
1958 12	  18.80   17.55   -0.10    3.48 
1959 1	  22.42   15.35    0.84    4.20 
1959 2	  60.22   18.00    4.21    3.84 
1959 3	  13.15   23.61    5.16    3.97 
1959 4	  53.45   24.92   10.16    4.02 
1959 5	  71.82   30.16   16.87    3.97 
1959 6	 125.60   33.86   18.84    3.23 
1959 7	  59.80   34.10   18.71    2.65 
1959 8	  30.37   35.28   19.59    2.82 
1959 9	  83.88   33.57   17.56    3.36 
1959 10	 196.27   28.21   10.54    3.26 
1959 11	  48.00   19.69    1.02    3.79 
1959 12	  43.70   18.91    2.59    4.02 
1960 1	  20.10   14.97    3.19    4.12 
1960 2	  39.05   16.56    1.48    4.62 
1960 3	  53.35   19.96    5.83    4.07 
1960 4	  27.65   27.78   13.04    4.53 
1960 5	  45.23   29.17   15.79    4.13 
1960 6	  38.10   35.18   19.68    3.33 
1960 7	 112.05   34.61   20.81    2.75 
1960 8	  80.07   33.14   21.45    3.18 
1960 9	  25.65   32.78   15.80    2.37 
1960 10	 168.75   28.27   15.12    3.00 
1960 11	  33.25   21.68    9.56    3.42 
1960 12	 105.90   15.07    2.74    3.76 
1961 1	  35.30   15.42    0.60    3.77 
1961 2	  77.50   20.29    3.78    4.10 
1961 3	   5.65   25.63    8.76    4.23 
1961 4	   6.60   28.02   10.43    4.28 
1961 5	   5.28   32.06   17.02    4.34 
1961 6	 177.18   32.92   20.04    3.27 
1961 7	 110.30   32.67   20.65    3.44 
1961 8	  34.55   33.93   19.10    2.03 
1961 9	  21.98   33.00   19.17    3.88 
1961 10	 117.93   28.03   13.23    3.61 
1961 11	  34.08   19.72    6.37    3.85 
1961 12	  24.02   18.39    4.30    3.36 
1962 1	  13.00   14.98   -1.33    4.35 
1962 2	  16.05   25.02    7.10    4.03 
1962 3	  23.28   22.22    5.08    3.96 
1962 4	 114.07   27.36   12.30    4.37 
1962 5	  48.15   31.61   17.65    4.79 
1962 6	  56.30   33.83   20.14    3.02 
1962 7	   1.23   37.43   21.43    3.42 
1962 8	  20.88   38.44   20.27    2.58 
1962 9	  86.03   33.40   18.89    2.61 
1962 10	  19.00   29.94   16.03    3.54 
1962 11	  51.12   21.86    6.26    3.49 
1962 12	  36.95   16.88    2.44    3.19 
1963 1	  12.55   15.31   -1.65    3.75 
1963 2	  69.22   19.53    1.09    3.94 
1963 3	   2.03   25.86    9.73    4.15 
1963 4	  76.97   30.40   15.53    5.04 
1963 5	  58.45   30.34   18.28    3.85 
1963 6	  45.82   34.77   21.22    3.66 
1963 7	   8.57   36.10   21.62    3.73 
1963 8	  19.23   37.28   20.81    2.85 
1963 9	  49.53   33.76   17.84    2.25 
1963 10	  45.08   30.20   13.69    2.70 
1963 11	  52.98   22.43    8.59    4.16 
1963 12	  19.52   13.42   -0.58    3.93 
1964 1	  66.93   17.60   -0.17    3.87 
1964 2	  40.90   15.80    0.72    3.72 
1964 3	  45.45   22.94    7.36    4.21 
1964 4	  44.52   27.82   13.69    4.49 
1964 5	  73.55   30.95   17.85    3.86 
1964 6	  98.10   33.95   19.20    3.42 
1964 7	   8.98   37.04   20.22    3.18 
1964 8	  51.80   36.73   21.05    3.50 
1964 9	 115.62   32.63   19.14    2.77 
1964 10	  51.95   27.01    8.74    3.27 
1964 11	  51.68   22.90    8.24    3.76 
1964 12	  23.50   18.23    1.73    3.90 
1965 1	  15.38   19.71    2.83    3.70 
1965 2	 140.45   15.89    1.99    4.04 
1965 3	  50.85   19.91    4.46    4.42 
1965 4	  64.18   27.62   14.02    4.20 
1965 5	 141.03   27.46   18.07    4.25 
1965 6	  32.85   32.54   20.67    3.56 
1965 7	  27.65   35.95   20.41    2.88 
1965 8	  36.47   35.43   20.19    2.56 
1965 9	  62.67   33.86   18.53    3.15 
1965 10	  71.50   25.75   11.41    2.99 
1965 11	  20.60   23.79   10.31    2.80 
1965 12	 136.00   17.40    6.28    3.74 
1966 1	  42.90   13.53    0.47    3.95 
1966 2	  53.57   16.15    2.06    4.02 
1966 3	  18.50   21.42    7.43    3.89 
1966 4	  88.23   27.16   13.27    4.07 
1966 5	 147.55   28.30   16.73    3.31 
1966 6	  40.45   31.77   19.70    2.88 
1966 7	   9.60   35.32   21.51    2.92 
1966 8	 199.90   33.01   20.22    3.11 
1966 9	 101.00   30.92   17.91    2.03 
1966 10	   6.32   27.77   10.05    3.06 
1966 11	   0.00   24.75    7.92    3.77 
1966 12	   0.90   18.91   -0.11    3.99 
1967 1	   4.55   17.49    0.31    4.08 
1967 2	  21.70   18.50    1.69    4.24 
1967 3	  39.55   26.35    9.63    4.42 
1967 4	  71.80   29.74   16.94    5.19 
1967 5	  32.48   31.30   15.74    4.41 
1967 6	   6.57   35.03   20.65    3.90 
1967 7	  29.35   36.23   20.57    3.90 
1967 8	  70.32   34.79   19.12    2.64 
1967 9	 236.27   29.19   16.50    2.76 
1967 10	  66.95   26.43   10.83    3.19 
1967 11	  84.10   20.89    7.54    3.23 
1967 12	  27.35   16.13    2.38    3.51 
1968 1	 137.12   14.23    3.09    4.07 
1968 2	  45.88   15.48    1.92    3.64 
1968 3	  60.55   19.22    6.92    4.68 
1968 4	  60.80   25.51   13.16    4.38 
1968 5	  92.25   28.43   17.51    4.20 
1968 6	  48.53   32.05   19.51    2.98 
1968 7	  62.70   33.32   20.54    3.14 
1968 8	  16.95   35.70   20.57    3.26 
1968 9	 125.73   30.21   16.21    2.87 
1968 10	   7.10   28.30   13.80    3.17 
1968 11	  80.95   21.61    5.35    3.95 
1968 12	  16.35   17.99    1.79    4.41 
1969 1	  21.97   17.58    3.96    4.02 
1969 2	  70.75   17.97    4.56    3.84 
1969 3	  41.12   18.82    4.56    4.19 
1969 4	  67.70   26.73   12.11    4.23 
1969 5	 107.80   28.16   15.46    2.97 
1969 6	  61.00   33.52   19.61    3.78 
1969 7	  23.35   37.29   21.74    3.54 
1969 8	  92.12   36.69   20.67    2.71 
1969 9	  63.07   32.21   18.58    2.60 
1969 10	 210.37   26.29   13.12    4.16 
1969 11	  42.88   20.93    5.47    3.58 
1969 12	  55.85   19.44    3.69    3.08 
1970 1	  26.20   13.52   -0.47    3.62 
1970 2	  84.12   18.02    3.84    4.25 
1970 3	  50.42   19.52    5.46    3.98 
1970 4	  19.65   26.89   12.84    4.58 
1970 5	 184.47   28.13   14.50    3.83 
1970 6	  36.30   31.79   18.77    3.21 
1970 7	  31.77   34.18   20.67    2.61 
1970 8	  37.55   35.64   20.26    2.67 
1970 9	 135.43   31.93   18.53    3.34 
1970 10	  30.03   26.16   10.99    3.33 
1970 11	   0.22   22.70    2.87    4.12 
1970 12	   6.43   21.59    6.42    4.26 
1971 1	   1.00   21.19    2.31    4.27 
1971 2	  21.42   21.11    2.73    4.64 
1971 3	   5.00   26.22    5.78    4.29 
1971 4	  42.88   27.46   10.22    4.15 
1971 5	  43.70   31.52   16.43    4.34 
1971 6	 111.15   33.52   21.11    3.74 
1971 7	  13.90   35.25   20.80    3.36 
1971 8	 390.75   30.97   19.44    2.41 
1971 9	  63.05   30.93   19.02    2.94 
1971 10	 145.42   26.16   15.43    2.99 
1971 11	  15.70   22.83    8.07    3.48 
1971 12	  34.93   19.15    6.39    3.72 
1972 1	  31.40   18.75    2.06    4.14 
1972 2	   7.30   20.79    3.25    3.97 
1972 3	  18.85   26.72    9.86    3.81 
1972 4	  41.00   29.99   13.95    4.37 
1972 5	 183.67   28.47   15.57    2.88 
1972 6	  49.38   32.62   19.24    3.10 
1972 7	  62.20   33.51   20.23    3.27 
1972 8	 149.00   32.95   19.96    2.86 
1972 9	  87.73   32.55   19.72    2.43 
1972 10	  45.00   28.07   13.11    3.28 
1972 11	  43.03   19.34    3.13    3.73 
1972 12	  16.83   16.56    0.18    4.02 
1973 1	  59.48   13.60   -1.17    4.57 
1973 2	  68.63   16.20    1.75    4.19 
1973 3	  35.15   25.06    8.40    3.51 
1973 4	 100.03   23.73   10.59    4.40 
1973 5	  61.13   30.03   14.68    4.02 
1973 6	 180.00   30.95   19.02    3.80 
1973 7	 224.90   32.85   20.47    3.38 
1973 8	  18.58   33.61   18.98    2.51 
1973 9	 202.05   31.05   18.77    2.97 
1973 10	 172.55   27.06   13.76    3.13 
1973 11	  11.35   24.27   10.45    3.88 
1973 12	   2.22   20.06    0.31    4.13 
1974 1	  41.20   16.84    1.66    3.63 
1974 2	   1.90   21.92    1.73    4.58 
1974 3	  33.97   26.24   11.62    4.94 
1974 4	  93.75   28.60   11.12    4.64 
1974 5	  77.30   30.75   17.85    3.86 
1974 6	  25.27   33.42   18.31    3.28 
1974 7	  12.15   35.67   20.20    2.90 
1974 8	 335.93   33.24   20.62    3.41 
1974 9	  66.27   27.99   15.77    3.48 
1974 10	  82.60   26.64   12.42    3.43 
1974 11	  46.15   19.75    6.22    3.60 
1974 12	  65.25   16.35    1.73    3.32 
1975 1	  63.55   18.92    3.42    3.92 
1975 2	  69.30   19.08    3.10    3.90 
1975 3	   9.25   24.25    7.35    4.52 
1975 4	  98.48   26.20   13.28    4.92 
1975 5	 143.27   28.62   17.11    3.82 
1975 6	  84.48   32.03   20.06    3.70 
1975 7	  96.78   32.50   20.13    2.80 
1975 8	  36.88   33.57   20.44    2.95 
1975 9	  48.48   30.69   15.95    2.60 
1975 10	  66.33   28.50   12.30    3.40 
1975 11	   7.90   23.80    6.90    3.71 
1975 12	  32.15   18.94    2.97    4.35 
1976 1	   5.93   17.92   -0.18    4.05 
1976 2	   1.88   24.15    6.37    4.88 
1976 3	  28.65   25.09   10.11    4.46 
1976 4	 221.82   25.50   13.60    4.25 
1976 5	 134.00   27.65   14.88    3.29 
1976 6	  61.80   32.02   19.30    3.59 
1976 7	 138.10   30.38   20.29    3.11 
1976 8	  36.45   34.10   18.86    2.19 
1976 9	 104.35   31.30   18.36    2.48 
1976 10	 177.40   22.66    8.67    3.30 
1976 11	  48.17   17.42    4.45    3.78 
1976 12	  66.10   16.27    1.90    3.51 
1977 1	  63.55   12.70    0.26    3.74 
1977 2	  20.80   19.68    3.40    3.75 
1977 3	  21.02   23.57    8.10    4.06 
1977 4	 132.48   25.60   12.08    3.79 
1977 5	  74.57   27.82   18.76    4.11 
1977 6	  89.43   32.71   20.27    3.31 
1977 7	   2.67   34.32   21.04    3.37 
1977 8	   4.90   35.75   21.46    3.34 
1977 9	  19.45   35.08   20.50    3.04 
1977 10	  74.60   28.88   13.45    3.07 
1977 11	  60.85   23.39    7.42    3.21 
1977 12	  12.75   20.00    3.13    4.18 
1978 1	  10.63   13.00   -0.32    4.59 
1978 2	  36.17   14.32    0.71    3.87 
1978 3	  12.20   24.07    5.98    3.78 
1978 4	  40.73   27.90   13.58    4.62 
1978 5	  38.27   31.94   18.14    3.98 
1978 6	  66.08   33.74   20.54    2.98 
1978 7	  51.22   36.16   21.24    3.50 
1978 8	 124.47   33.11   20.74    2.91 
1978 9	 140.88   29.94   19.87    3.08 
1978 10	  16.05   27.23   12.64    2.88 
1978 11	  98.55   21.32   10.48    3.84 
1978 12	  57.88   16.83    2.97    4.08 
1979 1	  49.40   11.18    0.31    4.49 
1979 2	  39.27   17.10    3.17    4.17 
1979 3	 103.10   22.62    8.96    4.32 
1979 4	  89.92   26.11   13.13    3.33 
1979 5	  50.73   28.11   15.18    3.91 
1979 6	 169.45   30.96   19.51    3.08 
1979 7	  65.60   33.73   21.91    3.14 
1979 8	  45.35   33.59   20.80    2.86 
1979 9	   4.18   32.42   16.39    2.86 
1979 10	   6.12   31.00   13.63    3.47 
1979 11	  51.58   21.39    5.47    4.08 
1979 12	  48.82   18.42    3.60    4.09 
1980 1	  17.62   17.96    3.89    3.84 
1980 2	  12.93   19.58    2.81    4.02 
1980 3	  24.27   24.07    7.25    3.89 
1980 4	  24.05   27.76   10.11    4.03 
1980 5	 119.85   29.86   17.42    3.77 
1980 6	   0.28   35.55   21.73    4.15 
1980 7	  14.90   37.50   21.30    3.21 
1980 8	 116.47   34.12   21.84    3.93 
1980 9	 160.57   32.23   21.09    2.88 
1980 10	  23.83   27.15   12.00    3.26 
1980 11	  89.90   20.45    5.39    3.68 
1980 12	  15.80   17.98    5.55    3.70 
1981 1	  33.00   16.96    3.03    3.68 
1981 2	  32.35   17.95    4.84    4.41 
1981 3	 102.50   21.70    8.37    3.90 
1981 4	  87.67   27.15   15.62    4.28 
1981 5	 124.97   29.73   17.00    4.06 
1981 6	 188.27   31.09   21.00    3.30 
1981 7	  39.65   33.63   21.60    3.55 
1981 8	  24.03   34.74   20.75    2.95 
1981 9	  52.67   32.10   17.72    3.15 
1981 10	 165.30   27.52   15.20    3.81 
1981 11	   9.00   24.68    8.15    3.35 
1981 12	  15.62   18.90    3.25    3.57 
1982 1	  14.40   18.66    2.09    4.55 
1982 2	  47.45   17.27    3.11    4.17 
1982 3	  10.55   23.75   11.18    4.92 
1982 4	  48.95   26.65   13.49    4.29 
1982 5	 152.20   28.33   17.77    4.18 
1982 6	  52.33   33.34   21.14    4.00 
1982 7	   2.95   35.84   21.63    4.11 
1982 8	  47.33   36.15   21.42    3.30 
1982 9	  51.62   33.43   18.43    3.00 
1982 10	  30.85   27.28   13.85    3.47 
1982 11	  78.38   21.06    9.45    3.79 
1982 12	  37.05   17.55    4.10    4.06 
1983 1	  36.25   16.27    1.95    3.30 
1983 2	  32.00   18.32    3.77    3.79 
1983 3	  89.12   21.63    7.84    3.96 
1983 4	   5.90   26.62   10.39    4.38 
1983 5	  76.42   29.57   16.53    3.84 
1983 6	  89.33   31.25   19.38    3.32 
1983 7	  44.90   33.79   21.60    3.26 
1983 8	  62.62   35.22   21.08    2.25 
1983 9	  48.05   31.78   18.68    3.15 
1983 10	  61.18   28.46   14.61    3.30 
1983 11	  71.83   24.37    8.71    3.73 
1983 12	   9.85   13.05   -1.26    4.30 
1984 1	  49.05   13.91    1.58    3.99 
1984 2	  12.07   20.41    3.10    4.04 
1984 3	  10.65   25.36    9.41    4.51 
1984 4	  16.12   29.95   10.88    3.78 
1984 5	  32.47   32.00   16.80    4.20 
1984 6	  52.00   33.72   20.70    4.21 
1984 7	  13.55   35.65   20.68    3.11 
1984 8	  22.67   36.30   20.54    3.22 
1984 9	  51.30   31.35   17.73    3.72 
1984 10	 157.62   25.63   16.34    3.39 
1984 11	  36.75   20.87    7.16    3.86 
1984 12	  90.00   20.01    9.54    4.42 
1985 1	  39.25   13.47   -0.87    3.95 
1985 2	  52.70   15.48    3.61    4.45 
1985 3	  68.97   23.13   11.50    4.29 
1985 4	  47.68   26.65   13.45    4.31 
1985 5	  78.03   30.52   17.74    3.59 
1985 6	  85.60   32.15   20.07    3.57 
1985 7	  39.80   33.39   20.25    3.28 
1985 8	   1.95   36.28   20.99    3.07 
1985 9	 112.22   32.73   18.68    3.65 
1985 10	 148.43   26.75   15.52    4.20 
1985 11	  77.82   22.17   12.13    4.18 
1985 12	   8.45   16.41    1.45    3.74 
1986 1	  22.25   19.25    1.80    3.73 
1986 2	  25.52   20.96    5.81    3.63 
1986 3	  13.38   24.98    7.42    3.67 
1986 4	  38.67   28.29   15.52    4.47 
1986 5	 145.02   28.43   17.12    4.03 
1986 6	 168.32   31.46   20.87    2.68 
1986 7	  10.68   34.74   20.91    3.73 
1986 8	  47.33   34.70   21.48    2.93 
1986 9	  66.00   32.26   22.30    3.40 
1986 10	 251.73   25.28   13.71    3.22 
1986 11	  62.05   19.99    8.05    3.56 
1986 12	 112.25   14.59    5.14    3.70 
1987 1	  13.78   16.42    1.75    3.67 
1987 2	  92.62   17.92    5.99    4.22 
1987 3	  43.88   20.08    5.70    3.57 
1987 4	  40.42   25.42    8.79    3.32 
1987 5	 305.28   28.59   17.41    3.61 
1987 6	 226.55   30.50   20.25    2.81 
1987 7	  48.28   32.88   21.57    3.17 
1987 8	  58.85   34.98   21.68    3.41 
1987 9	  40.30   31.60   18.07    3.10 
1987 10	   5.38   29.02   13.63    3.34 
1987 11	  65.72   22.02    7.30    3.68 
1987 12	  50.57   18.73    4.01    3.82 
1988 1	   7.27   14.61    0.24    4.28 
1988 2	  32.83   18.43    3.90    4.10 
1988 3	  22.20   24.26    7.14    4.27 
1988 4	  20.63   28.03   10.15    3.19 
1988 5	  31.62   29.74   16.06    3.64 
1988 6	  83.15   33.26   19.28    2.88 
1988 7	 123.70   33.82   21.85    3.07 
1988 8	  15.40   35.55   21.71    2.80 
1988 9	  62.67   33.02   18.89    3.28 
1988 10	  36.08   28.93   13.81    3.04 
1988 11	   0.80   24.77    8.53    4.00 
1988 12	   8.75   18.82    4.53    3.88 
1989 1	  85.60   18.76    5.82    3.74 
1989 2	  24.48   15.98    4.11    5.24 
1989 3	  38.92   23.37    7.58    4.26 
1989 4	  25.88   27.60   12.61    4.11 
1989 5	  15.30   33.25   19.34    4.61 
1989 6	  40.75   34.56   20.41    3.61 
1989 7	  15.00   36.30   21.58    2.94 
1989 8	  25.98   35.16   21.68    3.50 
1989 9	  24.60   32.80   16.75    3.42 
1989 10	 103.03   27.70   12.88    3.56 
1989 11	  43.58   21.17    8.71    3.60 
1989 12	   8.32   12.55   -1.46    4.03 
1990 1	  25.02   19.16    5.11    4.19 
1990 2	  64.40   21.52    6.45    4.10 
1990 3	  77.10   20.59   10.02    4.88 
1990 4	  84.60   25.14   14.03    4.55 
1990 5	  65.90   30.65   18.65    4.60 
1990 6	   0.20   36.56   22.29    4.35 
1990 7	 192.45   32.85   20.97    3.54 
1990 8	  11.70   34.27   21.19    3.31 
1990 9	  82.25   31.72   19.41    2.40 
1990 10	  60.80   27.32   11.91    3.12 
1990 11	  39.05   22.76    9.48    4.05 
1990 12	   5.65   17.79    2.54    4.12 
1991 1	  75.40   14.57    2.88    3.94 
1991 2	  47.05   19.25    5.80    3.79 
1991 3	  14.00   24.76    8.94    4.23 
1991 4	  66.30   27.53   14.68    3.89 
1991 5	 107.93   30.02   18.59    4.07 
1991 6	 148.18   33.03   20.31    3.38 
1991 7	  38.35   34.08   21.51    3.25 
1991 8	  35.83   35.80   21.34    2.95 
1991 9	 226.78   29.79   18.23    2.82 
1991 10	  21.65   28.83   14.47    3.20 
1991 11	  46.52   19.80    6.15    4.40 
1991 12	 202.85   16.74    7.09    4.33 
1992 1	  90.83   14.48    4.10    3.47 
1992 2	 127.60   20.01    6.90    3.64 
1992 3	 138.25   22.91    9.34    3.82 
1992 4	  74.25   24.92   13.01    3.39 
1992 5	 197.25   27.37   16.67    3.34 
1992 6	 125.50   32.25   20.49    3.18 
1992 7	  55.32   33.11   21.79    4.39 
1992 8	  45.18   33.07   19.84    2.37 
1992 9	  61.18   32.40   19.40    3.26 
1992 10	   9.52   28.50   13.95    3.06 
1992 11	 154.05   19.45    6.00    3.74 
1992 12	  41.90   17.74    6.14    3.66 
1993 1	  18.92   15.49    3.57    3.50 
1993 2	  58.30   18.09    5.55    4.01 
1993 3	  46.72   22.02    8.05    3.47 
1993 4	  27.48   25.57   11.11    4.39 
1993 5	  95.53   28.23   15.00    3.41 
1993 6	 104.95   30.52   20.95    3.65 
1993 7	   0.00   33.84   22.25    4.44 
1993 8	   1.35   35.54   20.94    3.35 
1993 9	  31.05   32.64   18.08    2.98 
1993 10	  36.72   27.28   12.43    3.64 
1993 11	  21.45   19.19    5.62    3.65 
1993 12	   6.75   18.20    6.23    4.07 
1994 1	  78.03   17.10    3.79    4.40 
1994 2	  37.15   19.34    5.19    4.45 
1994 3	  73.60   23.02    9.71    3.75 
1994 4	  69.50   26.30   13.03    4.23 
1994 5	  95.18   27.70   17.62    3.57 
1994 6	  70.65   33.21   21.08    2.88 
1994 7	  20.52   35.07   21.61    3.95 
1994 8	  32.40   34.40   21.22    2.69 
1994 9	  59.75   31.13   17.12    2.17 
1994 10	  88.05   26.35   15.32    3.16 
1994 11	  47.75   22.13   10.45    4.16 
1994 12	  83.35   18.41    5.55    3.67 
1995 1	   8.38   17.51    3.44    4.16 
1995 2	  21.10   20.59    5.72    3.48 
1995 3	  68.17   21.05    8.78    4.13 
1995 4	  48.45   26.28   11.66    4.17 
1995 5	 132.62   30.07   17.51    4.31 
1995 6	  99.45   31.37   18.85    3.51 
1995 7	  22.73   34.74   20.76    3.21 
1995 8	  34.17   35.58   21.52    2.21 
1995 9	 134.50   32.15   18.92    2.50 
1995 10	  49.57   27.89   12.19    3.53 
1995 11	  52.70   20.93    7.54    3.48 
1995 12	  16.75   17.97    4.83    3.88 
1996 1	   0.75   18.57    0.54    4.44 
1996 2	  17.12   20.68    5.35    4.71 
1996 3	  11.73   20.94    5.25    4.30 
1996 4	  26.95   28.52   10.79    4.30 
1996 5	  28.15   32.96   20.08    5.16 
1996 6	  42.40   34.95   21.02    3.48 
1996 7	  36.65   36.07   22.00    3.66 
1996 8	 105.27   34.82   21.79    3.44 
1996 9	  78.08   31.06   19.40    2.44 
1996 10	  67.45   27.44   13.84    3.61 
1996 11	  64.72   21.89    9.40    4.08 
1996 12	  22.85   18.39    3.80    3.65 
1997 1	  27.10   15.04    2.55    4.31 
1997 2	  81.63   16.74    5.18    4.01 
1997 3	 101.55   23.03   10.05    3.61 
1997 4	 108.57   22.99   10.43    3.92 
1997 5	  97.22   28.21   16.59    3.10 
1997 6	 305.35   30.44   19.84    3.35 
1997 7	   5.70   34.11   21.64    3.15 
1997 8	  10.35   35.06   21.89    3.28 
1997 9	  34.58   33.68   19.76    2.27 
1997 10	 106.75   26.50   14.10    3.49 
1997 11	  40.42   19.48    7.01    3.48 
1997 12	  54.30   17.22    1.74    3.95 
1998 1	  77.12   19.45    6.36    3.95 
1998 2	  76.53   20.37    5.04    3.68 
1998 3	  70.47   21.58    8.18    4.65 
1998 4	   0.45   27.02   10.92    3.72 
1998 5	  13.45   33.16   18.30    4.11 
1998 6	  68.18   35.82   22.22    4.76 
1998 7	  30.77   36.79   22.67    3.83 
1998 8	 272.27   33.27   21.89    2.63 
1998 9	  25.12   31.65   20.99    2.71 
1998 10	 282.20   27.09   15.81    3.92 
1998 11	  73.80   21.77   11.26    3.52 
1998 12	  20.88   17.75    4.72    4.29 
1999 1	   0.95   20.00    3.65    4.66 
1999 2	   0.98   24.03    7.66    4.12 
1999 3	  56.25   23.41    9.76    4.44 
1999 4	  27.05   27.60   14.72    4.57 
1999 5	  67.47   29.41   18.17    3.76 
1999 6	 157.05   32.22   21.98    3.63 
1999 7	  67.53   33.33   21.72    3.08 
1999 8	  25.35   36.25   21.43    2.06 
1999 9	  14.68   33.59   18.22    2.81 
1999 10	  56.80   27.91   11.65    3.21 
1999 11	   0.47   24.60    8.15    3.28 
1999 12	   2.75   19.30    2.78    4.10 
2000 1	  20.73   19.53    4.77    4.27 
2000 2	  30.18   23.03    8.66    4.55 
2000 3	  19.33   25.86   12.13    3.83 
2000 4	  32.67   28.08   13.72    4.05 
2000 5	  70.23   31.43   19.54    4.29 
2000 6	 185.07   31.81   21.29    3.91 
2000 7	  11.30   36.68   21.22    3.19 
2000 8	   2.28   36.22   20.96    2.49 
2000 9	  43.72   34.51   18.10    2.86 
2000 10	 162.13   24.95   16.10    3.82 
2000 11	 125.13   18.21    7.56    3.84 
2000 12	  29.55   13.00    1.65    4.04 
2001 1	  60.55   14.79    3.33    3.96 
2001 2	  22.55   19.06    7.31    4.06 
2001 3	  56.72   18.44    6.74    3.36 
2001 4	  52.95   25.74   15.42    4.71 
2001 5	  59.55   29.72   17.59    3.79 
2001 6	  25.25   34.09   20.63    2.78 
2001 7	  11.07   36.30   21.76    3.17 
2001 8	 122.03   35.81   21.83    3.00 
2001 9	  81.07   30.71   18.03    3.06 
2001 10	  42.98   26.68   12.47    3.45 
2001 11	  91.80   22.25   10.96    3.43 
2001 12	  56.82   17.42    4.72    3.70 
2002 1	   7.03   18.44    3.40    3.89 
2002 2	   5.82   18.36    1.24    3.83 
2002 3	  31.45   22.55    7.41    4.58 
2002 4	  62.55   28.20   16.51    4.59 
2002 5	  38.15   30.97   18.25    4.69 
2002 6	 108.98   34.58   21.37    3.17 
2002 7	 192.20   30.77   21.58    3.40 
2002 8	  14.50   33.81   21.93    2.60 
2002 9	 230.37   30.38   18.10    2.91 
2002 10	 210.60   25.01   15.96    2.93 
2002 11	  31.40   20.04    6.10    3.50 
2002 12	  37.50   17.67    3.37    4.19 
2003 1	  20.42   15.52    2.02    3.65 
2003 2	  32.62   16.62    4.57    4.13 
2003 3	  51.95   21.53    8.14    3.16 
2003 4	   2.83   26.79   14.11    4.04 
2003 5	  12.50   31.81   19.78    3.78 
2003 6	 104.65   32.82   20.63    2.74 
2003 7	 221.10   31.51   21.55    2.81 
2003 8	  13.60   33.76   21.09    2.31 
2003 9	 117.00   29.21   18.47    2.47 
2003 10	  51.48   26.85   13.68    3.02 
2003 11	   7.20   22.30    9.71    4.10 
2003 12	   2.15   19.20    2.38    4.07 
2004 1	  86.22   17.31    5.45    4.45 
2004 2	  50.63   17.18    3.74    4.00 
2004 3	 117.17   23.83   11.89    3.99 
2004 4	 215.65   24.29   12.82    4.32 
2004 5	  30.42   28.66   17.86    4.15 
2004 6	 246.10   31.58   20.29    3.18 
2004 7	  31.15   32.28   21.01    2.62 
2004 8	 100.57   33.14   20.86    2.79 
2004 9	  71.43   31.23   19.05    2.15 
2004 10	 122.32   29.10   17.40    3.70 
2004 11	 131.73   21.72    8.74    3.85 
2004 12	   1.75   17.82    1.97    4.07 
2005 1	  61.72   18.88    6.35    4.26 
2005 2	  84.25   17.49    8.05    4.12 
2005 3	  46.18   23.30    7.54    3.48 
2005 4	   5.50   26.91   11.29    4.00 
2005 5	 130.05   28.86   16.88    3.66 
2005 6	  22.08   32.63   20.79    3.64 
2005 7	  44.75   35.43   21.81    3.09 
2005 8	  65.12   34.80   21.66    2.97 
2005 9	  65.95   34.77   20.33    2.77 
2005 10	  47.88   27.62   13.48    3.17 
2005 11	  19.28   24.59    8.50    3.78 
2005 12	   1.65   18.69    2.13    3.69 
2006 1	  13.05   22.44    3.46    4.07 
2006 2	   4.88   20.51    3.14    4.15 
2006 3	  29.48   25.90   11.33    4.34 
2006 4	  21.60   30.86   15.86    4.26 
2006 5	  49.50   33.58   17.21    3.93 
2006 6	  20.50   35.52   19.84    2.69 
2006 7	  52.45   35.58   21.64    2.83 
2006 8	  12.62   37.26   22.79    3.12 
2006 9	  76.45   31.94   18.17    2.68 
2006 10	  56.40   28.50   14.08    3.32 
2006 11	  10.38   24.29    9.07    3.77 
2006 12	  35.05   17.43    3.91    4.03 
2007 1	  90.60   13.67    2.03    4.22 
2007 2	   1.12   19.40    3.49    3.48 
2007 3	 214.85   23.72   11.36    4.19 
2007 4	  73.05   24.05   10.83    3.86 
2007 5	 187.10   27.59   17.49    3.65 
2007 6	 177.53   30.63   20.54    3.40 
2007 7	 296.58   30.54   21.39    2.95 
2007 8	 160.32   32.58   22.16    2.48 
2007 9	  68.28   30.94   19.90    2.27 
2007 10	  15.25   28.83   13.20    3.07 
2007 11	  14.65   22.20    9.06    3.44 
2007 12	   9.77   19.69    3.56    3.55 
2008 1	   7.12   16.96    1.69    4.21 
2008 2	   3.40   23.91    4.82    4.23 
2008 3	  40.15   24.82    7.97    4.70 
2008 4	  28.25   28.03   12.39    4.23 
2008 5	  49.60   32.25   18.11    4.15 
2008 6	   9.00   35.87   21.96    3.93 
2008 7	 104.75   33.32   21.10    3.53 
2008 8	 108.27   34.04   21.46    2.67 
2008 9	  11.40   31.76   17.31    2.78 
2008 10	  21.67   28.42   11.40    3.14 
2008 11	   1.65   23.99    7.34    3.02 
2008 12	   7.60   18.90    2.45    4.38 
2009 1	  10.62   19.75    1.38    3.76 
2009 2	   1.58   24.29    6.26    4.53 
2009 3	  78.70   24.85    9.48    4.41 
2009 4	  34.00   27.36   11.74    4.26 
2009 5	  56.83   32.15   18.45    3.63 
2009 6	   9.45   36.09   21.25    3.57 
2009 7	  24.75   37.67   22.19    3.61 
2009 8	  11.62   37.48   21.78    2.75 
2009 9	 154.45   30.00   18.53    2.29 
2009 10	 140.75   25.78   13.88    3.69 
2009 11	  81.38   21.64    7.26    3.42 
2009 12	  40.03   13.65    2.10    3.81 
2010 1	  74.70   15.33    1.65    4.37 
2010 2	  93.38   15.12    2.04    3.99 
2010 3	  49.15   22.46    5.63    3.70 
2010 4	 101.63   25.45   12.91    4.06 
2010 5	 104.78   29.76   17.83    3.68 
2010 6	  44.00   33.27   22.10    3.75 
2010 7	  92.25   32.93   22.86    3.16 
2010 8	   4.75   36.62   21.95    2.42 
2010 9	 184.83   31.27   20.18    2.82 
2010 10	   0.80   28.57   11.64    3.37 
2010 11	   6.20   23.99    7.73    4.44 
2010 12	  13.07   19.03    2.15    4.09 
