1949 1	  77.35   10.47   -3.25    3.25 
1949 2	  51.33   16.67    1.19    2.73 
1949 3	  33.72   20.90    5.11    2.83 
1949 4	 122.88   23.73    8.25    2.77 
1949 5	 124.05   28.22   15.45    2.84 
1949 6	  40.70   33.05   18.13    3.02 
1949 7	  14.75   36.36   20.14    2.46 
1949 8	  71.30   33.93   18.27    2.11 
1949 9	  36.82   30.82   15.34    2.22 
1949 10	 119.97   25.12    9.81    2.93 
1949 11	   0.00   24.21    3.51    2.37 
1949 12	  55.97   16.39    1.35    3.07 
1950 1	   9.85   17.17    1.83    3.26 
1950 2	  10.32   19.71    3.78    3.01 
1950 3	   4.32   23.15    3.59    3.49 
1950 4	  38.08   26.86    9.90    3.49 
1950 5	  93.35   29.96   15.08    2.71 
1950 6	  21.65   32.57   18.26    2.92 
1950 7	  71.80   34.74   20.10    3.14 
1950 8	  56.18   34.95   19.36    2.59 
1950 9	 116.97   30.29   17.30    2.47 
1950 10	   3.08   29.89   12.26    2.59 
1950 11	   0.00   22.95    2.62    3.11 
1950 12	   0.00   17.18   -2.08    2.51 
1951 1	   0.30   16.54   -2.02    3.20 
1951 2	  15.23   18.18    1.04    3.48 
1951 3	  17.32   22.90    4.87    3.49 
1951 4	  30.43   26.95    9.26    3.26 
1951 5	 117.22   30.93   15.75    2.87 
1951 6	 123.35   33.62   20.11    3.43 
1951 7	  18.27   37.23   22.46    2.84 
1951 8	  36.10   37.55   21.87    2.77 
1951 9	  44.97   33.25   17.33    2.47 
1951 10	  32.88   27.89   12.38    2.67 
1951 11	   7.70   18.65    3.16    3.17 
1951 12	   2.25   18.14    1.12    3.09 
1952 1	   9.20   19.36    3.29    3.29 
1952 2	   7.93   20.39    2.84    3.36 
1952 3	  24.43   20.79    4.19    3.28 
1952 4	  63.85   25.22    9.23    3.15 
1952 5	  66.00   29.68   14.02    2.93 
1952 6	  19.85   34.88   20.30    3.08 
1952 7	  11.30   36.25   20.95    2.60 
1952 8	   9.35   39.47   22.84    3.02 
1952 9	 112.05   30.87   15.83    1.89 
1952 10	   0.00   26.01    6.85    2.26 
1952 11	  60.95   18.04    4.40    2.83 
1952 12	  24.68   14.99   -0.13    2.39 
1953 1	   2.65   19.87    1.75    3.45 
1953 2	  11.60   17.64    1.26    2.76 
1953 3	  61.90   23.40    8.32    2.49 
1953 4	  26.70   26.15    8.55    2.78 
1953 5	  73.00   29.45   14.61    3.18 
1953 6	  62.07   37.78   22.11    2.96 
1953 7	  60.10   35.58   21.83    2.81 
1953 8	  92.75   34.87   20.93    2.18 
1953 9	  20.55   33.77   16.24    1.65 
1953 10	 100.90   25.72   12.21    2.31 
1953 11	  14.27   18.02    4.62    2.02 
1953 12	   7.67   13.93   -0.66    2.95 
1954 1	  14.25   15.87    0.56    3.01 
1954 2	   5.85   22.27    3.85    3.04 
1954 3	   7.58   20.97    4.58    3.20 
1954 4	 154.60   28.22   13.36    3.69 
1954 5	 128.52   27.03   13.97    2.88 
1954 6	  28.20   34.09   20.35    3.28 
1954 7	   0.30   38.20   22.20    2.63 
1954 8	   0.28   37.09   22.34    3.10 
1954 9	  12.92   34.77   18.26    2.15 
1954 10	  35.40   27.25   12.97    2.34 
1954 11	  46.92   20.03    5.38    2.36 
1954 12	   8.50   18.00    2.05    2.85 
1955 1	  20.23   13.90    0.85    2.95 
1955 2	  32.58   15.34    1.77    3.44 
1955 3	   3.97   22.92    5.93    3.22 
1955 4	  17.60   29.16   13.25    3.25 
1955 5	 126.65   31.31   16.72    3.02 
1955 6	  95.02   32.65   18.66    2.99 
1955 7	  62.28   34.76   21.54    2.91 
1955 8	  49.03   35.08   20.60    1.87 
1955 9	  85.00   32.41   19.07    2.04 
1955 10	  17.38   27.59   10.84    2.44 
1955 11	   4.85   20.86    3.60    3.05 
1955 12	   4.82   17.02   -0.15    2.53 
1956 1	  33.97   14.51   -0.99    3.12 
1956 2	  16.60   16.13    0.88    3.14 
1956 3	   3.35   23.41    4.49    3.06 
1956 4	  92.90   25.66    9.80    3.05 
1956 5	 121.05   31.24   16.86    3.05 
1956 6	   8.62   36.29   21.06    2.83 
1956 7	  16.00   37.48   22.09    3.27 
1956 8	  14.07   37.19   21.12    3.02 
1956 9	  11.85   34.24   17.28    2.14 
1956 10	  59.02   28.39   13.08    2.05 
1956 11	  20.43   18.35    3.67    2.74 
1956 12	  28.77   17.34    1.87    2.80 
1957 1	  12.55   14.32    0.22    2.87 
1957 2	  40.55   17.45    6.79    2.87 
1957 3	  25.40   20.02    6.02    3.16 
1957 4	 139.15   23.47    9.95    3.20 
1957 5	 219.38   25.69   14.73    2.86 
1957 6	  86.78   31.38   19.07    2.44 
1957 7	  29.12   36.85   21.47    2.38 
1957 8	  18.92   36.52   21.18    2.42 
1957 9	  68.93   30.36   15.50    2.50 
1957 10	 114.70   22.85    9.88    2.52 
1957 11	  68.90   16.01    3.62    2.81 
1957 12	  19.20   17.23    1.95    3.11 
1958 1	  38.90   13.11   -0.24    2.94 
1958 2	  65.35   11.99    1.09    3.41 
1958 3	  45.27   14.49    2.43    2.75 
1958 4	  65.93   22.86    9.33    2.92 
1958 5	  93.35   27.90   14.61    2.25 
1958 6	  62.52   34.07   19.82    2.71 
1958 7	  44.25   35.50   21.39    3.34 
1958 8	  49.12   36.15   20.70    2.26 
1958 9	 151.30   29.59   18.40    2.24 
1958 10	  38.00   22.68   11.09    2.40 
1958 11	  26.12   19.56    4.93    2.15 
1958 12	   7.97   14.13   -1.42    2.63 
1959 1	   0.08   14.29   -2.18    3.17 
1959 2	  13.70   15.13    1.68    2.88 
1959 3	   2.75   22.82    3.53    3.40 
1959 4	  50.58   24.99    9.75    3.22 
1959 5	  92.48   30.17   16.83    3.21 
1959 6	 140.60   32.04   19.85    2.57 
1959 7	 149.90   31.72   19.96    2.16 
1959 8	  14.02   34.18   20.51    2.45 
1959 9	  35.80   32.96   18.16    2.85 
1959 10	 140.55   24.21    9.95    2.38 
1959 11	  35.92   15.95    0.58    2.62 
1959 12	  57.55   15.74    2.35    2.97 
1960 1	  72.55   12.83    0.58    2.89 
1960 2	  21.60   14.15   -1.49    3.71 
1960 3	  18.00   17.12    2.76    2.92 
1960 4	  76.63   26.95   11.28    3.66 
1960 5	  27.80   29.46   13.73    3.26 
1960 6	  25.98   35.54   19.82    2.74 
1960 7	  66.45   35.51   21.50    2.26 
1960 8	  52.58   34.59   20.78    2.27 
1960 9	  43.25   32.64   16.85    2.05 
1960 10	  49.05   26.85   12.79    2.38 
1960 11	   3.57   20.31    6.41    2.52 
1960 12	  63.48   11.07   -0.47    2.76 
1961 1	  86.68   11.56   -2.37    2.63 
1961 2	  46.75   16.57    1.35    3.41 
1961 3	  22.40   21.86    5.64    3.33 
1961 4	   3.35   26.48    9.22    3.61 
1961 5	  91.65   29.97   15.54    3.32 
1961 6	 173.05   30.51   18.18    2.65 
1961 7	  74.50   31.77   19.54    2.65 
1961 8	  12.98   33.57   18.66    1.98 
1961 9	 135.97   29.32   16.67    3.11 
1961 10	  69.52   25.07   11.35    2.80 
1961 11	  59.80   16.24    3.79    2.77 
1961 12	  13.42   13.93    0.78    2.77 
1962 1	   1.92   12.29   -4.05    3.16 
1962 2	   2.28   21.78    2.69    3.18 
1962 3	  13.20   19.02    3.37    3.20 
1962 4	  78.02   24.38   10.72    3.24 
1962 5	  17.03   31.76   16.88    4.26 
1962 6	 129.02   32.15   18.48    2.26 
1962 7	 132.05   34.58   21.03    2.85 
1962 8	  23.20   36.99   20.78    2.33 
1962 9	  77.85   31.24   17.67    2.13 
1962 10	 104.85   27.17   13.95    2.83 
1962 11	  27.18   19.08    6.15    2.56 
1962 12	  24.17   14.58    1.25    2.42 
1963 1	   2.10   12.43   -5.19    2.84 
1963 2	  16.30   17.10   -0.26    3.00 
1963 3	   5.55   23.68    6.65    3.41 
1963 4	  40.45   28.62   13.57    3.86 
1963 5	 174.60   29.63   16.60    3.14 
1963 6	  83.75   32.17   19.61    2.89 
1963 7	   1.65   36.33   21.99    3.09 
1963 8	  50.03   35.69   21.18    2.28 
1963 9	  45.05   31.79   18.02    1.94 
1963 10	   8.68   29.42   12.96    1.87 
1963 11	  87.22   20.77    6.39    2.94 
1963 12	  12.78   11.77   -2.01    2.52 
1964 1	  53.02   16.27   -0.96    3.18 
1964 2	  45.70   15.15   -0.85    3.19 
1964 3	  27.15   22.64    4.43    3.24 
1964 4	  84.78   27.79   11.86    3.65 
1964 5	  18.82   30.52   16.47    3.21 
1964 6	  37.40   33.94   19.36    3.11 
1964 7	  23.98   37.49   21.82    2.55 
1964 8	  92.15   36.46   21.64    3.05 
1964 9	 122.15   30.32   17.73    2.14 
1964 10	  20.25   25.28    9.63    2.16 
1964 11	  75.28   20.45    6.26    2.65 
1964 12	   9.05   16.12    0.37    2.81 
1965 1	  33.80   16.74    1.42    2.87 
1965 2	  52.90   13.81    0.24    3.14 
1965 3	  11.22   16.35    1.95    3.30 
1965 4	  21.83   27.74   12.03    3.10 
1965 5	 234.98   27.53   16.35    3.21 
1965 6	  50.65   32.01   19.68    2.86 
1965 7	  16.40   36.00   21.07    2.29 
1965 8	  34.50   35.11   20.06    2.43 
1965 9	  75.22   32.39   17.95    2.55 
1965 10	  54.05   25.13   10.25    2.13 
1965 11	  35.58   22.59    8.41    2.03 
1965 12	  39.33   15.73    4.48    2.91 
1966 1	  17.48   10.83   -1.79    2.82 
1966 2	  16.23   14.52   -0.76    3.12 
1966 3	  16.25   22.03    6.41    3.35 
1966 4	 149.93   25.58   10.88    3.27 
1966 5	  25.10   28.42   15.26    2.58 
1966 6	  68.30   32.80   18.92    2.51 
1966 7	  12.62   36.59   22.35    2.57 
1966 8	 120.95   33.28   19.92    2.28 
1966 9	 118.90   28.34   16.76    1.67 
1966 10	  31.55   24.47    8.88    2.20 
1966 11	   1.08   22.68    6.42    2.97 
1966 12	   0.38   15.34   -1.68    2.65 
1967 1	   0.00   17.34   -1.16    3.29 
1967 2	   8.12   17.68    0.81    3.24 
1967 3	  29.70   26.07    8.76    3.93 
1967 4	  26.40   28.89   14.93    4.16 
1967 5	  57.27   30.50   14.30    3.31 
1967 6	  81.57   34.49   20.50    3.13 
1967 7	  60.25   34.40   20.87    3.03 
1967 8	  17.17   33.92   19.29    2.12 
1967 9	 141.97   27.16   15.91    2.37 
1967 10	  17.73   25.15    9.50    2.69 
1967 11	  77.00   18.38    6.18    2.38 
1967 12	  39.47   13.21   -0.00    2.50 
1968 1	 137.38   11.51    0.74    3.07 
1968 2	  62.22   12.76   -0.14    2.49 
1968 3	  43.72   18.15    5.33    3.89 
1968 4	  91.90   23.16    9.68    3.20 
1968 5	  85.07   27.56   15.65    3.37 
1968 6	  54.30   30.62   18.63    2.75 
1968 7	  46.25   32.74   19.77    2.65 
1968 8	  62.00   34.07   19.84    2.93 
1968 9	  53.90   29.63   14.79    2.10 
1968 10	   3.62   27.58   11.19    2.71 
1968 11	  98.48   18.18    3.44    3.00 
1968 12	   4.03   15.96   -0.74    3.24 
1969 1	   7.22   16.91    0.74    3.02 
1969 2	  32.62   15.83    1.53    2.80 
1969 3	  59.77   15.57    1.72    3.26 
1969 4	  99.60   25.49   11.31    3.34 
1969 5	 139.60   27.56   14.30    2.26 
1969 6	 101.70   32.52   18.53    3.39 
1969 7	  13.35   36.56   21.94    2.69 
1969 8	  83.65   35.54   20.97    2.32 
1969 9	 164.43   29.22   17.19    1.90 
1969 10	  82.67   22.74   10.56    3.13 
1969 11	  34.77   18.61    3.96    2.39 
1969 12	  61.42   16.19    1.34    2.42 
1970 1	  15.35   12.37   -2.72    2.49 
1970 2	  52.42   15.75    2.12    3.05 
1970 3	  99.03   16.95    3.30    3.14 
1970 4	  79.88   25.60   11.02    3.33 
1970 5	 109.85   27.34   13.47    2.72 
1970 6	  13.62   31.86   18.11    2.77 
1970 7	   0.68   35.43   19.76    2.37 
1970 8	  39.27   35.58   19.96    2.38 
1970 9	  74.12   30.81   17.84    2.54 
1970 10	  22.92   24.13    8.69    2.18 
1970 11	   0.00   19.35    2.35    2.99 
1970 12	   6.03   19.41    2.45    2.71 
1971 1	   0.82   17.89   -1.21    3.03 
1971 2	  13.15   17.83    0.24    3.53 
1971 3	   0.00   22.49    3.56    3.41 
1971 4	  47.20   25.80   10.26    3.13 
1971 5	  59.07   30.68   14.73    3.35 
1971 6	 123.82   33.06   19.81    3.02 
1971 7	  70.62   34.79   20.37    2.57 
1971 8	 184.80   29.33   18.33    1.97 
1971 9	 182.55   28.78   16.25    2.45 
1971 10	 112.85   24.92   12.45    2.34 
1971 11	  11.12   19.00    5.90    2.81 
1971 12	  38.85   15.49    2.64    2.99 
1972 1	   9.10   14.58   -1.06    2.99 
1972 2	   7.32   18.33    0.26    2.88 
1972 3	   1.50   24.81    7.18    3.23 
1972 4	  32.43   28.70   12.51    3.57 
1972 5	 103.25   27.78   14.75    2.13 
1972 6	  77.65   33.37   19.19    2.45 
1972 7	  42.75   32.82   19.69    2.80 
1972 8	  91.50   32.54   19.32    2.43 
1972 9	  62.70   31.22   18.27    2.21 
1972 10	 134.80   25.56   10.65    2.37 
1972 11	  16.10   15.10    2.33    2.40 
1972 12	   1.20   14.27   -2.26    2.86 
1973 1	  44.85    9.15   -2.96    3.41 
1973 2	  52.15   14.10    0.36    2.93 
1973 3	  44.40   21.95    7.09    3.17 
1973 4	  80.40   22.58    8.83    3.17 
1973 5	  27.00   29.77   13.74    3.04 
1973 6	 130.17   31.03   17.87    2.88 
1973 7	 128.48   32.88   20.35    2.58 
1973 8	   5.25   33.82   19.15    2.21 
1973 9	 113.90   30.08   17.23    2.50 
1973 10	  88.20   26.12   12.00    2.43 
1973 11	   8.75   21.88    7.52    3.14 
1973 12	   1.10   17.64   -0.84    3.18 
1974 1	   1.75   14.22   -2.07    2.87 
1974 2	  14.50   20.34   -0.14    3.63 
1974 3	  18.48   25.35    8.70    4.10 
1974 4	  47.53   27.59   10.32    3.73 
1974 5	  36.75   31.08   16.94    3.15 
1974 6	  19.63   34.65   18.48    2.93 
1974 7	  20.20   36.24   20.38    2.55 
1974 8	 128.77   31.92   19.34    2.72 
1974 9	 203.25   25.60   13.60    2.61 
1974 10	 172.07   24.88   11.78    2.64 
1974 11	  35.50   18.15    5.27    2.65 
1974 12	  41.52   13.85    0.10    2.27 
1975 1	  25.55   15.35    0.32    3.24 
1975 2	  34.72   15.81    0.07    3.20 
1975 3	   5.35   20.82    3.84    3.49 
1975 4	  28.45   24.12    9.50    3.83 
1975 5	 133.80   28.37   14.41    2.94 
1975 6	  49.83   32.24   18.68    3.07 
1975 7	  52.90   32.55   19.45    2.19 
1975 8	  45.95   34.28   19.70    2.46 
1975 9	  45.12   29.23   14.20    2.41 
1975 10	  34.25   26.67   10.52    2.88 
1975 11	  62.65   21.21    5.38    3.21 
1975 12	  20.02   16.74    0.60    3.04 
1976 1	   0.05   15.82   -2.00    2.98 
1976 2	   2.88   22.91    4.16    4.03 
1976 3	  11.15   23.12    5.96    3.64 
1976 4	  94.65   25.62   11.24    3.47 
1976 5	  35.67   27.61   13.04    2.72 
1976 6	  27.83   33.11   18.55    2.97 
1976 7	 145.95   30.37   19.50    2.41 
1976 8	  31.97   34.42   19.29    1.85 
1976 9	 127.42   29.44   16.85    1.79 
1976 10	 140.72   21.44    7.58    2.60 
1976 11	  16.85   14.45    1.63    2.40 
1976 12	   5.62   14.61   -1.43    2.67 
1977 1	  27.27    9.74   -3.94    2.55 
1977 2	   9.60   17.75    1.69    2.85 
1977 3	  48.42   22.05    4.82    3.27 
1977 4	 119.25   23.80   10.05    3.21 
1977 5	  32.60   28.42   17.19    3.35 
1977 6	  73.18   33.87   19.67    2.77 
1977 7	  52.72   35.02   20.98    2.63 
1977 8	  17.30   35.88   21.34    2.70 
1977 9	  23.58   35.73   19.56    2.59 
1977 10	  57.53   27.41   12.02    2.38 
1977 11	  18.30   21.25    5.44    2.54 
1977 12	   4.50   18.07    1.09    3.04 
1978 1	  15.27    8.42   -3.69    2.96 
1978 2	  41.22   10.23   -2.04    2.83 
1978 3	  15.25   21.70    3.59    3.35 
1978 4	  18.90   29.60   11.87    3.97 
1978 5	  78.22   31.04   16.11    3.25 
1978 6	  14.72   34.19   19.74    2.51 
1978 7	  18.25   37.95   22.47    2.73 
1978 8	 189.00   33.14   20.66    2.53 
1978 9	  61.68   29.79   18.59    2.35 
1978 10	  17.02   26.92   10.85    2.04 
1978 11	  36.78   18.82    6.84    2.59 
1978 12	   2.80   15.15   -0.87    2.74 
1979 1	  28.65    8.38   -3.77    3.14 
1979 2	  23.70   15.48   -0.41    2.99 
1979 3	 132.28   21.29    6.58    3.54 
1979 4	  83.53   25.43   10.95    2.73 
1979 5	  61.45   28.04   13.43    3.21 
1979 6	 103.40   32.20   18.21    2.55 
1979 7	  82.87   34.42   21.06    2.27 
1979 8	  57.23   33.55   19.51    2.24 
1979 9	   0.10   32.61   15.30    2.02 
1979 10	   8.25   31.10   11.44    2.70 
1979 11	   8.50   18.78    2.12    2.58 
1979 12	  73.55   16.17    1.06    2.89 
1980 1	  24.35   14.74    0.88    3.17 
1980 2	  29.85   17.50    0.42    2.90 
1980 3	  29.82   21.32    3.48    3.17 
1980 4	  13.83   26.61    8.49    3.30 
1980 5	 132.35   29.54   15.37    2.85 
1980 6	  70.52   34.98   20.66    3.31 
1980 7	   0.25   38.22   21.99    2.77 
1980 8	  34.15   36.23   21.15    3.23 
1980 9	 275.97   30.77   18.61    2.50 
1980 10	   8.10   25.71    9.94    2.20 
1980 11	  50.75   18.60    3.88    2.48 
1980 12	  45.10   16.82    2.43    3.01 
1981 1	  18.85   14.40    0.30    2.41 
1981 2	  36.40   16.75    2.24    3.13 
1981 3	  65.55   19.52    5.74    3.09 
1981 4	  53.85   26.82   13.07    3.40 
1981 5	  82.82   29.67   14.58    3.21 
1981 6	  60.15   32.32   19.38    2.61 
1981 7	  57.70   35.52   21.44    2.76 
1981 8	  33.80   34.80   20.26    2.23 
1981 9	  49.22   31.58   17.05    2.32 
1981 10	 192.00   25.27   12.89    2.83 
1981 11	  12.65   22.13    5.31    2.41 
1981 12	   2.32   17.38    1.15    2.77 
1982 1	  28.32   16.28   -1.54    3.33 
1982 2	  42.62   15.25    0.27    3.09 
1982 3	  19.93   22.47    7.36    3.71 
1982 4	  28.80   25.75   10.57    3.39 
1982 5	 132.27   28.51   15.37    3.14 
1982 6	 288.67   32.39   19.04    3.05 
1982 7	  24.75   34.31   21.32    3.11 
1982 8	  40.00   35.49   21.12    2.67 
1982 9	  24.23   32.65   16.64    2.38 
1982 10	  30.92   26.77   11.11    2.57 
1982 11	  48.23   19.43    5.36    2.92 
1982 12	  30.75   14.62    0.87    3.38 
1983 1	  49.92   13.67   -1.03    2.35 
1983 2	  15.48   16.54    1.36    2.88 
1983 3	  52.97   19.93    5.61    3.52 
1983 4	  15.02   25.08    7.78    3.78 
1983 5	  48.62   30.21   13.96    3.10 
1983 6	  70.40   31.87   17.76    2.66 
1983 7	  50.40   34.69   20.81    2.59 
1983 8	   2.38   35.94   21.23    1.65 
1983 9	  10.85   32.95   17.65    2.34 
1983 10	  70.57   27.91   13.36    2.68 
1983 11	  33.25   21.93    7.07    2.70 
1983 12	   7.95    9.35   -4.51    2.92 
1984 1	  36.27   11.77   -1.72    2.54 
1984 2	  26.75   19.42    1.18    3.27 
1984 3	  42.20   22.71    5.65    3.70 
1984 4	   8.32   27.86    8.95    3.01 
1984 5	  20.55   32.90   16.37    3.26 
1984 6	  47.85   35.37   21.01    3.14 
1984 7	  49.35   35.86   21.07    2.31 
1984 8	  43.73   35.80   20.77    2.37 
1984 9	  64.75   30.06   15.60    2.81 
1984 10	 144.62   23.66   12.41    2.50 
1984 11	  40.12   18.13    5.44    2.84 
1984 12	  85.60   16.61    3.74    3.17 
1985 1	  11.62   11.55   -3.38    2.96 
1985 2	  33.05   14.27    1.03    3.27 
1985 3	  53.70   21.80    8.54    3.53 
1985 4	  52.18   27.59   11.74    3.17 
1985 5	  66.67   31.60   16.37    2.90 
1985 6	  89.45   33.19   18.91    2.53 
1985 7	  75.90   34.32   20.13    2.41 
1985 8	  22.20   37.02   21.34    2.38 
1985 9	  73.70   31.44   17.28    2.65 
1985 10	  98.35   25.11   13.46    3.14 
1985 11	  22.27   20.35    7.15    3.01 
1985 12	   0.00   14.22   -2.15    2.53 
1986 1	   0.00   17.75    0.41    2.79 
1986 2	  42.85   18.89    4.15    2.90 
1986 3	   8.50   24.56    6.79    3.21 
1986 4	  17.42   28.53   12.95    3.52 
1986 5	 114.50   29.93   15.91    3.29 
1986 6	 166.00   31.50   19.61    1.98 
1986 7	  43.67   35.60   20.93    3.01 
1986 8	  95.35   33.93   20.95    2.45 
1986 9	  87.60   30.34   19.82    2.71 
1986 10	 168.68   23.84   11.76    2.39 
1986 11	  71.00   18.21    4.85    2.64 
1986 12	  65.97   12.39    1.83    2.49 
1987 1	  22.57   14.38   -0.66    2.87 
1987 2	  96.45   15.48    3.70    3.49 
1987 3	  55.27   18.69    3.37    3.05 
1987 4	  21.42   26.06    7.83    2.69 
1987 5	 168.73   28.59   15.20    2.61 
1987 6	  54.05   30.74   18.87    2.21 
1987 7	  14.82   33.74   20.03    2.56 
1987 8	  89.07   35.25   20.73    2.64 
1987 9	  63.87   30.35   15.69    2.17 
1987 10	  24.90   27.02   10.63    2.57 
1987 11	  31.40   20.76    4.68    2.64 
1987 12	  48.82   14.98    0.34    2.73 
1988 1	   0.83   13.07   -1.68    3.04 
1988 2	   7.75   16.83   -0.02    3.04 
1988 3	  25.65   23.04    4.06    3.42 
1988 4	  26.55   28.17    8.35    2.71 
1988 5	  85.85   29.92   14.40    3.04 
1988 6	  84.30   33.18   18.51    2.18 
1988 7	  57.80   34.06   20.45    2.41 
1988 8	   9.48   36.24   20.71    2.17 
1988 9	  72.75   32.46   16.84    2.40 
1988 10	  10.65   27.94   11.01    2.25 
1988 11	   0.05   23.18    5.19    2.70 
1988 12	  14.83   15.71    0.57    2.70 
1989 1	  13.75   18.10    1.46    2.80 
1989 2	  69.70   11.76   -0.50    3.65 
1989 3	  54.65   23.16    5.38    3.40 
1989 4	  28.90   27.82   11.09    3.32 
1989 5	  92.83   32.11   16.95    3.77 
1989 6	 130.62   31.75   17.95    3.01 
1989 7	  29.63   35.76   20.48    2.19 
1989 8	  14.38   34.68   20.71    2.82 
1989 9	 107.88   30.46   14.79    2.48 
1989 10	  20.27   28.36   10.60    2.78 
1989 11	   3.32   21.80    5.06    2.52 
1989 12	   7.50   12.01   -4.32    2.99 
1990 1	  32.33   17.83    1.68    2.89 
1990 2	  51.50   19.32    3.43    3.11 
1990 3	  63.62   20.46    6.35    3.66 
1990 4	 121.45   24.65   10.67    3.38 
1990 5	  78.20   29.58   14.84    3.42 
1990 6	  10.57   36.22   21.22    3.40 
1990 7	  95.63   32.45   20.34    2.62 
1990 8	  33.62   33.46   21.15    2.68 
1990 9	 184.25   30.77   18.29    1.68 
1990 10	  55.67   25.69   11.01    2.45 
1990 11	  53.00   21.02    8.03    2.88 
1990 12	   9.00   14.20   -0.52    2.80 
1991 1	  47.87   10.74   -0.31    2.70 
1991 2	   8.23   18.10    3.43    2.68 
1991 3	  17.45   23.11    8.35    3.39 
1991 4	  16.78   28.12   10.98    2.89 
1991 5	  63.43   29.93   17.18    2.95 
1991 6	 120.05   31.92   19.47    2.57 
1991 7	  66.05   33.80   21.34    2.48 
1991 8	  55.50   32.31   20.78    2.24 
1991 9	 277.48   27.17   16.80    2.11 
1991 10	  98.57   26.27   12.15    2.57 
1991 11	   8.87   16.19    4.10    2.89 
1991 12	 192.13   13.76    4.09    3.04 
1992 1	  58.53   12.16    1.33    2.31 
1992 2	 162.00   17.48    5.11    3.01 
1992 3	  49.62   22.60    8.08    3.04 
1992 4	  52.97   25.76   11.45    2.78 
1992 5	  72.50   26.72   14.84    2.45 
1992 6	 113.55   31.80   19.36    2.33 
1992 7	  67.32   33.48   21.56    3.44 
1992 8	  56.98   31.79   19.64    2.13 
1992 9	  43.25   31.07   17.88    2.79 
1992 10	  34.55   28.34   12.60    2.29 
1992 11	  42.10   17.78    5.71    2.68 
1992 12	  24.10   15.15    3.45    2.72 
1993 1	  26.02   13.17    0.45    2.49 
1993 2	  46.53   15.52    2.91    2.95 
1993 3	  29.22   20.43    5.69    3.12 
1993 4	  38.20   26.15    9.14    3.55 
1993 5	  61.57   28.78   13.93    2.94 
1993 6	  57.28   32.92   20.24    2.98 
1993 7	   2.12   36.07   22.71    3.83 
1993 8	  35.98   35.66   21.85    2.66 
1993 9	  67.05   31.15   15.94    2.06 
1993 10	  70.50   25.91   11.01    2.60 
1993 11	  10.10   17.78    2.90    2.74 
1993 12	  20.20   16.37    2.33    2.97 
1994 1	  30.45   15.02    0.33    3.10 
1994 2	  37.67   17.11    1.01    3.12 
1994 3	   3.30   23.07    6.24    3.10 
1994 4	  31.53   26.81    9.41    3.33 
1994 5	 244.40   27.36   14.99    2.58 
1994 6	  19.38   35.09   21.06    2.49 
1994 7	  31.00   35.81   21.55    3.10 
1994 8	  21.58   35.03   20.78    2.29 
1994 9	  71.78   30.29   16.14    1.85 
1994 10	 122.25   25.41   12.10    2.35 
1994 11	 106.55   20.03    6.30    2.82 
1994 12	  34.42   16.13    2.97    2.31 
1995 1	  21.82   15.86    1.62    2.90 
1995 2	  21.43   18.38    3.06    2.78 
1995 3	  34.47   19.02    6.49    3.21 
1995 4	  53.72   26.43   10.44    3.24 
1995 5	  83.80   29.73   15.21    3.20 
1995 6	  89.72   31.44   17.67    2.79 
1995 7	  46.05   36.02   20.84    2.54 
1995 8	  45.77   34.31   20.94    1.78 
1995 9	  51.62   31.05   17.51    1.99 
1995 10	  17.67   28.01   11.00    2.28 
1995 11	  35.92   21.09    4.88    2.53 
1995 12	   8.12   15.82    0.92    2.76 
1996 1	   1.60   16.26   -1.91    3.06 
1996 2	   2.83   20.43    2.48    3.55 
1996 3	  18.88   20.48    3.24    3.53 
1996 4	  75.22   26.57    8.98    3.54 
1996 5	  73.10   33.60   18.50    4.43 
1996 6	  35.52   34.08   19.94    2.58 
1996 7	  34.30   36.14   22.16    2.72 
1996 8	 119.10   32.98   20.58    2.61 
1996 9	 153.63   29.11   16.56    1.58 
1996 10	  45.25   25.87   11.14    2.70 
1996 11	  62.73   19.68    5.53    3.08 
1996 12	   0.00   17.98    1.40    2.77 
1997 1	   1.92   13.69   -0.21    3.18 
1997 2	 100.78   14.45    3.02    3.02 
1997 3	  41.92   22.62    7.17    2.82 
1997 4	  72.00   21.83    7.91    3.07 
1997 5	  37.85   27.80   14.17    2.51 
1997 6	 236.02   31.39   18.42    2.27 
1997 7	   9.10   34.92   20.99    2.35 
1997 8	  45.10   34.82   20.35    2.60 
1997 9	   3.40   33.26   18.06    2.00 
1997 10	  50.55   26.91   11.61    2.62 
1997 11	  18.58   18.45    3.08    2.39 
1997 12	  48.08   14.25   -0.53    3.06 
1998 1	  16.65   18.39    1.90    2.90 
1998 2	  25.53   16.57    2.80    2.70 
1998 3	  75.55   19.23    4.15    3.60 
1998 4	   2.12   26.53    7.72    3.01 
1998 5	  87.65   34.30   16.22    3.41 
1998 6	  53.92   35.33   20.38    3.73 
1998 7	  32.23   37.40   22.37    3.05 
1998 8	  31.52   34.59   20.52    1.64 
1998 9	  12.38   33.93   18.80    1.84 
1998 10	  64.47   26.80   13.59    2.89 
1998 11	  38.00   20.59    7.41    2.42 
1998 12	  32.17   14.37    0.51    2.99 
1999 1	  33.38   18.55    0.23    3.51 
1999 2	   0.00   22.15    4.26    2.90 
1999 3	  73.95   19.83    6.69    3.44 
1999 4	  59.47   26.80   11.30    3.38 
1999 5	  25.80   29.94   16.12    2.90 
1999 6	 112.95   31.77   20.15    2.89 
1999 7	  23.38   34.83   21.18    2.43 
1999 8	  21.82   37.72   22.09    1.87 
1999 9	  10.78   33.12   17.11    2.57 
1999 10	  38.72   27.66   10.17    2.37 
1999 11	   0.17   23.55    6.37    2.41 
1999 12	  19.80   17.11    0.43    3.09 
2000 1	   5.40   17.97    1.27    3.26 
2000 2	   8.38   22.04    3.73    3.31 
2000 3	  23.83   24.87    7.80    3.11 
2000 4	  23.80   28.38   11.36    3.30 
2000 5	  25.08   34.89   18.73    3.49 
2000 6	 167.30   31.29   20.07    2.87 
2000 7	   4.95   37.05   22.28    2.54 
2000 8	   0.00   37.36   21.64    2.30 
2000 9	  52.08   34.29   17.02    2.20 
2000 10	 105.43   24.35   13.90    3.03 
2000 11	  83.27   14.52    3.43    2.76 
2000 12	  16.88   10.91   -1.80    2.64 
2001 1	  38.35   11.19   -1.48    2.83 
2001 2	  65.38   15.67    2.02    3.32 
2001 3	  43.00   15.84    4.37    2.68 
2001 4	  20.07   25.03   11.35    3.55 
2001 5	  76.83   29.71   15.85    2.99 
2001 6	   5.60   34.49   19.64    2.62 
2001 7	   2.92   37.57   22.57    2.66 
2001 8	  81.78   34.90   21.09    2.46 
2001 9	  66.15   30.11   15.82    1.96 
2001 10	  33.12   25.47    9.23    2.65 
2001 11	  82.05   20.03    7.51    2.72 
2001 12	  11.57   15.39    0.79    2.77 
2002 1	  13.83   15.49   -0.73    2.84 
2002 2	  38.05   14.80   -0.71    2.86 
2002 3	  72.90   19.72    2.77    3.75 
2002 4	  16.65   26.15   12.28    3.81 
2002 5	 112.38   29.93   15.12    3.61 
2002 6	  42.02   32.49   19.45    2.36 
2002 7	 150.85   31.68   20.52    2.49 
2002 8	  28.92   35.37   21.20    2.29 
2002 9	  34.55   31.56   16.85    2.21 
2002 10	 172.03   22.11   11.64    2.23 
2002 11	  19.73   17.05    4.00    2.81 
2002 12	  38.40   14.39    0.64    2.88 
2003 1	   4.70   13.92   -0.97    2.62 
2003 2	  37.95   14.06    0.68    2.99 
2003 3	  22.40   20.49    5.67    2.75 
2003 4	  60.78   26.95   10.45    3.49 
2003 5	  34.68   31.01   16.43    2.91 
2003 6	 183.60   31.20   18.26    2.20 
2003 7	   9.53   34.71   20.93    2.06 
2003 8	  38.83   35.85   21.04    1.78 
2003 9	  69.50   29.05   16.50    1.74 
2003 10	 138.18   25.44   11.80    2.07 
2003 11	  23.90   19.14    6.91    3.05 
2003 12	   0.00   17.26    0.32    3.28 
2004 1	  29.58   14.92    1.80    3.10 
2004 2	  71.45   13.66    0.87    3.16 
2004 3	  46.05   21.46    9.36    3.12 
2004 4	 121.15   23.59   10.86    3.32 
2004 5	  20.33   28.76   15.68    3.26 
2004 6	 107.90   31.75   19.29    2.41 
2004 7	  59.55   33.32   20.20    2.10 
2004 8	 168.32   31.76   19.53    1.99 
2004 9	  16.28   29.98   16.65    1.85 
2004 10	 167.80   25.64   13.55    2.63 
2004 11	 158.62   17.74    6.65    2.83 
2004 12	  15.05   14.40   -0.14    2.92 
2005 1	  14.65   15.97    2.54    3.19 
2005 2	 108.47   14.56    3.40    2.81 
2005 3	  73.38   19.27    5.76    2.81 
2005 4	  14.75   25.19    9.21    3.38 
2005 5	 101.28   27.03   14.83    2.78 
2005 6	  24.00   32.29   19.52    2.71 
2005 7	  42.05   34.56   21.10    2.10 
2005 8	 222.67   32.40   20.33    2.15 
2005 9	   4.50   32.86   18.43    1.91 
2005 10	 101.12   25.14   11.37    2.39 
2005 11	   0.00   22.31    5.66    2.55 
2005 12	   0.95   15.44   -0.91    2.51 
2006 1	   5.85   19.91    1.16    3.36 
2006 2	  14.45   16.56    1.18    3.10 
2006 3	  94.05   22.60    8.09    3.53 
2006 4	  37.70   28.51   12.61    3.35 
2006 5	  49.43   31.29   16.21    3.09 
2006 6	  63.52   34.19   19.20    2.16 
2006 7	   6.30   35.72   21.43    2.24 
2006 8	  35.70   36.31   22.39    2.58 
2006 9	  66.30   29.85   15.75    2.21 
2006 10	  69.12   26.20   10.76    2.34 
2006 11	   7.82   21.58    6.16    2.98 
2006 12	  22.12   15.35    0.36    2.90 
2007 1	  55.08    9.50   -1.67    3.06 
2007 2	  10.80   15.72    0.45    2.90 
2007 3	 143.45   22.43    9.07    3.39 
2007 4	  53.58   22.50    8.59    3.05 
2007 5	 123.85   25.77   15.43    2.74 
2007 6	 237.90   30.48   18.96    2.30 
2007 7	  48.50   30.53   19.98    1.71 
2007 8	  82.78   33.09   21.10    1.98 
2007 9	  53.52   30.82   18.24    1.85 
2007 10	  21.73   28.08   11.62    2.33 
2007 11	  31.15   20.45    5.84    2.73 
2007 12	   9.47   15.81   -0.28    2.66 
2008 1	   8.93   13.70   -1.64    2.79 
2008 2	  10.42   19.23    0.65    3.13 
2008 3	 101.25   20.94    4.89    3.72 
2008 4	  29.57   26.45    8.69    3.32 
2008 5	  29.55   30.82   14.12    3.21 
2008 6	  75.48   35.47   20.70    3.42 
2008 7	  13.25   35.03   20.81    3.03 
2008 8	  97.62   33.34   20.63    1.91 
2008 9	  41.78   29.51   15.50    1.88 
2008 10	  53.95   26.30    9.53    2.40 
2008 11	   5.95   21.40    4.52    2.24 
2008 12	   0.28   15.80   -1.18    3.16 
2009 1	   4.50   16.36   -2.28    2.99 
2009 2	  11.77   21.02    2.51    3.74 
2009 3	  38.45   22.34    6.94    3.68 
2009 4	  27.38   25.26    9.64    3.68 
2009 5	  50.28   29.32   15.57    2.56 
2009 6	  88.70   35.19   20.75    2.95 
2009 7	  95.78   34.83   21.25    2.53 
2009 8	  15.53   35.79   21.10    2.58 
2009 9	  92.07   28.86   16.57    1.78 
2009 10	  76.47   22.99    9.71    2.76 
2009 11	   2.92   21.64    5.44    2.26 
2009 12	  40.62   11.37   -1.83    2.60 
2010 1	  61.07   12.94   -1.25    3.16 
2010 2	  72.80   10.66   -0.46    2.94 
2010 3	  47.32   19.12    4.17    3.42 
2010 4	  55.82   24.47   10.39    3.32 
2010 5	  54.50   28.86   16.16    2.95 
2010 6	  43.53   34.85   21.27    2.97 
2010 7	 103.83   32.86   21.69    2.49 
2010 8	   8.10   37.01   22.12    2.28 
2010 9	  97.78   31.80   18.67    2.22 
2010 10	  35.45   26.93   10.58    2.28 
2010 11	   1.10   21.48    4.19    3.24 
2010 12	  28.07   16.43    0.19    2.95 
