1949 1	 110.70    9.53   -2.46    3.15 
1949 2	  65.10   14.66    1.18    2.61 
1949 3	  69.08   19.51    5.83    2.92 
1949 4	  53.15   22.40   10.83    2.67 
1949 5	 261.50   28.98   17.52    2.67 
1949 6	 145.93   32.67   21.15    2.45 
1949 7	   3.90   36.12   23.20    2.07 
1949 8	  36.90   35.61   20.44    1.90 
1949 9	  51.03   30.35   16.19    2.05 
1949 10	 150.95   24.67   11.04    3.02 
1949 11	   0.10   23.75    4.82    2.49 
1949 12	  28.95   15.84    2.68    3.13 
1950 1	  63.30   15.48    2.38    3.18 
1950 2	  50.93   17.66    4.46    2.83 
1950 3	  16.20   20.30    4.27    3.39 
1950 4	 146.50   23.72   10.02    3.34 
1950 5	 128.18   27.68   16.74    2.56 
1950 6	  89.90   32.08   20.51    2.67 
1950 7	 172.65   32.07   21.44    2.47 
1950 8	 114.48   34.19   20.56    2.20 
1950 9	 151.72   29.42   17.39    2.26 
1950 10	   4.00   29.57   12.79    2.53 
1950 11	   0.50   20.61    2.78    3.15 
1950 12	   0.00   15.28   -0.46    2.64 
1951 1	   7.62   15.18   -0.67    3.26 
1951 2	  53.05   14.93    0.70    3.28 
1951 3	  27.27   20.68    4.80    3.43 
1951 4	  47.33   25.50    9.66    3.34 
1951 5	  97.40   28.40   15.49    2.88 
1951 6	 146.68   32.78   20.70    3.09 
1951 7	  68.38   37.07   23.08    2.28 
1951 8	  19.12   39.77   23.17    2.29 
1951 9	  44.30   33.79   17.39    2.16 
1951 10	  55.77   28.16   12.17    2.42 
1951 11	  25.83   16.97    3.24    3.20 
1951 12	   2.65   16.42    0.82    3.32 
1952 1	  14.22   18.62    4.29    3.19 
1952 2	  22.85   18.94    5.18    3.45 
1952 3	  35.67   19.74    4.82    3.04 
1952 4	 153.48   23.97    9.86    3.01 
1952 5	  91.47   28.91   15.62    2.63 
1952 6	   1.35   36.33   21.81    2.67 
1952 7	   2.62   37.33   22.26    1.99 
1952 8	  26.82   40.60   23.89    2.68 
1952 9	  35.57   33.60   16.79    2.01 
1952 10	   0.10   26.54    7.39    2.37 
1952 11	 148.15   18.13    6.03    2.92 
1952 12	  52.60   12.77    0.74    2.51 
1953 1	   6.32   18.26    2.48    3.71 
1953 2	  19.18   16.78    2.35    2.63 
1953 3	  59.50   22.54    8.59    2.62 
1953 4	  66.45   23.63    8.68    2.83 
1953 5	  93.85   28.78   15.04    2.84 
1953 6	  31.90   38.26   22.72    2.45 
1953 7	  37.35   35.43   22.23    2.05 
1953 8	  44.40   35.50   20.93    1.90 
1953 9	  24.23   34.58   16.37    1.49 
1953 10	 177.40   26.69   12.82    2.03 
1953 11	  38.50   17.48    4.92    2.21 
1953 12	  19.40   13.04    0.31    2.94 
1954 1	  35.87   13.73    0.60    3.15 
1954 2	  10.43   21.35    4.36    3.10 
1954 3	   8.50   19.73    4.99    3.26 
1954 4	  79.90   27.73   14.07    3.44 
1954 5	  92.55   25.80   13.62    2.50 
1954 6	  30.88   35.69   20.84    2.63 
1954 7	  56.07   39.52   24.08    2.47 
1954 8	   2.42   38.36   23.46    2.57 
1954 9	  37.20   35.93   18.76    2.06 
1954 10	  26.85   27.49   13.74    2.22 
1954 11	  33.82   19.62    5.07    2.45 
1954 12	  39.20   16.65    1.55    2.80 
1955 1	  32.08   12.73    1.03    2.70 
1955 2	  44.38   14.36    0.97    3.62 
1955 3	  33.58   20.82    5.93    3.28 
1955 4	  56.82   27.37   13.39    3.16 
1955 5	 156.52   31.14   17.41    2.70 
1955 6	 144.88   31.39   18.49    2.18 
1955 7	  52.57   36.31   22.41    2.02 
1955 8	  30.35   36.38   21.45    1.67 
1955 9	  62.88   33.57   19.70    1.71 
1955 10	  10.40   27.73   11.09    2.56 
1955 11	  10.50   20.23    3.26    3.26 
1955 12	  11.98   13.79    0.59    2.78 
1956 1	  39.12   12.60   -0.34    3.31 
1956 2	  65.82   14.39    1.87    2.93 
1956 3	   4.85   21.06    5.21    3.10 
1956 4	  90.48   24.72   10.36    3.02 
1956 5	  81.45   31.35   18.09    2.87 
1956 6	  39.70   35.72   21.33    2.47 
1956 7	  16.58   38.91   23.27    2.96 
1956 8	  25.80   39.03   22.56    2.78 
1956 9	   0.30   35.35   18.46    2.20 
1956 10	  67.25   28.75   13.65    2.04 
1956 11	  38.10   17.73    3.29    2.78 
1956 12	  97.15   16.46    2.70    2.76 
1957 1	  34.08   11.48    0.26    2.99 
1957 2	  92.78   15.90    6.50    2.59 
1957 3	  62.05   16.74    4.82    2.81 
1957 4	 263.40   20.87   10.37    3.11 
1957 5	 309.05   26.15   15.74    2.67 
1957 6	  51.85   31.51   20.35    2.11 
1957 7	  42.22   37.73   23.09    1.56 
1957 8	   0.22   36.60   22.13    2.20 
1957 9	  69.05   30.24   15.99    2.38 
1957 10	  96.20   21.93    9.59    2.59 
1957 11	 121.17   15.61    3.96    3.01 
1957 12	  28.58   16.73    2.16    3.13 
1958 1	  38.70   12.40   -1.12    3.08 
1958 2	  15.00   11.09   -1.05    3.39 
1958 3	 105.88   13.31    2.73    2.83 
1958 4	 106.30   21.75    9.29    2.75 
1958 5	  98.80   27.92   15.49    2.27 
1958 6	  28.72   34.05   20.63    2.32 
1958 7	 122.78   35.39   22.44    2.93 
1958 8	  70.90   36.06   21.50    1.94 
1958 9	  56.52   30.37   19.01    2.12 
1958 10	  23.07   23.93   11.38    2.49 
1958 11	  31.45   20.28    4.80    2.37 
1958 12	  28.12   12.68   -1.67    2.82 
1959 1	   0.28   11.23   -3.19    3.37 
1959 2	  16.47   14.02    0.94    2.88 
1959 3	  33.88   20.83    2.55    3.33 
1959 4	  26.80   23.34    8.77    3.24 
1959 5	  82.35   29.12   17.26    2.91 
1959 6	 186.45   32.76   19.79    2.28 
1959 7	  82.08   33.00   21.16    1.55 
1959 8	  46.05   35.45   21.19    2.01 
1959 9	  31.27   32.33   18.71    2.65 
1959 10	 287.57   23.79    9.74    2.30 
1959 11	  17.30   14.83    1.18    2.83 
1959 12	  58.82   15.23    2.78    2.90 
1960 1	  87.80   11.31   -0.17    2.87 
1960 2	  35.98   11.27   -1.64    3.40 
1960 3	  22.45   14.14    1.60    2.88 
1960 4	  62.53   25.47   11.47    3.54 
1960 5	  66.45   27.53   14.02    3.07 
1960 6	  87.78   34.26   20.39    2.53 
1960 7	  65.17   35.08   21.92    1.80 
1960 8	  33.80   34.75   21.85    1.97 
1960 9	  54.18   33.14   17.84    1.77 
1960 10	  39.62   26.62   13.35    2.16 
1960 11	   3.12   20.52    5.52    2.63 
1960 12	 107.02   10.34   -0.65    2.74 
1961 1	 110.32   10.47   -3.28    2.79 
1961 2	  54.90   15.67    2.28    3.24 
1961 3	  97.05   20.89    6.67    3.25 
1961 4	  23.93   23.82    9.17    3.66 
1961 5	  34.02   28.10   15.80    3.27 
1961 6	 164.65   30.56   19.29    2.41 
1961 7	  59.12   33.10   20.85    2.25 
1961 8	  15.80   34.63   20.11    1.82 
1961 9	  66.35   30.49   17.40    3.21 
1961 10	  45.18   25.40   12.10    2.55 
1961 11	  67.18   16.63    4.54    2.90 
1961 12	  38.33   12.28    0.64    2.96 
1962 1	   5.17    9.74   -4.80    3.20 
1962 2	  15.75   19.58    2.89    3.11 
1962 3	  57.05   17.06    4.89    3.22 
1962 4	  85.43   22.00   10.92    3.11 
1962 5	  16.50   30.40   18.04    3.90 
1962 6	 132.70   30.73   19.83    1.84 
1962 7	 170.85   34.77   23.08    2.17 
1962 8	  84.85   35.12   22.79    2.09 
1962 9	 200.53   30.14   18.86    1.92 
1962 10	  97.33   26.74   15.02    2.61 
1962 11	  83.90   18.02    7.05    2.84 
1962 12	  22.10   13.43    2.61    2.49 
1963 1	   4.75    9.25   -4.50    2.94 
1963 2	   0.05   15.83   -0.35    3.16 
1963 3	   8.30   22.24    8.64    3.43 
1963 4	 126.80   27.05   14.94    3.98 
1963 5	  92.30   28.29   17.31    2.98 
1963 6	  36.93   32.28   20.41    2.23 
1963 7	  34.93   36.53   22.97    2.77 
1963 8	  40.12   37.22   22.29    2.11 
1963 9	  49.50   31.48   18.14    2.04 
1963 10	  31.80   30.13   15.03    1.60 
1963 11	  43.15   20.61    6.11    3.00 
1963 12	  27.45    9.29   -2.65    2.90 
1964 1	  85.03   13.64   -1.28    3.19 
1964 2	  27.98   11.85   -1.19    2.98 
1964 3	  73.18   18.45    3.42    3.03 
1964 4	  82.08   25.07   11.75    3.71 
1964 5	  88.62   27.87   16.13    2.88 
1964 6	  40.20   31.37   19.28    2.87 
1964 7	  18.27   38.21   21.90    2.28 
1964 8	 122.97   36.03   21.43    2.60 
1964 9	 200.02   30.23   16.99    1.93 
1964 10	  10.65   24.39    8.03    2.36 
1964 11	 208.73   20.11    6.24    2.59 
1964 12	  22.75   13.60   -0.72    3.03 
1965 1	  73.05   14.37    0.05    2.94 
1965 2	  74.75   12.83   -0.75    3.19 
1965 3	  24.53   13.24    0.10    3.19 
1965 4	  71.28   25.44   12.11    3.05 
1965 5	 179.65   26.84   16.13    3.13 
1965 6	  33.88   31.75   19.23    2.41 
1965 7	   8.27   36.74   21.15    2.00 
1965 8	  78.68   35.30   19.71    2.08 
1965 9	 158.88   32.39   17.40    2.64 
1965 10	  35.17   24.05    9.78    2.41 
1965 11	  22.62   21.87    7.84    2.30 
1965 12	  48.12   15.40    2.50    2.85 
1966 1	  34.40    9.27   -2.98    3.06 
1966 2	  86.38   12.46   -0.49    3.23 
1966 3	  16.92   19.80    4.78    3.21 
1966 4	 218.55   23.71    9.55    3.47 
1966 5	  47.42   27.20   13.74    2.62 
1966 6	 141.35   31.75   18.34    2.16 
1966 7	  25.55   35.89   22.09    2.17 
1966 8	  49.17   33.23   19.16    1.96 
1966 9	 155.35   28.62   15.41    1.70 
1966 10	  30.67   24.49    7.30    2.42 
1966 11	  13.07   22.43    5.89    3.02 
1966 12	  19.60   13.27   -1.72    2.92 
1967 1	   0.12   15.40   -1.76    3.37 
1967 2	  19.52   15.43   -2.11    3.19 
1967 3	  49.13   23.85    7.18    3.72 
1967 4	  78.05   26.80   13.93    3.97 
1967 5	 135.43   28.05   13.38    3.35 
1967 6	  88.32   32.89   20.21    2.71 
1967 7	  31.85   33.54   20.26    2.54 
1967 8	  31.08   35.64   18.53    1.88 
1967 9	 151.53   28.01   14.95    2.30 
1967 10	  40.53   26.06    8.78    2.64 
1967 11	  36.57   18.58    3.58    2.34 
1967 12	  45.30   13.01   -0.44    2.65 
1968 1	 127.35    9.51    0.18    3.24 
1968 2	  47.23   11.97   -1.39    2.36 
1968 3	 152.25   17.17    4.16    3.56 
1968 4	  88.23   23.06    9.24    3.25 
1968 5	 108.97   27.11   14.62    2.97 
1968 6	  89.12   30.80   19.00    2.26 
1968 7	  83.03   33.05   20.13    2.09 
1968 8	  85.85   34.78   20.75    2.43 
1968 9	  98.33   29.85   14.11    2.09 
1968 10	  32.45   26.28   11.16    2.38 
1968 11	  77.77   17.87    3.07    3.03 
1968 12	  30.17   14.44   -1.78    3.28 
1969 1	  33.40   13.97   -0.13    3.21 
1969 2	  56.05   13.68    1.20    3.10 
1969 3	 138.30   13.29    1.03    3.24 
1969 4	  93.15   23.92   10.09    2.90 
1969 5	  87.72   27.80   13.87    1.97 
1969 6	  59.30   32.14   17.67    3.08 
1969 7	  30.97   37.72   21.50    2.18 
1969 8	  97.85   35.63   19.61    2.10 
1969 9	 120.70   30.40   16.46    1.76 
1969 10	 156.80   23.01   10.42    3.21 
1969 11	  20.27   18.84    3.68    2.44 
1969 12	 101.03   15.21    0.95    2.44 
1970 1	  11.85    9.79   -3.72    2.52 
1970 2	 107.07   14.55    1.03    3.06 
1970 3	 101.50   15.85    3.77    3.05 
1970 4	 138.72   24.34   11.65    3.41 
1970 5	  43.67   27.64   14.23    2.53 
1970 6	   0.60   31.92   18.76    2.42 
1970 7	  42.73   35.19   20.04    2.19 
1970 8	  36.95   36.24   20.73    2.15 
1970 9	 229.25   30.67   18.52    2.44 
1970 10	  29.30   23.23    9.74    2.38 
1970 11	  12.98   17.72    2.02    3.34 
1970 12	  13.02   18.21    1.47    2.76 
1971 1	  13.02   15.29   -2.00    3.18 
1971 2	  27.08   15.37    0.05    3.58 
1971 3	  11.47   20.45    3.15    3.51 
1971 4	  39.12   24.68    9.71    3.11 
1971 5	  72.00   28.71   12.93    3.07 
1971 6	  27.45   34.63   19.77    2.80 
1971 7	 107.90   36.22   20.78    2.35 
1971 8	  78.28   31.28   18.07    1.63 
1971 9	  56.83   30.12   15.32    2.33 
1971 10	 131.00   25.74   11.92    2.29 
1971 11	  50.72   18.73    4.43    2.75 
1971 12	 133.75   14.45    3.34    2.99 
1972 1	   8.12   12.23   -1.72    3.19 
1972 2	  11.92   16.49    0.36    3.02 
1972 3	   5.88   23.71    6.71    3.31 
1972 4	  66.70   27.17   12.24    3.75 
1972 5	  38.12   28.69   14.27    1.87 
1972 6	  37.08   35.23   19.02    2.30 
1972 7	  32.97   34.47   19.89    2.49 
1972 8	  76.38   35.65   19.97    2.07 
1972 9	  47.35   32.09   18.53    1.88 
1972 10	 104.12   25.33   10.61    2.40 
1972 11	  69.18   13.53    1.58    2.78 
1972 12	  12.25   11.90   -2.11    3.03 
1973 1	  86.40    9.02   -2.69    3.60 
1973 2	  44.60   13.44    0.06    2.86 
1973 3	  64.15   20.52    6.21    3.19 
1973 4	 114.03   20.36    8.28    3.19 
1973 5	 160.77   27.96   13.45    3.11 
1973 6	 169.30   30.82   17.89    2.61 
1973 7	 184.00   33.61   20.26    2.03 
1973 8	  14.97   33.92   18.15    2.01 
1973 9	 120.65   29.33   16.37    2.42 
1973 10	 133.90   25.85   11.38    2.18 
1973 11	  49.75   20.77    7.18    3.26 
1973 12	   8.43   16.33   -1.54    3.10 
1974 1	  16.82   11.72   -2.78    2.90 
1974 2	  30.98   18.21    1.02    3.70 
1974 3	  19.67   23.13    8.54    4.21 
1974 4	 113.25   25.98    9.64    3.79 
1974 5	  53.92   30.10   16.88    3.08 
1974 6	  66.83   32.83   17.30    2.79 
1974 7	  30.15   38.04   20.49    2.00 
1974 8	 147.53   32.84   18.79    2.34 
1974 9	 143.08   25.35   14.12    2.64 
1974 10	 237.62   25.23   11.74    2.47 
1974 11	  51.92   17.78    4.69    2.80 
1974 12	  36.50   12.62    0.41    2.58 
1975 1	  35.65   14.38    1.16    3.16 
1975 2	  77.30   12.24   -0.76    3.02 
1975 3	  72.60   17.02    3.83    3.56 
1975 4	  79.33   22.52    9.96    3.85 
1975 5	 136.77   27.01   14.92    2.70 
1975 6	 139.15   31.18   18.19    2.56 
1975 7	 100.90   33.31   18.76    1.59 
1975 8	 107.30   33.83   19.75    2.00 
1975 9	  57.35   29.41   13.89    2.25 
1975 10	  16.27   26.66   10.26    2.69 
1975 11	  13.78   20.81    4.39    3.07 
1975 12	  45.22   15.30   -0.70    3.03 
1976 1	   3.07   15.07   -2.68    3.10 
1976 2	  14.43   21.77    5.54    3.96 
1976 3	  36.20   22.26    6.81    3.79 
1976 4	 112.82   24.48   10.69    3.28 
1976 5	  98.97   25.30   12.32    2.45 
1976 6	  41.55   31.64   17.05    2.45 
1976 7	  79.05   33.11   18.66    1.79 
1976 8	  40.50   36.83   17.71    1.66 
1976 9	 101.50   30.56   16.13    1.69 
1976 10	 132.27   21.33    6.37    2.60 
1976 11	  16.27   15.23    0.24    2.58 
1976 12	  33.20   15.05   -0.80    2.65 
1977 1	  69.70    8.26   -4.26    2.72 
1977 2	  44.88   16.38    2.88    2.88 
1977 3	 162.62   21.09    7.29    3.25 
1977 4	  27.22   24.31   11.80    2.96 
1977 5	  41.45   29.17   17.86    2.68 
1977 6	  12.62   34.68   20.21    2.60 
1977 7	  31.30   37.90   22.29    2.16 
1977 8	  21.85   36.38   21.51    2.32 
1977 9	  18.55   35.67   19.15    2.62 
1977 10	  42.30   27.42   11.48    2.24 
1977 11	  38.22   20.13    6.71    2.76 
1977 12	  26.50   16.17    0.45    3.33 
1978 1	  29.72    5.40   -5.92    3.32 
1978 2	  82.52    6.61   -3.06    3.20 
1978 3	  31.08   19.04    3.64    3.10 
1978 4	  80.53   26.90   12.25    3.62 
1978 5	 132.88   29.54   16.22    2.97 
1978 6	  33.20   34.08   20.67    2.19 
1978 7	  34.60   38.73   23.83    2.35 
1978 8	  50.62   35.50   21.33    2.30 
1978 9	  32.93   32.15   19.40    2.31 
1978 10	  17.07   27.74   10.68    2.07 
1978 11	  85.87   19.60    7.02    2.19 
1978 12	  14.77   14.47   -0.21    2.89 
1979 1	  71.35    5.51   -3.77    3.26 
1979 2	  53.67   10.89   -1.07    3.26 
1979 3	 160.95   20.09    6.54    3.46 
1979 4	 106.45   23.72   10.55    2.78 
1979 5	 159.12   26.37   14.23    2.99 
1979 6	  38.03   31.79   19.32    2.31 
1979 7	  50.35   34.66   21.91    2.10 
1979 8	 123.40   33.58   20.10    1.64 
1979 9	  23.10   31.42   15.70    2.15 
1979 10	  64.78   28.92   12.03    2.76 
1979 11	  10.72   17.37    2.36    2.70 
1979 12	  91.35   15.70    1.40    2.93 
1980 1	  50.48   12.77    0.55    2.93 
1980 2	  39.20   14.87   -0.62    2.94 
1980 3	  30.17   19.99    3.30    3.09 
1980 4	  43.52   24.84    8.52    3.22 
1980 5	 105.88   28.88   15.48    2.48 
1980 6	   2.50   37.10   22.13    3.10 
1980 7	  10.02   39.87   23.23    2.15 
1980 8	   8.88   37.93   22.50    2.86 
1980 9	 180.75   33.10   19.43    2.24 
1980 10	  49.32   25.76    9.60    2.30 
1980 11	  29.42   18.69    4.74    2.66 
1980 12	  49.38   16.03    2.16    2.98 
1981 1	   6.33   13.59   -0.57    2.52 
1981 2	  39.45   16.01    1.84    2.90 
1981 3	  98.95   18.99    6.41    3.05 
1981 4	  70.53   26.70   13.70    3.24 
1981 5	 195.62   27.40   14.29    3.20 
1981 6	  86.08   31.81   20.21    2.44 
1981 7	  25.70   36.40   22.81    2.16 
1981 8	  47.83   35.48   20.58    1.88 
1981 9	  78.28   31.33   17.07    1.94 
1981 10	 516.00   24.05   12.23    2.63 
1981 11	  27.98   20.58    5.89    2.41 
1981 12	   4.82   14.91    0.46    3.02 
1982 1	  59.72   14.75   -1.98    3.54 
1982 2	  40.65   12.85   -0.81    3.14 
1982 3	  37.27   21.07    7.42    3.79 
1982 4	  54.77   22.96    9.83    3.23 
1982 5	 314.02   27.57   15.82    2.94 
1982 6	 153.25   30.89   18.37    2.26 
1982 7	  95.45   34.37   21.54    2.38 
1982 8	  10.53   36.67   21.78    2.27 
1982 9	  20.07   32.91   16.25    2.34 
1982 10	  50.88   26.27   10.51    2.63 
1982 11	  68.40   18.58    5.41    2.82 
1982 12	  68.18   14.83    1.93    3.54 
1983 1	  30.23   11.62   -0.80    2.49 
1983 2	  28.00   14.46    1.91    2.96 
1983 3	  82.12   18.26    5.26    3.41 
1983 4	   8.95   22.47    7.54    3.87 
1983 5	 144.43   27.56   13.22    2.95 
1983 6	  72.75   30.07   17.34    2.24 
1983 7	  48.70   34.76   20.94    2.20 
1983 8	  63.50   36.51   21.94    1.40 
1983 9	   1.97   32.84   16.65    2.06 
1983 10	  59.83   26.79   11.57    2.27 
1983 11	  61.63   20.40    6.02    2.98 
1983 12	  18.92    6.38   -5.65    3.18 
1984 1	  19.60   10.45   -4.06    2.68 
1984 2	  64.78   18.35    1.11    3.36 
1984 3	  95.25   19.83    5.29    3.43 
1984 4	  29.87   24.48    8.39    3.18 
1984 5	  69.95   30.23   15.80    3.19 
1984 6	  72.20   34.29   20.43    2.65 
1984 7	  40.30   36.72   21.39    2.17 
1984 8	  58.52   36.87   21.25    2.01 
1984 9	  15.65   30.67   16.57    2.88 
1984 10	 203.38   24.03   11.58    2.48 
1984 11	  51.68   18.25    4.65    2.97 
1984 12	 104.47   16.49    3.53    3.30 
1985 1	  20.88   10.24   -3.94    3.04 
1985 2	  72.53   12.10    0.27    3.28 
1985 3	  94.20   21.08    9.19    3.40 
1985 4	  85.33   25.43   12.47    3.15 
1985 5	 105.38   28.83   16.34    2.77 
1985 6	 167.85   32.21   19.32    2.48 
1985 7	  50.08   34.62   21.35    1.99 
1985 8	   7.00   38.27   22.04    2.03 
1985 9	  96.60   31.88   17.80    2.60 
1985 10	 118.55   24.45   13.21    3.38 
1985 11	  44.90   18.92    6.28    3.12 
1985 12	   7.82   12.98   -2.75    2.71 
1986 1	   0.08   17.04    0.37    2.96 
1986 2	 111.33   17.25    3.50    3.17 
1986 3	  37.88   22.75    7.01    3.05 
1986 4	 112.88   25.43   13.11    3.28 
1986 5	 195.12   27.62   15.85    3.10 
1986 6	 119.55   32.40   19.69    1.67 
1986 7	  40.30   36.51   22.31    2.32 
1986 8	  76.12   34.56   21.27    2.16 
1986 9	  65.65   31.34   20.41    2.34 
1986 10	  82.45   24.44   11.90    2.38 
1986 11	  88.25   16.91    4.30    2.74 
1986 12	  66.80   12.20    1.87    2.56 
1987 1	  40.83   12.74   -1.14    2.75 
1987 2	 114.78   15.74    3.86    3.37 
1987 3	  45.30   19.25    3.78    2.95 
1987 4	   8.60   27.09    8.37    2.55 
1987 5	 210.70   29.15   16.87    2.34 
1987 6	 180.55   31.13   19.67    2.17 
1987 7	  43.15   33.82   21.17    2.25 
1987 8	  51.70   36.77   22.74    2.35 
1987 9	  59.83   31.48   16.83    1.96 
1987 10	  17.77   26.53   10.29    2.53 
1987 11	  99.45   19.78    6.26    2.61 
1987 12	  74.12   13.90    1.65    2.73 
1988 1	  13.38   11.16   -1.67    3.18 
1988 2	  31.58   15.27    0.36    3.02 
1988 3	  27.00   21.06    4.47    3.44 
1988 4	  34.77   26.02    9.08    2.72 
1988 5	 179.85   29.37   14.51    2.75 
1988 6	  47.92   32.24   18.64    1.89 
1988 7	  45.65   35.17   21.76    2.21 
1988 8	  14.10   37.02   22.35    1.82 
1988 9	 134.62   31.96   17.45    2.29 
1988 10	  34.97   24.96   10.49    2.27 
1988 11	  50.47   21.37    5.66    3.07 
1988 12	  79.15   15.42    1.44    2.83 
1989 1	  77.43   16.16    2.60    2.80 
1989 2	 113.40   10.53   -0.79    3.79 
1989 3	  88.33   20.62    5.25    3.61 
1989 4	  44.17   25.51   11.45    3.28 
1989 5	 257.98   28.78   16.84    3.44 
1989 6	 308.90   30.44   18.37    2.62 
1989 7	  59.45   33.84   20.92    1.91 
1989 8	  46.28   33.16   20.98    2.26 
1989 9	  80.53   29.84   15.17    2.32 
1989 10	  28.77   27.63   11.95    2.71 
1989 11	   9.27   21.60    5.82    2.74 
1989 12	   8.45   11.75   -4.90    3.23 
1990 1	  88.32   17.76    2.68    3.00 
1990 2	  54.37   18.52    3.67    3.28 
1990 3	 146.55   19.86    7.20    3.53 
1990 4	 246.23   23.67   10.80    3.24 
1990 5	 178.63   28.76   15.66    3.45 
1990 6	  72.80   34.37   21.79    2.83 
1990 7	  91.05   33.46   20.71    2.05 
1990 8	  48.07   34.77   21.14    2.11 
1990 9	  20.25   32.34   19.29    1.56 
1990 10	  54.60   26.43   10.20    2.45 
1990 11	 113.38   22.07    8.12    2.88 
1990 12	  34.88   12.71   -0.77    2.89 
1991 1	  60.95   10.53   -0.25    2.68 
1991 2	  26.95   18.95    3.41    2.77 
1991 3	  18.58   22.35    7.37    3.43 
1991 4	  37.85   26.44   12.52    2.99 
1991 5	 157.35   28.82   17.45    2.65 
1991 6	 108.78   32.57   20.48    1.99 
1991 7	  79.65   35.61   21.91    1.88 
1991 8	 144.45   32.81   21.09    1.63 
1991 9	  71.47   28.65   17.29    2.00 
1991 10	 274.18   26.80   11.92    2.35 
1991 11	  38.00   16.83    4.22    3.04 
1991 12	 254.68   14.63    4.19    2.91 
1992 1	  63.98   13.53    1.72    2.39 
1992 2	  89.48   17.40    5.08    2.89 
1992 3	  66.57   21.52    7.46    2.93 
1992 4	  39.20   24.58   11.36    2.60 
1992 5	 127.35   26.57   14.73    2.30 
1992 6	 137.52   31.32   19.47    1.87 
1992 7	  49.53   33.91   21.95    2.91 
1992 8	  97.22   31.87   19.10    2.03 
1992 9	  62.45   31.10   17.60    2.70 
1992 10	  59.93   27.56   11.68    2.30 
1992 11	  65.00   16.80    5.32    2.72 
1992 12	 115.17   14.89    2.88    2.57 
1993 1	  47.57   11.36    0.89    2.68 
1993 2	 130.45   14.24    2.22    3.09 
1993 3	  46.60   18.51    6.07    3.15 
1993 4	  81.38   23.62    9.77    3.59 
1993 5	  60.40   27.50   15.06    2.87 
1993 6	  89.50   32.90   20.71    2.90 
1993 7	   0.00   36.80   23.49    3.17 
1993 8	  40.45   37.29   22.72    2.26 
1993 9	 127.80   32.03   16.40    1.98 
1993 10	 219.22   23.55   10.24    2.62 
1993 11	  38.30   16.79    3.11    2.79 
1993 12	  52.45   15.09    2.92    2.93 
1994 1	  40.05   12.62    0.81    3.14 
1994 2	  50.88   15.33    0.91    2.91 
1994 3	  27.27   21.85    6.43    3.04 
1994 4	  58.67   25.87   10.93    3.24 
1994 5	 183.43   26.73   15.43    2.33 
1994 6	  40.47   34.62   21.68    2.31 
1994 7	  73.20   34.88   21.19    2.64 
1994 8	  92.55   35.95   21.24    1.81 
1994 9	 123.18   29.78   16.90    1.76 
1994 10	 143.28   25.14   12.49    2.45 
1994 11	 177.87   20.06    8.55    2.86 
1994 12	  43.15   15.38    3.58    2.38 
1995 1	  25.80   14.63    1.67    3.19 
1995 2	  31.18   17.91    4.39    2.91 
1995 3	  83.57   18.83    6.58    3.32 
1995 4	  47.70   24.50   10.57    3.33 
1995 5	 172.83   27.51   15.91    2.91 
1995 6	  63.00   31.46   18.41    2.17 
1995 7	 133.75   35.67   21.76    2.26 
1995 8	  89.35   34.67   22.17    1.48 
1995 9	  94.20   30.15   17.95    1.92 
1995 10	  31.85   27.53   10.55    2.44 
1995 11	  19.40   20.66    4.69    2.82 
1995 12	  42.60   14.11    2.18    3.05 
1996 1	  16.18   13.03   -2.38    3.24 
1996 2	   1.75   18.89    2.29    3.96 
1996 3	  42.53   18.89    3.13    3.62 
1996 4	  59.28   25.43    8.48    3.65 
1996 5	  39.05   32.45   19.47    4.00 
1996 6	  82.05   34.16   20.62    2.15 
1996 7	 113.65   35.93   23.25    2.32 
1996 8	 184.53   32.83   21.70    2.06 
1996 9	  85.73   28.94   16.86    1.46 
1996 10	  91.95   25.47   11.42    2.85 
1996 11	 197.12   18.46    5.97    2.91 
1996 12	   0.88   16.71    1.71    2.93 
1997 1	   8.15   12.89    0.26    3.45 
1997 2	 217.45   14.40    3.72    3.08 
1997 3	  83.75   21.13    7.37    2.86 
1997 4	 126.50   21.03    9.21    3.23 
1997 5	 116.32   26.83   14.82    2.51 
1997 6	 135.47   31.04   19.84    1.97 
1997 7	  55.72   34.68   22.52    1.65 
1997 8	  89.90   34.25   21.49    2.14 
1997 9	  27.65   33.41   18.87    2.06 
1997 10	 102.35   26.18   12.54    2.65 
1997 11	  30.25   17.07    4.65    2.71 
1997 12	 121.10   12.65    0.57    3.04 
1998 1	  76.75   15.08    2.77    3.03 
1998 2	  68.05   15.89    4.17    2.79 
1998 3	 115.10   18.06    5.17    3.91 
1998 4	  26.35   24.43    9.23    3.08 
1998 5	  49.35   32.03   17.62    3.07 
1998 6	  42.95   35.09   22.10    3.76 
1998 7	   5.95   38.86   24.24    2.60 
1998 8	  38.62   36.33   21.92    1.34 
1998 9	  34.87   33.96   20.56    2.11 
1998 10	 156.12   26.22   13.92    2.70 
1998 11	  57.23   19.33    8.44    2.60 
1998 12	  68.68   13.75    1.01    3.14 
1999 1	  41.77   15.99    0.43    3.63 
1999 2	   3.95   20.43    4.18    3.02 
1999 3	  94.93   18.34    5.71    3.38 
1999 4	  65.77   25.56   11.52    3.61 
1999 5	 178.40   27.95   15.38    2.47 
1999 6	  72.00   31.18   20.87    2.52 
1999 7	  15.85   35.19   21.97    1.96 
1999 8	   5.07   38.52   22.46    1.72 
1999 9	  33.82   32.10   17.33    2.39 
1999 10	  49.70   27.32   10.53    2.25 
1999 11	   0.77   23.49    7.66    2.40 
1999 12	  57.10   16.33    1.02    3.17 
2000 1	  35.12   15.71    1.57    3.49 
2000 2	  23.52   19.74    4.18    3.29 
2000 3	  91.33   21.44    7.29    2.96 
2000 4	  91.25   24.43    9.74    3.11 
2000 5	  63.97   30.80   17.29    3.35 
2000 6	 246.03   30.27   20.49    2.56 
2000 7	   4.67   35.97   21.60    2.14 
2000 8	   0.00   38.55   22.27    2.02 
2000 9	  16.90   34.23   16.39    2.29 
2000 10	 122.65   25.52   14.45    2.75 
2000 11	 159.53   14.71    3.67    2.90 
2000 12	  68.88    9.20   -2.39    2.86 
2001 1	  78.85   11.28   -1.36    2.67 
2001 2	 202.22   15.01    2.12    3.15 
2001 3	 100.10   15.60    4.59    2.67 
2001 4	  35.15   24.80   12.53    3.55 
2001 5	  81.62   28.91   16.80    2.57 
2001 6	  54.62   33.11   19.54    2.16 
2001 7	   2.55   37.25   23.36    2.16 
2001 8	 118.15   34.94   22.31    2.18 
2001 9	  46.57   29.40   16.33    1.92 
2001 10	  62.75   25.10    9.42    2.46 
2001 11	  38.27   20.01    8.14    2.51 
2001 12	  61.00   15.56    0.97    2.77 
2002 1	  45.67   14.94   -0.06    2.81 
2002 2	  39.00   14.66   -0.89    2.95 
2002 3	 150.65   18.58    4.12    3.83 
2002 4	  72.47   25.29   13.94    3.61 
2002 5	 134.83   27.56   15.33    3.32 
2002 6	 125.60   31.40   19.43    1.97 
2002 7	  70.43   32.88   21.54    2.06 
2002 8	  14.73   35.22   21.41    1.98 
2002 9	  41.10   32.40   17.09    2.46 
2002 10	 192.80   22.31   12.42    2.28 
2002 11	  17.65   17.86    3.93    3.02 
2002 12	 117.17   14.80    0.92    3.18 
2003 1	   6.62   13.01   -1.27    2.79 
2003 2	  72.57   12.47    1.11    3.10 
2003 3	  21.55   19.44    5.27    2.63 
2003 4	  26.85   25.64   10.43    3.35 
2003 5	 109.08   29.43   16.33    3.00 
2003 6	 159.50   30.78   18.82    1.89 
2003 7	   1.83   35.83   22.15    2.00 
2003 8	  69.03   35.76   21.77    1.73 
2003 9	 101.73   29.06   16.45    1.69 
2003 10	  24.35   26.58   11.26    2.08 
2003 11	  79.15   20.13    7.61    3.07 
2003 12	  20.58   16.61    0.47    3.23 
2004 1	  45.75   15.28    1.31    3.13 
2004 2	 123.97   12.33   -0.24    3.17 
2004 3	  40.15   21.86    8.74    2.99 
2004 4	 101.95   24.25   11.27    3.25 
2004 5	  35.10   28.01   16.45    3.15 
2004 6	 427.85   30.18   19.60    1.83 
2004 7	  56.48   32.73   20.67    1.98 
2004 8	  68.38   31.65   19.41    1.86 
2004 9	  42.95   31.21   15.79    1.82 
2004 10	 115.15   26.77   12.94    2.68 
2004 11	 140.28   18.17    7.08    2.85 
2004 12	  17.42   14.86   -0.48    2.85 
2005 1	  46.35   14.88    1.62    3.31 
2005 2	  55.05   15.37    2.83    2.82 
2005 3	  57.73   18.83    4.22    2.84 
2005 4	   3.32   24.54    8.98    3.35 
2005 5	  89.70   26.96   14.76    2.47 
2005 6	  27.87   33.00   20.07    2.09 
2005 7	  43.08   34.20   21.12    1.74 
2005 8	  34.70   34.62   21.37    1.67 
2005 9	   8.82   34.75   18.59    2.07 
2005 10	  26.38   26.34   10.45    2.46 
2005 11	   0.85   22.52    6.10    2.74 
2005 12	   7.55   14.27   -1.86    2.73 
2006 1	  42.98   19.74    1.83    3.55 
2006 2	  89.65   14.15   -0.30    3.18 
2006 3	  86.00   21.71    8.14    3.47 
2006 4	  69.97   27.81   13.44    3.33 
2006 5	  65.40   29.88   16.40    2.77 
2006 6	  40.47   33.78   19.10    1.82 
2006 7	  22.67   36.15   22.63    2.00 
2006 8	  47.85   37.45   23.65    2.16 
2006 9	  83.05   30.18   15.91    2.18 
2006 10	  65.35   25.84   10.90    2.56 
2006 11	  95.17   20.15    5.95    2.96 
2006 12	  51.67   15.20    1.68    3.02 
2007 1	  75.55    9.76   -1.07    3.11 
2007 2	  12.92   14.48    0.77    3.00 
2007 3	 149.98   22.49    9.75    3.23 
2007 4	 108.15   21.56    9.08    2.96 
2007 5	 221.35   26.60   17.07    2.59 
2007 6	 293.25   30.01   19.97    2.09 
2007 7	  71.40   31.25   20.76    1.56 
2007 8	  33.65   34.42   22.18    1.63 
2007 9	 124.02   30.97   18.12    1.59 
2007 10	  35.65   27.01   11.60    2.41 
2007 11	  46.90   20.74    6.71    2.75 
2007 12	  33.70   14.39   -0.85    2.46 
2008 1	   4.12   13.28   -1.98    2.92 
2008 2	  25.65   17.70    1.09    3.20 
2008 3	 164.75   20.49    5.13    3.84 
2008 4	  99.90   24.38    9.40    3.23 
2008 5	  82.60   28.85   15.32    3.13 
2008 6	  48.25   34.31   21.87    3.10 
2008 7	  31.02   35.84   22.23    2.43 
2008 8	 119.33   33.64   21.33    1.77 
2008 9	  32.20   29.10   15.36    2.27 
2008 10	  38.67   25.78    9.89    2.20 
2008 11	  40.02   20.54    4.72    2.36 
2008 12	  11.95   14.73   -0.97    3.40 
2009 1	  14.95   15.37   -0.84    3.00 
2009 2	  23.62   19.85    3.70    3.73 
2009 3	  67.20   20.79    7.46    3.49 
2009 4	  74.18   24.05    9.50    3.58 
2009 5	  76.60   27.29   15.15    2.40 
2009 6	 103.15   33.40   21.08    2.61 
2009 7	  92.22   35.47   22.42    2.05 
2009 8	  35.67   35.10   21.82    2.20 
2009 9	 152.60   28.40   17.17    1.77 
2009 10	 225.47   21.12    9.78    2.71 
2009 11	  12.22   20.89    6.64    2.30 
2009 12	  39.03   10.53   -1.58    2.80 
2010 1	  65.23   11.31   -1.59    3.02 
2010 2	 156.12    8.57   -0.55    2.84 
2010 3	  86.65   18.14    4.10    3.12 
2010 4	  90.95   23.98   11.18    3.33 
2010 5	  66.18   28.62   16.37    2.66 
2010 6	  64.90   34.40   22.77    2.35 
2010 7	 132.15   33.44   23.18    2.12 
2010 8	   6.85   36.85   23.32    2.03 
2010 9	 241.58   30.76   19.57    2.05 
2010 10	  27.88   26.41    9.96    2.29 
2010 11	  14.40   20.27    5.50    3.30 
2010 12	  42.75   15.23    0.63    3.14 
