1949 1	 146.93   16.33    7.12    6.73 
1949 2	 175.30   18.21    9.57    5.77 
1949 3	 182.05   21.12   10.67    6.60 
1949 4	 164.32   23.12   14.02    6.54 
1949 5	  28.35   29.27   20.40    5.43 
1949 6	  59.80   32.35   22.90    4.47 
1949 7	 176.90   32.60   23.63    3.81 
1949 8	  80.85   32.04   22.26    3.30 
1949 9	  80.87   31.59   20.82    4.54 
1949 10	 481.98   26.09   18.07    5.79 
1949 11	  12.30   22.98    8.00    5.66 
1949 12	 284.80   18.02    8.39    7.41 
1950 1	  20.78   21.22   12.61    6.55 
1950 2	 116.28   21.29   10.11    5.57 
1950 3	  48.65   20.66    8.66    6.28 
1950 4	 159.82   23.98   13.76    6.74 
1950 5	  40.43   29.36   20.51    5.73 
1950 6	 170.00   31.10   22.56    4.08 
1950 7	 151.55   31.52   23.14    4.27 
1950 8	  65.38   32.97   22.33    3.37 
1950 9	 245.98   30.48   20.24    3.76 
1950 10	  10.05   28.52   14.38    5.73 
1950 11	  34.85   21.66    7.29    6.49 
1950 12	  41.40   18.73    4.59    5.76 
1951 1	 131.98   18.22    3.85    6.68 
1951 2	  20.37   17.72    4.96    6.79 
1951 3	 111.78   22.10   10.67    6.33 
1951 4	  22.05   24.07   13.17    5.87 
1951 5	  42.93   28.52   18.27    5.08 
1951 6	  77.75   31.55   22.81    5.39 
1951 7	 123.37   33.56   23.97    3.76 
1951 8	  60.30   34.46   23.91    2.90 
1951 9	 350.60   31.11   20.80    4.52 
1951 10	  24.17   27.95   15.09    5.62 
1951 11	  24.65   19.57    7.92    6.95 
1951 12	  33.88   19.54    7.17    7.22 
1952 1	  99.73   21.28   10.94    6.46 
1952 2	 181.50   18.70    8.43    6.69 
1952 3	  68.60   20.71    8.30    6.66 
1952 4	 190.70   22.79   12.31    5.44 
1952 5	  74.10   28.06   17.51    4.08 
1952 6	   8.55   31.99   22.12    3.67 
1952 7	 210.92   32.15   23.18    3.77 
1952 8	   7.07   33.65   23.30    3.25 
1952 9	  39.80   31.53   18.05    5.88 
1952 10	   0.00   26.43    7.87    5.73 
1952 11	 185.55   20.50    8.40    6.44 
1952 12	 176.62   16.40    5.51    5.71 
1953 1	  73.18   19.63    6.05    6.95 
1953 2	 116.50   17.39    7.38    6.34 
1953 3	   5.03   23.68   13.40    5.41 
1953 4	  25.12   25.94   14.28    6.26 
1953 5	 203.62   28.58   20.21    5.68 
1953 6	 167.65   33.75   22.80    3.64 
1953 7	 142.12   32.89   23.36    3.56 
1953 8	 214.10   31.91   23.12    2.65 
1953 9	   1.67   31.92   18.42    5.01 
1953 10	  83.40   28.47   14.17    5.55 
1953 11	 170.02   20.71    7.42    5.87 
1953 12	 147.42   15.24    4.33    7.03 
1954 1	  52.37   17.77    6.35    5.74 
1954 2	   8.18   22.04    7.38    6.28 
1954 3	  26.52   20.41    8.31    6.65 
1954 4	  80.97   26.59   15.84    5.20 
1954 5	  72.90   27.19   16.09    4.99 
1954 6	  27.68   31.67   21.45    4.05 
1954 7	  64.80   33.70   23.67    3.72 
1954 8	  63.07   33.87   22.70    3.94 
1954 9	  56.03   33.30   19.61    5.25 
1954 10	 133.65   28.74   15.97    6.27 
1954 11	  57.02   21.20    7.07    6.62 
1954 12	  50.98   20.46    5.41    5.96 
1955 1	 112.70   16.28    5.78    5.63 
1955 2	 113.50   17.37    6.75    6.32 
1955 3	  29.40   22.79   11.89    6.78 
1955 4	  41.72   25.64   15.60    5.70 
1955 5	  98.28   29.61   19.52    5.13 
1955 6	  58.35   30.87   20.47    3.81 
1955 7	 110.50   32.41   23.63    4.17 
1955 8	 407.52   32.49   22.92    2.99 
1955 9	  88.32   31.08   22.20    5.22 
1955 10	  65.35   27.86   13.64    5.73 
1955 11	  51.35   21.37    8.82    7.24 
1955 12	 150.23   17.98    6.70    6.49 
1956 1	 120.30   17.16    4.98    6.08 
1956 2	  86.75   18.97    8.25    6.63 
1956 3	  52.25   21.11   10.37    5.57 
1956 4	  58.03   24.43   13.79    6.63 
1956 5	  59.10   29.71   20.04    4.56 
1956 6	  87.72   31.55   20.30    3.99 
1956 7	  11.93   33.71   22.91    3.71 
1956 8	  54.00   33.68   22.25    3.21 
1956 9	  37.35   32.74   18.55    5.18 
1956 10	  65.25   28.93   14.69    4.41 
1956 11	  52.78   21.80    7.07    6.28 
1956 12	 198.88   20.43    8.53    5.69 
1957 1	  42.23   18.58    8.92    5.81 
1957 2	  51.60   21.68   11.89    4.94 
1957 3	 242.98   20.43    9.86    5.44 
1957 4	 173.83   24.17   15.68    6.83 
1957 5	  89.95   28.36   19.56    6.18 
1957 6	 178.43   30.65   22.23    5.50 
1957 7	 111.15   33.52   24.09    2.94 
1957 8	 110.17   32.99   22.51    4.01 
1957 9	 145.00   29.09   19.57    4.55 
1957 10	 121.62   24.93   12.89    6.30 
1957 11	 122.30   21.08   10.34    6.95 
1957 12	  65.22   18.65    6.20    6.54 
1958 1	 106.93   15.11    3.14    8.07 
1958 2	 132.40   13.84    3.76    7.46 
1958 3	  65.90   19.43    7.75    6.47 
1958 4	  61.62   25.24   14.47    5.73 
1958 5	  42.45   29.79   19.27    4.17 
1958 6	  21.02   32.99   22.89    4.59 
1958 7	 155.67   33.74   23.41    3.94 
1958 8	  53.38   33.88   22.79    2.96 
1958 9	 475.52   30.29   21.60    5.48 
1958 10	 103.55   25.25   15.37    6.80 
1958 11	  30.50   22.29   11.33    5.73 
1958 12	  74.30   16.21    4.32    6.20 
1959 1	 129.75   15.06    3.80    6.85 
1959 2	 269.77   17.02    7.55    6.40 
1959 3	  27.77   21.57    8.94    6.63 
1959 4	 129.35   23.60   14.25    5.84 
1959 5	 126.90   29.64   19.93    5.20 
1959 6	  16.67   32.58   22.61    4.37 
1959 7	 303.90   32.62   22.91    2.83 
1959 8	 167.30   32.51   22.78    3.40 
1959 9	  41.72   31.71   21.21    4.69 
1959 10	 130.07   27.14   16.02    5.21 
1959 11	  47.50   19.93    6.89    7.10 
1959 12	 188.77   17.86    7.21    6.79 
1960 1	  48.45   15.20    5.77    6.44 
1960 2	 118.57   15.38    4.26    7.08 
1960 3	   7.77   18.64    8.47    6.03 
1960 4	  60.40   25.96   15.50    5.92 
1960 5	  12.72   28.31   17.54    5.76 
1960 6	 281.97   32.89   22.11    4.17 
1960 7	 138.60   33.81   23.47    2.60 
1960 8	 194.93   32.07   23.14    4.26 
1960 9	  20.38   31.58   19.89    4.54 
1960 10	 168.72   27.96   17.19    4.88 
1960 11	  73.10   22.63   12.19    6.23 
1960 12	 197.10   16.05    6.37    6.83 
1961 1	 127.73   13.91    3.92    6.85 
1961 2	 103.30   18.89    8.36    5.49 
1961 3	  26.62   23.60   13.29    6.69 
1961 4	  61.47   23.82   13.28    6.19 
1961 5	  38.47   28.71   18.93    5.92 
1961 6	 291.57   30.27   21.80    4.38 
1961 7	 109.40   31.97   23.26    3.49 
1961 8	 150.90   31.95   22.01    3.24 
1961 9	 356.75   30.45   21.18    7.06 
1961 10	  23.20   27.45   14.89    6.22 
1961 11	 266.95   21.10   10.14    6.97 
1961 12	  51.38   18.79    7.23    6.15 
1962 1	  50.63   15.20    3.10    7.29 
1962 2	   0.57   23.05   10.72    6.44 
1962 3	  41.47   20.29    8.86    6.46 
1962 4	  90.13   24.92   14.79    6.24 
1962 5	  11.88   29.03   19.79    5.72 
1962 6	 213.05   31.51   22.56    3.62 
1962 7	  43.65   33.82   24.15    2.43 
1962 8	 128.25   34.57   24.28    2.75 
1962 9	  65.78   32.65   22.17    4.23 
1962 10	  69.20   29.41   17.72    5.45 
1962 11	 102.85   21.09    9.94    7.12 
1962 12	 177.07   16.67    6.52    5.76 
1963 1	 122.28   13.75    2.97    7.43 
1963 2	  84.85   17.38    4.66    7.38 
1963 3	   2.12   23.52   10.77    6.27 
1963 4	  21.60   26.96   17.91    6.36 
1963 5	  27.32   29.80   20.02    4.37 
1963 6	 106.45   32.72   22.62    4.03 
1963 7	  26.27   33.28   24.29    3.84 
1963 8	  73.40   34.24   23.65    2.54 
1963 9	  97.67   31.74   21.62    4.79 
1963 10	   5.72   29.62   17.43    5.19 
1963 11	  88.45   23.21   11.82    6.88 
1963 12	  87.57   14.66    2.16    7.32 
1964 1	 127.00   15.43    4.33    6.33 
1964 2	 106.60   14.86    4.90    6.48 
1964 3	  94.75   21.23   10.17    6.77 
1964 4	  48.72   25.56   16.75    6.99 
1964 5	  61.15   29.46   20.20    5.11 
1964 6	  37.38   31.39   22.39    4.32 
1964 7	 125.72   33.08   23.50    4.03 
1964 8	  63.23   33.50   24.09    3.49 
1964 9	 163.68   31.38   20.99    4.45 
1964 10	  13.45   25.98   13.17    6.51 
1964 11	  74.30   23.96   11.95    6.33 
1964 12	 167.43   17.80    6.30    7.27 
1965 1	  25.95   19.04    6.70    6.35 
1965 2	 103.70   17.49    5.25    7.80 
1965 3	  27.77   19.32    8.34    7.58 
1965 4	  21.12   27.08   17.15    6.39 
1965 5	  73.07   28.56   20.43    6.85 
1965 6	  66.80   32.11   21.95    4.62 
1965 7	  86.58   33.75   22.77    2.61 
1965 8	 124.00   32.86   22.10    2.89 
1965 9	 127.50   32.25   20.87    5.50 
1965 10	  61.50   26.64   13.86    5.87 
1965 11	  73.43   25.30   13.66    5.32 
1965 12	 171.98   19.65    7.67    6.74 
1966 1	 158.65   13.04    2.69    7.38 
1966 2	 150.20   15.92    5.86    6.70 
1966 3	  55.17   21.13    8.49    6.22 
1966 4	 235.35   25.33   14.76    6.46 
1966 5	 174.38   28.77   19.42    5.25 
1966 6	  60.55   32.61   21.26    4.18 
1966 7	 133.10   34.19   23.61    2.86 
1966 8	 274.73   32.07   22.47    3.65 
1966 9	  62.20   31.96   19.64    2.98 
1966 10	 121.35   27.43   13.52    6.13 
1966 11	 143.65   24.30   11.30    6.42 
1966 12	  52.47   18.31    5.60    6.55 
1967 1	  61.80   16.61    4.61    6.43 
1967 2	  59.50   18.00    4.95    6.52 
1967 3	  32.05   24.23   10.36    5.79 
1967 4	 134.30   28.97   18.34    6.75 
1967 5	 184.50   29.37   17.41    6.84 
1967 6	  13.07   33.46   22.29    4.57 
1967 7	 130.15   32.83   21.91    3.91 
1967 8	  67.97   32.77   21.44    3.21 
1967 9	  31.47   31.34   18.53    5.97 
1967 10	  81.80   28.91   12.46    6.01 
1967 11	  26.27   23.36   11.02    6.11 
1967 12	 115.35   18.77    6.78    6.45 
1968 1	 146.87   15.09    5.00    7.05 
1968 2	  50.20   16.11    4.28    6.25 
1968 3	  57.75   19.26    8.37    6.62 
1968 4	 134.00   26.44   17.17    6.70 
1968 5	 219.23   28.50   19.91    5.60 
1968 6	 232.10   31.19   22.32    4.51 
1968 7	  56.03   33.89   23.51    3.77 
1968 8	  62.10   34.35   23.81    3.67 
1968 9	 150.62   31.79   18.89    5.02 
1968 10	  55.57   30.18   19.15    5.42 
1968 11	 171.15   22.88    8.97    6.79 
1968 12	  58.12   17.90    4.95    6.97 
1969 1	  40.33   19.46    8.94    6.87 
1969 2	 150.15   21.42   10.89    6.95 
1969 3	  80.93   18.90    8.78    6.43 
1969 4	 169.08   26.92   16.72    5.51 
1969 5	 253.30   28.53   18.61    5.10 
1969 6	  19.98   33.48   21.80    4.91 
1969 7	 188.00   35.95   23.66    3.48 
1969 8	 108.90   35.28   23.84    3.76 
1969 9	  46.75   32.91   20.53    4.87 
1969 10	  90.95   29.82   14.90    7.73 
1969 11	  49.92   22.42    6.57    6.94 
1969 12	 139.55   16.43    7.04    5.88 
1970 1	  71.33   12.84    2.20    7.31 
1970 2	  55.57   17.83    5.38    6.57 
1970 3	 153.75   20.00    9.70    6.09 
1970 4	  63.03   26.31   16.22    6.50 
1970 5	 244.05   28.82   19.46    6.20 
1970 6	  67.57   32.46   21.88    4.10 
1970 7	 108.50   34.31   24.46    3.44 
1970 8	  94.15   35.90   25.13    3.81 
1970 9	 219.32   32.77   21.42    6.34 
1970 10	 291.23   25.68   13.00    6.42 
1970 11	  56.22   20.73    6.97    6.59 
1970 12	  72.90   22.54    9.73    5.53 
1971 1	  16.23   16.90    7.36    6.82 
1971 2	  76.00   19.78    5.63    7.50 
1971 3	  55.47   23.00   10.63    6.42 
1971 4	  81.22   26.08   12.97    6.21 
1971 5	  61.10   28.71   17.68    5.56 
1971 6	  93.43   33.96   21.75    4.38 
1971 7	  68.53   35.72   22.94    3.44 
1971 8	 167.93   32.89   22.24    2.98 
1971 9	 193.47   30.93   21.20    5.24 
1971 10	  58.65   28.41   16.39    5.14 
1971 11	  55.80   23.27   10.77    6.50 
1971 12	 194.50   20.98   10.45    5.98 
1972 1	 118.68   19.84    8.07    6.70 
1972 2	  25.50   19.87    7.89    6.58 
1972 3	  52.20   25.17   11.56    6.02 
1972 4	  70.88   27.89   14.72    6.48 
1972 5	 206.15   29.98   18.84    4.20 
1972 6	 116.28   33.73   22.10    5.87 
1972 7	 146.22   32.34   20.69    4.94 
1972 8	  48.88   33.56   21.67    3.63 
1972 9	 233.15   33.18   21.44    4.01 
1972 10	  48.55   28.23   14.55    5.98 
1972 11	  89.18   20.50    8.22    7.34 
1972 12	  64.20   15.82    4.31    6.86 
1973 1	 110.53   14.23    2.84    7.22 
1973 2	  73.20   16.71    4.49    6.72 
1973 3	 222.65   22.69   12.20    6.38 
1973 4	 299.63   23.43   13.15    7.29 
1973 5	  70.18   28.44   16.97    6.10 
1973 6	 214.33   30.98   21.47    4.87 
1973 7	 107.38   33.39   22.96    3.42 
1973 8	 193.70   32.50   21.26    4.10 
1973 9	 229.58   31.27   20.76    4.96 
1973 10	 233.65   28.77   16.27    5.93 
1973 11	  58.52   25.76   11.14    6.92 
1973 12	  81.88   18.51    4.07    7.43 
1974 1	 179.70   17.70    7.50    5.22 
1974 2	  57.77   20.50    5.44    6.75 
1974 3	  95.40   23.82   12.90    6.34 
1974 4	  88.97   25.51   14.42    7.72 
1974 5	 206.47   29.24   18.94    5.90 
1974 6	   7.03   31.44   20.41    4.83 
1974 7	  96.35   32.89   22.16    2.85 
1974 8	 132.07   32.16   21.44    3.34 
1974 9	  79.30   28.89   18.48    6.36 
1974 10	  97.13   27.62   14.33    7.41 
1974 11	 221.60   21.43    9.40    6.51 
1974 12	 109.35   18.23    6.37    5.97 
1975 1	  74.33   18.96    8.36    6.33 
1975 2	  41.88   18.68    6.37    5.32 
1975 3	  60.50   21.72   10.05    6.64 
1975 4	 121.95   24.06   14.84    7.58 
1975 5	 181.48   29.06   19.83    5.60 
1975 6	 231.60   31.02   22.43    4.97 
1975 7	 106.47   32.38   23.19    3.52 
1975 8	 302.58   32.22   22.73    3.83 
1975 9	 121.45   29.80   18.61    5.00 
1975 10	 156.20   28.00   14.29    5.92 
1975 11	 117.22   21.79    9.24    6.43 
1975 12	  68.72   16.73    6.76    6.22 
1976 1	  28.48   17.34    3.97    7.11 
1976 2	  28.40   21.03    9.00    5.98 
1976 3	  69.53   22.19   12.46    7.23 
1976 4	  67.85   25.80   15.50    6.20 
1976 5	  75.20   27.55   17.50    4.96 
1976 6	 140.70   31.10   20.88    4.54 
1976 7	  98.02   31.75   22.70    3.45 
1976 8	  80.93   33.61   21.82    3.09 
1976 9	 156.42   31.39   20.20    3.62 
1976 10	 138.40   22.33   10.60    6.45 
1976 11	 127.50   16.89    6.32    7.45 
1976 12	 191.25   15.41    4.79    6.85 
1977 1	  89.25   11.26    1.28    6.99 
1977 2	  44.95   17.76    6.30    7.17 
1977 3	  56.18   21.65   11.13    6.67 
1977 4	 139.52   25.07   14.38    6.18 
1977 5	  19.90   29.20   19.32    5.09 
1977 6	 145.07   32.30   23.06    4.60 
1977 7	  73.65   33.12   23.72    2.94 
1977 8	  99.70   32.78   23.92    4.10 
1977 9	 155.18   32.15   22.29    4.25 
1977 10	  37.53   27.36   14.93    5.09 
1977 11	 234.10   22.42   11.04    6.03 
1977 12	  45.77   18.02    6.39    6.99 
1978 1	 181.10   11.21    1.67    8.04 
1978 2	  50.05   11.74    1.98    7.07 
1978 3	  13.97   20.20    8.14    5.52 
1978 4	  13.07   25.14   15.32    5.83 
1978 5	  19.72   30.55   20.12    5.28 
1978 6	 120.10   32.65   22.63    3.86 
1978 7	  77.80   33.58   24.04    2.87 
1978 8	  70.80   33.36   23.64    3.98 
1978 9	 165.65   30.82   21.99    5.44 
1978 10	   5.65   28.45   14.16    5.54 
1978 11	 170.08   23.95   12.49    5.56 
1978 12	  72.68   18.06    6.39    7.13 
1979 1	 117.35   12.40    1.84    8.08 
1979 2	  96.80   14.64    5.82    6.28 
1979 3	 154.10   21.95   11.50    6.76 
1979 4	 272.60   24.84   16.20    5.81 
1979 5	 193.73   27.63   17.65    5.57 
1979 6	  39.12   31.41   22.43    4.55 
1979 7	 343.30   32.15   23.81    4.53 
1979 8	  79.33   32.43   22.95    3.15 
1979 9	 298.55   29.25   19.65    6.71 
1979 10	  84.72   27.99   14.86    5.22 
1979 11	  40.53   20.62    6.68    7.48 
1979 12	  55.65   17.76    5.51    6.36 
1980 1	 254.18   17.38    8.48    5.73 
1980 2	  61.00   16.51    5.34    6.41 
1980 3	 174.40   20.85   10.46    6.53 
1980 4	  35.35   24.31   13.57    5.78 
1980 5	 167.13   30.03   19.64    4.59 
1980 6	  53.75   33.01   23.64    4.87 
1980 7	 139.45   35.42   24.51    2.52 
1980 8	  49.53   34.09   23.41    5.02 
1980 9	 274.60   33.23   22.70    4.18 
1980 10	  48.05   26.51   13.13    6.06 
1980 11	  67.82   19.93    8.62    6.50 
1980 12	  57.83   18.57    6.88    5.99 
1981 1	 107.00   16.56    3.63    5.77 
1981 2	  42.70   17.66    5.92    5.89 
1981 3	  52.40   21.86    9.88    6.18 
1981 4	  71.70   27.40   17.81    5.40 
1981 5	  77.40   28.79   18.46    5.36 
1981 6	 499.88   32.19   23.27    5.48 
1981 7	 162.22   34.51   24.42    3.57 
1981 8	 148.47   35.29   23.72    3.29 
1981 9	 133.83   32.84   19.46    4.65 
1981 10	 242.35   28.55   15.91    5.52 
1981 11	  39.62   24.52   11.85    5.46 
1981 12	 114.78   18.75    7.37    6.42 
1982 1	  53.98   18.33    5.16    7.11 
1982 2	  98.70   16.91    6.01    6.43 
1982 3	  51.95   22.90   12.74    6.42 
1982 4	  78.90   25.37   14.94    6.69 
1982 5	  94.92   30.09   19.21    5.62 
1982 6	  85.10   33.93   22.50    3.38 
1982 7	  49.77   34.96   24.16    2.60 
1982 8	  81.43   34.67   23.78    2.63 
1982 9	   5.40   33.83   19.67    5.27 
1982 10	  75.62   28.26   15.60    6.35 
1982 11	 253.80   22.80   10.82    6.39 
1982 12	 273.73   20.00    8.23    7.62 
1983 1	  87.68   16.04    5.14    5.69 
1983 2	 116.90   17.09    6.42    7.19 
1983 3	  86.82   21.16    8.71    6.12 
1983 4	  14.98   23.54   12.90    7.05 
1983 5	 127.88   29.22   17.61    5.77 
1983 6	 189.22   32.13   21.36    4.29 
1983 7	 229.70   33.71   23.65    4.33 
1983 8	 263.92   33.33   23.25    2.97 
1983 9	 347.42   30.84   20.06    5.72 
1983 10	  27.80   29.07   15.30    5.35 
1983 11	  74.95   24.24   11.45    6.35 
1983 12	 123.45   14.92    3.16    7.86 
1984 1	 118.70   14.64    3.81    6.81 
1984 2	  60.25   18.53    6.16    6.53 
1984 3	  30.85   22.00   10.60    5.90 
1984 4	   5.48   27.00   15.25    6.86 
1984 5	  90.38   30.49   18.47    6.61 
1984 6	  43.58   32.75   22.06    4.58 
1984 7	  55.18   34.07   22.87    2.90 
1984 8	  72.22   34.01   22.89    3.34 
1984 9	  94.40   31.59   19.52    6.94 
1984 10	 210.22   29.03   17.99    6.25 
1984 11	  75.83   22.20   10.02    6.85 
1984 12	  54.88   22.11   12.71    6.51 
1985 1	  64.02   13.81    2.59    6.45 
1985 2	 185.22   15.96    5.61    6.55 
1985 3	 134.52   23.34   13.94    6.33 
1985 4	  35.38   27.51   16.80    6.47 
1985 5	 117.00   30.29   19.46    4.12 
1985 6	 196.85   32.48   22.59    4.98 
1985 7	 147.25   32.87   23.36    2.99 
1985 8	  63.25   35.07   24.04    3.11 
1985 9	 214.88   33.12   20.44    6.01 
1985 10	 177.35   26.95   17.46    7.24 
1985 11	 127.82   24.43   14.24    5.76 
1985 12	  39.53   16.66    4.55    6.39 
1986 1	  30.00   18.83    5.44    6.34 
1986 2	  52.98   21.36    9.69    6.58 
1986 3	  19.60   23.96    9.74    5.54 
1986 4	  39.85   27.05   16.04    5.80 
1986 5	 109.05   29.15   19.95    5.31 
1986 6	 219.00   32.98   23.01    3.37 
1986 7	  11.18   34.70   24.69    3.74 
1986 8	 136.80   34.95   23.16    3.42 
1986 9	 126.68   32.85   23.20    4.52 
1986 10	 197.12   26.97   15.83    5.76 
1986 11	 245.98   22.26   13.14    7.09 
1986 12	 153.50   15.62    7.30    7.01 
1987 1	 121.52   16.08    4.80    6.39 
1987 2	 103.22   18.49    8.08    6.44 
1987 3	  19.35   21.56    8.08    6.38 
1987 4	   2.20   26.58   11.44    4.43 
1987 5	 223.52   29.10   19.88    4.29 
1987 6	 243.38   31.05   22.37    5.01 
1987 7	  76.08   32.32   23.34    3.85 
1987 8	  45.97   34.41   24.32    3.46 
1987 9	 204.25   31.19   19.77    4.39 
1987 10	   4.18   26.47   11.92    6.32 
1987 11	 145.00   22.46    9.58    7.31 
1987 12	 132.35   18.48    7.99    6.44 
1988 1	  53.08   14.00    3.04    7.47 
1988 2	  55.05   16.45    6.47    6.69 
1988 3	 145.10   21.01   10.33    6.60 
1988 4	  72.65   25.62   13.66    5.61 
1988 5	  20.12   28.31   17.26    4.71 
1988 6	  75.35   31.18   20.71    4.30 
1988 7	 117.70   32.45   23.51    3.67 
1988 8	  49.87   33.42   23.53    3.72 
1988 9	 128.98   31.08   20.53    5.90 
1988 10	  16.42   27.36   14.38    5.26 
1988 11	  21.85   23.88   11.83    7.05 
1988 12	  88.35   18.45    6.87    6.31 
1989 1	 127.60   18.05    9.43    5.85 
1989 2	  11.10   15.06    6.22    7.59 
1989 3	  54.47   20.46   10.40    6.59 
1989 4	  51.60   24.53   14.47    5.54 
1989 5	 137.05   28.62   20.23    5.50 
1989 6	 516.55   30.25   22.21    6.05 
1989 7	 207.85   31.29   23.31    4.19 
1989 8	  79.95   31.35   22.23    3.34 
1989 9	  26.30   29.99   19.07    5.50 
1989 10	 148.12   27.28   14.03    6.02 
1989 11	  89.67   22.09   11.99    6.87 
1989 12	  23.67   12.13    1.22    7.64 
1990 1	 161.32   17.96    8.13    5.75 
1990 2	  71.50   19.27   10.21    7.14 
1990 3	 154.95   20.93   12.23    6.13 
1990 4	  94.00   24.55   15.15    6.32 
1990 5	 201.60   28.04   20.31    6.06 
1990 6	  35.75   32.85   23.42    4.13 
1990 7	 124.85   31.77   22.17    3.43 
1990 8	  38.78   33.99   22.95    2.70 
1990 9	 104.92   31.25   20.72    3.59 
1990 10	 113.48   26.12   13.13    5.84 
1990 11	  74.83   22.99   10.84    6.41 
1990 12	 107.32   17.10    5.90    6.58 
1991 1	 229.30   13.52    5.09    6.59 
1991 2	 167.13   18.94    8.40    6.58 
1991 3	  68.03   22.03   12.27    7.35 
1991 4	 204.23   25.10   17.52    6.28 
1991 5	 214.10   28.70   20.32    6.21 
1991 6	 147.55   31.02   22.40    4.41 
1991 7	 162.45   32.27   23.29    3.29 
1991 8	 167.72   31.56   22.69    2.88 
1991 9	 255.30   29.05   19.69    5.30 
1991 10	  68.35   27.59   15.96    5.77 
1991 11	 101.72   18.57    7.93    7.56 
1991 12	 181.18   17.01    9.26    7.02 
1992 1	 191.22   14.75    5.47    6.56 
1992 2	 162.27   19.60    9.32    6.32 
1992 3	  91.65   22.17   11.77    5.88 
1992 4	  89.30   24.35   13.89    4.90 
1992 5	 112.55   27.51   17.92    4.50 
1992 6	 144.07   33.72   25.44    3.67 
1992 7	  81.80   32.72   23.93    4.47 
1992 8	  77.18   31.59   20.90    3.03 
1992 9	  76.03   31.55   20.93    5.07 
1992 10	  52.68   28.46   14.19    5.81 
1992 11	 157.50   19.00    7.40    7.08 
1992 12	 142.70   18.10    8.17    5.43 
1993 1	 206.38   16.01    6.49    5.94 
1993 2	  78.62   18.16    7.08    6.64 
1993 3	 180.05   21.22   10.14    5.72 
1993 4	 121.00   23.11   12.79    6.32 
1993 5	 172.78   27.11   17.83    5.04 
1993 6	 299.03   30.21   22.89    6.24 
1993 7	  11.57   32.79   24.15    3.69 
1993 8	  48.83   34.09   23.94    2.80 
1993 9	  62.93   32.18   20.09    4.68 
1993 10	 128.28   25.86   14.77    6.10 
1993 11	  98.65   18.64    7.54    6.91 
1993 12	  63.92   17.77    6.33    6.69 
1994 1	  54.10   15.12    4.87    7.60 
1994 2	  17.70   17.04    7.03    6.42 
1994 3	  54.15   21.22   10.78    5.68 
1994 4	 105.18   24.34   14.88    5.68 
1994 5	 170.62   27.92   18.49    4.88 
1994 6	  58.58   31.15   23.64    4.87 
1994 7	 105.80   32.52   23.68    4.22 
1994 8	 294.28   31.10   22.30    3.51 
1994 9	 110.58   30.33   19.55    4.16 
1994 10	 310.53   26.14   16.15    5.99 
1994 11	  16.52   23.58   13.12    6.43 
1994 12	 131.48   17.90    8.74    6.19 
1995 1	 118.15   16.73    6.32    7.08 
1995 2	  97.10   20.05    7.42    5.95 
1995 3	 160.50   20.84   12.11    6.45 
1995 4	  97.60   24.53   14.09    6.60 
1995 5	 272.45   28.52   19.63    6.08 
1995 6	  52.50   31.20   21.41    4.46 
1995 7	 347.32   32.83   24.08    4.01 
1995 8	  85.45   32.56   24.20    3.75 
1995 9	  10.35   31.69   21.65    4.58 
1995 10	  85.68   27.69   14.16    7.96 
1995 11	 115.75   22.06    9.58    6.52 
1995 12	 198.15   17.85    7.82    7.11 
1996 1	 123.03   17.39    4.68    7.15 
1996 2	  33.25   18.18    7.85    6.58 
1996 3	  10.90   19.06    8.03    6.96 
1996 4	  58.15   24.54   13.53    6.36 
1996 5	   9.88   29.09   21.19    5.58 
1996 6	 125.72   32.20   22.17    3.97 
1996 7	  52.40   33.87   24.29    3.76 
1996 8	 292.92   32.12   23.17    3.97 
1996 9	 265.52   30.59   20.41    3.89 
1996 10	  48.30   26.33   15.02    7.32 
1996 11	  46.48   22.13   11.83    7.22 
1996 12	  62.33   18.98    8.42    6.29 
1997 1	 136.43   14.97    6.02    6.61 
1997 2	 111.03   17.29    8.09    7.22 
1997 3	 150.85   23.05   13.98    5.64 
1997 4	 108.55   22.65   12.40    7.25 
1997 5	 236.53   27.75   18.36    5.01 
1997 6	  72.07   31.30   22.54    4.06 
1997 7	  99.30   34.15   24.14    2.59 
1997 8	  37.23   33.69   23.61    3.22 
1997 9	 173.50   32.32   21.79    4.02 
1997 10	 122.62   25.85   16.18    7.21 
1997 11	  76.88   19.68    9.35    6.26 
1997 12	 151.02   16.22    4.90    6.93 
1998 1	 334.92   18.84    8.79    5.74 
1998 2	 110.43   18.24    8.19    6.30 
1998 3	  64.22   20.96   10.39    7.42 
1998 4	  22.05   24.67   13.31    6.06 
1998 5	   0.00   30.62   20.28    4.55 
1998 6	  97.28   32.99   24.28    6.40 
1998 7	  33.87   34.62   24.74    3.75 
1998 8	 209.85   34.56   24.26    3.22 
1998 9	 425.38   32.22   23.18    7.52 
1998 10	 204.08   27.65   17.80    7.41 
1998 11	 109.68   22.28   12.76    5.86 
1998 12	 137.50   17.95    7.86    6.32 
1999 1	  85.38   19.36    6.93    7.12 
1999 2	  48.98   21.32   10.18    5.45 
1999 3	  76.95   21.89   10.47    6.02 
1999 4	   8.73   26.73   16.57    6.59 
1999 5	 164.45   29.09   19.19    4.82 
1999 6	 118.85   31.27   23.10    4.79 
1999 7	 148.90   32.48   23.62    3.44 
1999 8	  93.03   35.42   24.99    3.12 
1999 9	 102.57   31.97   19.17    5.28 
1999 10	  31.10   27.52   14.17    6.40 
1999 11	  13.43   24.19   10.11    5.63 
1999 12	 121.72   18.87    5.81    6.99 
2000 1	  54.33   19.40    7.45    6.84 
2000 2	  25.67   21.60   10.42    6.30 
2000 3	  40.03   24.37   12.98    5.45 
2000 4	 163.80   25.67   14.16    5.26 
2000 5	 239.07   29.04   20.95    5.65 
2000 6	  43.83   32.24   23.16    4.80 
2000 7	  26.93   35.40   24.13    2.90 
2000 8	  19.15   35.13   23.10    2.58 
2000 9	 136.50   32.19   20.07    5.79 
2000 10	  23.02   26.97   15.65    6.61 
2000 11	 209.98   20.11    8.95    6.68 
2000 12	  48.83   14.63    3.14    7.12 
2001 1	 169.50   14.31    4.07    6.07 
2001 2	  34.10   20.02   10.12    6.28 
2001 3	 291.45   19.77    8.95    6.06 
2001 4	  82.35   26.23   17.45    7.31 
2001 5	 185.40   29.04   18.99    5.37 
2001 6	 340.38   31.05   22.04    4.37 
2001 7	 161.52   33.24   23.90    2.91 
2001 8	 349.12   33.23   23.50    4.07 
2001 9	 247.65   30.16   20.27    5.71 
2001 10	 200.20   25.63   13.61    6.75 
2001 11	  98.62   23.90   12.22    6.18 
2001 12	 142.25   18.94    8.20    6.43 
2002 1	  66.47   17.94    6.69    6.57 
2002 2	  22.17   17.21    4.72    6.96 
2002 3	  68.92   21.38   10.12    7.24 
2002 4	 118.95   26.23   17.22    5.88 
2002 5	  57.05   28.66   19.38    6.68 
2002 6	  88.00   31.35   21.37    4.76 
2002 7	 123.15   32.97   23.53    3.68 
2002 8	 167.90   32.99   23.43    3.88 
2002 9	 199.75   30.28   21.54    6.69 
2002 10	 316.25   26.02   17.84    5.23 
2002 11	 113.65   20.23    9.73    6.63 
2002 12	 231.52   16.95    7.33    7.24 
2003 1	  94.22   14.85    4.11    6.36 
2003 2	 138.45   16.08    7.43    6.40 
2003 3	  82.48   20.62   10.49    4.32 
2003 4	  65.07   24.69   15.27    5.54 
2003 5	   0.03   30.65   20.83    5.61 
2003 6	 217.70   31.85   22.14    4.07 
2003 7	 183.37   31.47   24.05    4.31 
2003 8	 240.73   32.63   24.28    3.75 
2003 9	 197.90   29.60   20.28    5.19 
2003 10	 106.88   27.22   15.12    5.62 
2003 11	 120.73   24.08   12.60    6.98 
2003 12	 100.33   17.50    5.13    6.61 
2004 1	 120.88   16.50    7.35    6.53 
2004 2	 165.50   15.16    6.85    6.79 
2004 3	  46.12   22.96   14.14    6.05 
2004 4	 120.53   24.32   15.15    5.88 
2004 5	 192.73   28.48   19.97    6.08 
2004 6	 316.28   31.00   23.10    4.81 
2004 7	  71.57   33.01   24.20    3.03 
2004 8	  55.68   32.86   22.86    4.13 
2004 9	  33.47   32.31   21.46    4.91 
2004 10	  60.22   29.29   20.08    5.54 
2004 11	 257.45   21.02   11.09    6.52 
2004 12	  67.68   15.29    4.19    7.25 
2005 1	  84.25   18.25    8.44    5.96 
2005 2	 116.33   17.47    9.94    5.86 
2005 3	  81.80   20.26   10.25    5.20 
2005 4	  20.17   24.63   14.09    5.94 
2005 5	  85.62   29.27   18.25    4.78 
2005 6	  15.38   31.90   22.60    4.00 
2005 7	 111.22   32.92   23.98    4.05 
2005 8	  92.62   34.21   24.33    3.08 
2005 9	 165.10   32.15   22.16    5.26 
2005 10	  53.57   27.00   13.94    6.75 
2005 11	  95.80   23.02   11.47    6.70 
2005 12	  72.28   16.87    4.76    6.94 
2006 1	  47.48   19.75    8.51    6.10 
2006 2	  41.25   17.39    6.59    6.45 
2006 3	  49.82   22.54   12.30    6.92 
2006 4	 100.88   25.75   16.62    5.76 
2006 5	 311.23   28.19   18.24    5.39 
2006 6	 229.02   31.15   21.45    3.11 
2006 7	 406.07   31.04   23.40    3.06 
2006 8	  56.53   32.61   23.97    3.36 
2006 9	 191.68   30.87   19.66    3.92 
2006 10	 446.70   26.87   16.18    6.10 
2006 11	  10.75   22.49   10.50    6.55 
2006 12	 125.05   17.86    7.14    7.17 
2007 1	 161.02   14.57    5.49    7.07 
2007 2	  25.27   16.51    5.94    6.04 
2007 3	 130.10   22.71   12.77    5.95 
2007 4	  98.35   23.18   13.51    6.15 
2007 5	 220.03   28.17   18.99    5.61 
2007 6	 141.50   30.77   22.58    4.41 
2007 7	 242.50   30.45   23.11    4.20 
2007 8	 148.55   33.13   23.99    3.60 
2007 9	 120.22   31.24   21.42    4.30 
2007 10	  67.58   28.12   16.07    6.76 
2007 11	 118.93   22.67   11.30    5.43 
2007 12	  64.28   20.44    8.17    5.23 
2008 1	 185.50   16.20    4.85    7.58 
2008 2	  55.80   20.30    7.99    6.20 
2008 3	 100.45   21.94    9.97    7.38 
2008 4	  20.82   25.20   14.70    6.46 
2008 5	  76.80   28.48   19.60    5.83 
2008 6	 107.65   31.85   22.75    4.47 
2008 7	 146.40   32.34   23.03    4.09 
2008 8	 288.55   32.08   22.11    3.84 
2008 9	 221.30   30.56   19.05    6.25 
2008 10	  45.88   26.77   13.54    6.00 
2008 11	  78.58   22.96    9.74    6.41 
2008 12	  57.32   18.21    6.78    7.27 
2009 1	  10.53   17.99    5.32    6.16 
2009 2	  15.50   20.61    8.58    6.73 
2009 3	 138.98   21.11   10.46    6.61 
2009 4	 486.18   24.66   13.21    7.09 
2009 5	  48.65   28.97   18.95    5.66 
2009 6	  69.85   32.03   22.18    3.76 
2009 7	  75.20   33.47   23.75    3.03 
2009 8	  83.62   33.38   22.33    2.29 
2009 9	  90.07   29.81   20.59    3.88 
2009 10	 295.40   25.98   16.14    6.61 
2009 11	  50.27   22.03   10.20    6.68 
2009 12	 121.62   13.51    4.86    7.37 
2010 1	  41.25   13.90    3.66    6.89 
2010 2	 122.65   12.79    2.63    7.08 
2010 3	  51.45   19.05    7.12    5.97 
2010 4	   7.15   24.49   13.76    6.08 
2010 5	  79.47   29.60   19.28    4.73 
2010 6	 109.12   32.25   23.52    4.41 
2010 7	 290.53   31.55   23.54    4.87 
2010 8	  66.33   34.26   24.00    3.13 
2010 9	 166.50   30.76   21.20    5.87 
2010 10	   7.42   28.08   13.94    5.01 
2010 11	 116.70   21.15   10.01    6.50 
2010 12	 119.62   16.99    5.22    6.99 
