1949 1	  50.07    2.98   -8.59    3.87 
1949 2	  19.58   11.72   -2.81    3.47 
1949 3	   4.80   17.85   -0.41    4.06 
1949 4	  43.38   19.66    4.79    3.13 
1949 5	 159.80   26.08   10.96    3.75 
1949 6	 119.50   30.79   14.95    3.95 
1949 7	  84.40   32.65   17.41    3.12 
1949 8	  50.35   31.03   15.52    2.58 
1949 9	  57.10   27.17   12.64    2.89 
1949 10	  30.70   21.63    5.31    3.01 
1949 11	   4.32   20.78   -0.04    2.66 
1949 12	  10.08   11.16   -5.89    3.24 
1950 1	   1.83   15.09   -4.87    3.53 
1950 2	   0.30   17.12   -3.64    3.10 
1950 3	   0.00   18.94   -3.32    4.27 
1950 4	   5.28   23.52    3.39    4.20 
1950 5	  27.67   27.44    9.06    3.61 
1950 6	  40.50   32.85   15.58    4.31 
1950 7	 236.07   29.85   16.74    3.60 
1950 8	  61.67   30.97   14.84    2.98 
1950 9	  96.75   25.37   12.22    2.86 
1950 10	   7.10   26.31    7.50    2.93 
1950 11	   0.00   18.33   -2.43    2.87 
1950 12	   9.25   14.09   -6.32    2.38 
1951 1	  15.92   10.83   -6.79    3.49 
1951 2	  25.15   13.45   -4.70    4.16 
1951 3	   5.12   16.10   -2.03    3.89 
1951 4	   7.20   22.17    2.21    3.93 
1951 5	 144.40   26.37    9.63    4.02 
1951 6	  94.25   31.24   14.03    4.26 
1951 7	  77.03   34.03   17.86    3.72 
1951 8	  33.03   33.01   17.14    3.46 
1951 9	  12.17   29.79   11.63    3.68 
1951 10	  44.28   24.29    5.49    3.45 
1951 11	   6.15   14.40   -2.63    3.20 
1951 12	  15.52   11.37   -4.70    3.65 
1952 1	  13.68   12.94   -4.28    3.39 
1952 2	   5.23   14.89   -3.94    3.68 
1952 3	   5.12   16.12   -2.23    4.64 
1952 4	  74.20   20.97    4.33    3.68 
1952 5	  28.98   27.49    9.67    3.75 
1952 6	  34.10   34.07   17.47    4.90 
1952 7	  53.75   31.93   17.11    3.52 
1952 8	  28.05   34.29   18.18    3.25 
1952 9	  23.62   28.03   11.28    2.47 
1952 10	   0.00   23.75    3.34    2.66 
1952 11	  29.12   13.14   -2.71    2.91 
1952 12	  11.50   10.80   -5.33    2.91 
1953 1	  16.42   16.19   -2.45    4.00 
1953 2	  13.30   13.33   -4.78    3.28 
1953 3	   8.43   20.31    1.72    3.68 
1953 4	  32.20   22.60    3.21    3.79 
1953 5	  40.60   26.53    8.45    4.24 
1953 6	   7.72   36.06   17.49    4.68 
1953 7	  85.58   33.65   18.20    3.65 
1953 8	  44.75   31.98   16.53    3.02 
1953 9	   0.05   31.36   10.69    2.68 
1953 10	  61.42   23.30    6.61    3.27 
1953 11	  11.20   16.67   -0.32    3.05 
1953 12	   4.15    9.88   -5.76    3.65 
1954 1	   2.42   13.29   -4.86    3.03 
1954 2	   7.75   18.25   -1.20    3.77 
1954 3	   3.35   16.70   -1.32    3.78 
1954 4	  14.32   25.51    6.84    3.82 
1954 5	  41.75   24.71    9.42    3.61 
1954 6	  18.78   32.86   15.68    4.23 
1954 7	   6.85   35.29   18.22    3.05 
1954 8	  99.62   32.27   17.42    3.46 
1954 9	   4.32   30.56   13.75    3.18 
1954 10	  54.05   23.10    7.40    3.02 
1954 11	   0.05   18.69   -0.84    2.79 
1954 12	   3.73   14.27   -4.41    3.32 
1955 1	   8.20   10.52   -4.68    3.19 
1955 2	   0.00   12.80   -7.26    3.49 
1955 3	   0.10   18.34   -1.75    3.74 
1955 4	  17.10   23.37    4.14    4.32 
1955 5	  66.97   26.05    9.79    3.43 
1955 6	  27.57   31.31   13.57    3.99 
1955 7	  91.42   31.54   17.44    3.28 
1955 8	  18.98   32.29   16.48    2.57 
1955 9	  74.55   29.51   13.34    3.09 
1955 10	  13.45   24.00    6.08    2.81 
1955 11	   2.05   17.22   -2.13    3.22 
1955 12	   0.88   14.55   -3.23    3.23 
1956 1	   1.93   13.17   -4.38    2.80 
1956 2	  28.62    9.74   -6.29    3.77 
1956 3	   0.00   20.11   -0.76    3.67 
1956 4	   5.40   23.12    3.03    3.71 
1956 5	  45.10   30.38   11.59    4.29 
1956 6	  76.63   33.86   16.72    3.99 
1956 7	  27.70   33.82   17.12    3.58 
1956 8	  21.73   32.89   15.66    3.39 
1956 9	  13.62   32.41   12.06    3.33 
1956 10	  32.23   25.65    7.19    2.92 
1956 11	   0.00   16.03   -2.95    2.99 
1956 12	   1.33   14.41   -4.15    3.26 
1957 1	   3.02   11.78   -5.06    3.45 
1957 2	  15.27   16.51    0.98    2.99 
1957 3	  39.35   16.44    0.49    3.71 
1957 4	  39.90   19.80    3.51    3.88 
1957 5	 107.57   24.23    9.52    3.11 
1957 6	  21.47   30.69   14.55    3.84 
1957 7	  36.00   34.80   18.15    3.20 
1957 8	  71.38   31.72   16.98    3.02 
1957 9	  62.70   27.36   10.74    2.87 
1957 10	  72.35   19.61    6.87    3.01 
1957 11	  20.85   11.40   -0.81    3.10 
1957 12	   0.77   15.10   -3.31    3.33 
1958 1	  36.90    8.87   -5.12    3.27 
1958 2	   7.72   12.81   -3.01    3.82 
1958 3	  47.40   10.66   -2.04    3.26 
1958 4	  39.30   19.18    3.67    3.72 
1958 5	  44.62   27.16   11.44    2.87 
1958 6	  36.20   32.87   16.32    3.96 
1958 7	  81.07   34.02   17.90    4.32 
1958 8	  27.08   33.02   17.33    2.53 
1958 9	 109.38   27.52   14.00    3.00 
1958 10	  16.20   20.39    6.61    2.51 
1958 11	  15.40   17.61   -0.52    2.89 
1958 12	   4.52   13.19   -5.87    2.95 
1959 1	   1.25   11.62   -6.86    3.36 
1959 2	   3.27   12.21   -4.02    3.89 
1959 3	   5.12   17.56   -1.87    4.05 
1959 4	  35.35   21.56    4.88    3.80 
1959 5	  77.37   27.11   10.91    3.99 
1959 6	 116.88   31.76   16.10    3.24 
1959 7	  79.68   31.69   16.63    2.57 
1959 8	  78.68   32.28   17.22    3.14 
1959 9	  21.10   30.63   12.26    3.79 
1959 10	  50.53   21.52    4.15    2.81 
1959 11	   1.88   14.50   -3.72    2.73 
1959 12	  57.45   11.66   -3.08    3.42 
1960 1	  34.35    7.73   -6.44    3.18 
1960 2	  20.27    9.27   -6.66    4.15 
1960 3	   7.15   15.84   -2.08    3.26 
1960 4	   9.25   24.87    5.08    4.01 
1960 5	  25.08   28.28    7.95    3.56 
1960 6	  97.25   32.62   15.66    3.58 
1960 7	 240.15   31.18   16.74    2.86 
1960 8	  65.95   31.84   16.56    3.32 
1960 9	  42.35   28.82   12.52    2.64 
1960 10	 146.98   22.59    6.12    2.87 
1960 11	   0.00   17.66   -0.63    2.88 
1960 12	  37.50    7.03   -4.98    3.47 
1961 1	  14.88    9.88   -7.77    2.95 
1961 2	   7.93   13.62   -3.55    3.34 
1961 3	  50.95   16.97   -0.05    3.72 
1961 4	   3.10   22.48    3.29    4.10 
1961 5	  25.30   28.29    9.69    3.95 
1961 6	  71.85   31.77   14.81    3.26 
1961 7	  73.03   31.16   16.11    3.09 
1961 8	  59.43   30.94   15.73    2.49 
1961 9	  30.67   27.70   10.86    3.53 
1961 10	  13.43   24.33    4.68    3.32 
1961 11	  49.30   10.99   -1.05    3.25 
1961 12	  13.35   10.49   -4.83    3.14 
1962 1	  17.27    8.65   -8.34    3.50 
1962 2	  11.40   17.82   -2.55    3.69 
1962 3	  11.43   15.86   -2.71    4.23 
1962 4	  20.20   23.06    5.25    3.61 
1962 5	  12.53   31.00   11.23    5.07 
1962 6	  39.65   31.42   14.35    3.57 
1962 7	 154.63   32.03   17.39    3.31 
1962 8	  21.38   33.79   15.98    2.78 
1962 9	  81.35   27.78   13.50    2.51 
1962 10	  39.15   23.83    7.19    3.00 
1962 11	  20.73   17.43    0.97    2.53 
1962 12	   4.12   12.96   -3.08    2.76 
1963 1	   0.70   10.20  -10.10    3.29 
1963 2	  16.77   14.59   -3.06    3.20 
1963 3	   5.50   18.64    0.27    4.03 
1963 4	   8.35   25.10    6.94    3.63 
1963 5	  80.30   27.81   11.28    3.94 
1963 6	 175.20   29.65   15.10    3.94 
1963 7	  89.85   33.32   18.12    3.73 
1963 8	  56.33   31.56   17.00    2.45 
1963 9	  15.42   29.37   13.59    2.09 
1963 10	  12.68   27.06    8.45    2.44 
1963 11	  12.10   18.20    0.09    2.76 
1963 12	   2.65    9.71   -6.73    2.62 
1964 1	   0.98   11.84   -6.84    3.53 
1964 2	  22.67    7.76   -7.09    3.44 
1964 3	   4.65   16.95   -2.61    3.83 
1964 4	   0.00   23.86    4.10    3.87 
1964 5	  24.92   28.65   10.79    3.99 
1964 6	  84.68   31.36   14.43    4.02 
1964 7	   8.90   35.40   18.07    3.21 
1964 8	  33.78   33.19   16.61    3.31 
1964 9	  66.88   27.23   12.97    2.78 
1964 10	   2.40   25.01    5.70    2.71 
1964 11	  47.40   16.19    0.27    3.26 
1964 12	   8.60   11.80   -4.03    3.25 
1965 1	   4.93   14.24   -3.57    3.58 
1965 2	  16.25   11.86   -5.67    3.47 
1965 3	   9.62   13.06   -4.29    3.71 
1965 4	  17.88   23.85    6.11    3.77 
1965 5	  42.47   27.13   10.94    3.90 
1965 6	 118.90   30.17   15.14    4.29 
1965 7	  67.30   33.32   17.73    3.01 
1965 8	  41.65   31.24   15.75    3.03 
1965 9	  37.03   28.37   11.51    3.24 
1965 10	  24.88   23.99    4.98    2.44 
1965 11	   2.90   20.15    2.40    2.52 
1965 12	  11.95   13.99   -2.72    3.51 
1966 1	  15.02    8.09   -9.04    2.88 
1966 2	   5.97   11.01   -6.13    3.32 
1966 3	   0.00   19.85    0.00    4.23 
1966 4	  19.08   22.42    4.60    3.45 
1966 5	  30.53   27.17    9.66    3.20 
1966 6	  92.85   29.98   15.42    4.03 
1966 7	  29.98   35.16   19.12    3.22 
1966 8	 172.60   29.24   16.17    3.03 
1966 9	  48.65   27.42   13.06    1.97 
1966 10	   2.45   22.58    3.95    2.52 
1966 11	   8.95   19.55    0.65    3.38 
1966 12	   3.50   12.14   -6.86    2.95 
1967 1	   0.00   14.07   -5.89    3.31 
1967 2	   4.55   14.34   -5.10    3.33 
1967 3	   5.72   21.95    2.25    4.09 
1967 4	  11.75   25.58    6.94    4.93 
1967 5	  14.62   27.61    7.70    3.63 
1967 6	  94.58   30.30   14.94    4.37 
1967 7	 113.47   31.51   16.81    3.54 
1967 8	  37.55   30.74   14.92    2.91 
1967 9	  32.72   27.36   11.69    2.70 
1967 10	   3.85   25.29    4.62    3.58 
1967 11	   2.40   17.40   -0.53    3.15 
1967 12	  14.00    9.06   -5.95    3.77 
1968 1	  40.98   11.25   -3.79    3.56 
1968 2	   9.68   12.18   -3.98    3.11 
1968 3	  23.38   16.56    0.16    4.43 
1968 4	   8.20   21.20    3.80    4.20 
1968 5	  41.73   26.31    8.97    4.27 
1968 6	   8.43   33.45   14.60    4.09 
1968 7	  40.50   31.47   17.10    3.83 
1968 8	  49.05   31.28   16.63    3.90 
1968 9	  38.03   28.23   10.83    3.21 
1968 10	  15.02   24.44    6.48    3.88 
1968 11	  15.13   14.40    0.27    3.55 
1968 12	   4.88   12.79   -5.18    4.33 
1969 1	   0.38   14.88   -3.99    3.63 
1969 2	  17.80   12.68   -2.82    3.56 
1969 3	  17.48   11.23   -3.21    3.66 
1969 4	  38.92   22.43    6.38    4.25 
1969 5	 112.33   26.27   10.86    3.66 
1969 6	  63.52   29.98   13.69    3.66 
1969 7	  59.30   34.57   18.55    3.36 
1969 8	  40.73   33.47   17.56    2.81 
1969 9	  54.75   27.45   13.90    2.61 
1969 10	 116.80   19.25    5.17    3.57 
1969 11	  11.60   16.20   -1.05    2.83 
1969 12	  18.47   13.22   -3.31    2.92 
1970 1	   7.28    9.58   -6.82    2.85 
1970 2	   4.75   14.75   -2.49    2.93 
1970 3	  21.30   14.03   -2.26    3.46 
1970 4	  14.60   21.26    3.04    3.69 
1970 5	   8.22   28.25    9.34    3.87 
1970 6	  92.80   30.90   13.77    3.77 
1970 7	  48.12   32.51   17.68    3.38 
1970 8	  43.00   32.79   16.32    2.93 
1970 9	  57.90   27.58   12.21    3.33 
1970 10	  19.37   20.11    3.40    2.73 
1970 11	   0.52   16.74   -1.19    3.41 
1970 12	   0.35   15.36   -3.34    2.74 
1971 1	   0.35   13.02   -5.43    2.98 
1971 2	  12.45   12.59   -5.33    3.68 
1971 3	   1.50   18.55   -2.17    3.74 
1971 4	  32.67   22.16    3.97    3.66 
1971 5	  16.55   27.07    8.36    3.91 
1971 6	  44.50   32.55   15.28    4.30 
1971 7	  53.85   32.45   16.98    2.94 
1971 8	 119.58   27.88   15.07    2.33 
1971 9	  64.95   26.31   11.45    3.33 
1971 10	  35.45   22.25    6.20    2.79 
1971 11	  44.15   16.81    0.67    3.16 
1971 12	  21.40   10.97   -2.85    3.58 
1972 1	   1.45   13.45   -6.39    3.37 
1972 2	   2.38   15.85   -4.78    3.30 
1972 3	   1.55   22.12    1.43    3.55 
1972 4	   0.00   25.50    5.64    4.23 
1972 5	  58.52   25.94    9.82    3.34 
1972 6	  80.70   31.65   14.91    2.92 
1972 7	  61.93   30.66   16.37    3.73 
1972 8	  82.42   29.73   15.14    2.89 
1972 9	  52.52   27.59   13.01    2.96 
1972 10	  59.58   22.19    6.30    3.00 
1972 11	  22.15   10.29   -2.99    2.95 
1972 12	  12.72   10.27   -6.25    3.56 
1973 1	  18.15    7.19   -5.95    3.60 
1973 2	  19.12   10.99   -3.99    3.39 
1973 3	  58.25   15.53    0.38    4.17 
1973 4	  59.70   17.99    1.49    3.35 
1973 5	  24.60   25.62    8.23    3.24 
1973 6	  51.80   31.10   13.45    3.74 
1973 7	  96.82   31.54   16.35    3.36 
1973 8	  11.47   32.47   15.24    3.29 
1973 9	  35.22   27.47   11.73    3.55 
1973 10	  27.88   25.00    6.47    3.24 
1973 11	   0.68   19.39    0.28    4.06 
1973 12	   2.17   13.78   -5.44    4.32 
1974 1	  15.43   11.54   -5.63    3.80 
1974 2	   2.60   15.04   -5.08    4.22 
1974 3	  12.43   21.85    2.07    4.40 
1974 4	   7.75   23.77    4.64    5.17 
1974 5	   4.00   30.56   11.69    4.08 
1974 6	  31.47   32.53   14.35    3.89 
1974 7	  36.57   33.31   16.68    3.37 
1974 8	 167.65   29.30   15.34    3.27 
1974 9	  67.52   23.19   10.01    3.10 
1974 10	 121.38   21.37    7.38    3.36 
1974 11	   5.45   14.85    0.17    3.14 
1974 12	  18.78    9.86   -4.96    3.48 
1975 1	   8.75   10.81   -4.75    3.86 
1975 2	  26.10   10.04   -4.56    3.51 
1975 3	  11.32   16.45   -2.04    4.10 
1975 4	  39.28   20.84    3.02    4.90 
1975 5	  31.13   26.33    8.21    3.61 
1975 6	  36.93   32.07   13.74    4.55 
1975 7	 125.25   29.43   15.93    2.90 
1975 8	  27.47   31.84   15.42    3.33 
1975 9	  36.88   26.24   10.07    3.14 
1975 10	   3.35   24.87    4.86    3.39 
1975 11	  15.75   17.45   -1.73    3.56 
1975 12	   2.85   13.80   -4.34    3.10 
1976 1	   1.17   12.50   -7.06    3.26 
1976 2	   4.90   18.11   -1.06    3.96 
1976 3	   7.50   17.60   -0.64    4.06 
1976 4	  23.12   23.20    6.22    4.60 
1976 5	  18.40   24.91    7.76    3.21 
1976 6	  51.87   31.40   13.79    3.72 
1976 7	  41.10   30.23   16.14    3.28 
1976 8	  84.35   31.71   15.30    2.95 
1976 9	  72.40   26.55   12.43    2.45 
1976 10	  17.67   19.28    2.41    2.85 
1976 11	  12.77   13.08   -2.96    2.71 
1976 12	   0.00   12.42   -6.35    2.98 
1977 1	   6.58    7.85   -8.04    2.61 
1977 2	  12.38   14.54   -2.78    3.48 
1977 3	  14.50   16.98   -0.91    4.27 
1977 4	  46.40   21.41    6.20    3.72 
1977 5	  74.28   27.58   11.90    4.21 
1977 6	  38.23   33.53   15.50    3.80 
1977 7	  16.57   33.79   17.45    3.42 
1977 8	 106.15   32.52   17.56    3.46 
1977 9	   7.55   31.47   12.90    2.99 
1977 10	  26.10   23.90    6.65    2.70 
1977 11	   4.57   18.39   -0.53    3.10 
1977 12	   2.75   14.38   -3.43    3.50 
1978 1	  16.43    7.05   -7.31    3.09 
1978 2	  25.25    6.54   -5.70    3.04 
1978 3	  10.18   17.81   -0.15    3.58 
1978 4	  14.15   25.73    6.27    3.94 
1978 5	  62.18   26.52    9.88    3.45 
1978 6	  72.48   31.98   16.12    3.95 
1978 7	  25.97   34.70   17.64    3.20 
1978 8	  62.53   31.37   15.83    3.15 
1978 9	  76.45   27.31   13.02    2.66 
1978 10	  12.40   23.53    6.09    2.71 
1978 11	  51.03   13.83    2.16    3.03 
1978 12	  10.12    9.32   -6.38    3.50 
1979 1	  18.25    4.78   -8.42    3.06 
1979 2	   3.97   13.03   -4.86    3.02 
1979 3	  22.42   16.49   -0.35    3.84 
1979 4	  47.83   21.62    4.96    3.53 
1979 5	  61.70   25.23    9.21    3.45 
1979 6	  81.25   29.22   13.84    3.45 
1979 7	  76.50   33.26   17.02    3.28 
1979 8	  58.25   30.48   15.09    3.12 
1979 9	  36.30   29.31   12.33    2.26 
1979 10	  19.15   26.04    6.10    3.12 
1979 11	   7.90   12.80   -2.39    2.74 
1979 12	  11.20   11.46   -4.37    3.00 
1980 1	   9.28   10.69   -4.56    3.06 
1980 2	  15.25   13.11   -3.36    3.61 
1980 3	   9.90   17.04   -1.91    4.37 
1980 4	  16.35   21.28    2.71    3.65 
1980 5	  81.95   24.99    9.50    3.25 
1980 6	   2.90   35.55   16.95    4.62 
1980 7	  14.88   35.92   18.76    3.59 
1980 8	  34.00   32.70   17.00    3.99 
1980 9	  74.72   28.58   13.79    3.01 
1980 10	  16.25   22.16    4.86    2.75 
1980 11	  24.47   14.18   -1.34    2.99 
1980 12	   4.18   15.05   -2.32    3.31 
1981 1	   8.00   12.45   -4.09    2.51 
1981 2	   9.93   15.62   -3.80    3.16 
1981 3	  24.95   15.76    1.46    3.76 
1981 4	  25.40   24.42    6.86    4.12 
1981 5	  43.05   26.13    9.71    3.58 
1981 6	  48.02   33.37   15.60    4.12 
1981 7	  72.17   32.66   18.19    3.65 
1981 8	 164.57   29.22   16.53    2.68 
1981 9	  85.45   27.23   12.88    2.84 
1981 10	  69.47   20.98    7.06    3.12 
1981 11	  17.30   18.36    1.72    2.73 
1981 12	   0.40   13.88   -3.42    2.90 
1982 1	   1.48   11.55   -5.57    3.81 
1982 2	   8.85   10.40   -5.13    3.44 
1982 3	   6.85   17.78    0.31    3.81 
1982 4	  17.85   21.46    3.76    3.88 
1982 5	  59.95   26.08    9.65    3.98 
1982 6	  95.32   29.43   13.41    4.09 
1982 7	  93.85   32.39   17.24    3.72 
1982 8	  29.03   32.75   17.12    3.08 
1982 9	  31.00   30.12   13.59    3.19 
1982 10	   5.70   22.96    4.74    2.92 
1982 11	  29.17   14.87   -0.47    3.60 
1982 12	  32.90    8.68   -4.01    3.53 
1983 1	  38.00    8.71   -5.87    3.18 
1983 2	   9.93   11.26   -2.84    3.20 
1983 3	  17.10   16.83   -0.12    3.88 
1983 4	  13.73   19.29    1.03    4.07 
1983 5	  34.12   26.61    6.61    3.62 
1983 6	  57.62   30.01   12.62    3.78 
1983 7	  22.05   34.24   16.74    3.81 
1983 8	  17.90   34.54   16.45    2.46 
1983 9	  19.05   31.48   13.33    3.56 
1983 10	  76.60   23.19    7.70    3.11 
1983 11	   4.43   17.79    1.49    3.30 
1983 12	  12.68    6.04   -8.91    3.17 
1984 1	   7.35    9.48   -7.07    2.89 
1984 2	   4.17   15.53   -5.14    3.89 
1984 3	  19.23   17.57   -1.87    3.52 
1984 4	  17.35   21.40    2.74    3.79 
1984 5	  41.62   28.41   10.30    3.72 
1984 6	  86.93   30.95   15.52    3.65 
1984 7	  58.60   32.44   16.39    2.81 
1984 8	 180.60   30.36   16.20    2.48 
1984 9	  13.90   27.33   10.28    3.40 
1984 10	  94.47   19.57    5.54    3.10 
1984 11	  31.78   15.47    0.09    3.37 
1984 12	  26.40   11.14   -2.93    3.29 
1985 1	  17.25    8.48   -6.66    3.05 
1985 2	   5.82   11.27   -5.62    3.29 
1985 3	  62.85   17.98    0.54    4.25 
1985 4	  33.02   24.27    5.53    3.81 
1985 5	  79.90   27.49    9.43    3.28 
1985 6	  74.95   30.46   14.21    3.79 
1985 7	  44.65   33.67   15.55    2.70 
1985 8	  47.75   34.14   16.47    3.13 
1985 9	 120.50   27.72   12.25    3.25 
1985 10	  88.20   21.47    5.86    2.91 
1985 11	   3.80   17.72   -1.49    2.88 
1985 12	   4.97   11.10   -7.91    2.54 
1986 1	   0.00   15.71   -5.26    2.93 
1986 2	  34.60   13.80   -3.20    3.52 
1986 3	   3.60   20.68    0.49    3.62 
1986 4	  10.50   24.94    5.38    3.82 
1986 5	  89.68   27.13    8.46    3.27 
1986 6	  90.08   29.27   14.82    2.69 
1986 7	  31.67   33.49   16.92    3.95 
1986 8	  92.12   31.36   15.83    2.95 
1986 9	  98.60   27.63   12.86    3.16 
1986 10	  76.50   20.23    5.99    2.81 
1986 11	  59.02   13.75   -1.93    3.27 
1986 12	  39.55    8.40   -4.60    2.59 
1987 1	  19.27    8.93   -6.57    3.67 
1987 2	  28.20   12.15   -2.42    3.74 
1987 3	   7.78   15.25   -2.98    3.42 
1987 4	  13.92   21.56    1.42    3.24 
1987 5	  93.00   25.65    9.73    3.42 
1987 6	  58.58   30.50   14.43    2.93 
1987 7	  21.65   32.77   16.39    4.13 
1987 8	 156.80   30.87   15.89    3.08 
1987 9	  77.02   26.78   11.34    2.31 
1987 10	  21.83   23.23    4.41    3.01 
1987 11	   5.43   16.35   -2.38    3.10 
1987 12	  43.42    9.27   -7.25    3.24 
1988 1	   1.95    8.16   -8.28    3.45 
1988 2	   6.25   14.35   -6.23    3.12 
1988 3	  21.65   17.87   -3.48    4.02 
1988 4	  26.70   21.43    1.81    3.39 
1988 5	 156.95   25.74    8.06    4.04 
1988 6	 125.55   30.15   14.55    3.00 
1988 7	  52.08   30.80   16.75    2.77 
1988 8	  44.47   31.18   16.75    2.82 
1988 9	  86.45   28.02   11.19    2.88 
1988 10	   1.40   23.95    5.81    2.61 
1988 11	   4.28   18.27   -0.82    3.46 
1988 12	  10.65   11.30   -5.90    2.89 
1989 1	   5.70   13.81   -4.79    3.41 
1989 2	  17.45   10.42   -5.24    3.23 
1989 3	   4.20   21.57    0.50    3.69 
1989 4	   3.03   24.93    5.51    3.84 
1989 5	  32.08   29.10   11.28    3.92 
1989 6	  90.85   29.06   13.97    3.90 
1989 7	  41.08   31.75   15.37    2.96 
1989 8	  89.07   31.15   16.55    3.53 
1989 9	  53.40   26.74   10.90    2.78 
1989 10	   1.45   24.95    4.61    3.35 
1989 11	   4.18   18.13   -2.05    2.93 
1989 12	  11.45    8.65   -8.18    3.04 
1990 1	  30.05   11.50   -6.05    3.44 
1990 2	  19.88   14.47   -4.10    3.98 
1990 3	   9.53   15.67    0.24    3.50 
1990 4	  36.90   21.75    4.81    3.83 
1990 5	   8.90   26.56    8.46    3.72 
1990 6	   0.47   36.63   17.25    4.47 
1990 7	  63.88   31.29   16.76    3.38 
1990 8	  49.90   31.14   15.44    2.78 
1990 9	  73.00   28.75   14.10    2.16 
1990 10	  22.42   22.77    4.68    2.93 
1990 11	  17.78   17.62   -0.25    3.45 
1990 12	   8.35   10.42   -7.85    3.10 
1991 1	  22.07    7.68   -6.16    2.53 
1991 2	   2.05   16.33   -3.31    3.37 
1991 3	  14.95   18.84    0.18    4.49 
1991 4	   0.00   23.96    4.20    3.66 
1991 5	  45.92   29.87   10.71    4.37 
1991 6	  70.82   32.18   14.98    4.03 
1991 7	 126.10   30.77   16.85    2.90 
1991 8	  70.03   30.54   16.60    2.51 
1991 9	  95.75   24.50   11.61    2.65 
1991 10	  21.00   23.97    4.50    3.15 
1991 11	  34.90   12.16   -1.88    3.25 
1991 12	  70.93    9.83   -2.80    3.20 
1992 1	  27.10    8.58   -4.30    2.71 
1992 2	   9.95   14.79   -1.25    3.74 
1992 3	  30.80   19.53    0.56    3.91 
1992 4	  19.70   22.97    5.93    3.40 
1992 5	 117.28   24.66    9.71    3.17 
1992 6	 115.77   29.27   13.45    2.99 
1992 7	  46.18   32.26   16.36    4.07 
1992 8	  87.33   30.36   15.21    3.36 
1992 9	  27.77   28.57   12.13    3.43 
1992 10	   1.20   25.28    5.40    2.68 
1992 11	  25.05   13.16   -2.80    3.20 
1992 12	  20.35    9.36   -4.93    3.19 
1993 1	  20.62    9.37   -4.60    2.92 
1993 2	   8.10   11.68   -4.43    3.56 
1993 3	   7.47   17.85   -0.57    3.60 
1993 4	  13.75   22.89    3.68    3.83 
1993 5	  34.18   26.88    9.74    3.67 
1993 6	  44.42   31.90   14.73    4.17 
1993 7	  80.88   33.34   18.44    5.02 
1993 8	  82.93   32.08   16.69    3.25 
1993 9	  71.00   28.75   10.80    2.88 
1993 10	  34.72   21.89    4.43    2.87 
1993 11	  15.23   13.99   -3.22    3.13 
1993 12	   6.97   13.09   -4.92    3.30 
1994 1	   2.75   11.56   -6.37    3.15 
1994 2	  10.77   13.74   -5.67    3.43 
1994 3	  25.67   17.74    0.38    3.45 
1994 4	  36.00   22.13    3.76    3.47 
1994 5	  97.15   25.20   10.99    3.25 
1994 6	  55.03   34.64   16.60    3.67 
1994 7	  75.53   33.86   17.09    3.71 
1994 8	  60.75   32.64   16.67    3.17 
1994 9	  24.75   29.57   12.10    2.57 
1994 10	  17.05   22.88    5.23    2.86 
1994 11	  14.67   16.57    0.37    3.51 
1994 12	   9.40   13.99   -3.00    2.39 
1995 1	   8.98   11.28   -3.57    3.58 
1995 2	   4.30   16.46   -1.98    3.47 
1995 3	   9.65   16.83   -0.67    4.08 
1995 4	  15.53   21.48    3.08    3.68 
1995 5	 105.07   25.16    8.88    4.30 
1995 6	  47.85   30.69   13.66    3.78 
1995 7	  26.25   34.13   16.58    3.07 
1995 8	  52.42   32.59   17.62    2.93 
1995 9	  71.95   27.15   12.57    2.49 
1995 10	  28.75   24.39    4.44    2.97 
1995 11	   0.10   18.34    0.05    2.89 
1995 12	  21.10   12.27   -3.44    2.99 
1996 1	   1.48   12.69   -6.71    3.77 
1996 2	   4.82   15.60   -2.59    3.58 
1996 3	   0.00   16.73   -2.25    3.89 
1996 4	   0.00   23.72    3.89    3.95 
1996 5	   5.70   31.84   12.44    4.94 
1996 6	  78.40   32.73   16.14    3.65 
1996 7	 103.92   32.50   18.21    3.23 
1996 8	 122.35   30.45   17.06    3.04 
1996 9	  67.50   26.29   11.72    2.35 
1996 10	  19.90   22.92    5.50    3.18 
1996 11	  17.30   17.08   -0.59    3.52 
1996 12	   0.05   13.75   -4.81    3.78 
1997 1	  18.10    8.05   -5.45    3.78 
1997 2	  14.98   10.34   -3.86    3.64 
1997 3	   0.38   20.58    0.12    3.27 
1997 4	 135.27   17.63    2.33    3.84 
1997 5	  50.03   25.40    9.87    3.35 
1997 6	  76.98   30.69   14.83    3.58 
1997 7	  77.65   33.82   17.66    3.52 
1997 8	  66.08   31.59   16.76    2.84 
1997 9	  93.57   29.51   14.24    2.84 
1997 10	  30.47   22.59    6.11    3.22 
1997 11	  11.20   14.41   -1.31    2.74 
1997 12	  63.65    8.13   -5.45    3.68 
1998 1	   1.15   12.90   -3.38    2.96 
1998 2	  22.15   12.94   -1.36    3.20 
1998 3	  36.65   16.26   -1.49    3.93 
1998 4	  24.48   21.37    3.36    3.62 
1998 5	   5.50   30.81   10.81    3.63 
1998 6	   2.53   34.60   15.41    4.43 
1998 7	  28.58   35.38   18.52    3.35 
1998 8	  51.83   31.62   16.57    2.25 
1998 9	   8.73   32.73   14.61    2.78 
1998 10	 182.63   23.82    8.84    3.54 
1998 11	  16.62   17.00    2.12    2.87 
1998 12	   7.85   12.03   -3.58    2.89 
1999 1	  50.53   13.46   -2.51    3.75 
1999 2	   1.02   16.85   -1.52    3.82 
1999 3	  50.28   16.57    0.68    3.76 
1999 4	  45.45   21.43    4.12    4.27 
1999 5	  48.55   25.72    9.46    3.75 
1999 6	  88.22   31.00   15.20    4.11 
1999 7	  74.45   32.66   17.61    3.78 
1999 8	  93.97   32.75   17.07    2.36 
1999 9	  89.80   27.28   12.07    2.82 
1999 10	  12.85   24.17    4.71    2.99 
1999 11	   0.08   21.22    0.23    2.81 
1999 12	  27.12   11.52   -4.07    3.19 
2000 1	   0.20   14.77   -4.16    3.64 
2000 2	   0.05   18.93   -1.13    3.88 
2000 3	  66.28   18.89    0.86    3.87 
2000 4	  14.57   23.97    5.04    4.01 
2000 5	  10.68   30.91   11.45    4.03 
2000 6	  89.33   30.10   16.10    3.69 
2000 7	  81.90   34.05   18.12    3.47 
2000 8	  14.32   34.40   17.00    3.35 
2000 9	   0.17   32.21   12.87    2.76 
2000 10	 122.20   21.36    8.11    3.75 
2000 11	  27.90   11.48   -2.14    2.64 
2000 12	  21.70    8.86   -5.79    3.15 
2001 1	  35.53    6.58   -4.27    3.34 
2001 2	  14.62   14.00   -1.56    3.69 
2001 3	  65.45   14.31    0.89    3.10 
2001 4	   2.83   24.38    6.22    4.51 
2001 5	 109.27   26.50   10.64    3.87 
2001 6	  18.55   32.92   15.01    4.05 
2001 7	  35.92   35.97   19.39    3.59 
2001 8	  58.85   32.49   16.97    2.64 
2001 9	  21.00   29.95   12.73    2.46 
2001 10	  11.40   24.10    5.54    3.33 
2001 11	  66.90   16.72    2.54    3.52 
2001 12	  10.85   12.42   -4.09    3.26 
2002 1	  24.10   12.00   -4.00    3.44 
2002 2	   2.92   12.06   -5.25    3.60 
2002 3	  43.45   17.19   -2.99    3.66 
2002 4	  12.77   24.02    6.48    4.07 
2002 5	   6.78   28.66    9.60    4.19 
2002 6	  19.32   33.81   16.89    4.09 
2002 7	  22.98   32.82   17.71    3.08 
2002 8	  91.93   33.51   18.03    3.82 
2002 9	  49.28   28.35   13.18    2.59 
2002 10	  82.42   19.41    6.49    2.74 
2002 11	  16.17   13.43   -0.77    2.87 
2002 12	  30.03    9.15   -4.22    3.43 
2003 1	   0.00   13.05   -4.23    3.21 
2003 2	   3.75   11.98   -4.23    3.57 
2003 3	  17.30   18.76    0.44    3.67 
2003 4	   2.68   24.62    4.05    4.37 
2003 5	  32.72   28.87    9.98    3.27 
2003 6	 135.85   29.64   14.44    3.59 
2003 7	   0.78   34.36   17.75    3.19 
2003 8	  28.90   33.77   16.74    2.79 
2003 9	  27.45   27.43   11.57    2.99 
2003 10	  35.05   24.76    7.39    2.73 
2003 11	   6.20   16.36    0.54    3.75 
2003 12	   0.55   13.55   -5.00    3.85 
2004 1	  15.10   12.09   -4.39    3.33 
2004 2	  50.83   10.57   -4.92    3.68 
2004 3	  49.13   18.70    3.81    3.81 
2004 4	 107.37   20.29    5.78    3.89 
2004 5	  13.07   28.49   11.32    4.54 
2004 6	 113.60   31.34   15.08    3.84 
2004 7	 105.58   30.88   16.78    3.28 
2004 8	  88.57   29.35   15.37    2.88 
2004 9	 165.55   26.96   12.25    3.07 
2004 10	 108.35   21.35    6.77    2.97 
2004 11	  93.78   11.93    0.25    3.17 
2004 12	  10.77   11.87   -4.44    3.45 
2005 1	  47.90   12.75   -2.45    3.50 
2005 2	  13.35   12.67   -0.61    3.18 
2005 3	  30.40   15.99   -0.31    3.54 
2005 4	  22.18   21.52    3.83    4.23 
2005 5	  44.50   25.49   10.31    3.92 
2005 6	  22.75   32.58   15.34    4.12 
2005 7	  60.30   32.82   16.52    3.31 
2005 8	 162.42   30.24   16.24    2.71 
2005 9	  17.90   30.39   13.94    2.81 
2005 10	  25.25   22.54    6.63    3.02 
2005 11	   0.40   19.18   -1.10    3.04 
2005 12	   0.55   12.85   -6.08    3.23 
2006 1	   0.52   15.78   -4.51    4.06 
2006 2	   1.62   15.08   -5.14    3.59 
2006 3	  25.37   17.72    0.94    4.42 
2006 4	  11.90   25.55    6.14    4.41 
2006 5	  23.15   30.22   11.24    4.13 
2006 6	  36.93   33.76   16.04    3.35 
2006 7	  40.88   33.89   17.96    3.36 
2006 8	 140.23   30.89   17.14    2.65 
2006 9	  82.22   26.01   10.77    2.56 
2006 10	  48.93   22.25    6.09    3.17 
2006 11	   5.67   18.48   -0.57    3.46 
2006 12	  41.58    9.72   -4.81    3.69 
2007 1	  27.55    5.68   -7.10    3.25 
2007 2	   7.82   13.92   -4.29    3.85 
2007 3	 104.28   19.09    1.80    3.61 
2007 4	  11.63   19.53    2.45    3.98 
2007 5	  72.65   23.95    9.49    2.92 
2007 6	  83.73   29.42   13.63    2.91 
2007 7	  45.50   31.27   16.27    2.36 
2007 8	  31.98   33.30   17.64    3.23 
2007 9	  63.25   29.80   14.14    2.78 
2007 10	   1.33   26.48    6.16    3.22 
2007 11	   4.30   17.77   -1.46    2.71 
2007 12	  25.57   10.94   -4.31    3.44 
2008 1	   1.15   11.07   -7.42    3.77 
2008 2	   4.38   15.39   -5.18    3.59 
2008 3	   4.70   18.74   -1.81    4.30 
2008 4	  10.72   22.60    1.76    4.09 
2008 5	  53.73   26.99    8.48    3.98 
2008 6	 100.23   33.91   14.78    4.79 
2008 7	  64.80   30.34   16.68    3.62 
2008 8	 132.75   30.93   15.73    2.46 
2008 9	  45.03   26.93   10.83    2.32 
2008 10	 100.00   22.40    5.21    3.19 
2008 11	   2.28   18.27   -1.73    3.01 
2008 12	   0.85   12.46   -6.10    3.99 
2009 1	   0.00   13.54   -7.44    3.49 
2009 2	   7.62   17.69   -3.94    4.08 
2009 3	  11.78   19.45   -0.33    4.19 
2009 4	  29.17   22.54    2.27    4.74 
2009 5	  28.40   26.30    9.32    3.16 
2009 6	  70.93   31.81   14.83    3.72 
2009 7	 140.33   31.90   16.50    3.04 
2009 8	  69.55   32.64   15.85    3.41 
2009 9	  31.35   27.13   10.39    2.61 
2009 10	  49.72   21.01    3.70    3.41 
2009 11	   3.40   18.54   -1.54    2.78 
2009 12	  17.38    7.13   -7.90    2.94 
2010 1	  33.58   10.42   -6.97    3.46 
2010 2	  37.90    7.44   -5.25    3.30 
2010 3	  23.27   16.25   -1.17    4.52 
2010 4	  34.55   22.13    4.11    4.59 
2010 5	  49.43   25.60    8.78    3.56 
2010 6	  58.35   33.80   16.50    4.52 
2010 7	  76.92   30.77   17.44    3.34 
2010 8	  88.63   33.01   16.47    3.22 
2010 9	  25.55   31.56   14.22    2.76 
2010 10	  26.65   24.90    6.44    2.78 
2010 11	  13.27   17.47   -2.13    3.37 
2010 12	   2.15   13.89   -3.37    3.26 
