1949 1	  28.20   15.21    4.53    5.06 
1949 2	  88.97   20.31    9.97    4.70 
1949 3	  22.10   24.68   11.47    4.52 
1949 4	 141.35   24.93   14.00    4.36 
1949 5	  34.45   32.83   21.10    4.22 
1949 6	 177.80   35.35   22.31    3.83 
1949 7	  21.08   36.87   22.91    3.61 
1949 8	 123.20   36.53   21.81    2.85 
1949 9	  19.80   34.65   21.29    2.89 
1949 10	  91.65   28.77   16.22    3.76 
1949 11	   0.00   26.27    9.31    2.97 
1949 12	  93.43   19.14    9.80    4.40 
1950 1	   2.80   22.54   11.35    5.23 
1950 2	  66.50   22.36   10.03    4.35 
1950 3	   6.15   25.77   10.49    4.57 
1950 4	  30.20   29.50   16.08    4.69 
1950 5	 230.03   33.30   21.21    4.59 
1950 6	  80.47   34.72   22.27    4.04 
1950 7	  16.10   37.64   23.51    4.64 
1950 8	  27.70   37.04   22.37    2.81 
1950 9	 140.55   34.45   21.48    2.79 
1950 10	   4.43   31.52   16.62    2.86 
1950 11	   0.03   24.36    9.76    4.20 
1950 12	   0.00   21.76    4.75    3.85 
1951 1	   0.10   21.15    5.02    4.97 
1951 2	  10.77   21.54    6.24    5.66 
1951 3	  45.78   26.14   11.87    4.98 
1951 4	  34.78   30.63   15.01    4.53 
1951 5	  83.78   32.42   19.24    3.99 
1951 6	  52.45   36.23   22.80    4.92 
1951 7	   0.00   38.99   23.68    4.02 
1951 8	  16.65   39.76   23.10    3.51 
1951 9	  63.47   35.56   20.98    3.18 
1951 10	  30.55   31.95   16.37    3.26 
1951 11	  14.32   23.43    8.18    4.68 
1951 12	   1.85   22.03    6.26    4.44 
1952 1	   1.23   24.46    9.36    5.11 
1952 2	  26.00   24.06    8.63    4.44 
1952 3	  31.38   25.89   11.00    4.56 
1952 4	  12.80   29.50   14.50    4.51 
1952 5	 110.15   34.00   17.82    3.89 
1952 6	  74.07   35.58   22.10    3.84 
1952 7	  18.15   38.31   22.23    3.09 
1952 8	   0.00   40.03   23.33    3.88 
1952 9	   2.30   35.84   19.74    2.56 
1952 10	   0.00   30.87   12.37    2.76 
1952 11	  33.83   23.29   11.00    4.22 
1952 12	  22.70   18.11    6.93    4.05 
1953 1	   0.68   23.52    7.06    4.04 
1953 2	  30.33   20.93    8.04    4.45 
1953 3	  12.37   28.96   15.88    4.48 
1953 4	  48.22   32.62   16.37    3.84 
1953 5	  92.52   34.57   19.48    4.34 
1953 6	  13.82   39.64   23.91    3.97 
1953 7	   0.08   39.68   23.82    3.74 
1953 8	 121.97   36.91   22.90    2.72 
1953 9	  43.98   34.48   18.38    2.44 
1953 10	 117.65   28.45   15.45    2.77 
1953 11	   0.15   23.63    8.89    3.17 
1953 12	  18.60   16.60    3.77    4.03 
1954 1	  21.75   20.66    7.15    4.22 
1954 2	   0.00   25.01   10.22    3.57 
1954 3	   3.12   26.58   11.41    4.57 
1954 4	  68.07   30.90   18.27    5.06 
1954 5	 106.60   32.58   17.99    3.89 
1954 6	 121.20   36.32   22.83    4.17 
1954 7	  14.88   37.84   22.67    3.62 
1954 8	  32.72   36.97   23.12    3.65 
1954 9	   9.93   36.72   20.55    2.26 
1954 10	  48.12   31.05   16.73    2.99 
1954 11	  32.05   24.52    9.38    3.20 
1954 12	   1.07   24.15    6.55    3.76 
1955 1	  27.60   19.34    5.55    4.71 
1955 2	  47.27   21.99    7.27    5.08 
1955 3	   1.17   28.54   10.94    5.18 
1955 4	   0.80   33.22   16.20    4.15 
1955 5	  89.40   35.59   20.75    4.18 
1955 6	  12.98   36.61   21.06    3.90 
1955 7	  33.80   37.84   23.03    3.54 
1955 8	 114.75   37.93   22.76    2.38 
1955 9	  10.05   34.24   21.67    2.38 
1955 10	  28.70   30.95   12.75    2.95 
1955 11	  31.20   23.90    9.66    4.15 
1955 12	   6.68   21.90    4.37    3.44 
1956 1	  12.55   20.65    4.18    3.80 
1956 2	  12.12   22.77    7.78    4.62 
1956 3	   1.35   27.45   10.56    4.39 
1956 4	  21.70   29.36   15.40    4.27 
1956 5	   3.85   34.13   19.45    4.15 
1956 6	  16.77   37.37   21.69    3.29 
1956 7	 103.53   37.44   21.30    3.79 
1956 8	  13.15   38.09   21.70    3.26 
1956 9	  21.50   36.13   19.42    2.25 
1956 10	  19.73   32.75   15.98    2.52 
1956 11	   1.98   23.05    7.68    3.80 
1956 12	  13.82   21.91    5.91    3.96 
1957 1	   7.80   19.56    6.41    4.58 
1957 2	  33.70   24.93   11.77    3.70 
1957 3	  26.73   26.65   11.22    3.97 
1957 4	  85.80   27.53   14.66    4.78 
1957 5	 146.02   31.29   19.20    4.22 
1957 6	  18.80   35.40   21.67    3.36 
1957 7	   0.00   39.62   22.03    3.74 
1957 8	   0.00   39.55   22.33    2.92 
1957 9	 107.93   34.24   18.70    2.46 
1957 10	  56.15   27.54   13.88    3.43 
1957 11	  66.35   20.80    8.20    4.20 
1957 12	  25.92   21.73    4.63    4.09 
1958 1	  99.57   16.76    3.08    4.13 
1958 2	 127.82   17.39    5.11    4.47 
1958 3	  13.75   20.44    7.67    4.42 
1958 4	   6.05   28.70   13.72    4.32 
1958 5	  64.42   31.99   17.25    3.10 
1958 6	  17.73   36.43   22.03    3.86 
1958 7	  48.88   37.81   22.36    3.88 
1958 8	   6.33   39.48   21.85    3.38 
1958 9	 170.62   32.86   21.59    2.56 
1958 10	 237.48   24.49   15.60    3.34 
1958 11	  19.35   23.06   10.64    3.30 
1958 12	  16.67   17.48    4.36    3.83 
1959 1	  15.77   17.14    3.30    4.38 
1959 2	  76.17   17.79    7.51    4.07 
1959 3	   0.03   24.22    7.86    4.35 
1959 4	  43.65   27.08   12.69    4.31 
1959 5	  68.07   34.80   19.07    4.26 
1959 6	  79.47   37.01   21.14    3.30 
1959 7	  17.55   38.28   21.74    3.05 
1959 8	  22.12   38.02   22.42    2.99 
1959 9	 135.75   36.71   21.21    3.29 
1959 10	  62.70   29.35   15.73    3.29 
1959 11	  42.95   21.59    5.81    3.78 
1959 12	  20.38   21.10    5.53    3.99 
1960 1	  19.93   16.73    5.61    4.42 
1960 2	  31.68   20.02    3.48    4.73 
1960 3	   9.57   21.79    7.49    4.41 
1960 4	  32.07   31.64   14.82    4.76 
1960 5	  53.27   32.83   17.31    4.48 
1960 6	  38.22   37.89   21.73    3.53 
1960 7	  62.85   38.12   22.74    3.11 
1960 8	 101.27   36.35   23.24    3.50 
1960 9	  60.25   34.49   18.64    2.22 
1960 10	 171.43   30.68   17.74    3.11 
1960 11	  86.62   22.95   11.54    3.34 
1960 12	 103.25   15.35    3.85    4.04 
1961 1	  39.60   15.36    3.04    4.00 
1961 2	  18.03   22.16    5.86    4.27 
1961 3	   0.17   27.57   10.63    4.24 
1961 4	  55.03   29.84   12.49    4.56 
1961 5	   1.38   34.79   19.10    4.48 
1961 6	 124.12   35.75   22.01    3.54 
1961 7	  73.73   35.92   21.48    3.72 
1961 8	  55.12   36.26   20.46    1.84 
1961 9	   1.20   35.04   20.31    3.79 
1961 10	   6.28   31.03   14.08    3.46 
1961 11	  24.85   22.20    8.66    3.87 
1961 12	  13.43   19.78    5.82    3.56 
1962 1	   6.43   16.43    0.42    4.47 
1962 2	   0.00   28.58    9.84    3.97 
1962 3	  10.53   25.61    7.82    4.34 
1962 4	  53.85   31.21   14.06    4.43 
1962 5	  44.17   35.14   19.17    4.96 
1962 6	  67.53   36.09   21.31    3.75 
1962 7	   0.00   39.25   22.95    3.77 
1962 8	  20.85   39.09   22.84    2.69 
1962 9	  76.10   35.51   21.11    2.42 
1962 10	  10.53   32.68   18.36    3.40 
1962 11	  35.23   25.04    9.66    3.32 
1962 12	  22.30   18.37    5.58    3.58 
1963 1	   7.00   16.24    1.22    3.99 
1963 2	  32.53   21.52    3.86    3.88 
1963 3	   0.38   28.25   11.57    4.44 
1963 4	  31.35   34.06   18.11    5.15 
1963 5	  74.92   33.77   19.72    4.00 
1963 6	 100.72   36.94   22.53    4.20 
1963 7	  11.85   37.71   22.60    3.82 
1963 8	   0.12   39.17   22.86    2.97 
1963 9	  33.15   35.14   20.46    2.03 
1963 10	  14.57   32.03   15.99    2.69 
1963 11	  29.82   25.75   11.18    4.17 
1963 12	  49.85   14.95    2.46    4.18 
1964 1	  10.52   19.30    3.46    3.89 
1964 2	  31.47   18.81    4.75    3.95 
1964 3	  46.97   25.84    9.55    4.45 
1964 4	   8.62   32.16   16.95    4.54 
1964 5	  72.27   34.04   19.97    3.78 
1964 6	  12.93   36.88   21.97    3.41 
1964 7	  17.33   38.98   23.34    3.29 
1964 8	 129.85   38.39   23.30    3.62 
1964 9	 177.15   34.17   21.40    2.48 
1964 10	  29.05   28.79   12.20    3.08 
1964 11	  29.10   26.01   11.56    3.86 
1964 12	   4.05   20.24    4.92    4.02 
1965 1	   2.20   22.53    5.86    3.74 
1965 2	  52.80   18.90    4.84    4.17 
1965 3	  18.80   23.11    7.53    4.69 
1965 4	   9.95   32.40   16.54    4.53 
1965 5	 136.43   32.47   19.82    4.72 
1965 6	   3.27   36.89   21.71    3.94 
1965 7	   5.97   38.99   21.76    3.19 
1965 8	  17.20   37.57   21.83    2.45 
1965 9	  89.77   36.02   20.85    2.99 
1965 10	  25.12   27.68   13.73    3.05 
1965 11	  46.58   25.97   13.79    2.49 
1965 12	  83.95   20.49    8.38    3.88 
1966 1	  42.60   15.13    2.07    4.14 
1966 2	  35.52   18.39    4.16    4.18 
1966 3	   9.95   24.71    9.83    3.90 
1966 4	 166.02   30.57   15.53    4.00 
1966 5	 121.30   30.04   18.47    3.64 
1966 6	  15.35   34.14   20.17    3.11 
1966 7	   1.00   37.70   22.41    3.08 
1966 8	  65.50   37.31   22.37    3.32 
1966 9	  98.93   34.33   19.98    2.06 
1966 10	  30.62   30.05   13.05    2.91 
1966 11	   0.00   27.40    9.53    3.45 
1966 12	   0.00   22.06    3.12    4.11 
1967 1	   6.15   19.62    3.64    4.30 
1967 2	  24.27   20.76    5.42    4.53 
1967 3	  20.55   29.16   13.08    4.42 
1967 4	  61.18   33.61   18.56    5.11 
1967 5	  28.47   35.02   18.63    4.46 
1967 6	  35.30   37.39   22.12    4.02 
1967 7	  14.35   38.72   22.88    3.82 
1967 8	 202.70   35.50   21.34    2.68 
1967 9	 250.90   29.99   18.89    2.46 
1967 10	  33.65   28.22   13.08    2.90 
1967 11	  59.60   23.26   10.22    3.07 
1967 12	  33.53   18.26    5.00    3.62 
1968 1	  44.72   16.40    4.98    4.42 
1968 2	  45.38   17.50    3.64    3.94 
1968 3	  24.05   21.96    8.29    4.98 
1968 4	  64.95   27.84   15.09    4.66 
1968 5	  28.52   32.06   19.49    4.32 
1968 6	  60.00   35.21   20.99    3.03 
1968 7	  42.88   35.64   21.88    3.14 
1968 8	  34.00   37.67   21.65    2.92 
1968 9	 106.10   32.23   19.06    2.64 
1968 10	  96.10   30.37   16.11    2.88 
1968 11	  41.85   24.54    7.34    3.96 
1968 12	   3.12   20.97    4.94    4.44 
1969 1	  10.30   20.88    5.65    4.15 
1969 2	  31.23   21.29    7.28    4.16 
1969 3	   2.33   22.67    6.63    4.57 
1969 4	  53.42   30.31   15.43    4.46 
1969 5	  36.15   32.13   18.20    3.18 
1969 6	  31.93   37.25   21.69    3.69 
1969 7	  24.92   38.95   23.15    3.50 
1969 8	  48.90   37.96   22.99    2.52 
1969 9	  28.80   34.94   20.68    2.18 
1969 10	 146.02   29.68   16.11    3.91 
1969 11	  37.28   22.71    8.33    4.04 
1969 12	  31.27   21.25    6.74    3.25 
1970 1	  36.00   14.38    2.61    3.97 
1970 2	  39.03   21.40    6.51    4.47 
1970 3	   3.10   23.68    7.50    4.29 
1970 4	  17.25   31.40   15.86    4.89 
1970 5	 112.50   30.77   16.22    4.06 
1970 6	  11.23   34.39   21.03    3.52 
1970 7	  24.08   36.62   22.06    2.55 
1970 8	  91.05   36.54   22.40    2.50 
1970 9	 124.07   32.74   20.46    3.11 
1970 10	   2.30   27.74   13.58    3.21 
1970 11	   0.00   25.62    5.21    4.06 
1970 12	   1.15   23.90    9.85    4.36 
1971 1	   0.08   24.06    6.36    4.45 
1971 2	  10.60   24.13    6.18    4.72 
1971 3	   0.00   29.37    9.30    4.53 
1971 4	   4.55   30.50   13.00    4.31 
1971 5	  18.00   34.52   18.87    4.50 
1971 6	 310.53   34.90   21.68    4.06 
1971 7	   3.67   35.80   21.30    3.20 
1971 8	 128.48   32.80   20.13    2.30 
1971 9	 188.83   31.32   19.15    2.66 
1971 10	 300.98   28.11   15.68    3.01 
1971 11	   6.33   24.52    8.58    3.29 
1971 12	  32.22   21.81    6.78    3.61 
1972 1	  46.62   21.67    4.09    4.15 
1972 2	   4.47   21.86    5.42    4.15 
1972 3	   7.03   28.39   11.00    3.59 
1972 4	   4.88   32.75   15.50    4.34 
1972 5	  98.35   30.28   16.82    3.39 
1972 6	 119.50   33.68   20.43    2.91 
1972 7	  22.35   35.13   20.32    2.77 
1972 8	  76.97   35.59   20.58    2.64 
1972 9	 104.85   34.85   19.83    2.17 
1972 10	   0.62   29.96   14.23    3.13 
1972 11	  32.65   21.30    5.34    3.80 
1972 12	  15.35   18.31    3.09    4.04 
1973 1	  47.25   16.97    0.61    4.61 
1973 2	 123.03   18.32    3.83    4.79 
1973 3	   0.15   27.72   11.00    3.79 
1973 4	  24.95   27.45   12.35    4.88 
1973 5	  26.08   33.56   16.21    4.24 
1973 6	 162.43   33.81   21.07    4.10 
1973 7	  39.30   35.40   21.00    3.59 
1973 8	  69.45   34.67   19.80    2.34 
1973 9	 185.75   32.78   20.31    2.76 
1973 10	 132.45   28.64   15.84    3.06 
1973 11	   1.15   26.79   12.04    3.55 
1973 12	   0.00   22.38    2.03    4.15 
1974 1	  22.33   19.03    4.04    3.63 
1974 2	   2.42   24.34    3.60    4.67 
1974 3	 125.97   28.67   12.59    5.02 
1974 4	  46.08   29.49   14.04    4.55 
1974 5	  45.60   33.00   19.19    4.00 
1974 6	  51.48   35.29   18.61    3.17 
1974 7	   6.65   36.72   20.19    3.11 
1974 8	 128.48   35.72   21.03    3.56 
1974 9	  88.73   29.75   16.34    3.14 
1974 10	  47.10   28.19   13.02    3.26 
1974 11	  25.00   22.11    7.45    3.53 
1974 12	  24.53   17.61    2.49    3.73 
1975 1	   7.07   21.39    4.41    3.95 
1975 2	  22.15   22.33    5.86    4.03 
1975 3	  24.15   28.73   10.26    4.62 
1975 4	  24.30   30.03   15.28    5.06 
1975 5	 129.50   32.39   19.16    4.23 
1975 6	  88.92   33.92   19.79    3.83 
1975 7	  68.88   34.17   20.06    2.95 
1975 8	  62.70   35.02   20.78    2.82 
1975 9	  83.00   31.80   17.61    2.27 
1975 10	  63.58   30.21   13.95    3.13 
1975 11	   0.00   25.90    8.15    3.56 
1975 12	   6.40   21.61    4.69    4.41 
1976 1	   3.78   19.27    1.99    4.11 
1976 2	   0.00   26.42    7.47    4.83 
1976 3	  25.40   26.28   11.91    4.63 
1976 4	 130.68   28.04   15.36    4.43 
1976 5	  76.48   29.75   16.22    3.58 
1976 6	  37.75   34.86   20.22    3.39 
1976 7	 214.68   31.70   20.31    3.22 
1976 8	  45.77   35.48   20.13    2.07 
1976 9	  47.27   34.07   20.02    2.48 
1976 10	 201.20   25.70   10.59    3.37 
1976 11	  74.35   19.30    5.51    4.07 
1976 12	  62.35   16.80    3.70    3.85 
1977 1	  39.60   15.88    1.54    3.90 
1977 2	  12.82   21.69    5.69    3.93 
1977 3	   1.42   26.60    9.58    4.25 
1977 4	  75.15   28.26   13.71    3.75 
1977 5	  41.75   30.56   19.40    4.57 
1977 6	  28.47   34.51   20.72    3.32 
1977 7	   1.77   36.74   21.48    3.48 
1977 8	   8.40   38.68   23.28    3.42 
1977 9	   4.85   36.89   21.91    2.95 
1977 10	  71.72   30.27   15.38    2.94 
1977 11	   8.57   26.41    9.18    3.18 
1977 12	   9.53   22.27    5.06    4.01 
1978 1	   5.25   13.98    1.85    4.56 
1978 2	  13.00   16.65    2.65    4.25 
1978 3	   0.15   27.14    8.65    3.87 
1978 4	   4.15   31.82   16.14    5.04 
1978 5	 110.25   34.81   20.74    4.26 
1978 6	 101.30   35.24   21.84    3.07 
1978 7	  55.42   38.30   23.01    3.70 
1978 8	 104.68   35.99   21.68    2.91 
1978 9	  76.35   31.07   20.81    2.84 
1978 10	  39.17   28.06   14.10    2.95 
1978 11	   9.73   23.38   12.22    3.91 
1978 12	  33.38   19.47    4.95    4.20 
1979 1	  20.12   13.79    2.50    4.84 
1979 2	  29.85   18.15    5.60    4.36 
1979 3	  34.47   25.24   11.70    4.73 
1979 4	 110.03   28.52   15.25    3.75 
1979 5	  53.65   30.97   17.11    4.26 
1979 6	 166.43   33.26   20.15    3.33 
1979 7	   6.50   37.51   22.97    3.25 
1979 8	   4.62   37.01   21.81    2.81 
1979 9	  23.05   33.87   18.04    2.80 
1979 10	   0.00   32.62   15.57    3.32 
1979 11	   0.80   23.12    7.31    4.28 
1979 12	  33.62   19.40    6.49    4.43 
1980 1	   7.45   19.71    5.93    3.99 
1980 2	  15.12   20.48    5.33    4.25 
1980 3	   4.50   25.81   10.46    4.39 
1980 4	   3.42   30.43   14.07    4.16 
1980 5	  96.72   33.66   20.11    4.42 
1980 6	   0.00   38.75   23.70    4.41 
1980 7	   8.95   39.67   23.67    3.64 
1980 8	 204.78   35.58   22.59    3.83 
1980 9	  34.40   34.91   21.81    2.79 
1980 10	   4.70   28.68   14.22    3.42 
1980 11	  77.90   21.56    7.40    3.79 
1980 12	  10.57   18.67    6.72    3.75 
1981 1	  45.03   17.26    5.48    3.89 
1981 2	  16.90   19.24    6.82    4.56 
1981 3	  52.62   23.38   10.16    4.21 
1981 4	  94.53   29.07   17.23    4.66 
1981 5	 161.10   31.50   18.83    4.49 
1981 6	 171.83   32.42   21.71    3.58 
1981 7	   8.18   35.55   21.88    3.91 
1981 8	  58.98   36.58   21.98    3.11 
1981 9	 102.47   32.66   19.20    3.16 
1981 10	 118.55   29.31   16.23    3.88 
1981 11	   0.00   26.73   10.20    3.37 
1981 12	   6.22   21.18    4.89    3.61 
1982 1	   0.88   20.85    4.52    4.52 
1982 2	  53.12   18.75    5.09    4.36 
1982 3	   7.88   25.75   12.37    5.03 
1982 4	  43.10   28.71   15.40    4.54 
1982 5	 113.35   29.93   18.80    4.82 
1982 6	  24.40   34.97   22.61    4.66 
1982 7	   0.10   38.01   23.20    4.42 
1982 8	   9.43   38.10   22.61    3.37 
1982 9	  62.62   35.10   20.17    2.77 
1982 10	  55.05   27.91   15.13    3.26 
1982 11	  42.48   23.06   10.75    3.92 
1982 12	  36.95   19.24    6.33    3.82 
1983 1	  21.98   17.25    4.71    3.33 
1983 2	  37.95   20.26    5.86    3.95 
1983 3	  11.60   25.01    9.42    4.06 
1983 4	   0.00   30.86   12.79    4.62 
1983 5	  46.07   33.10   19.21    4.23 
1983 6	  53.22   34.64   20.95    3.75 
1983 7	  37.20   35.86   22.70    3.22 
1983 8	  15.58   37.32   22.64    2.40 
1983 9	  64.25   33.92   20.22    3.13 
1983 10	  36.17   30.32   16.48    3.20 
1983 11	  39.30   26.60   11.16    3.67 
1983 12	   4.78   14.78    0.95    4.25 
1984 1	  37.22   14.79    3.85    4.41 
1984 2	   0.90   22.47    6.41    3.95 
1984 3	   3.05   27.99   10.89    4.66 
1984 4	   0.52   32.92   15.10    3.94 
1984 5	  94.55   34.04   18.84    4.08 
1984 6	  35.85   35.85   21.68    4.52 
1984 7	   3.65   37.00   22.19    3.24 
1984 8	   0.23   37.14   22.82    3.30 
1984 9	  27.23   33.19   19.62    3.43 
1984 10	  77.30   28.56   18.57    3.41 
1984 11	  13.95   23.42   10.11    3.82 
1984 12	  42.50   21.98   10.97    4.13 
1985 1	  49.50   14.00    2.50    4.13 
1985 2	   8.63   16.83    5.97    4.72 
1985 3	  64.52   24.83   13.29    4.43 
1985 4	 105.15   28.91   15.80    4.25 
1985 5	 118.23   31.95   19.04    3.90 
1985 6	 127.48   33.95   21.66    3.58 
1985 7	  38.83   36.11   20.74    3.44 
1985 8	   8.65   39.00   22.36    3.22 
1985 9	  56.35   35.38   20.90    3.23 
1985 10	 178.03   29.82   16.37    3.93 
1985 11	  51.28   25.56   13.16    4.00 
1985 12	   9.45   18.20    3.60    4.04 
1986 1	  30.13   20.46    4.77    3.82 
1986 2	  30.02   24.56    7.86    3.76 
1986 3	   7.72   27.67    9.89    3.83 
1986 4	  51.30   32.17   17.27    4.61 
1986 5	  99.73   32.45   18.65    4.32 
1986 6	  48.63   34.15   21.68    3.15 
1986 7	   8.38   38.00   22.30    4.00 
1986 8	  14.85   37.93   22.44    3.01 
1986 9	  27.05   36.03   22.26    3.37 
1986 10	 143.85   28.23   15.56    3.25 
1986 11	  32.95   21.93    9.96    3.66 
1986 12	 111.03   16.48    6.70    3.97 
1987 1	  14.17   18.71    4.22    3.80 
1987 2	  69.05   20.42    7.34    4.22 
1987 3	  21.75   23.80    7.93    3.98 
1987 4	  46.77   27.85   10.97    3.69 
1987 5	 145.27   31.77   18.68    4.15 
1987 6	 146.88   33.18   21.60    2.87 
1987 7	  31.17   35.39   22.75    3.40 
1987 8	  87.90   37.90   23.67    3.61 
1987 9	  16.10   33.82   20.12    3.18 
1987 10	   1.52   30.35   13.68    3.22 
1987 11	  27.20   24.36    9.69    3.79 
1987 12	   9.30   21.57    6.41    3.89 
1988 1	   1.32   16.53    1.93    4.52 
1988 2	  14.30   19.04    6.69    4.37 
1988 3	   2.58   27.30   10.11    4.62 
1988 4	   4.50   32.64   12.40    3.39 
1988 5	  22.50   33.61   18.41    4.02 
1988 6	  42.50   36.43   23.03    2.79 
1988 7	  38.02   35.42   23.51    3.30 
1988 8	  48.25   36.85   23.56    2.67 
1988 9	  50.43   32.54   19.89    3.17 
1988 10	  73.97   29.45   15.99    2.91 
1988 11	   0.00   23.50    9.46    4.03 
1988 12	   0.25   18.46    5.98    4.11 
1989 1	  27.83   19.88    8.11    3.94 
1989 2	   3.82   17.65    6.47    5.22 
1989 3	  26.70   26.98   10.71    4.44 
1989 4	  43.60   27.60   15.01    4.26 
1989 5	   7.45   35.41   21.76    4.96 
1989 6	  36.83   36.77   22.19    3.71 
1989 7	   7.70   37.60   21.85    3.26 
1989 8	 108.75   36.21   22.60    3.47 
1989 9	  63.52   34.11   19.66    3.20 
1989 10	  61.52   30.20   15.43    3.44 
1989 11	  17.92   23.59   11.48    3.68 
1989 12	  26.15   13.99    1.09    4.28 
1990 1	  23.30   21.29    8.22    4.31 
1990 2	  88.75   23.59    9.87    4.03 
1990 3	  69.15   23.79   12.18    5.22 
1990 4	  67.50   28.08   16.26    5.00 
1990 5	  25.50   33.65   20.19    5.01 
1990 6	   0.30   38.72   23.54    4.67 
1990 7	 198.95   35.57   21.96    3.71 
1990 8	  35.03   35.91   22.17    3.44 
1990 9	  72.92   33.24   20.15    2.51 
1990 10	  65.72   29.44   12.39    3.09 
1990 11	  41.20   24.94   11.18    4.03 
1990 12	   1.02   21.43    5.11    4.09 
1991 1	  36.15   17.42    3.64    4.00 
1991 2	  76.38   22.82    6.34    4.12 
1991 3	   0.82   30.25   10.85    4.41 
1991 4	  22.77   33.16   13.56    4.06 
1991 5	 141.62   35.21   17.51    4.32 
1991 6	  60.47   36.67   20.57    3.64 
1991 7	  63.12   36.40   21.52    3.48 
1991 8	  40.20   37.88   22.05    3.12 
1991 9	  79.00   33.54   19.82    2.57 
1991 10	   1.92   32.05   15.04    2.97 
1991 11	   0.70   22.08    9.25    4.53 
1991 12	  36.15   18.15    9.11    4.40 
1992 1	  95.30   14.90    5.90    3.84 
1992 2	  69.40   22.25    8.10    3.71 
1992 3	  22.63   25.73    9.44    4.18 
1992 4	  81.18   26.21   13.26    3.83 
1992 5	 164.90   30.29   16.33    3.58 
1992 6	  66.18   36.05   20.83    3.51 
1992 7	  82.10   37.15   23.17    4.52 
1992 8	   5.30   37.34   22.53    2.36 
1992 9	   6.07   35.21   21.51    3.08 
1992 10	  35.55   29.94   14.71    2.84 
1992 11	  24.48   22.82    8.56    3.79 
1992 12	  34.88   19.18    8.67    3.51 
1993 1	  16.80   20.66    6.46    3.46 
1993 2	  54.45   21.05    7.54    4.21 
1993 3	  19.83   25.58   10.16    3.66 
1993 4	  10.52   29.90   12.21    4.52 
1993 5	 139.20   31.13   17.81    3.62 
1993 6	  68.93   33.11   22.11    3.54 
1993 7	   0.00   37.00   23.03    4.55 
1993 8	  12.07   37.33   22.72    3.50 
1993 9	  53.55   33.75   19.68    2.81 
1993 10	  31.58   29.57   15.56    3.56 
1993 11	   1.72   22.21    7.42    3.73 
1993 12	   1.10   21.01   10.01    4.04 
1994 1	  43.45   20.18    5.97    4.50 
1994 2	   6.28   21.06    7.53    4.88 
1994 3	  50.95   26.26   10.63    4.06 
1994 4	  44.80   30.32   16.07    4.32 
1994 5	  40.50   31.73   18.79    3.97 
1994 6	  18.35   37.60   22.62    3.08 
1994 7	  33.30   38.60   23.51    4.15 
1994 8	  24.15   36.31   22.77    2.69 
1994 9	  24.88   32.73   19.19    2.01 
1994 10	  97.27   29.81   16.99    3.14 
1994 11	   0.65   26.37   12.60    3.94 
1994 12	  73.78   21.15   10.33    3.88 
1995 1	  11.45   20.17    6.40    4.35 
1995 2	   2.25   23.76    9.86    3.93 
1995 3	  34.25   25.13   10.54    4.03 
1995 4	   9.95   32.17   14.38    4.42 
1995 5	  98.15   34.25   20.39    4.72 
1995 6	 101.05   35.23   22.00    3.79 
1995 7	  31.77   37.01   23.90    3.27 
1995 8	  50.80   36.56   23.85    2.12 
1995 9	  49.60   34.52   21.26    2.40 
1995 10	  24.42   29.94   15.48    3.30 
1995 11	  77.75   23.00   10.49    3.32 
1995 12	   1.35   19.14    7.63    4.16 
1996 1	   0.00   21.64    3.74    4.50 
1996 2	   0.23   23.39    8.29    4.83 
1996 3	   0.18   22.80    7.75    4.52 
1996 4	  16.55   30.52   13.83    4.47 
1996 5	  17.02   36.03   21.80    5.52 
1996 6	  36.23   37.19   23.49    3.74 
1996 7	  66.68   37.86   24.39    3.97 
1996 8	 106.15   35.37   23.35    3.47 
1996 9	  50.40   33.51   21.56    2.68 
1996 10	  22.07   29.87   16.26    3.28 
1996 11	  20.55   24.91   11.24    3.84 
1996 12	   2.15   19.79    6.50    3.81 
1997 1	   1.05   16.54    4.59    4.35 
1997 2	  36.05   19.63    8.00    4.15 
1997 3	  79.25   25.79   12.91    3.64 
1997 4	  61.30   25.82   13.08    3.98 
1997 5	 203.27   30.98   18.02    3.28 
1997 6	 227.00   33.18   21.64    3.99 
1997 7	   8.73   36.92   23.26    3.58 
1997 8	   0.12   37.95   23.35    3.30 
1997 9	  43.30   35.31   21.90    2.14 
1997 10	  51.88   28.55   15.19    3.39 
1997 11	  46.17   21.38    9.83    3.33 
1997 12	   1.20   19.81    4.61    4.18 
1998 1	  19.42   22.61    8.35    3.85 
1998 2	  50.62   23.86    8.18    3.87 
1998 3	  50.33   25.63   10.48    4.91 
1998 4	   0.88   31.22   15.03    4.14 
1998 5	   0.22   37.54   20.82    4.37 
1998 6	   0.72   40.58   24.07    4.81 
1998 7	   1.62   39.86   24.45    3.81 
1998 8	 137.20   36.63   23.97    2.90 
1998 9	  81.35   33.88   23.18    2.45 
1998 10	 142.50   29.58   18.08    3.76 
1998 11	  62.63   24.67   13.98    3.42 
1998 12	   1.75   19.71    6.35    4.31 
1999 1	   0.00   22.81    6.02    4.56 
1999 2	   0.03   26.79    9.57    4.27 
1999 3	  89.47   27.39   13.19    4.61 
1999 4	  27.85   31.94   17.37    4.69 
1999 5	  40.38   33.56   19.98    4.16 
1999 6	 118.90   36.41   22.74    3.79 
1999 7	  45.75   36.97   22.86    3.26 
1999 8	 209.18   37.74   23.15    2.34 
1999 9	   6.90   33.59   20.05    2.59 
1999 10	  33.18   28.72   14.05    3.09 
1999 11	   0.12   26.49   10.84    3.06 
1999 12	   8.57   20.92    5.91    4.06 
2000 1	  18.23   22.95    7.76    4.08 
2000 2	   3.77   26.08   12.33    4.43 
2000 3	  80.12   27.96   14.94    4.12 
2000 4	  21.48   30.47   15.55    4.29 
2000 5	  53.70   34.77   21.45    4.65 
2000 6	  49.70   35.35   22.85    4.04 
2000 7	   4.35   39.59   23.08    3.69 
2000 8	   1.10   38.44   23.26    2.64 
2000 9	  41.53   36.32   20.15    2.62 
2000 10	 106.98   27.06   16.99    3.68 
2000 11	  77.80   22.05    9.79    3.76 
2000 12	  34.30   14.57    3.19    4.05 
2001 1	  19.65   16.96    6.03    4.22 
2001 2	   2.25   22.12    9.34    4.29 
2001 3	  49.67   20.88    8.93    3.69 
2001 4	   0.50   30.08   17.63    4.88 
2001 5	  39.05   34.55   19.22    3.88 
2001 6	  14.95   38.17   23.43    2.90 
2001 7	   3.75   38.85   23.84    3.47 
2001 8	  36.47   38.00   23.90    3.04 
2001 9	  69.85   33.50   20.32    2.87 
2001 10	   0.05   30.44   15.64    3.23 
2001 11	  58.62   24.55   13.18    3.34 
2001 12	  48.10   19.16    7.74    3.64 
2002 1	   0.00   20.65    7.54    4.11 
2002 2	   0.73   20.45    5.72    4.02 
2002 3	   0.57   25.22   10.79    4.70 
2002 4	   1.80   32.76   19.05    4.56 
2002 5	  60.88   34.51   21.33    4.76 
2002 6	  35.97   36.43   23.94    3.33 
2002 7	 181.58   34.06   23.53    3.49 
2002 8	   4.15   36.78   24.18    2.66 
2002 9	 135.12   32.04   20.53    2.68 
2002 10	 112.70   27.80   18.41    2.89 
2002 11	   4.55   21.46    8.77    3.48 
2002 12	   2.98   19.49    5.83    4.31 
2003 1	   3.05   17.66    5.32    3.66 
2003 2	  43.32   19.68    8.05    4.51 
2003 3	  26.07   24.61   11.59    3.50 
2003 4	  13.30   29.93   15.42    4.33 
2003 5	  12.72   36.00   21.44    4.03 
2003 6	 110.53   36.74   22.21    2.83 
2003 7	 139.53   34.39   23.25    3.14 
2003 8	  21.07   36.01   24.25    2.63 
2003 9	 135.68   31.12   20.97    2.22 
2003 10	 135.65   28.30   16.27    2.94 
2003 11	  23.38   23.62   12.09    3.86 
2003 12	   0.32   21.23    5.08    3.97 
2004 1	  33.78   18.70    8.10    4.58 
2004 2	  68.23   20.15    6.96    4.13 
2004 3	  77.55   25.68   14.73    4.10 
2004 4	 101.52   26.57   15.53    4.59 
2004 5	  22.05   31.86   18.64    4.51 
2004 6	 162.22   35.32   22.41    3.43 
2004 7	  14.20   35.10   22.71    3.17 
2004 8	  74.90   35.91   22.02    2.81 
2004 9	  48.45   32.40   20.28    1.94 
2004 10	  63.20   32.30   18.68    3.45 
2004 11	  73.82   23.63   11.38    3.75 
2004 12	   9.48   19.86    6.06    4.16 
2005 1	  43.22   20.65    8.51    4.32 
2005 2	  33.42   21.80   12.80    4.39 
2005 3	  50.20   26.34   10.30    3.66 
2005 4	   8.23   30.80   14.46    4.17 
2005 5	  76.62   32.88   18.43    4.20 
2005 6	   1.23   37.53   21.54    3.92 
2005 7	  93.45   37.33   23.10    3.24 
2005 8	   2.53   38.06   23.14    3.11 
2005 9	  41.30   37.74   22.70    2.48 
2005 10	 145.58   30.59   16.51    2.90 
2005 11	   0.57   28.16    9.20    3.74 
2005 12	   2.58   21.20    3.07    3.80 
2006 1	   1.70   25.32    3.87    3.97 
2006 2	   5.97   23.26    3.85    4.19 
2006 3	   4.68   29.61   12.65    4.53 
2006 4	   2.05   34.01   18.19    4.37 
2006 5	 125.52   36.04   18.99    4.27 
2006 6	   9.98   37.98   21.58    2.94 
2006 7	  52.83   36.89   22.90    3.24 
2006 8	   0.68   38.84   23.21    2.95 
2006 9	  73.08   33.64   20.41    2.55 
2006 10	  18.32   30.37   16.26    3.05 
2006 11	   0.45   26.03   11.69    3.55 
2006 12	  70.82   18.56    6.92    3.98 
2007 1	  75.63   14.92    4.88    4.40 
2007 2	   3.22   20.90    7.49    3.70 
2007 3	  45.48   25.88   13.99    4.46 
2007 4	  23.67   27.15   14.30    3.93 
2007 5	 141.20   31.36   19.57    3.89 
2007 6	 230.52   34.16   21.98    3.84 
2007 7	 265.18   31.94   21.84    3.21 
2007 8	  25.58   35.12   22.45    2.46 
2007 9	  75.05   33.87   21.26    1.91 
2007 10	   5.58   32.08   14.98    2.83 
2007 11	  14.93   25.52   10.42    3.37 
2007 12	  16.05   23.61    5.13    3.67 
2008 1	   8.12   19.87    3.80    4.44 
2008 2	   1.15   27.22    6.79    4.21 
2008 3	  11.45   29.03    9.29    4.75 
2008 4	  65.10   31.78   13.74    4.46 
2008 5	  93.50   34.49   18.65    4.13 
2008 6	  10.40   38.19   22.71    4.08 
2008 7	  93.70   34.70   21.71    3.53 
2008 8	 254.10   35.75   22.91    2.89 
2008 9	  68.55   32.51   19.35    2.42 
2008 10	  27.38   29.97   13.15    2.96 
2008 11	   0.40   25.58    8.95    2.95 
2008 12	   8.82   21.21    4.55    4.27 
2009 1	   0.83   22.43    4.68    3.74 
2009 2	   2.30   25.88    5.72    4.56 
2009 3	   2.88   27.49   10.55    4.62 
2009 4	  13.78   31.62   14.37    4.43 
2009 5	  57.88   35.09   19.94    3.99 
2009 6	   1.15   38.17   22.72    3.78 
2009 7	   8.85   40.02   23.63    3.93 
2009 8	  18.85   39.31   23.15    2.93 
2009 9	  46.70   32.28   20.67    2.18 
2009 10	  22.60   29.60   15.81    3.69 
2009 11	  31.58   24.54    9.06    3.53 
2009 12	  41.58   15.00    4.22    4.01 
2010 1	 102.43   18.04    3.03    4.58 
2010 2	  98.95   17.47    3.53    4.26 
2010 3	  14.60   24.92    6.44    3.99 
2010 4	  68.62   28.65   15.21    4.04 
2010 5	  89.62   32.95   19.51    4.01 
2010 6	 159.33   36.11   22.86    3.82 
2010 7	  36.02   33.77   23.69    3.13 
2010 8	  14.18   37.75   23.85    2.40 
2010 9	 132.43   32.75   21.74    2.46 
2010 10	   0.00   30.40   14.13    3.33 
2010 11	   6.62   25.83    8.88    4.30 
2010 12	   3.40   22.00    3.90    4.17 
