1949 1	  61.00   10.56   -3.62    3.26 
1949 2	  54.38   16.55    1.00    2.72 
1949 3	  33.55   21.01    4.88    2.86 
1949 4	 102.07   24.18    8.10    2.78 
1949 5	 121.17   28.28   15.11    2.91 
1949 6	  49.67   32.97   17.80    3.09 
1949 7	  28.77   36.32   19.75    2.50 
1949 8	  46.58   33.91   17.93    2.12 
1949 9	  45.75   30.84   14.84    2.24 
1949 10	 100.27   24.92    9.49    2.93 
1949 11	   0.00   24.17    3.64    2.37 
1949 12	  59.98   16.45    1.18    3.06 
1950 1	  13.62   17.21    1.93    3.25 
1950 2	  15.82   20.06    3.99    3.03 
1950 3	   1.67   23.36    3.78    3.51 
1950 4	  53.77   27.12    9.83    3.55 
1950 5	  93.65   30.09   14.77    2.76 
1950 6	  17.85   32.52   17.90    2.97 
1950 7	  56.03   34.84   19.56    3.17 
1950 8	  35.03   35.04   19.16    2.63 
1950 9	 127.35   30.04   17.04    2.49 
1950 10	   2.95   29.60   12.44    2.61 
1950 11	   0.00   23.14    2.97    3.10 
1950 12	   0.00   17.21   -1.76    2.51 
1951 1	   0.00   16.56   -1.47    3.22 
1951 2	  14.25   18.56    1.42    3.50 
1951 3	  25.20   23.01    5.00    3.50 
1951 4	  31.90   26.87    9.24    3.27 
1951 5	  88.33   30.93   15.59    2.92 
1951 6	  96.32   33.52   19.78    3.46 
1951 7	  18.93   37.06   22.23    2.87 
1951 8	  10.62   37.54   21.70    2.80 
1951 9	  56.33   33.14   17.19    2.52 
1951 10	  29.80   27.73   12.19    2.71 
1951 11	   8.08   18.77    3.20    3.16 
1951 12	   1.50   18.14    1.35    3.09 
1952 1	  16.40   19.41    3.43    3.27 
1952 2	   6.78   20.32    3.12    3.36 
1952 3	  15.48   20.85    4.27    3.32 
1952 4	  67.22   25.23    9.10    3.18 
1952 5	  65.02   29.81   13.79    3.00 
1952 6	  14.17   34.81   20.02    3.15 
1952 7	   5.80   36.31   20.70    2.66 
1952 8	   8.15   39.54   22.63    3.05 
1952 9	 106.97   30.83   15.55    1.89 
1952 10	   0.00   25.89    6.89    2.28 
1952 11	  64.90   17.75    4.36    2.83 
1952 12	  20.93   14.75   -0.04    2.38 
1953 1	   0.55   19.74    2.08    3.46 
1953 2	   9.80   17.55    1.39    2.77 
1953 3	  42.35   23.33    8.57    2.51 
1953 4	  20.33   26.15    8.65    2.82 
1953 5	 103.33   29.25   14.51    3.25 
1953 6	  17.82   37.74   21.94    3.04 
1953 7	  35.38   35.55   21.60    2.86 
1953 8	 127.53   34.66   20.63    2.20 
1953 9	  27.33   33.19   16.10    1.68 
1953 10	  72.40   25.33   11.82    2.34 
1953 11	  15.35   17.78    4.30    2.03 
1953 12	   5.50   13.95   -0.85    2.98 
1954 1	  11.73   15.86    0.45    3.00 
1954 2	   4.35   22.42    3.95    3.08 
1954 3	   8.65   21.18    4.37    3.20 
1954 4	 143.88   28.24   13.07    3.71 
1954 5	 141.23   27.17   13.59    2.92 
1954 6	   6.45   34.05   20.01    3.33 
1954 7	   0.08   38.15   21.82    2.65 
1954 8	   0.95   36.96   21.88    3.11 
1954 9	  15.65   34.70   17.77    2.19 
1954 10	  25.38   27.15   12.80    2.36 
1954 11	  46.70   19.89    5.51    2.37 
1954 12	   6.78   17.86    2.23    2.85 
1955 1	  15.85   13.92    0.83    2.96 
1955 2	  33.90   15.63    1.76    3.41 
1955 3	   7.78   23.24    5.93    3.21 
1955 4	  25.25   29.39   13.20    3.30 
1955 5	 131.88   31.30   16.44    3.03 
1955 6	  80.65   32.44   18.45    3.05 
1955 7	  65.65   34.68   21.32    2.94 
1955 8	  69.42   34.96   20.31    1.89 
1955 9	  88.33   32.23   18.79    2.06 
1955 10	  27.12   27.40   10.46    2.44 
1955 11	   5.93   20.86    3.66    3.03 
1955 12	   0.28   17.15   -0.14    2.51 
1956 1	  24.45   14.51   -1.29    3.10 
1956 2	  12.85   16.41    0.84    3.15 
1956 3	   1.58   23.78    4.28    3.10 
1956 4	  59.17   25.86    9.37    3.10 
1956 5	 110.00   31.11   16.39    3.11 
1956 6	  17.60   36.19   20.64    2.89 
1956 7	  12.47   37.57   21.89    3.30 
1956 8	  11.53   37.23   20.88    3.06 
1956 9	   9.90   34.15   17.09    2.18 
1956 10	  56.98   28.10   12.94    2.06 
1956 11	  14.93   18.40    3.62    2.72 
1956 12	  28.40   17.29    2.02    2.80 
1957 1	  16.67   14.57    0.24    2.87 
1957 2	  24.42   17.53    6.66    2.88 
1957 3	  20.92   20.12    6.00    3.19 
1957 4	  95.57   23.69    9.76    3.23 
1957 5	 259.65   25.94   14.53    2.88 
1957 6	  80.97   31.43   18.82    2.50 
1957 7	  62.22   36.63   21.21    2.41 
1957 8	   5.73   36.08   20.90    2.44 
1957 9	  69.17   30.05   15.31    2.52 
1957 10	 199.35   22.57    9.69    2.52 
1957 11	  49.03   16.09    3.57    2.79 
1957 12	  18.50   17.28    2.04    3.12 
1958 1	  34.33   13.03   -0.05    2.93 
1958 2	  53.95   11.80    1.35    3.42 
1958 3	  52.20   14.65    2.47    2.75 
1958 4	  76.05   22.85    9.28    2.96 
1958 5	  84.92   27.83   14.66    2.27 
1958 6	  50.02   33.63   19.59    2.75 
1958 7	  50.53   35.05   21.17    3.39 
1958 8	  47.80   35.89   20.68    2.27 
1958 9	 130.82   29.33   18.41    2.28 
1958 10	  39.70   22.44   11.11    2.38 
1958 11	  19.10   19.40    5.29    2.16 
1958 12	   3.40   14.07   -1.25    2.64 
1959 1	   0.00   14.62   -1.61    3.18 
1959 2	   7.93   15.44    2.14    2.91 
1959 3	   7.22   22.85    3.73    3.44 
1959 4	  51.72   25.08    9.85    3.27 
1959 5	  87.95   30.07   16.88    3.27 
1959 6	 124.30   31.67   20.02    2.61 
1959 7	 117.38   31.41   19.98    2.19 
1959 8	   9.62   33.75   20.55    2.48 
1959 9	  31.70   32.73   18.16    2.88 
1959 10	 101.22   24.11    9.88    2.37 
1959 11	  11.07   16.03    0.59    2.61 
1959 12	  47.85   15.56    2.40    2.96 
1960 1	  64.20   12.86    0.69    2.88 
1960 2	  16.85   14.02   -1.20    3.74 
1960 3	  16.42   17.29    2.92    2.92 
1960 4	  94.12   26.83   11.37    3.69 
1960 5	  33.80   29.56   13.69    3.28 
1960 6	  24.62   35.43   19.68    2.79 
1960 7	  71.33   35.46   21.41    2.30 
1960 8	  41.67   34.70   20.77    2.31 
1960 9	  54.53   32.44   16.75    2.09 
1960 10	  57.85   26.47   12.78    2.42 
1960 11	   1.80   20.16    6.60    2.55 
1960 12	  66.10   11.07   -0.46    2.78 
1961 1	  42.25   11.58   -2.40    2.64 
1961 2	  47.02   16.62    1.24    3.41 
1961 3	  12.93   21.77    5.75    3.34 
1961 4	   2.12   26.64    9.29    3.64 
1961 5	  91.53   29.90   15.45    3.33 
1961 6	 177.70   30.24   17.93    2.70 
1961 7	  85.55   31.44   19.24    2.69 
1961 8	  20.55   33.27   18.46    2.01 
1961 9	 168.02   29.05   16.44    3.15 
1961 10	  67.28   24.88   11.14    2.83 
1961 11	  66.10   16.17    3.71    2.78 
1961 12	  12.45   13.81    0.86    2.79 
1962 1	   0.00   12.53   -3.68    3.17 
1962 2	   1.70   21.62    2.88    3.20 
1962 3	  15.32   19.12    3.60    3.24 
1962 4	  66.72   24.36   10.69    3.25 
1962 5	  12.92   31.48   16.71    4.34 
1962 6	 125.08   31.89   18.25    2.32 
1962 7	 129.15   34.28   20.69    2.88 
1962 8	  27.22   36.70   20.43    2.36 
1962 9	 101.02   30.96   17.42    2.14 
1962 10	  95.27   26.76   13.70    2.85 
1962 11	  18.80   18.84    5.94    2.53 
1962 12	  19.90   14.58    1.19    2.44 
1963 1	   0.12   12.83   -4.98    2.85 
1963 2	   9.93   17.08   -0.14    2.99 
1963 3	   4.57   23.74    6.79    3.44 
1963 4	  41.65   28.52   13.46    3.83 
1963 5	 169.23   29.53   16.46    3.18 
1963 6	  76.20   31.96   19.25    2.95 
1963 7	   0.80   36.28   21.60    3.13 
1963 8	  51.62   35.69   20.89    2.29 
1963 9	  40.65   31.67   17.86    1.94 
1963 10	  10.12   29.29   12.74    1.90 
1963 11	  74.63   20.50    6.31    2.92 
1963 12	  14.35   11.77   -2.10    2.49 
1964 1	  60.70   16.22   -1.00    3.18 
1964 2	  57.30   15.22   -0.84    3.22 
1964 3	  28.62   22.63    4.53    3.26 
1964 4	  32.25   27.74   11.76    3.67 
1964 5	  17.17   30.21   16.35    3.24 
1964 6	  63.70   33.80   19.18    3.18 
1964 7	  39.30   37.46   21.78    2.58 
1964 8	 151.18   36.21   21.34    3.08 
1964 9	  90.80   30.06   17.43    2.16 
1964 10	  16.80   24.98    9.45    2.16 
1964 11	  58.38   20.06    6.13    2.67 
1964 12	   8.52   16.12    0.44    2.81 
1965 1	  35.17   16.60    1.21    2.90 
1965 2	  49.90   13.82    0.15    3.16 
1965 3	  14.80   16.03    1.96    3.33 
1965 4	  41.20   27.36   12.17    3.12 
1965 5	 226.55   27.25   16.40    3.25 
1965 6	  70.88   31.70   19.65    2.92 
1965 7	  46.00   35.93   21.08    2.33 
1965 8	  53.97   34.94   20.31    2.47 
1965 9	  80.50   32.34   18.02    2.58 
1965 10	  55.17   24.69   10.46    2.14 
1965 11	  39.85   22.15    8.68    2.01 
1965 12	  33.75   15.56    4.62    2.94 
1966 1	  17.15   10.60   -1.85    2.82 
1966 2	  10.70   14.30   -0.73    3.12 
1966 3	  12.52   21.77    6.30    3.40 
1966 4	 163.45   25.13   10.61    3.27 
1966 5	  50.68   27.98   14.98    2.61 
1966 6	  71.70   32.49   18.83    2.59 
1966 7	   5.70   36.44   22.32    2.60 
1966 8	 121.43   33.02   19.77    2.31 
1966 9	 104.37   28.03   16.66    1.68 
1966 10	  55.72   24.07    9.04    2.20 
1966 11	   1.05   21.96    6.54    2.98 
1966 12	   0.77   14.95   -1.54    2.63 
1967 1	   0.00   17.17   -1.11    3.28 
1967 2	   5.43   17.21    0.65    3.27 
1967 3	  15.03   25.94    8.62    3.98 
1967 4	  29.67   28.73   14.82    4.19 
1967 5	  55.67   30.16   14.14    3.32 
1967 6	  82.42   34.14   20.34    3.19 
1967 7	  84.12   34.15   20.57    3.04 
1967 8	   5.75   33.53   18.94    2.15 
1967 9	 128.60   26.72   15.60    2.38 
1967 10	  20.80   24.40    9.32    2.74 
1967 11	  68.60   17.94    5.85    2.39 
1967 12	  36.30   12.69   -0.14    2.52 
1968 1	 105.70   11.26    0.50    3.09 
1968 2	  66.90   12.43   -0.46    2.49 
1968 3	  36.77   17.90    5.07    3.95 
1968 4	 104.28   22.95    9.40    3.22 
1968 5	  55.30   27.18   15.41    3.43 
1968 6	  16.88   30.40   18.68    2.82 
1968 7	  78.75   32.47   19.80    2.71 
1968 8	  52.95   33.97   19.63    2.97 
1968 9	  49.90   29.53   14.49    2.13 
1968 10	   4.33   27.43   10.81    2.77 
1968 11	 105.30   17.98    3.10    3.01 
1968 12	   3.10   15.80   -1.02    3.24 
1969 1	   7.18   16.51    0.35    3.02 
1969 2	  29.73   15.58    1.22    2.80 
1969 3	  61.88   15.33    1.41    3.30 
1969 4	 106.25   25.30   11.12    3.40 
1969 5	 148.55   27.40   14.13    2.30 
1969 6	 100.33   32.45   18.34    3.43 
1969 7	  10.75   36.47   21.76    2.72 
1969 8	  63.48   35.51   20.78    2.34 
1969 9	 179.95   29.13   17.03    1.90 
1969 10	  81.97   22.50   10.29    3.14 
1969 11	  33.45   18.48    3.64    2.39 
1969 12	  53.33   16.07    1.11    2.46 
1970 1	  15.05   12.19   -2.94    2.50 
1970 2	  53.72   15.56    1.83    3.05 
1970 3	 101.97   16.73    3.12    3.16 
1970 4	  88.97   25.39   10.80    3.33 
1970 5	 103.10   27.24   13.26    2.76 
1970 6	  18.05   31.76   17.94    2.84 
1970 7	   1.02   35.42   19.49    2.43 
1970 8	  28.18   35.59   19.68    2.42 
1970 9	  72.82   30.75   17.67    2.56 
1970 10	  23.90   24.11    8.36    2.19 
1970 11	   0.22   19.27    2.04    2.97 
1970 12	   5.55   19.25    2.11    2.67 
1971 1	   0.80   17.70   -1.44    3.02 
1971 2	  11.35   17.67   -0.04    3.54 
1971 3	   0.00   22.35    3.19    3.42 
1971 4	  56.85   25.61   10.01    3.15 
1971 5	  72.92   30.58   14.46    3.38 
1971 6	 132.57   32.95   19.56    3.08 
1971 7	  72.70   34.68   20.11    2.58 
1971 8	 179.98   29.28   18.08    1.99 
1971 9	 182.03   28.74   16.02    2.46 
1971 10	 107.52   24.85   12.27    2.36 
1971 11	  16.05   18.83    5.65    2.83 
1971 12	  36.70   15.32    2.36    3.02 
1972 1	   7.15   14.45   -1.34    2.98 
1972 2	   8.00   18.17    0.04    2.88 
1972 3	   2.50   24.56    6.88    3.26 
1972 4	  28.55   28.57   12.29    3.61 
1972 5	  85.60   27.66   14.54    2.17 
1972 6	  89.43   33.27   18.94    2.47 
1972 7	  42.72   32.72   19.50    2.83 
1972 8	  95.82   32.47   19.11    2.46 
1972 9	  62.88   31.06   18.03    2.26 
1972 10	 135.25   25.35   10.36    2.39 
1972 11	  16.70   14.97    2.06    2.38 
1972 12	   1.65   14.05   -2.63    2.88 
1973 1	  50.10    8.97   -3.30    3.40 
1973 2	  45.52   13.82    0.07    2.94 
1973 3	  44.95   21.60    6.73    3.24 
1973 4	  78.42   22.33    8.53    3.19 
1973 5	  31.40   29.59   13.51    3.06 
1973 6	 125.60   30.99   17.68    2.94 
1973 7	 100.62   32.85   20.23    2.59 
1973 8	   9.90   33.76   18.93    2.26 
1973 9	 106.03   29.95   17.12    2.53 
1973 10	  79.60   25.98   11.74    2.46 
1973 11	   8.23   21.72    7.21    3.16 
1973 12	   0.88   17.51   -1.08    3.21 
1974 1	   2.20   13.98   -2.46    2.87 
1974 2	  13.80   20.18   -0.48    3.64 
1974 3	  24.70   25.13    8.49    4.12 
1974 4	  47.33   27.36   10.01    3.78 
1974 5	  37.02   30.98   16.76    3.20 
1974 6	  22.00   34.54   18.31    2.97 
1974 7	  17.15   36.23   20.22    2.59 
1974 8	 155.68   31.90   19.15    2.74 
1974 9	 216.00   25.50   13.46    2.60 
1974 10	 171.12   24.73   11.73    2.67 
1974 11	  38.27   18.05    5.13    2.65 
1974 12	  37.75   13.70   -0.13    2.28 
1975 1	  25.80   15.25    0.17    3.27 
1975 2	  34.03   15.61   -0.12    3.22 
1975 3	   8.82   20.60    3.65    3.49 
1975 4	  25.10   23.91    9.21    3.86 
1975 5	 133.43   28.30   14.21    2.97 
1975 6	  47.03   32.16   18.52    3.15 
1975 7	  47.20   32.47   19.30    2.23 
1975 8	  38.57   34.29   19.64    2.50 
1975 9	  46.75   29.04   14.07    2.46 
1975 10	  35.62   26.58   10.34    2.91 
1975 11	  63.45   21.12    5.28    3.26 
1975 12	  21.52   16.71    0.38    3.02 
1976 1	   0.05   15.64   -2.08    2.98 
1976 2	   2.05   22.86    3.84    4.02 
1976 3	  11.20   22.99    5.83    3.67 
1976 4	 101.30   25.53   11.11    3.52 
1976 5	  27.15   27.47   12.89    2.77 
1976 6	  29.77   33.00   18.53    3.01 
1976 7	 132.10   30.23   19.31    2.44 
1976 8	  24.32   34.31   19.14    1.88 
1976 9	 142.77   29.27   16.71    1.82 
1976 10	 138.85   20.99    7.45    2.61 
1976 11	  16.73   14.22    1.44    2.39 
1976 12	   3.92   14.26   -1.54    2.69 
1977 1	  27.85    9.47   -4.14    2.53 
1977 2	   8.15   17.51    1.51    2.89 
1977 3	  44.22   21.84    4.62    3.31 
1977 4	 117.15   23.60    9.79    3.25 
1977 5	  31.42   28.25   17.12    3.43 
1977 6	  71.55   33.75   19.47    2.82 
1977 7	  58.90   34.85   20.78    2.65 
1977 8	  22.67   35.75   21.13    2.73 
1977 9	  31.12   35.63   19.41    2.62 
1977 10	  56.38   27.21   11.84    2.39 
1977 11	  16.90   21.11    5.22    2.56 
1977 12	   4.38   17.83    0.87    3.02 
1978 1	  16.20    8.27   -3.83    2.91 
1978 2	  40.55   10.03   -2.28    2.83 
1978 3	  13.00   21.58    3.37    3.39 
1978 4	  20.73   29.50   11.81    4.01 
1978 5	  72.55   30.85   15.97    3.28 
1978 6	  20.10   34.10   19.65    2.58 
1978 7	  25.65   37.87   22.30    2.74 
1978 8	 195.08   32.98   20.54    2.56 
1978 9	  69.65   29.67   18.49    2.36 
1978 10	  20.12   26.87   10.75    2.06 
1978 11	  35.65   18.82    6.73    2.60 
1978 12	   4.15   15.01   -1.14    2.77 
1979 1	  28.48    8.28   -3.88    3.14 
1979 2	  23.63   15.49   -0.48    2.97 
1979 3	 143.53   21.21    6.42    3.56 
1979 4	  79.65   25.25   10.75    2.78 
1979 5	  53.75   28.00   13.22    3.24 
1979 6	  99.95   32.13   18.02    2.60 
1979 7	  90.28   34.26   20.86    2.31 
1979 8	  58.10   33.39   19.30    2.27 
1979 9	   0.30   32.64   15.16    2.01 
1979 10	  10.80   31.13   11.34    2.71 
1979 11	  10.52   18.69    2.06    2.56 
1979 12	  73.00   16.13    0.93    2.90 
1980 1	  19.97   14.53    0.73    3.19 
1980 2	  26.32   17.50    0.23    2.93 
1980 3	  31.20   21.35    3.20    3.23 
1980 4	  14.08   26.56    8.25    3.32 
1980 5	 125.65   29.46   15.21    2.89 
1980 6	  90.35   35.02   20.52    3.36 
1980 7	   2.17   38.19   21.84    2.81 
1980 8	  30.80   36.22   21.08    3.26 
1980 9	 269.85   30.81   18.55    2.54 
1980 10	   9.78   25.78    9.88    2.22 
1980 11	  48.27   18.39    3.72    2.48 
1980 12	  42.05   16.96    2.33    3.02 
1981 1	  20.88   14.41    0.23    2.38 
1981 2	  33.45   16.74    1.96    3.12 
1981 3	  64.07   19.50    5.51    3.12 
1981 4	  63.45   26.77   12.76    3.44 
1981 5	  80.05   29.84   14.40    3.23 
1981 6	  65.20   32.29   19.21    2.68 
1981 7	  61.67   35.51   21.21    2.81 
1981 8	  34.02   34.80   20.09    2.25 
1981 9	  46.75   31.53   16.95    2.35 
1981 10	 219.10   25.16   12.81    2.86 
1981 11	  11.50   21.93    5.18    2.40 
1981 12	   3.65   17.34    0.97    2.77 
1982 1	  28.48   16.29   -1.68    3.31 
1982 2	  39.60   15.29    0.11    3.08 
1982 3	  19.27   22.52    7.10    3.69 
1982 4	  27.95   25.85   10.37    3.43 
1982 5	 140.70   28.52   15.17    3.18 
1982 6	 289.87   32.44   18.90    3.10 
1982 7	  26.95   34.29   21.16    3.12 
1982 8	  40.60   35.46   20.92    2.69 
1982 9	  26.08   32.67   16.68    2.40 
1982 10	  30.47   26.77   11.25    2.58 
1982 11	  45.73   19.34    5.31    2.94 
1982 12	  31.62   14.36    0.76    3.37 
1983 1	  47.90   13.69   -0.91    2.35 
1983 2	  14.07   16.58    1.38    2.88 
1983 3	  47.60   19.88    5.54    3.56 
1983 4	  13.70   25.19    7.46    3.81 
1983 5	  42.70   30.30   13.71    3.12 
1983 6	  70.25   31.94   17.56    2.71 
1983 7	  48.40   34.85   20.59    2.64 
1983 8	   2.25   36.00   21.03    1.69 
1983 9	  10.35   33.00   17.49    2.38 
1983 10	  82.97   27.91   13.29    2.73 
1983 11	  35.10   21.73    6.76    2.71 
1983 12	   9.75    9.40   -4.61    2.89 
1984 1	  42.38   11.71   -1.81    2.53 
1984 2	  24.45   19.32    0.94    3.27 
1984 3	  41.72   22.70    5.32    3.70 
1984 4	   6.30   27.83    8.55    3.03 
1984 5	  16.03   32.95   16.06    3.29 
1984 6	  37.35   35.52   20.72    3.18 
1984 7	  44.93   35.96   20.70    2.33 
1984 8	  42.58   35.95   20.45    2.38 
1984 9	  71.12   30.03   15.34    2.81 
1984 10	 141.95   23.62   12.26    2.52 
1984 11	  40.65   18.01    5.18    2.85 
1984 12	  83.65   16.55    3.46    3.15 
1985 1	  13.57   11.42   -3.70    2.95 
1985 2	  35.50   14.30    0.93    3.28 
1985 3	  59.25   21.76    8.24    3.58 
1985 4	  61.65   27.67   11.31    3.18 
1985 5	  71.47   31.57   16.04    2.93 
1985 6	  86.38   33.32   18.58    2.55 
1985 7	  95.07   34.33   19.82    2.42 
1985 8	  12.25   37.09   21.02    2.40 
1985 9	  63.50   31.44   17.02    2.66 
1985 10	  91.20   25.11   13.30    3.13 
1985 11	  23.10   20.29    7.11    2.97 
1985 12	   0.00   14.21   -2.13    2.53 
1986 1	   0.00   17.62    0.32    2.79 
1986 2	  45.08   18.54    3.97    2.93 
1986 3	   6.97   24.46    6.58    3.25 
1986 4	  21.22   28.40   12.68    3.54 
1986 5	 110.85   29.87   15.67    3.33 
1986 6	 160.62   31.37   19.39    2.02 
1986 7	  45.27   35.41   20.68    3.06 
1986 8	 102.47   33.86   20.78    2.48 
1986 9	  86.75   30.14   19.68    2.74 
1986 10	 170.73   23.77   11.57    2.40 
1986 11	  67.95   18.20    4.70    2.66 
1986 12	  62.65   12.45    1.69    2.49 
1987 1	  23.95   14.34   -0.91    2.88 
1987 2	  91.02   15.43    3.44    3.51 
1987 3	  61.98   18.71    3.13    3.08 
1987 4	  24.35   26.12    7.59    2.72 
1987 5	 162.80   28.62   14.99    2.62 
1987 6	  51.00   30.75   18.76    2.24 
1987 7	  16.30   33.74   19.80    2.61 
1987 8	  85.60   35.29   20.43    2.66 
1987 9	  66.27   30.39   15.51    2.17 
1987 10	  24.92   27.00   10.44    2.59 
1987 11	  27.98   20.79    4.52    2.67 
1987 12	  55.57   14.93    0.23    2.72 
1988 1	   1.05   13.14   -1.84    3.04 
1988 2	   7.72   16.77   -0.16    3.04 
1988 3	  25.10   23.02    3.81    3.44 
1988 4	  30.73   28.22    8.11    2.76 
1988 5	  89.83   29.93   14.24    3.10 
1988 6	  94.02   33.17   18.32    2.21 
1988 7	  62.80   34.06   20.16    2.42 
1988 8	   9.80   36.32   20.51    2.19 
1988 9	  80.53   32.47   16.64    2.39 
1988 10	   6.73   27.94   10.98    2.26 
1988 11	   0.05   23.04    4.97    2.68 
1988 12	  11.27   15.62    0.39    2.68 
1989 1	  14.53   18.20    1.26    2.83 
1989 2	  69.95   11.31   -0.61    3.61 
1989 3	  56.88   23.22    5.18    3.42 
1989 4	  27.02   27.92   11.01    3.36 
1989 5	  88.77   32.13   16.80    3.81 
1989 6	 151.45   31.61   17.86    3.06 
1989 7	  27.77   35.75   20.44    2.23 
1989 8	  17.60   34.71   20.64    2.86 
1989 9	 107.03   30.51   14.87    2.49 
1989 10	  19.27   28.32   10.53    2.81 
1989 11	   2.65   21.75    5.03    2.52 
1989 12	   5.70   12.07   -4.38    2.98 
1990 1	  32.65   17.75    1.63    2.88 
1990 2	  51.38   19.09    3.30    3.11 
1990 3	  64.90   20.48    6.17    3.67 
1990 4	 123.80   24.59   10.51    3.41 
1990 5	  80.17   29.64   14.71    3.44 
1990 6	   9.27   36.16   21.02    3.45 
1990 7	  86.50   32.41   20.30    2.63 
1990 8	  31.10   33.47   21.48    2.69 
1990 9	 203.65   30.71   18.31    1.70 
1990 10	  52.30   25.54   11.43    2.47 
1990 11	  54.90   20.90    8.29    2.91 
1990 12	   9.23   14.02   -0.25    2.79 
1991 1	  51.60   10.33   -0.24    2.68 
1991 2	   7.65   17.83    3.62    2.69 
1991 3	  19.10   23.03    8.74    3.44 
1991 4	  13.52   28.05   10.83    2.91 
1991 5	  55.70   29.70   17.24    3.00 
1991 6	 123.45   31.84   19.46    2.63 
1991 7	  74.40   33.60   21.38    2.50 
1991 8	  57.73   32.07   20.74    2.25 
1991 9	 264.68   26.89   16.88    2.12 
1991 10	  87.55   25.95   12.23    2.60 
1991 11	   8.47   15.92    4.12    2.90 
1991 12	 182.48   13.48    4.09    3.05 
1992 1	  60.22   11.86    1.23    2.31 
1992 2	 153.68   17.19    5.20    3.05 
1992 3	  38.70   22.53    8.07    3.07 
1992 4	  53.72   25.74   11.45    2.81 
1992 5	  77.78   26.66   14.91    2.48 
1992 6	 110.88   31.56   19.27    2.37 
1992 7	  58.37   33.29   21.65    3.47 
1992 8	  57.72   31.61   19.75    2.18 
1992 9	  42.38   30.79   17.98    2.83 
1992 10	  32.85   28.18   12.96    2.31 
1992 11	  46.95   17.55    5.91    2.69 
1992 12	  20.12   14.98    3.70    2.75 
1993 1	  29.58   13.34    0.55    2.47 
1993 2	  38.88   15.25    3.06    2.96 
1993 3	  28.90   20.25    5.70    3.17 
1993 4	  32.90   26.12    9.15    3.55 
1993 5	  60.43   28.58   14.10    2.98 
1993 6	  62.40   32.81   20.46    3.02 
1993 7	   2.95   36.00   23.03    3.89 
1993 8	  37.85   35.50   21.94    2.67 
1993 9	  73.00   31.14   16.11    2.07 
1993 10	  64.52   25.85   11.40    2.60 
1993 11	   6.72   17.37    3.21    2.76 
1993 12	  17.60   16.20    2.39    2.98 
1994 1	  33.03   14.88    0.32    3.10 
1994 2	  26.55   16.72    1.49    3.12 
1994 3	   2.85   22.66    6.58    3.12 
1994 4	  48.07   26.15    9.69    3.34 
1994 5	 230.85   27.08   14.94    2.62 
1994 6	  20.23   34.99   21.34    2.56 
1994 7	  34.53   35.65   21.78    3.13 
1994 8	  23.82   34.79   20.88    2.35 
1994 9	  76.20   30.07   16.37    1.89 
1994 10	 111.45   25.02   12.19    2.37 
1994 11	 117.50   19.55    6.73    2.80 
1994 12	  30.00   16.01    3.10    2.29 
1995 1	  22.77   15.70    1.85    2.89 
1995 2	  19.03   18.17    3.21    2.82 
1995 3	  33.47   18.96    6.85    3.22 
1995 4	  53.50   26.44   10.95    3.28 
1995 5	  90.65   29.68   15.41    3.25 
1995 6	  97.30   31.21   17.80    2.84 
1995 7	  45.22   36.00   21.09    2.57 
1995 8	  66.45   34.25   21.24    1.82 
1995 9	  47.38   31.12   17.76    2.02 
1995 10	  14.75   27.83   11.33    2.28 
1995 11	  32.88   20.99    5.15    2.52 
1995 12	   8.13   15.61    1.19    2.75 
1996 1	   2.22   16.01   -1.58    3.07 
1996 2	   1.48   20.34    2.83    3.52 
1996 3	  19.60   20.35    3.64    3.57 
1996 4	  83.90   26.38    9.21    3.57 
1996 5	  59.68   33.49   18.86    4.51 
1996 6	  37.62   33.91   20.20    2.61 
1996 7	  29.57   36.03   22.41    2.73 
1996 8	 130.00   32.78   20.85    2.62 
1996 9	 171.27   28.79   16.78    1.60 
1996 10	  44.65   25.58   11.49    2.69 
1996 11	  57.60   19.52    5.74    3.09 
1996 12	   0.00   17.72    1.79    2.79 
1997 1	   1.65   13.59    0.13    3.17 
1997 2	  95.65   14.27    3.35    3.04 
1997 3	  33.53   22.54    7.50    2.83 
1997 4	  79.87   21.83    8.16    3.10 
1997 5	  39.15   27.74   14.52    2.54 
1997 6	 228.03   31.32   18.74    2.32 
1997 7	  13.48   34.82   21.30    2.39 
1997 8	  34.85   34.63   20.54    2.61 
1997 9	   7.90   33.08   18.36    2.02 
1997 10	  55.73   26.71   12.00    2.63 
1997 11	  18.12   18.20    3.22    2.37 
1997 12	  48.08   14.18   -0.16    3.08 
1998 1	  14.98   18.32    2.29    2.90 
1998 2	  20.58   16.27    3.03    2.69 
1998 3	  84.82   19.04    4.40    3.62 
1998 4	   0.70   26.33    7.97    3.05 
1998 5	  51.15   34.10   16.40    3.45 
1998 6	  54.00   35.16   20.63    3.76 
1998 7	  31.12   37.23   22.56    3.07 
1998 8	  38.05   34.43   20.74    1.64 
1998 9	  12.32   33.74   19.07    1.85 
1998 10	  59.67   26.58   13.85    2.92 
1998 11	  35.40   20.38    7.76    2.42 
1998 12	  31.10   14.01    0.83    2.97 
1999 1	  39.67   18.38    0.42    3.50 
1999 2	   0.00   21.91    4.12    2.90 
1999 3	  79.60   19.53    6.45    3.47 
1999 4	  58.80   26.54   11.16    3.38 
1999 5	  25.17   29.85   15.99    2.96 
1999 6	 103.15   31.57   20.02    2.94 
1999 7	  21.60   34.68   21.05    2.49 
1999 8	  16.55   37.50   21.96    1.91 
1999 9	  20.58   32.86   16.98    2.60 
1999 10	  40.72   27.39   10.10    2.39 
1999 11	   0.10   23.36    6.36    2.40 
1999 12	  18.62   16.94    0.48    3.10 
2000 1	   4.85   17.77    1.32    3.26 
2000 2	   7.67   22.04    3.62    3.29 
2000 3	  25.40   24.67    7.75    3.15 
2000 4	  23.15   28.31   11.46    3.33 
2000 5	  32.02   34.96   18.80    3.54 
2000 6	 147.30   31.15   20.05    2.89 
2000 7	   1.62   36.91   22.21    2.57 
2000 8	   0.00   37.22   21.54    2.36 
2000 9	  55.43   34.27   17.06    2.20 
2000 10	 102.57   24.24   14.09    3.07 
2000 11	  76.90   14.31    3.56    2.74 
2000 12	  16.90   10.66   -1.78    2.64 
2001 1	  39.97   10.89   -1.46    2.84 
2001 2	  65.22   15.38    2.00    3.34 
2001 3	  45.05   15.60    4.45    2.69 
2001 4	  14.68   24.85   11.35    3.58 
2001 5	  86.05   29.56   15.91    3.04 
2001 6	   5.77   34.36   19.68    2.71 
2001 7	   4.55   37.44   22.67    2.70 
2001 8	  85.88   34.67   21.23    2.48 
2001 9	  74.85   29.86   15.93    1.95 
2001 10	  33.55   25.19    9.30    2.68 
2001 11	  78.75   19.74    7.64    2.77 
2001 12	  13.45   15.06    0.88    2.78 
2002 1	  13.12   15.18   -0.69    2.88 
2002 2	  36.95   14.59   -0.84    2.87 
2002 3	  73.07   19.47    2.84    3.75 
2002 4	  17.10   25.91   12.35    3.83 
2002 5	 117.40   29.64   15.27    3.63 
2002 6	  39.85   32.20   19.54    2.40 
2002 7	 175.95   31.48   20.40    2.51 
2002 8	  29.58   35.24   21.08    2.34 
2002 9	  29.18   31.38   16.78    2.19 
2002 10	 172.38   21.93   11.60    2.24 
2002 11	  20.58   16.76    3.87    2.82 
2002 12	  36.30   14.05    0.42    2.88 
2003 1	   4.75   13.64   -1.09    2.63 
2003 2	  34.77   13.79    0.65    3.01 
2003 3	  19.85   20.28    5.44    2.80 
2003 4	  65.90   26.86   10.24    3.55 
2003 5	  32.95   30.84   16.18    2.92 
2003 6	 197.48   31.04   18.19    2.26 
2003 7	   9.08   34.62   20.75    2.11 
2003 8	  35.95   35.83   20.76    1.80 
2003 9	  68.78   29.02   16.30    1.77 
2003 10	 132.65   25.27   11.51    2.09 
2003 11	  28.90   18.87    6.73    3.07 
2003 12	   0.00   17.08    0.13    3.32 
2004 1	  35.32   14.78    1.53    3.09 
2004 2	  69.92   13.48    0.62    3.19 
2004 3	  51.10   21.29    9.13    3.17 
2004 4	 119.80   23.49   10.65    3.34 
2004 5	  19.12   28.66   15.50    3.31 
2004 6	 109.98   31.69   19.13    2.48 
2004 7	  56.13   33.22   19.99    2.16 
2004 8	 158.48   31.73   19.26    2.02 
2004 9	  12.80   29.78   16.48    1.89 
2004 10	 166.60   25.40   13.35    2.62 
2004 11	 148.25   17.48    6.44    2.84 
2004 12	  13.82   14.19   -0.40    2.93 
2005 1	  17.05   15.77    2.75    3.18 
2005 2	 103.12   14.37    3.18    2.80 
2005 3	  74.47   19.10    5.55    2.84 
2005 4	  16.62   25.01    9.01    3.43 
2005 5	 102.03   26.92   14.72    2.83 
2005 6	  26.50   32.11   19.25    2.76 
2005 7	  39.35   34.46   20.89    2.12 
2005 8	 215.95   32.25   20.04    2.16 
2005 9	   5.62   32.75   18.11    1.92 
2005 10	  99.33   24.98   11.03    2.40 
2005 11	   0.00   22.11    5.37    2.56 
2005 12	   0.65   15.25   -1.28    2.51 
2006 1	   5.60   19.82    0.68    3.38 
2006 2	  13.88   16.40    0.97    3.11 
2006 3	  99.32   22.48    7.69    3.57 
2006 4	  40.40   28.34   12.27    3.38 
2006 5	  50.05   31.11   15.95    3.17 
2006 6	  74.97   34.08   18.97    2.21 
2006 7	   6.40   35.63   21.18    2.30 
2006 8	  25.85   36.25   22.04    2.59 
2006 9	  71.05   29.70   15.50    2.22 
2006 10	  59.22   25.93   10.25    2.33 
2006 11	   3.80   21.45    5.80    3.00 
2006 12	  26.35   15.19    0.06    2.91 
2007 1	  57.00    9.29   -1.87    3.06 
2007 2	  10.10   15.55    0.14    2.95 
2007 3	 136.57   22.29    8.88    3.43 
2007 4	  64.75   22.34    8.34    3.11 
2007 5	 119.22   25.66   15.23    2.75 
2007 6	 231.80   30.43   18.75    2.33 
2007 7	  52.08   30.51   19.81    1.72 
2007 8	 100.65   33.02   20.98    2.02 
2007 9	  46.80   30.75   18.11    1.88 
2007 10	  17.70   28.00   11.49    2.36 
2007 11	  24.38   20.36    5.63    2.74 
2007 12	   7.53   15.58   -0.65    2.69 
2008 1	   9.32   13.52   -1.95    2.81 
2008 2	   8.80   19.07    0.42    3.14 
2008 3	  99.02   20.80    4.77    3.73 
2008 4	  32.75   26.33    8.86    3.37 
2008 5	  29.92   30.75   14.82    3.24 
2008 6	  64.45   35.39   20.84    3.51 
2008 7	  11.80   35.01   20.64    3.08 
2008 8	 101.50   33.31   20.40    1.92 
2008 9	  45.38   29.31   15.37    1.86 
2008 10	  45.30   26.14    9.27    2.44 
2008 11	   6.72   21.13    4.36    2.29 
2008 12	   0.30   15.61   -1.49    3.17 
2009 1	   3.88   16.09   -2.50    3.01 
2009 2	  11.48   20.83    2.09    3.74 
2009 3	  35.73   22.23    6.64    3.74 
2009 4	  27.45   25.19    9.45    3.74 
2009 5	  54.60   29.26   15.39    2.58 
2009 6	  80.77   35.02   20.58    3.00 
2009 7	  93.72   34.77   21.00    2.55 
2009 8	  17.02   35.69   20.87    2.63 
2009 9	  87.98   28.78   16.30    1.81 
2009 10	  68.72   22.73    9.40    2.76 
2009 11	   3.35   21.53    5.07    2.27 
2009 12	  39.95   11.23   -2.15    2.59 
2010 1	  67.32   12.80   -1.57    3.17 
2010 2	  71.35   10.51   -0.62    2.97 
2010 3	  48.52   18.99    3.96    3.51 
2010 4	  60.97   24.35   10.20    3.35 
2010 5	  51.67   28.68   15.89    2.99 
2010 6	  41.80   34.82   21.04    3.05 
2010 7	 110.70   32.68   21.43    2.53 
2010 8	   5.47   36.93   21.82    2.33 
2010 9	  92.00   31.74   18.44    2.24 
2010 10	  30.42   26.72   10.30    2.29 
2010 11	   1.33   21.31    3.88    3.23 
2010 12	  24.00   16.23   -0.09    2.95 
