1949 1	 173.60   16.76    6.51    6.34 
1949 2	 187.32   18.73    9.54    5.47 
1949 3	 211.90   20.91    9.54    6.33 
1949 4	 191.88   23.49   12.95    6.18 
1949 5	  39.33   29.96   19.11    5.15 
1949 6	 128.90   32.70   21.39    4.09 
1949 7	 285.48   33.09   23.60    3.63 
1949 8	  62.23   32.70   20.66    3.18 
1949 9	  51.85   31.09   19.12    4.40 
1949 10	 372.05   25.90   16.60    5.44 
1949 11	  10.85   22.30    6.66    5.47 
1949 12	 209.88   17.99    7.19    7.18 
1950 1	  66.40   21.74   12.86    6.05 
1950 2	 202.55   21.14    9.98    5.23 
1950 3	  77.40   21.34    8.54    6.03 
1950 4	 177.75   24.25   13.07    6.34 
1950 5	 123.23   29.89   19.35    5.27 
1950 6	 268.50   31.62   20.93    3.78 
1950 7	 159.08   32.40   22.00    3.89 
1950 8	  76.65   33.78   21.59    2.97 
1950 9	  98.53   31.19   19.64    3.75 
1950 10	  30.15   29.20   14.24    5.35 
1950 11	  53.70   21.20    7.40    6.17 
1950 12	  85.62   17.43    4.39    5.54 
1951 1	 144.23   17.87    4.61    6.30 
1951 2	  46.30   17.67    6.74    6.29 
1951 3	  99.85   22.08   10.52    6.05 
1951 4	  13.30   24.42   12.27    5.63 
1951 5	  51.67   29.83   16.71    4.66 
1951 6	  45.20   33.21   21.67    4.83 
1951 7	  97.70   34.84   23.25    3.32 
1951 8	  34.08   36.23   24.17    2.53 
1951 9	 411.33   30.63   20.84    4.15 
1951 10	  38.03   28.07   14.72    5.35 
1951 11	  22.90   20.36    7.50    6.61 
1951 12	 154.30   19.37    7.56    6.94 
1952 1	 107.75   21.54   11.53    6.16 
1952 2	 122.75   19.88    8.65    6.46 
1952 3	  50.58   21.86    7.90    6.27 
1952 4	 235.65   24.11   12.20    5.21 
1952 5	 210.20   28.69   17.30    3.88 
1952 6	  59.43   33.23   22.09    3.25 
1952 7	 275.30   32.98   23.21    3.50 
1952 8	  22.05   34.71   22.66    3.35 
1952 9	   8.75   32.59   18.03    5.52 
1952 10	   0.00   26.01    7.28    5.38 
1952 11	 170.18   20.58    8.07    6.07 
1952 12	 162.25   17.07    4.87    5.44 
1953 1	  55.65   19.51    5.86    6.71 
1953 2	 141.60   17.90    6.57    6.06 
1953 3	  50.75   24.68   13.68    5.03 
1953 4	 134.95   26.04   13.36    5.89 
1953 5	 178.75   29.52   19.61    5.31 
1953 6	 151.40   34.54   22.50    3.48 
1953 7	 159.25   33.32   22.64    3.31 
1953 8	 144.70   32.97   22.50    2.49 
1953 9	  28.47   33.14   18.41    4.66 
1953 10	  68.10   28.83   13.32    4.96 
1953 11	  75.32   19.87    6.80    5.75 
1953 12	 179.68   16.65    3.44    6.62 
1954 1	  62.45   18.96    5.90    5.47 
1954 2	  18.88   23.87    6.96    6.07 
1954 3	  44.05   22.26    8.22    6.19 
1954 4	 188.65   28.38   15.14    4.66 
1954 5	 124.38   28.29   14.63    4.58 
1954 6	  27.17   34.46   19.77    3.51 
1954 7	 132.68   36.10   21.76    3.65 
1954 8	  60.42   36.03   20.91    3.67 
1954 9	  43.12   35.37   17.57    4.74 
1954 10	 113.92   29.25   13.78    5.84 
1954 11	  61.70   22.28    5.14    6.23 
1954 12	  47.95   20.51    3.81    5.84 
1955 1	 156.88   16.98    3.80    5.15 
1955 2	 199.98   19.35    5.63    5.97 
1955 3	  23.88   24.97   11.21    6.47 
1955 4	 156.82   27.61   14.97    5.32 
1955 5	 101.35   31.06   18.06    4.62 
1955 6	  85.72   32.25   18.25    3.46 
1955 7	 113.17   33.09   21.54    3.73 
1955 8	 285.72   33.26   21.65    2.82 
1955 9	  80.30   32.49   20.86    4.52 
1955 10	  29.00   28.39   11.75    5.30 
1955 11	 103.60   22.22    8.47    6.92 
1955 12	  45.40   19.26    6.09    6.34 
1956 1	 112.77   18.00    3.35    5.96 
1956 2	 137.95   20.56    7.58    6.17 
1956 3	  83.22   22.52    8.78    5.35 
1956 4	  35.83   25.87   12.61    6.18 
1956 5	 101.75   31.46   18.02    4.06 
1956 6	  74.23   32.74   19.55    3.76 
1956 7	  15.35   36.07   21.52    3.50 
1956 8	  74.05   35.61   20.83    3.03 
1956 9	  19.88   34.08   17.10    4.82 
1956 10	  65.65   30.16   12.98    4.17 
1956 11	  72.72   22.42    6.51    5.90 
1956 12	 192.25   21.08    7.47    5.39 
1957 1	  56.75   18.61    7.59    5.54 
1957 2	  42.42   22.52   10.93    4.82 
1957 3	 232.10   22.15    8.80    5.30 
1957 4	 188.20   26.11   15.00    6.47 
1957 5	  62.12   29.78   18.84    5.68 
1957 6	 259.50   31.91   21.36    5.10 
1957 7	  92.33   34.78   22.49    2.96 
1957 8	 112.08   34.16   21.22    3.86 
1957 9	 217.22   29.84   18.55    4.25 
1957 10	 114.55   25.24   12.08    6.17 
1957 11	 209.02   21.39    9.86    6.56 
1957 12	  95.12   19.64    5.36    6.10 
1958 1	 121.62   15.92    2.39    7.81 
1958 2	 115.80   14.76    3.47    7.40 
1958 3	  32.10   20.62    7.47    6.21 
1958 4	 137.85   26.35   13.62    5.57 
1958 5	  60.00   30.30   17.43    4.12 
1958 6	  85.35   34.28   21.17    4.10 
1958 7	  82.12   35.46   22.00    3.62 
1958 8	 117.60   34.64   21.37    2.89 
1958 9	 471.88   30.84   21.09    5.29 
1958 10	  28.33   25.61   14.39    6.49 
1958 11	  75.67   22.01    8.99    5.52 
1958 12	  46.75   16.85    3.31    5.93 
1959 1	 137.55   16.24    1.96    6.49 
1959 2	 212.62   17.92    7.15    6.15 
1959 3	  61.58   21.88    6.68    6.33 
1959 4	 149.60   24.71   12.73    5.50 
1959 5	 101.65   30.75   18.74    4.88 
1959 6	  81.70   32.65   20.82    4.10 
1959 7	 307.50   33.12   21.19    2.69 
1959 8	 114.43   33.00   21.68    3.26 
1959 9	  68.30   32.00   20.00    4.52 
1959 10	 128.73   27.34   14.56    5.02 
1959 11	  45.12   20.37    4.89    6.82 
1959 12	 125.70   17.82    5.16    6.56 
1960 1	  80.20   15.26    3.96    6.23 
1960 2	 127.85   15.83    2.38    6.91 
1960 3	  29.63   18.89    6.15    5.85 
1960 4	  82.07   27.14   13.75    5.52 
1960 5	  14.10   29.54   15.46    5.39 
1960 6	 202.75   34.24   19.88    3.93 
1960 7	 154.05   34.85   21.48    2.47 
1960 8	 125.20   32.68   21.71    3.90 
1960 9	  60.62   32.28   18.35    4.23 
1960 10	 214.93   28.18   15.33    4.55 
1960 11	 106.05   22.39   10.40    5.94 
1960 12	 213.30   15.31    4.64    6.71 
1961 1	 192.35   14.26    1.98    6.70 
1961 2	 179.00   19.89    6.46    5.33 
1961 3	  85.47   24.52   11.61    6.35 
1961 4	  65.43   25.14   11.04    6.01 
1961 5	  49.15   29.80   16.15    5.50 
1961 6	 222.68   30.96   19.30    4.02 
1961 7	 234.90   32.50   21.08    2.98 
1961 8	  91.18   32.60   20.12    3.05 
1961 9	 164.20   30.79   19.36    6.65 
1961 10	   9.10   27.21   12.15    5.89 
1961 11	 201.47   20.71    8.65    6.75 
1961 12	 132.93   17.87    5.66    5.94 
1962 1	 112.93   14.89    1.43    6.98 
1962 2	  44.22   23.03    9.84    6.24 
1962 3	  39.25   20.56    6.36    6.20 
1962 4	 135.20   25.27   12.29    5.83 
1962 5	  17.05   30.47   16.97    5.16 
1962 6	 181.87   32.04   20.17    3.28 
1962 7	  50.70   35.07   21.47    2.53 
1962 8	  81.95   36.95   21.77    2.79 
1962 9	 103.88   32.66   19.43    3.94 
1962 10	  54.75   29.39   15.33    5.13 
1962 11	 118.82   20.73    6.80    6.87 
1962 12	 125.55   16.64    4.89    5.60 
1963 1	  77.22   13.32    0.68    7.20 
1963 2	  89.40   17.12    2.21    7.13 
1963 3	  20.03   24.46    9.56    5.92 
1963 4	  20.93   28.26   15.93    5.95 
1963 5	  66.85   31.00   16.69    3.95 
1963 6	 155.20   33.67   19.91    3.60 
1963 7	 152.30   33.71   21.48    3.57 
1963 8	  50.28   35.23   20.70    2.33 
1963 9	 375.15   31.94   18.94    4.54 
1963 10	   7.20   29.61   13.49    4.44 
1963 11	 249.40   22.05    8.80    6.65 
1963 12	 117.07   13.33    0.07    7.18 
1964 1	 129.25   15.41    2.44    6.17 
1964 2	  83.73   15.19    2.39    6.31 
1964 3	 118.50   22.13    8.06    6.46 
1964 4	  91.03   26.18   15.24    6.60 
1964 5	 141.48   29.80   17.79    4.67 
1964 6	  45.85   32.50   19.85    3.84 
1964 7	  65.62   33.69   21.29    3.77 
1964 8	 150.55   34.21   22.29    3.20 
1964 9	 146.43   31.34   19.27    4.13 
1964 10	  17.52   26.64    9.67    6.18 
1964 11	  83.47   23.52   10.36    5.98 
1964 12	 134.23   17.45    5.61    6.96 
1965 1	  55.73   19.43    4.86    6.10 
1965 2	 137.55   17.98    4.67    7.54 
1965 3	  76.45   20.08    6.94    7.16 
1965 4	  53.08   27.85   15.90    5.98 
1965 5	  95.80   29.09   18.71    6.35 
1965 6	  54.92   32.63   19.82    4.23 
1965 7	  51.70   34.99   21.16    2.65 
1965 8	 110.05   33.70   20.48    2.70 
1965 9	 161.87   32.11   19.81    5.32 
1965 10	  18.75   26.35   11.66    5.62 
1965 11	  88.82   24.60   12.73    5.15 
1965 12	 189.65   18.23    5.62    6.36 
1966 1	 170.70   12.20    2.28    7.07 
1966 2	 182.80   16.31    4.12    6.53 
1966 3	  29.23   21.18    7.58    5.88 
1966 4	 120.30   25.93   13.99    6.18 
1966 5	 168.40   28.47   18.51    5.08 
1966 6	  58.12   32.08   18.64    3.94 
1966 7	  73.47   34.48   22.13    2.78 
1966 8	 176.57   32.42   21.42    3.37 
1966 9	 135.45   31.05   18.49    2.94 
1966 10	 107.07   25.86   11.35    5.79 
1966 11	  82.50   22.86   10.20    6.01 
1966 12	  89.85   16.59    4.51    6.26 
1967 1	  60.55   16.43    3.44    6.08 
1967 2	  82.85   17.84    3.02    6.11 
1967 3	  47.23   24.97   10.33    5.53 
1967 4	 162.40   27.97   16.53    6.15 
1967 5	 142.85   28.51   16.16    6.30 
1967 6	  45.85   32.87   19.36    4.11 
1967 7	 110.25   32.69   19.99    3.74 
1967 8	  69.15   33.23   20.04    2.97 
1967 9	  45.42   30.42   16.32    5.51 
1967 10	  69.22   27.85    9.84    5.63 
1967 11	   5.20   22.74    7.36    5.88 
1967 12	 222.55   17.32    5.31    6.15 
1968 1	 113.70   14.77    3.79    6.76 
1968 2	  61.48   15.50    0.63    6.09 
1968 3	  68.88   20.25    7.15    6.16 
1968 4	 132.10   25.78   14.93    6.27 
1968 5	 182.57   28.91   16.64    5.17 
1968 6	 294.55   31.10   20.02    4.08 
1968 7	 123.20   32.91   20.78    3.32 
1968 8	  78.67   33.76   20.66    3.25 
1968 9	 130.05   30.19   16.93    4.56 
1968 10	 100.68   27.61   13.17    4.94 
1968 11	 168.23   20.17    6.66    6.42 
1968 12	  80.98   17.01    2.99    6.67 
1969 1	  35.50   16.63    6.03    6.66 
1969 2	 154.95   17.42    5.69    6.58 
1969 3	 122.62   18.44    5.91    6.15 
1969 4	 115.55   26.12   13.67    5.19 
1969 5	 174.92   28.88   16.26    4.49 
1969 6	  65.15   32.40   19.76    4.45 
1969 7	 190.20   34.53   22.41    3.17 
1969 8	  28.30   34.41   21.12    3.45 
1969 9	  70.63   32.35   17.40    4.49 
1969 10	  71.35   28.41   13.77    7.18 
1969 11	  61.45   22.01    6.24    6.44 
1969 12	 184.17   19.16    3.92    5.71 
1970 1	  68.85   13.14    1.28    6.94 
1970 2	  50.90   18.62    2.97    6.19 
1970 3	  88.23   20.51    7.07    5.93 
1970 4	 114.85   26.51   14.16    6.02 
1970 5	 169.25   28.25   15.15    5.63 
1970 6	  17.32   31.73   18.33    3.67 
1970 7	  71.22   34.08   19.81    3.13 
1970 8	  55.45   34.71   20.43    3.46 
1970 9	 151.33   31.54   19.55    5.72 
1970 10	 318.10   24.97   10.85    5.90 
1970 11	  52.53   20.05    3.82    6.26 
1970 12	  53.10   21.07    7.74    5.19 
1971 1	  29.85   18.59    5.33    6.46 
1971 2	  87.50   19.10    3.07    7.19 
1971 3	  42.78   21.27    6.34    6.08 
1971 4	  17.87   25.94   10.15    5.70 
1971 5	 126.67   28.59   14.80    5.02 
1971 6	  61.88   33.11   17.99    3.85 
1971 7	  84.20   34.67   18.81    3.19 
1971 8	 129.43   32.75   18.07    2.76 
1971 9	 102.45   30.77   17.57    4.94 
1971 10	 128.00   28.07   12.73    4.56 
1971 11	 106.85   22.47    4.88    6.16 
1971 12	 240.05   20.11    8.40    5.77 
1972 1	 187.43   18.81    5.86    6.41 
1972 2	  47.88   19.12    4.02    6.36 
1972 3	 127.45   24.20    8.47    5.67 
1972 4	  90.90   27.24   13.28    6.05 
1972 5	 130.50   29.42   14.92    3.79 
1972 6	  40.70   33.00   19.14    5.42 
1972 7	 185.13   32.01   19.89    4.44 
1972 8	  87.70   33.02   19.27    3.15 
1972 9	 169.07   32.21   19.35    3.61 
1972 10	 109.27   26.65   12.85    5.51 
1972 11	 124.75   17.70    5.72    7.00 
1972 12	 137.50   16.95    3.40    6.47 
1973 1	 181.90   14.11    1.23    7.00 
1973 2	 106.05   16.73    3.03    6.40 
1973 3	 160.48   22.90   10.08    6.18 
1973 4	 177.40   23.43   10.16    6.76 
1973 5	 165.65   28.80   14.40    5.78 
1973 6	 228.32   30.90   19.03    4.28 
1973 7	 211.63   33.76   20.05    3.11 
1973 8	 116.85   31.85   18.50    3.68 
1973 9	 238.68   30.69   19.17    4.88 
1973 10	 189.00   28.09   15.52    5.44 
1973 11	  82.92   26.07   13.57    6.49 
1973 12	 116.70   18.47    3.71    7.10 
1974 1	 257.52   17.77    6.73    4.94 
1974 2	  70.45   19.92    3.73    6.55 
1974 3	  73.75   25.14   11.76    6.08 
1974 4	  96.55   26.24   11.73    7.25 
1974 5	 116.72   29.74   16.90    5.60 
1974 6	  21.00   32.39   17.50    4.40 
1974 7	  80.88   34.91   19.59    2.62 
1974 8	 135.20   33.58   19.86    3.06 
1974 9	  73.02   29.23   17.27    5.88 
1974 10	 137.18   27.45   11.37    6.96 
1974 11	 167.12   21.16    7.67    6.28 
1974 12	 156.30   17.06    3.96    5.72 
1975 1	 124.83   18.58    5.82    6.11 
1975 2	  53.40   18.91    4.51    5.04 
1975 3	 107.38   21.36    7.78    6.55 
1975 4	 153.12   24.40   12.67    7.17 
1975 5	 186.90   29.37   18.85    5.17 
1975 6	 178.20   31.48   20.99    4.57 
1975 7	 133.50   32.88   21.83    3.33 
1975 8	 150.72   32.75   21.60    3.29 
1975 9	  52.78   30.09   17.40    4.65 
1975 10	 169.67   27.21   13.59    5.49 
1975 11	 115.75   21.76    7.83    6.08 
1975 12	  76.92   16.99    4.59    5.91 
1976 1	  38.55   16.65    1.99    6.87 
1976 2	  27.80   21.61    7.77    5.48 
1976 3	 176.88   21.56   10.99    6.82 
1976 4	  73.78   25.90   13.93    5.54 
1976 5	 236.30   27.27   15.16    4.82 
1976 6	 116.13   31.06   19.30    4.02 
1976 7	 129.40   32.39   21.66    2.79 
1976 8	  58.97   33.92   20.32    2.84 
1976 9	  60.37   31.13   18.80    3.32 
1976 10	 111.45   23.25    8.82    6.08 
1976 11	 107.00   17.21    4.37    6.94 
1976 12	 194.57   15.89    2.31    6.47 
1977 1	 124.35   11.04   -0.35    6.81 
1977 2	  44.85   18.93    4.05    7.00 
1977 3	 141.85   22.59    9.74    6.37 
1977 4	 128.78   25.90   12.82    5.80 
1977 5	  18.40   30.05   18.01    4.75 
1977 6	 164.78   33.37   21.33    4.11 
1977 7	  55.78   34.71   22.68    2.59 
1977 8	  78.83   33.69   23.08    4.02 
1977 9	  51.50   32.84   21.39    3.96 
1977 10	  48.53   27.53   13.01    4.93 
1977 11	 206.90   22.12   10.47    5.74 
1977 12	  95.65   17.35    4.73    6.84 
1978 1	 198.20    9.63    0.88    7.85 
1978 2	  57.75   11.97    0.95    6.99 
1978 3	  33.60   20.60    6.99    5.27 
1978 4	   9.95   25.91   14.43    5.49 
1978 5	  47.10   30.85   18.41    4.93 
1978 6	 204.90   32.25   21.65    3.49 
1978 7	 145.35   34.18   22.96    2.69 
1978 8	 122.08   33.69   22.62    3.55 
1978 9	 108.95   30.70   21.45    4.97 
1978 10	  10.33   27.90   12.77    5.06 
1978 11	 196.65   23.40   12.33    5.19 
1978 12	  87.08   17.85    5.31    6.83 
1979 1	 176.98   11.26    0.96    7.80 
1979 2	 129.10   14.41    4.85    6.12 
1979 3	 130.88   21.72   10.56    6.43 
1979 4	 289.10   24.59   15.26    5.53 
1979 5	 142.88   27.50   16.54    5.14 
1979 6	  70.73   31.49   21.11    4.18 
1979 7	 314.30   32.14   23.02    4.21 
1979 8	 141.95   32.44   22.16    2.82 
1979 9	 235.12   29.59   18.66    6.34 
1979 10	 133.55   28.06   13.87    4.99 
1979 11	  62.42   19.74    6.31    6.97 
1979 12	  96.78   17.12    4.18    6.06 
1980 1	 178.52   16.65    7.10    5.49 
1980 2	 105.20   16.24    4.40    6.17 
1980 3	 185.33   20.52    9.37    6.35 
1980 4	 132.77   24.32   11.89    5.45 
1980 5	 209.55   28.95   18.72    4.31 
1980 6	  25.68   33.47   21.86    4.56 
1980 7	  40.90   35.83   23.03    2.44 
1980 8	  76.80   34.55   22.34    4.53 
1980 9	 214.02   33.04   22.09    3.83 
1980 10	 149.50   25.40   11.46    5.61 
1980 11	  59.35   19.29    7.29    6.19 
1980 12	  44.72   17.52    5.06    5.78 
1981 1	  65.70   15.17    2.37    5.45 
1981 2	  60.55   17.29    5.04    5.50 
1981 3	  73.90   21.38    8.94    5.91 
1981 4	  48.55   27.39   17.33    4.87 
1981 5	 106.95   28.06   17.21    5.15 
1981 6	 334.35   32.08   22.64    4.97 
1981 7	 189.35   33.39   23.08    3.33 
1981 8	  94.65   33.67   22.43    3.11 
1981 9	 119.20   30.56   18.13    4.24 
1981 10	 166.90   26.29   15.15    5.11 
1981 11	  90.63   22.86   10.34    5.02 
1981 12	  78.78   17.31    5.31    6.14 
1982 1	  64.90   16.84    4.11    6.83 
1982 2	 132.12   15.82    5.11    6.14 
1982 3	  88.62   22.05   12.41    6.13 
1982 4	 132.70   24.21   13.81    6.39 
1982 5	 145.43   28.85   18.19    5.08 
1982 6	 141.87   32.94   21.52    3.08 
1982 7	  82.00   33.70   22.44    2.39 
1982 8	  80.40   33.91   22.43    2.36 
1982 9	  48.10   31.97   18.72    4.95 
1982 10	  68.70   26.50   14.08    6.05 
1982 11	 214.87   21.55   10.26    6.16 
1982 12	 293.60   18.72    7.77    7.36 
1983 1	  86.82   14.38    3.90    5.60 
1983 2	 121.08   16.70    5.92    7.02 
1983 3	  98.08   20.78    7.51    5.95 
1983 4	  30.85   22.69   11.05    6.82 
1983 5	 265.50   27.89   16.96    5.28 
1983 6	  86.85   30.19   20.76    4.07 
1983 7	 100.45   32.60   22.77    4.08 
1983 8	 220.28   32.73   22.70    2.80 
1983 9	 159.02   29.82   19.01    5.41 
1983 10	  10.43   26.46   13.97    5.12 
1983 11	 100.75   22.10    9.95    6.10 
1983 12	 126.50   13.27    2.19    7.64 
1984 1	 110.07   13.22    1.90    6.66 
1984 2	 144.35   18.49    5.14    6.27 
1984 3	  70.00   21.14   10.07    5.64 
1984 4	  47.45   25.92   13.67    6.55 
1984 5	 175.10   28.96   17.65    6.00 
1984 6	  64.18   31.67   20.55    3.99 
1984 7	  65.92   33.26   21.64    2.45 
1984 8	 127.33   33.66   21.48    3.11 
1984 9	  92.25   30.45   18.91    6.39 
1984 10	 186.00   27.78   17.41    5.85 
1984 11	 111.57   20.75    8.51    6.58 
1984 12	  85.72   21.83   11.61    6.13 
1985 1	  81.15   12.93    0.89    6.15 
1985 2	 180.40   14.98    4.07    6.18 
1985 3	 102.93   23.33   12.59    5.97 
1985 4	  47.95   26.76   14.96    5.99 
1985 5	  75.50   29.88   17.60    3.91 
1985 6	 119.38   32.66   20.82    4.55 
1985 7	  75.90   33.23   21.36    2.80 
1985 8	  65.95   34.61   22.02    3.14 
1985 9	 167.40   31.99   19.34    5.60 
1985 10	 220.85   26.26   16.92    6.55 
1985 11	 129.52   23.13   13.36    5.54 
1985 12	  78.50   15.61    2.65    6.00 
1986 1	  20.18   17.65    3.91    6.12 
1986 2	  71.62   20.63    8.38    6.26 
1986 3	  58.50   23.22    8.12    5.04 
1986 4	  85.35   25.89   14.71    5.36 
1986 5	 193.12   28.60   18.20    4.86 
1986 6	 323.25   31.57   21.95    3.11 
1986 7	  45.55   34.06   22.86    3.53 
1986 8	  88.65   33.31   21.35    3.27 
1986 9	 154.10   31.74   21.74    4.08 
1986 10	 126.87   25.44   13.94    5.37 
1986 11	 227.75   20.49   12.03    6.73 
1986 12	 205.15   14.39    5.43    6.58 
1987 1	 105.05   14.84    3.16    6.17 
1987 2	 121.82   17.63    7.06    6.17 
1987 3	  51.25   21.50    7.11    6.11 
1987 4	   5.65   26.70    9.45    4.28 
1987 5	 199.50   29.21   18.81    3.84 
1987 6	 390.90   30.90   21.17    4.80 
1987 7	 124.38   32.71   21.94    3.55 
1987 8	 112.43   34.16   22.76    3.32 
1987 9	 116.50   30.63   18.00    4.15 
1987 10	  11.98   26.02   10.30    5.92 
1987 11	 205.73   21.29    8.04    6.93 
1987 12	 164.45   17.75    7.08    6.08 
1988 1	  75.72   13.25    2.06    7.05 
1988 2	  66.07   16.33    5.15    6.24 
1988 3	 121.52   21.10    9.31    6.19 
1988 4	  51.40   25.86   12.56    5.42 
1988 5	  26.17   28.93   15.42    4.47 
1988 6	 101.65   31.86   19.32    3.95 
1988 7	 121.00   32.55   22.68    3.60 
1988 8	  77.30   33.57   22.51    3.35 
1988 9	  80.72   31.03   19.82    5.40 
1988 10	  39.12   26.37   13.18    4.99 
1988 11	  14.60   23.46   10.31    6.72 
1988 12	 166.30   17.70    5.08    5.96 
1989 1	 166.90   17.79    8.09    5.58 
1989 2	  34.33   14.98    5.59    7.08 
1989 3	 139.25   20.90    9.50    6.34 
1989 4	  37.60   24.63   12.95    5.17 
1989 5	 234.15   28.82   18.96    5.20 
1989 6	 428.73   29.68   21.08    5.68 
1989 7	 112.05   31.53   22.34    4.07 
1989 8	  36.25   31.85   21.57    2.94 
1989 9	  74.45   30.05   18.43    5.08 
1989 10	  88.43   27.41   12.79    5.65 
1989 11	  34.42   21.71   10.23    6.51 
1989 12	  44.25   12.41   -0.09    7.25 
1990 1	 212.07   17.80    6.89    5.40 
1990 2	 145.05   19.97    9.24    6.83 
1990 3	 134.28   21.33   11.23    5.71 
1990 4	  87.10   25.00   13.60    5.88 
1990 5	 153.78   28.40   19.58    5.71 
1990 6	 130.65   32.92   22.25    3.73 
1990 7	  82.18   32.39   21.56    3.15 
1990 8	  40.40   34.27   21.70    2.62 
1990 9	 122.78   31.96   20.12    3.19 
1990 10	  86.47   26.31   11.82    5.44 
1990 11	  93.57   22.97    9.52    5.97 
1990 12	 104.20   17.36    5.01    6.32 
1991 1	 283.20   13.32    4.24    6.29 
1991 2	 174.35   18.82    6.75    6.31 
1991 3	  54.08   22.21   10.42    6.97 
1991 4	 217.35   25.65   16.66    5.90 
1991 5	 215.15   28.53   20.06    5.91 
1991 6	 176.93   31.45   21.98    4.16 
1991 7	  76.65   33.04   22.52    3.10 
1991 8	 154.57   32.18   21.73    2.61 
1991 9	 139.30   29.54   19.16    4.88 
1991 10	  63.17   28.16   15.02    5.49 
1991 11	  96.72   18.46    6.78    7.11 
1991 12	 146.27   17.08    8.38    6.66 
1992 1	 159.72   14.57    4.26    6.17 
1992 2	 159.68   19.26    7.65    5.98 
1992 3	 124.82   22.46   10.35    5.58 
1992 4	 134.77   24.68   13.13    4.64 
1992 5	  82.40   27.64   16.85    4.13 
1992 6	 124.40   31.31   21.49    3.62 
1992 7	  84.30   32.04   22.87    4.13 
1992 8	  74.47   31.32   20.29    2.92 
1992 9	  60.32   30.54   19.95    4.79 
1992 10	  67.25   27.33   13.01    5.40 
1992 11	 134.05   18.03    6.54    6.65 
1992 12	 162.92   16.89    7.14    5.23 
1993 1	 158.22   15.59    5.82    5.73 
1993 2	  80.05   18.04    5.69    6.37 
1993 3	 159.10   20.07    8.47    5.70 
1993 4	 125.45   22.79   11.74    6.09 
1993 5	 134.03   27.05   16.94    4.78 
1993 6	 321.17   30.54   22.30    5.69 
1993 7	  40.23   33.18   22.98    3.22 
1993 8	  88.57   34.49   22.84    2.75 
1993 9	  81.50   31.82   19.38    4.25 
1993 10	 114.23   25.63   13.95    5.69 
1993 11	 111.70   18.74    6.73    6.55 
1993 12	  94.80   17.48    5.20    6.40 
1994 1	 131.60   15.43    4.01    7.20 
1994 2	  97.00   17.80    6.07    5.89 
1994 3	  71.35   22.10    9.82    5.28 
1994 4	  65.20   25.43   14.25    5.32 
1994 5	 193.02   28.03   17.63    4.47 
1994 6	  93.47   31.61   22.58    4.67 
1994 7	  72.38   32.60   22.46    3.94 
1994 8	 134.62   31.83   21.74    3.19 
1994 9	  23.65   30.51   18.27    3.84 
1994 10	 346.12   26.00   15.26    5.73 
1994 11	  17.88   22.91   12.25    6.09 
1994 12	 114.33   17.68    7.50    5.83 
1995 1	 146.35   16.82    5.37    6.73 
1995 2	  68.93   19.47    6.61    5.83 
1995 3	 128.32   20.99   11.18    6.28 
1995 4	 177.22   24.98   13.28    6.15 
1995 5	 231.57   29.21   18.72    5.67 
1995 6	  78.50   31.94   19.72    4.12 
1995 7	 168.65   33.39   22.54    4.12 
1995 8	  92.28   33.57   22.95    3.48 
1995 9	  62.72   31.97   19.42    4.23 
1995 10	 110.63   26.88   12.73    7.36 
1995 11	 114.72   21.14    8.31    6.26 
1995 12	 177.65   17.40    6.29    6.78 
1996 1	 112.97   17.03    3.15    6.80 
1996 2	  22.70   18.85    6.27    6.32 
1996 3	  10.75   19.42    6.28    6.63 
1996 4	  61.95   25.18   12.30    6.02 
1996 5	  55.50   30.49   20.17    5.18 
1996 6	 153.55   32.20   20.78    3.53 
1996 7	  95.10   33.65   23.03    3.44 
1996 8	 205.90   32.36   22.04    3.58 
1996 9	 208.58   30.31   19.60    3.83 
1996 10	  57.35   26.30   14.60    6.89 
1996 11	  91.25   21.63   10.52    6.92 
1996 12	  78.27   18.81    7.62    6.03 
1997 1	  74.45   15.09    5.09    6.52 
1997 2	 170.57   17.19    7.88    6.92 
1997 3	 107.15   23.56   13.32    5.50 
1997 4	  96.67   22.90   11.82    6.92 
1997 5	 144.52   28.47   17.92    4.63 
1997 6	  90.22   31.49   21.22    3.81 
1997 7	 109.12   34.53   23.04    2.51 
1997 8	  98.48   33.50   22.60    2.98 
1997 9	  75.47   32.34   20.40    3.73 
1997 10	  75.60   25.58   14.83    6.78 
1997 11	  93.77   18.96    7.87    5.98 
1997 12	 169.47   16.24    3.86    6.60 
1998 1	 242.40   18.58    7.79    5.54 
1998 2	 127.72   18.49    6.79    6.05 
1998 3	  67.22   20.67    9.61    7.17 
1998 4	  34.95   24.51   11.98    5.89 
1998 5	   1.65   31.30   19.30    4.42 
1998 6	  61.12   33.97   23.94    6.07 
1998 7	  36.92   35.61   23.75    3.55 
1998 8	 184.27   34.72   23.39    2.86 
1998 9	 335.02   32.02   22.89    7.42 
1998 10	 234.25   27.65   16.59    6.74 
1998 11	 104.20   22.12   12.27    5.37 
1998 12	 156.23   17.85    7.33    5.99 
1999 1	 132.23   19.72    7.29    6.78 
1999 2	  37.00   21.92    8.78    5.21 
1999 3	 107.83   21.99   10.24    5.85 
1999 4	  86.12   27.33   16.35    6.18 
1999 5	 116.10   29.58   18.15    4.39 
1999 6	 193.90   31.57   22.38    4.41 
1999 7	  95.65   32.71   23.06    3.27 
1999 8	  26.85   36.06   23.39    3.09 
1999 9	  31.07   32.16   18.13    5.00 
1999 10	  73.60   27.10   12.70    5.90 
1999 11	  25.45   24.00    8.12    5.20 
1999 12	 111.45   18.58    3.91    6.65 
2000 1	  20.80   18.94    6.59    6.54 
2000 2	  27.15   22.05    9.16    5.91 
2000 3	  58.45   24.72   12.38    5.22 
2000 4	 115.53   25.28   12.98    5.05 
2000 5	 183.17   29.68   20.52    5.27 
2000 6	 109.85   32.08   21.99    4.43 
2000 7	  54.38   35.25   22.40    3.15 
2000 8	  47.22   35.55   22.00    2.29 
2000 9	 107.72   32.66   19.34    5.45 
2000 10	  71.23   27.08   14.84    6.07 
2000 11	 266.45   19.74    8.44    6.45 
2000 12	  64.45   13.70    2.27    6.84 
2001 1	 126.50   14.01    3.06    5.90 
2001 2	  41.82   20.24    9.09    5.98 
2001 3	 227.10   19.13    7.54    5.83 
2001 4	  19.50   26.92   16.68    6.81 
2001 5	  63.70   29.90   18.14    4.95 
2001 6	 361.97   31.12   21.09    4.14 
2001 7	  27.23   33.16   23.16    2.78 
2001 8	 233.38   33.30   22.75    3.81 
2001 9	 199.40   29.56   19.84    5.31 
2001 10	 131.82   25.24   12.38    6.44 
2001 11	 240.78   23.70   10.71    5.72 
2001 12	 149.90   18.90    7.33    6.14 
2002 1	  39.95   17.69    6.19    6.22 
2002 2	  58.68   16.71    3.80    6.57 
2002 3	  50.03   21.53    9.93    6.95 
2002 4	  74.47   26.69   16.92    5.52 
2002 5	  53.17   29.30   18.86    6.29 
2002 6	 114.43   31.91   21.32    4.39 
2002 7	 243.87   32.93   22.85    3.18 
2002 8	 173.77   32.96   22.89    3.69 
2002 9	 104.40   30.41   21.25    6.38 
2002 10	 374.68   25.41   17.40    5.00 
2002 11	 139.45   19.85    8.22    6.24 
2002 12	 315.25   16.70    6.19    6.91 
2003 1	  33.92   14.45    3.22    6.17 
2003 2	 153.32   15.99    6.66    6.08 
2003 3	  52.45   20.76   10.17    4.16 
2003 4	  30.40   25.76   14.57    5.25 
2003 5	  19.80   30.62   20.25    5.38 
2003 6	 126.53   32.24   22.06    3.83 
2003 7	 119.42   32.53   22.83    3.97 
2003 8	 206.77   33.63   23.02    3.61 
2003 9	 222.55   29.76   19.40    4.84 
2003 10	 116.73   26.99   14.36    5.18 
2003 11	 186.90   23.73   11.37    6.59 
2003 12	 117.38   17.54    3.87    6.39 
2004 1	 191.15   16.47    6.13    6.22 
2004 2	 185.33   14.96    5.08    6.52 
2004 3	  53.92   23.41   12.45    5.64 
2004 4	 139.25   25.07   14.02    5.40 
2004 5	 174.00   28.75   19.12    5.62 
2004 6	 309.27   31.25   22.14    4.37 
2004 7	  58.85   33.27   23.06    2.74 
2004 8	  70.28   33.22   21.40    3.87 
2004 9	  94.55   32.01   20.07    4.98 
2004 10	 105.35   28.82   19.37    5.21 
2004 11	 296.18   21.41   11.91    6.25 
2004 12	  91.95   16.54    5.01    6.99 
2005 1	  88.33   18.02    7.86    5.83 
2005 2	 169.77   17.64    9.47    5.61 
2005 3	  67.60   21.11    9.56    5.06 
2005 4	  37.97   25.42   12.68    5.66 
2005 5	  79.18   29.38   17.13    4.47 
2005 6	  22.73   33.55   21.91    3.65 
2005 7	 187.17   33.36   23.23    3.73 
2005 8	 122.07   34.11   23.00    2.77 
2005 9	 226.70   33.67   22.06    5.04 
2005 10	  30.30   27.67   13.85    6.36 
2005 11	  72.10   23.70   11.22    6.29 
2005 12	  72.08   17.00    4.05    6.56 
2006 1	  69.00   20.35    7.00    5.82 
2006 2	  80.75   17.57    5.17    6.10 
2006 3	  59.50   23.62   12.30    6.60 
2006 4	  83.12   27.88   16.78    5.53 
2006 5	 172.92   29.44   18.22    4.94 
2006 6	 140.40   32.34   21.05    2.95 
2006 7	 346.42   32.32   23.29    2.81 
2006 8	  91.70   33.84   23.45    3.09 
2006 9	 127.80   30.89   18.78    3.81 
2006 10	 471.05   27.02   15.27    5.68 
2006 11	  36.12   22.44    9.37    6.35 
2006 12	 165.97   17.77    5.78    6.97 
2007 1	 144.98   14.59    4.88    6.76 
2007 2	  55.68   16.69    5.07    5.57 
2007 3	 125.38   23.82   12.14    5.46 
2007 4	  83.90   23.74   12.45    5.76 
2007 5	 107.60   28.94   18.54    5.33 
2007 6	 132.23   31.86   22.10    4.05 
2007 7	 246.20   31.15   22.87    3.84 
2007 8	 114.32   33.68   23.64    3.34 
2007 9	 146.52   31.43   20.91    4.14 
2007 10	  65.33   28.01   15.20    6.42 
2007 11	 106.48   22.02   10.81    5.19 
2007 12	  69.70   19.80    7.32    5.02 
2008 1	 152.20   15.48    4.44    7.30 
2008 2	  89.55   20.31    7.17    5.89 
2008 3	  60.48   22.55   10.57    6.98 
2008 4	  40.67   25.88   14.53    6.02 
2008 5	  98.25   29.19   19.17    5.47 
2008 6	 160.65   32.78   22.64    4.15 
2008 7	  92.08   33.85   22.45    3.67 
2008 8	 242.07   32.73   22.95    3.86 
2008 9	 207.12   30.05   19.23    6.11 
2008 10	  69.60   26.57   12.84    5.54 
2008 11	 114.35   22.34    9.02    6.03 
2008 12	  87.58   17.42    5.89    6.88 
2009 1	  34.88   17.76    4.37    5.89 
2009 2	  43.40   20.55    8.35    6.46 
2009 3	 157.57   21.78   10.21    6.23 
2009 4	 161.90   24.72   13.16    6.94 
2009 5	  98.47   28.85   19.40    5.32 
2009 6	  55.25   33.49   22.07    3.54 
2009 7	 158.93   34.71   23.64    2.95 
2009 8	  72.50   33.51   23.22    2.26 
2009 9	 114.07   29.41   20.63    3.83 
2009 10	 294.20   25.67   14.65    6.22 
2009 11	  31.92   21.15    9.38    6.23 
2009 12	 130.57   13.16    4.20    7.09 
2010 1	  68.88   14.20    2.68    6.52 
2010 2	 131.90   12.64    2.61    6.74 
2010 3	  58.33   19.42    7.25    5.66 
2010 4	  13.38   25.66   12.96    5.75 
2010 5	  74.60   31.06   19.69    4.39 
2010 6	 117.33   33.65   23.44    3.69 
2010 7	 188.25   32.82   23.83    4.44 
2010 8	  90.47   35.04   24.34    3.26 
2010 9	 100.70   32.03   21.47    5.27 
2010 10	  27.40   28.69   13.38    4.81 
2010 11	  83.45   21.39    9.73    6.05 
2010 12	  67.52   16.72    4.52    6.82 
