1949 1	 151.32    4.87   -6.74    3.75 
1949 2	  11.15   12.87   -1.38    3.08 
1949 3	  20.55   18.19    1.05    3.57 
1949 4	  45.75   20.81    6.13    2.93 
1949 5	 118.75   26.69   12.68    3.38 
1949 6	  72.05   31.52   16.62    3.58 
1949 7	  40.95   34.32   19.02    2.80 
1949 8	  50.80   32.61   17.07    2.41 
1949 9	  75.80   28.01   14.16    2.62 
1949 10	  58.28   23.35    7.16    3.01 
1949 11	   0.00   22.99    2.22    2.70 
1949 12	  21.20   13.05   -2.97    3.19 
1950 1	   1.88   14.53   -2.59    3.53 
1950 2	   3.53   18.29   -1.00    3.21 
1950 3	   0.00   20.22   -0.57    4.17 
1950 4	  18.62   24.48    5.87    4.21 
1950 5	  48.47   28.11   11.07    3.19 
1950 6	  69.10   32.65   16.83    3.67 
1950 7	 157.38   30.55   17.38    3.39 
1950 8	  60.75   32.36   15.80    2.92 
1950 9	 163.12   26.10   13.90    2.69 
1950 10	   0.22   26.96    9.67    3.01 
1950 11	   0.03   19.20   -0.77    3.36 
1950 12	   0.12   14.73   -5.05    2.70 
1951 1	  23.95   12.83   -5.16    3.76 
1951 2	  19.90   15.75   -2.85    4.20 
1951 3	  23.88   18.47   -0.02    3.80 
1951 4	  16.10   23.08    4.82    3.82 
1951 5	 108.92   28.01   11.84    3.46 
1951 6	  53.08   32.40   16.66    3.80 
1951 7	  28.23   35.36   19.93    3.17 
1951 8	  51.62   34.48   19.52    3.05 
1951 9	  54.38   30.64   14.52    3.25 
1951 10	  18.57   25.73    8.60    3.40 
1951 11	   1.98   15.07   -0.46    3.36 
1951 12	   2.50   14.19   -2.69    3.61 
1952 1	  30.80   14.55   -1.37    3.53 
1952 2	   0.32   16.86   -1.40    3.73 
1952 3	  13.82   17.85   -0.02    4.21 
1952 4	  62.28   22.72    5.96    3.53 
1952 5	  34.25   28.49   11.89    3.69 
1952 6	  29.17   35.50   19.38    4.10 
1952 7	  97.17   33.52   18.61    3.24 
1952 8	  25.57   36.58   20.30    3.19 
1952 9	  25.92   29.95   13.80    2.22 
1952 10	   0.00   25.22    5.47    2.77 
1952 11	  15.75   15.77    0.28    3.14 
1952 12	  14.43   12.94   -2.95    2.87 
1953 1	  11.80   17.55   -1.23    4.13 
1953 2	  20.80   15.92   -2.23    3.16 
1953 3	  23.00   23.21    4.69    3.30 
1953 4	  23.50   25.61    5.92    3.60 
1953 5	  47.67   29.72   11.65    3.99 
1953 6	   9.75   37.82   20.11    4.05 
1953 7	  92.88   34.04   19.76    3.24 
1953 8	  25.60   33.18   18.36    2.52 
1953 9	   1.22   32.53   12.69    2.42 
1953 10	 102.35   24.15    9.38    3.05 
1953 11	   1.25   16.85    2.03    2.84 
1953 12	   0.50   11.56   -3.96    3.76 
1954 1	   0.60   14.32   -3.69    3.24 
1954 2	   0.00   19.82   -0.14    3.86 
1954 3	   1.95   17.66    0.70    3.65 
1954 4	  50.98   26.25   10.14    4.01 
1954 5	  99.60   24.20   10.01    3.37 
1954 6	   1.70   33.62   17.42    3.82 
1954 7	   7.65   36.93   20.23    2.93 
1954 8	  27.22   34.50   19.58    3.39 
1954 9	   0.00   33.07   15.86    2.84 
1954 10	   3.55   25.56    9.49    2.98 
1954 11	   2.85   20.56    1.31    2.71 
1954 12	  10.05   17.88   -1.35    3.34 
1955 1	  19.88   12.49   -2.22    3.34 
1955 2	   8.07   16.00   -3.81    3.55 
1955 3	   1.12   23.63    0.70    3.75 
1955 4	   0.00   28.00    7.22    4.11 
1955 5	 105.28   29.25   13.55    3.28 
1955 6	 166.07   32.07   16.33    3.79 
1955 7	  88.50   33.21   19.74    3.12 
1955 8	  23.12   34.26   18.62    2.24 
1955 9	  59.30   30.72   15.55    2.72 
1955 10	  77.65   25.64    7.92    2.79 
1955 11	   2.15   19.85   -0.35    3.25 
1955 12	   0.00   18.01   -2.06    3.18 
1956 1	   0.43   15.23   -3.73    3.11 
1956 2	  45.35   13.26   -3.97    3.59 
1956 3	   0.28   23.72    0.81    3.72 
1956 4	  10.35   25.65    5.71    3.67 
1956 5	  20.97   31.57   14.12    3.82 
1956 6	  30.05   36.12   19.04    3.53 
1956 7	  21.48   36.19   19.37    3.40 
1956 8	   0.65   36.09   17.44    3.36 
1956 9	   0.05   34.54   13.94    3.00 
1956 10	  10.57   28.06    9.49    2.54 
1956 11	   1.90   19.93   -1.48    3.05 
1956 12	   6.92   17.13   -1.63    3.37 
1957 1	   3.15   14.98   -3.08    3.41 
1957 2	  23.73   18.54    2.85    3.07 
1957 3	  22.90   19.35    2.59    3.55 
1957 4	 109.97   22.33    6.13    3.77 
1957 5	 236.62   24.46   12.10    3.04 
1957 6	 100.25   30.18   17.19    3.34 
1957 7	  10.75   36.84   19.74    2.78 
1957 8	  87.77   34.20   19.16    2.82 
1957 9	   9.05   31.03   12.76    2.83 
1957 10	 106.83   22.98    8.39    2.86 
1957 11	  36.50   13.70    0.52    2.94 
1957 12	   0.00   15.71   -2.54    3.61 
1958 1	  32.28   10.51   -3.84    3.24 
1958 2	   8.72   11.51   -2.45    3.85 
1958 3	  59.95   12.45   -0.59    3.06 
1958 4	  70.88   20.30    6.20    3.47 
1958 5	  63.15   28.60   12.45    2.64 
1958 6	  22.40   34.85   17.76    3.32 
1958 7	  72.65   35.08   19.47    3.95 
1958 8	  12.77   35.40   18.49    2.37 
1958 9	  96.30   29.49   16.06    2.68 
1958 10	  10.32   22.82    8.98    2.45 
1958 11	   7.32   19.48    1.34    2.77 
1958 12	   0.82   14.06   -4.71    3.14 
1959 1	   6.25   13.44   -6.11    3.77 
1959 2	   0.50   15.06   -2.24    3.63 
1959 3	   1.83   21.36    0.21    4.08 
1959 4	  31.20   24.84    6.29    3.85 
1959 5	  77.55   29.39   13.71    3.77 
1959 6	 124.80   32.55   18.00    2.89 
1959 7	  71.60   33.35   19.06    2.43 
1959 8	   0.82   36.25   19.66    2.93 
1959 9	  20.28   33.10   14.86    3.51 
1959 10	  34.02   22.62    5.64    2.69 
1959 11	   1.10   16.52   -2.64    2.91 
1959 12	  59.00   12.02   -1.49    3.36 
1960 1	  27.83    8.49   -4.91    3.20 
1960 2	  29.20    9.42   -5.87    4.25 
1960 3	  15.55   15.55   -2.30    3.10 
1960 4	   2.75   26.07    6.76    4.14 
1960 5	  42.17   29.22    9.42    3.53 
1960 6	  97.83   33.27   16.75    3.29 
1960 7	 204.18   32.39   18.59    2.64 
1960 8	  23.30   33.48   17.79    2.88 
1960 9	  52.55   30.94   14.78    2.55 
1960 10	 216.30   25.06    9.84    2.93 
1960 11	   0.00   19.17    2.56    3.03 
1960 12	  47.55    7.51   -2.91    3.50 
1961 1	  12.57    9.98   -6.45    3.12 
1961 2	  34.10   12.56   -2.25    3.45 
1961 3	  29.70   18.93    1.69    3.69 
1961 4	   8.45   25.53    5.29    4.25 
1961 5	  35.20   29.43   11.56    3.60 
1961 6	 127.83   29.89   15.21    2.97 
1961 7	  98.80   29.70   16.06    2.90 
1961 8	  43.45   31.45   15.38    2.36 
1961 9	  36.70   28.27   12.36    3.64 
1961 10	  15.20   24.59    6.38    3.38 
1961 11	  29.65   13.04   -0.42    3.33 
1961 12	  11.12   11.34   -2.94    3.23 
1962 1	  10.43   10.90   -6.67    3.57 
1962 2	   0.03   20.56   -0.84    3.80 
1962 3	   0.80   19.11   -0.34    3.99 
1962 4	  33.53   25.04    7.27    3.53 
1962 5	  26.27   33.47   13.88    5.12 
1962 6	 146.95   31.21   16.64    2.93 
1962 7	  62.90   33.97   19.58    3.08 
1962 8	  26.55   35.85   17.23    2.76 
1962 9	  98.57   28.67   15.41    2.43 
1962 10	  45.23   25.93    9.82    3.21 
1962 11	  40.20   18.20    3.42    2.60 
1962 12	  23.30   14.07   -0.84    2.85 
1963 1	   0.65   11.52   -8.58    3.41 
1963 2	  19.00   16.31   -3.08    3.37 
1963 3	  13.07   22.05    1.83    3.99 
1963 4	   8.30   26.94    8.95    3.79 
1963 5	 110.20   29.57   13.89    3.64 
1963 6	 123.52   31.31   17.29    3.57 
1963 7	  72.85   34.76   20.58    3.40 
1963 8	  66.07   33.77   19.14    2.40 
1963 9	  20.05   30.72   16.00    2.05 
1963 10	  17.77   28.45   11.01    2.39 
1963 11	  43.83   19.68    2.82    2.93 
1963 12	   2.45   10.54   -4.33    2.74 
1964 1	   8.73   14.12   -3.88    3.67 
1964 2	  14.62   12.31   -4.83    3.56 
1964 3	  14.12   20.38   -0.09    3.79 
1964 4	   2.62   26.70    6.82    3.99 
1964 5	  38.93   30.37   13.62    3.68 
1964 6	  62.97   32.95   16.77    3.83 
1964 7	  26.05   35.56   19.68    2.92 
1964 8	  66.78   33.95   18.40    3.41 
1964 9	 100.28   27.98   14.14    2.55 
1964 10	  10.10   24.21    7.71    2.62 
1964 11	  20.57   16.26    1.63    3.27 
1964 12	  31.57   12.60   -3.14    3.39 
1965 1	   2.27   14.96   -2.84    3.74 
1965 2	  10.65   12.35   -4.86    3.67 
1965 3	   6.18   11.92   -4.46    3.86 
1965 4	  39.50   25.37    8.07    3.55 
1965 5	  45.78   28.21   12.98    3.74 
1965 6	  21.65   31.14   16.90    3.62 
1965 7	   9.62   35.07   20.00    2.67 
1965 8	  25.72   32.95   18.04    2.84 
1965 9	 113.50   29.42   13.84    3.09 
1965 10	  29.67   23.69    7.96    2.55 
1965 11	   0.00   21.31    4.29    2.29 
1965 12	   9.45   14.40   -0.16    3.54 
1966 1	   9.18    6.91   -6.99    2.95 
1966 2	   6.38   10.84   -5.52    3.46 
1966 3	   1.15   20.51    1.86    4.18 
1966 4	  44.65   21.80    5.87    3.35 
1966 5	  15.85   26.67   11.09    2.97 
1966 6	  69.73   31.15   17.35    3.44 
1966 7	  30.27   35.34   20.86    2.87 
1966 8	 155.90   29.81   17.33    2.70 
1966 9	  75.65   26.91   14.63    1.93 
1966 10	   2.42   22.39    5.02    2.51 
1966 11	   1.10   20.05    3.76    3.54 
1966 12	   0.08   11.03   -5.10    2.96 
1967 1	   0.00   14.35   -5.26    3.53 
1967 2	   6.40   13.88   -3.73    3.60 
1967 3	  25.40   21.71    2.95    4.45 
1967 4	   7.47   25.38    8.82    4.74 
1967 5	  98.90   26.87    9.11    3.55 
1967 6	  63.52   30.55   17.49    3.79 
1967 7	  99.98   30.96   18.46    3.14 
1967 8	  14.53   31.39   17.53    2.73 
1967 9	  42.47   26.31   13.32    2.63 
1967 10	  14.47   24.58    7.33    3.53 
1967 11	   2.75   16.52    1.90    2.90 
1967 12	  11.55   10.10   -4.22    3.56 
1968 1	  36.38    9.95   -2.47    3.83 
1968 2	  40.58   10.58   -3.87    3.03 
1968 3	  46.45   15.60    2.16    4.68 
1968 4	  14.70   20.43    5.05    3.82 
1968 5	  89.93   25.76   10.58    4.01 
1968 6	  56.47   30.69   15.82    3.64 
1968 7	 118.55   30.83   18.33    3.37 
1968 8	  80.47   31.15   18.11    3.56 
1968 9	  19.18   28.11   12.29    2.87 
1968 10	  45.18   24.78    8.49    3.75 
1968 11	  53.58   14.81    1.31    3.59 
1968 12	  14.90   12.05   -3.86    4.19 
1969 1	   0.17   13.43   -3.59    3.57 
1969 2	  28.80   12.49   -1.55    3.48 
1969 3	  31.30   10.56   -2.86    3.66 
1969 4	  31.30   22.94    7.47    4.16 
1969 5	 172.75   25.75   12.18    3.09 
1969 6	  42.58   30.90   15.54    3.68 
1969 7	  17.58   35.82   21.04    3.03 
1969 8	  45.38   34.11   19.38    2.59 
1969 9	  55.75   26.41   15.02    2.31 
1969 10	 157.10   18.94    7.09    3.51 
1969 11	  19.05   16.89    0.58    2.82 
1969 12	   9.38   13.55   -2.19    3.18 
1970 1	   0.00    9.48   -6.00    3.15 
1970 2	   0.08   14.66   -2.09    3.23 
1970 3	  45.58   13.84   -1.16    3.54 
1970 4	  12.23   21.68    4.85    3.54 
1970 5	  47.82   28.36   10.93    3.52 
1970 6	  30.58   31.43   15.84    3.62 
1970 7	   2.60   34.58   19.57    3.10 
1970 8	  43.53   33.57   18.16    2.94 
1970 9	 101.42   27.24   14.36    3.18 
1970 10	  44.82   20.83    5.44    2.73 
1970 11	   2.33   16.10   -0.64    3.49 
1970 12	   2.72   15.67   -1.77    2.91 
1971 1	   0.00   13.35   -4.72    3.25 
1971 2	  15.38   13.21   -4.41    3.96 
1971 3	   1.85   18.14   -0.46    3.95 
1971 4	  29.25   22.65    5.83    3.61 
1971 5	 112.88   27.45    9.92    3.76 
1971 6	  89.93   32.05   17.79    3.82 
1971 7	  14.60   33.18   19.02    2.73 
1971 8	 112.80   28.12   16.54    2.23 
1971 9	 200.28   26.76   13.10    3.03 
1971 10	  30.13   23.01    8.69    2.82 
1971 11	   9.30   17.38    1.94    3.30 
1971 12	  27.35   11.79   -1.71    3.68 
1972 1	   0.70   12.55   -4.99    3.40 
1972 2	   2.90   15.81   -3.21    3.53 
1972 3	   1.88   22.28    2.82    3.67 
1972 4	   8.85   26.38    7.75    4.18 
1972 5	 108.23   26.07   10.73    2.71 
1972 6	  82.93   31.67   17.14    2.79 
1972 7	  74.32   31.04   17.87    3.31 
1972 8	  87.50   29.87   17.34    2.78 
1972 9	  63.58   28.23   15.03    2.88 
1972 10	  68.18   23.18    8.43    2.87 
1972 11	  28.02   10.76   -1.01    2.75 
1972 12	   8.50    9.84   -5.74    3.55 
1973 1	  31.27    6.23   -5.29    3.64 
1973 2	  25.58   10.85   -3.61    3.51 
1973 3	  99.02   16.40    2.28    4.31 
1973 4	  43.08   18.84    3.82    3.48 
1973 5	  29.85   26.80   10.38    3.28 
1973 6	  39.15   32.14   15.96    3.56 
1973 7	  92.38   32.12   18.02    2.88 
1973 8	  66.18   32.61   17.44    3.00 
1973 9	  44.05   27.91   13.64    3.16 
1973 10	  31.58   25.66    8.69    3.14 
1973 11	   0.95   19.31    2.17    4.04 
1973 12	   0.00   14.39   -4.06    4.27 
1974 1	   3.80   10.28   -5.79    3.45 
1974 2	   0.00   15.83   -3.93    4.39 
1974 3	  44.55   21.39    3.55    4.61 
1974 4	  47.17   24.24    6.42    4.74 
1974 5	  36.48   29.89   13.42    3.92 
1974 6	  95.00   32.13   16.31    3.46 
1974 7	  32.02   33.66   19.34    3.01 
1974 8	  88.18   29.57   16.70    3.01 
1974 9	 173.85   23.51   10.68    2.79 
1974 10	  90.72   21.28    9.51    3.21 
1974 11	  21.30   15.14    1.78    3.07 
1974 12	  29.40   10.51   -3.39    3.22 
1975 1	  16.58   10.65   -4.80    3.97 
1975 2	  39.23   10.04   -4.14    3.67 
1975 3	   1.57   16.52   -2.55    4.20 
1975 4	  16.12   21.96    4.85    4.63 
1975 5	  53.50   27.18   10.70    3.31 
1975 6	 132.10   31.44   16.52    4.05 
1975 7	  66.12   30.40   17.63    2.54 
1975 8	 101.57   31.94   16.95    3.09 
1975 9	  52.22   26.31   10.70    3.09 
1975 10	   4.95   25.53    5.26    3.47 
1975 11	  40.65   17.98   -0.21    3.98 
1975 12	   9.48   14.21   -3.99    3.30 
1976 1	   0.43   13.55   -7.10    3.53 
1976 2	   0.62   18.98   -1.22    4.27 
1976 3	   8.45   19.43   -0.01    4.19 
1976 4	  87.40   23.31    7.21    4.20 
1976 5	  25.87   24.71    8.39    3.21 
1976 6	  28.73   32.15   14.63    3.43 
1976 7	  81.72   30.31   16.87    2.91 
1976 8	  39.92   32.96   16.46    2.41 
1976 9	  81.12   27.57   13.00    2.28 
1976 10	  33.12   19.13    2.77    2.87 
1976 11	  11.95   12.80   -2.88    2.83 
1976 12	   0.00   12.75   -5.67    3.14 
1977 1	   4.90    7.05   -8.79    2.57 
1977 2	  13.90   15.13   -2.87    3.61 
1977 3	  16.10   18.62   -0.13    4.12 
1977 4	  54.33   21.24    7.07    3.69 
1977 5	  73.58   27.26   13.63    4.04 
1977 6	  69.52   33.11   17.40    3.40 
1977 7	  32.53   34.11   18.21    2.90 
1977 8	 133.98   31.99   18.18    3.18 
1977 9	   0.23   31.94   14.88    3.05 
1977 10	  14.05   24.36    7.22    2.68 
1977 11	   0.20   18.88    2.11    3.27 
1977 12	   1.12   14.49   -3.26    3.53 
1978 1	  16.50    5.73   -8.53    3.10 
1978 2	  34.35    4.33   -6.51    3.28 
1978 3	   7.10   17.71    0.14    3.78 
1978 4	   2.42   26.97    7.50    4.29 
1978 5	  85.30   26.62   11.47    3.44 
1978 6	  85.30   32.03   17.63    3.41 
1978 7	  12.10   35.89   19.54    2.85 
1978 8	  15.35   32.96   17.50    3.02 
1978 9	  84.60   28.93   15.38    2.69 
1978 10	  16.52   23.87    7.69    2.55 
1978 11	  32.28   14.86    2.93    2.97 
1978 12	   3.88   10.66   -5.21    3.57 
1979 1	  12.93    3.91   -8.00    3.28 
1979 2	  25.10   12.32   -4.97    3.20 
1979 3	  71.95   16.73    1.50    3.86 
1979 4	  13.00   22.90    6.74    3.34 
1979 5	  96.62   26.58   11.41    3.60 
1979 6	 167.82   29.92   15.94    3.25 
1979 7	  66.75   33.20   19.10    2.81 
1979 8	  60.55   30.73   16.51    2.76 
1979 9	   6.78   30.53   13.04    2.20 
1979 10	  16.25   27.03    7.46    3.24 
1979 11	   8.50   14.14   -1.57    2.73 
1979 12	  34.03   11.67   -2.32    3.24 
1980 1	  11.55   10.49   -3.40    3.45 
1980 2	  20.98   13.64   -3.09    3.60 
1980 3	  15.80   18.11   -1.25    4.29 
1980 4	  49.23   22.67    4.77    3.65 
1980 5	  92.47   25.99   11.22    3.13 
1980 6	  51.38   34.60   18.74    4.11 
1980 7	   7.15   36.96   19.73    3.16 
1980 8	  48.90   33.87   18.74    3.72 
1980 9	 119.10   28.59   15.72    2.97 
1980 10	  15.82   23.23    6.83    2.74 
1980 11	  42.65   14.86   -0.08    2.87 
1980 12	  16.17   14.49   -1.22    3.47 
1981 1	   3.90   12.52   -3.39    2.47 
1981 2	  17.17   15.32   -3.50    3.42 
1981 3	  24.65   16.54    2.60    3.71 
1981 4	  84.12   24.07    8.77    4.02 
1981 5	  43.78   26.93   11.30    3.54 
1981 6	  40.65   33.05   17.23    3.59 
1981 7	  97.65   34.41   19.70    3.23 
1981 8	 159.62   30.43   17.62    2.64 
1981 9	  32.60   27.85   14.08    2.78 
1981 10	  63.22   21.16    8.84    3.25 
1981 11	  26.45   18.72    3.21    2.59 
1981 12	   6.30   13.57   -1.70    3.07 
1982 1	   7.22   12.29   -5.48    3.72 
1982 2	   9.20   11.67   -3.94    3.34 
1982 3	  23.65   18.86    0.95    3.82 
1982 4	  33.83   22.82    6.34    3.85 
1982 5	 154.17   26.40   11.93    3.60 
1982 6	 134.63   28.77   15.61    3.41 
1982 7	  31.33   34.35   19.27    3.25 
1982 8	   2.93   35.20   19.15    2.93 
1982 9	  60.90   31.13   14.76    3.03 
1982 10	  11.33   23.78    6.59    2.84 
1982 11	  34.30   15.70    1.35    3.57 
1982 12	  29.02    9.67   -2.64    3.56 
1983 1	  44.15    6.64   -5.63    3.07 
1983 2	  13.62   11.09   -1.77    3.18 
1983 3	  13.70   17.47    0.85    4.09 
1983 4	  16.70   20.04    3.67    4.25 
1983 5	  43.70   27.82    9.42    3.30 
1983 6	  36.58   30.76   14.22    3.25 
1983 7	   1.83   36.43   19.01    3.39 
1983 8	   9.25   36.37   18.94    2.28 
1983 9	  13.80   32.43   14.50    3.26 
1983 10	 194.95   23.85   10.34    3.24 
1983 11	  14.22   16.83    3.26    3.34 
1983 12	   4.15    3.75   -8.03    3.19 
1984 1	   2.97    9.14   -5.29    2.77 
1984 2	   9.60   15.38   -3.77    3.88 
1984 3	   5.72   16.77   -0.07    3.71 
1984 4	  15.53   21.28    4.26    3.67 
1984 5	  21.27   29.32   11.58    3.65 
1984 6	  69.60   32.49   18.26    3.62 
1984 7	  67.45   33.47   18.18    2.53 
1984 8	  95.63   32.72   18.06    2.41 
1984 9	  27.75   27.91   12.19    3.22 
1984 10	  27.38   20.95    6.86    2.94 
1984 11	  46.17   16.18    1.77    3.35 
1984 12	  43.50   11.66   -0.96    3.38 
1985 1	  10.62    8.12   -5.94    3.15 
1985 2	   8.82   10.60   -3.33    3.34 
1985 3	  56.83   17.79    2.84    4.20 
1985 4	  39.28   24.87    7.49    3.66 
1985 5	  79.20   28.54   12.26    3.24 
1985 6	 193.45   30.19   15.97    3.09 
1985 7	  82.35   33.27   17.68    2.50 
1985 8	  49.00   34.55   18.23    2.73 
1985 9	 103.80   28.01   13.97    3.07 
1985 10	 135.62   21.36    8.51    3.16 
1985 11	   4.68   15.49    0.67    2.99 
1985 12	   3.50    9.74   -5.65    2.85 
1986 1	   0.00   15.35   -3.81    2.96 
1986 2	  18.57   13.34   -1.15    3.58 
1986 3	   5.73   20.69    2.73    3.81 
1986 4	  35.90   25.27    7.56    3.79 
1986 5	  48.28   28.05   11.18    3.51 
1986 6	 189.25   29.90   17.04    2.29 
1986 7	  53.93   34.47   18.44    3.60 
1986 8	 114.72   31.69   17.94    2.90 
1986 9	 141.55   26.57   14.87    3.15 
1986 10	 100.90   20.36    7.84    2.66 
1986 11	  49.15   14.44    0.60    3.18 
1986 12	  45.80    9.78   -1.56    2.70 
1987 1	  17.60    9.40   -3.96    3.51 
1987 2	  28.82   12.77    0.24    3.81 
1987 3	  13.25   14.95    0.25    3.54 
1987 4	   7.70   23.22    5.19    3.18 
1987 5	  48.43   27.12   12.58    3.09 
1987 6	  51.73   30.42   17.13    2.64 
1987 7	  89.00   31.49   18.73    3.45 
1987 8	  52.70   32.35   18.93    2.87 
1987 9	 109.93   27.20   14.60    2.21 
1987 10	  29.30   23.50    7.82    3.10 
1987 11	   0.98   17.41    1.41    3.21 
1987 12	  23.05    9.98   -3.52    3.12 
1988 1	   1.82    7.08   -5.46    3.55 
1988 2	   6.60   12.92   -3.19    3.44 
1988 3	  30.83   18.17   -0.03    4.01 
1988 4	  50.55   22.52    5.28    3.43 
1988 5	  95.10   26.41   12.09    3.75 
1988 6	  99.05   31.33   17.64    2.70 
1988 7	  96.47   31.54   19.49    2.56 
1988 8	  30.23   32.33   19.22    2.56 
1988 9	 124.70   28.23   14.12    2.67 
1988 10	   0.77   23.23    8.12    2.64 
1988 11	   5.55   18.72    1.75    3.35 
1988 12	   1.67   12.13   -2.96    2.89 
1989 1	  19.85   14.21   -2.41    3.47 
1989 2	  23.02    7.70   -4.00    3.56 
1989 3	  33.50   20.32    2.35    3.84 
1989 4	   0.00   25.03    8.45    3.90 
1989 5	  70.70   28.14   13.52    4.06 
1989 6	 165.70   28.53   15.85    3.37 
1989 7	   8.23   33.36   19.51    2.69 
1989 8	 131.60   31.42   18.71    3.32 
1989 9	 164.22   26.69   13.23    2.70 
1989 10	   0.00   25.10    9.18    3.37 
1989 11	   0.00   18.40    0.73    3.04 
1989 12	   5.32    7.71   -7.11    3.29 
1990 1	  11.62   13.11   -3.25    3.46 
1990 2	  64.33   15.21   -1.15    3.68 
1990 3	  27.25   15.70    3.00    3.73 
1990 4	  59.75   21.69    7.27    3.77 
1990 5	  63.68   26.56   11.60    3.73 
1990 6	   7.33   35.51   19.89    4.05 
1990 7	  37.78   31.22   18.85    2.92 
1990 8	  37.48   31.49   18.22    2.73 
1990 9	  38.58   29.17   16.37    2.08 
1990 10	  19.95   23.15    7.16    2.91 
1990 11	  37.53   18.07    3.80    3.51 
1990 12	   9.50   10.22   -5.22    3.16 
1991 1	  30.70    7.77   -4.22    2.83 
1991 2	   2.62   16.72   -0.32    3.24 
1991 3	   0.30   19.55    2.69    4.28 
1991 4	   8.93   25.07    7.13    3.57 
1991 5	  35.72   29.92   13.12    3.74 
1991 6	  89.25   31.58   17.73    3.24 
1991 7	  65.38   32.13   19.10    2.68 
1991 8	 105.90   31.10   18.49    2.43 
1991 9	 141.45   24.58   14.10    2.45 
1991 10	   7.47   24.17    7.97    3.34 
1991 11	  30.00   11.74   -0.46    3.40 
1991 12	  71.67   10.69   -0.34    3.43 
1992 1	  26.27    9.04   -2.52    2.72 
1992 2	  33.30   15.26    0.79    3.75 
1992 3	  30.42   19.84    2.97    3.82 
1992 4	  60.72   22.71    7.99    3.23 
1992 5	 137.27   24.29   12.05    2.92 
1992 6	 162.30   29.17   16.27    2.76 
1992 7	  68.95   32.69   18.92    3.75 
1992 8	  50.22   30.70   17.33    2.95 
1992 9	   5.97   29.00   14.49    3.36 
1992 10	   0.00   25.48    8.32    2.67 
1992 11	  46.45   13.53    0.59    3.41 
1992 12	  31.65    9.94   -2.43    3.41 
1993 1	  18.73    7.57   -3.94    2.84 
1993 2	  20.60   11.06   -3.56    3.37 
1993 3	  10.57   16.87    0.30    3.73 
1993 4	  36.38   22.02    4.95    3.79 
1993 5	  27.92   26.50   11.82    3.54 
1993 6	  53.03   31.84   17.22    3.56 
1993 7	  40.73   34.13   20.80    4.61 
1993 8	  28.70   33.04   18.78    2.89 
1993 9	   9.77   28.97   12.97    2.53 
1993 10	  31.40   21.97    6.44    2.92 
1993 11	   8.85   13.40   -2.07    3.26 
1993 12	   9.32   12.85   -2.94    3.52 
1994 1	   5.75   11.55   -4.77    3.47 
1994 2	  16.67   11.80   -4.82    3.51 
1994 3	  10.23   18.66    2.03    3.43 
1994 4	  94.38   22.89    5.67    3.55 
1994 5	  90.00   25.08   12.51    2.80 
1994 6	  24.10   34.65   19.34    3.27 
1994 7	  42.80   34.73   19.03    3.32 
1994 8	  51.52   32.74   18.52    2.90 
1994 9	  57.15   29.16   14.06    2.42 
1994 10	  21.35   23.44    9.04    2.84 
1994 11	  13.57   17.03    2.08    3.28 
1994 12	   7.20   14.07   -1.03    2.44 
1995 1	   6.40   11.88   -2.65    3.46 
1995 2	  12.20   15.57   -0.80    3.53 
1995 3	   9.97   17.09    1.61    3.77 
1995 4	  37.38   22.17    5.90    3.89 
1995 5	 116.38   25.45   10.89    3.78 
1995 6	  98.95   30.64   15.80    3.27 
1995 7	  47.62   35.01   18.69    2.86 
1995 8	  55.63   32.30   19.31    2.44 
1995 9	 178.00   27.53   14.62    2.49 
1995 10	  22.65   24.40    7.44    2.89 
1995 11	   0.00   18.52    1.52    2.98 
1995 12	  31.50   12.56   -2.53    3.05 
1996 1	   1.88   12.01   -5.50    3.87 
1996 2	   1.50   15.83   -1.89    3.71 
1996 3	   3.38   16.09   -1.97    4.20 
1996 4	   0.28   24.12    5.33    3.97 
1996 5	 121.05   31.71   14.97    5.16 
1996 6	 113.22   32.82   17.99    3.05 
1996 7	  47.17   33.12   19.70    2.84 
1996 8	 145.05   31.80   18.54    2.87 
1996 9	  58.10   26.94   13.81    2.09 
1996 10	  27.10   23.30    7.45    3.08 
1996 11	  24.72   16.47    0.70    3.63 
1996 12	   0.03   14.19   -3.22    3.72 
1997 1	  10.55    9.40   -4.47    3.75 
1997 2	  49.08   10.46   -1.68    3.55 
1997 3	   1.73   20.41    0.97    3.21 
1997 4	 154.88   18.02    4.10    3.49 
1997 5	 150.12   24.71   11.09    3.04 
1997 6	 102.10   29.59   16.49    2.96 
1997 7	  47.35   33.85   19.87    2.91 
1997 8	  83.05   32.19   18.75    2.85 
1997 9	  55.65   30.05   16.35    2.56 
1997 10	  43.22   23.41    8.02    3.07 
1997 11	  12.75   14.38   -0.02    2.76 
1997 12	  53.98    8.75   -4.07    3.59 
1998 1	   0.00   13.56   -1.65    3.31 
1998 2	  50.40   12.38   -0.10    2.94 
1998 3	  31.77   15.38   -0.10    4.09 
1998 4	   8.65   21.86    4.61    3.58 
1998 5	   0.50   31.77   13.47    3.74 
1998 6	  10.98   35.81   18.13    4.30 
1998 7	  30.87   37.09   21.27    3.24 
1998 8	  39.17   33.35   19.09    1.90 
1998 9	   8.35   32.67   16.82    2.58 
1998 10	  85.35   24.38   10.66    3.57 
1998 11	  18.05   17.59    3.44    2.79 
1998 12	  15.30   11.26   -2.55    2.98 
1999 1	  43.50   12.68   -2.90    3.97 
1999 2	   0.22   18.45    0.89    3.71 
1999 3	  38.90   15.37    1.63    3.79 
1999 4	  80.95   22.58    6.21    3.83 
1999 5	 128.25   25.61   10.90    3.62 
1999 6	  80.73   30.81   16.85    3.60 
1999 7	  11.95   33.85   20.44    3.26 
1999 8	  10.50   35.86   20.24    2.36 
1999 9	  28.83   28.42   14.54    2.99 
1999 10	  20.50   24.27    7.65    2.98 
1999 11	   0.00   21.69    4.13    2.90 
1999 12	   5.45   12.58   -2.37    3.42 
2000 1	   2.25   13.92   -2.27    3.66 
2000 2	   9.38   17.99    0.52    3.78 
2000 3	 111.22   19.55    2.75    3.88 
2000 4	  28.65   23.45    7.38    3.79 
2000 5	   3.42   31.62   14.10    4.04 
2000 6	  95.60   29.03   17.55    3.22 
2000 7	  34.17   34.97   20.32    2.98 
2000 8	   1.42   35.74   19.92    3.01 
2000 9	   0.00   32.33   15.32    2.59 
2000 10	  61.05   22.47   10.80    3.90 
2000 11	  18.32   11.51   -0.84    2.74 
2000 12	  19.80    7.32   -4.88    3.13 
2001 1	  16.85    6.79   -3.20    3.28 
2001 2	  12.65   13.08   -0.98    3.76 
2001 3	  89.03   14.19    1.08    2.82 
2001 4	   2.30   25.35    7.78    4.33 
2001 5	  54.83   27.82   12.42    3.65 
2001 6	  32.42   33.66   18.22    3.62 
2001 7	  35.80   36.41   21.47    3.12 
2001 8	  66.65   33.11   19.68    2.60 
2001 9	  18.00   29.23   14.40    2.23 
2001 10	   0.20   24.23    7.93    3.31 
2001 11	  71.30   17.45    4.60    3.57 
2001 12	   3.32   12.32   -1.68    3.28 
2002 1	  26.73   12.01   -3.00    3.68 
2002 2	  17.33   12.07   -3.15    3.50 
2002 3	  46.83   17.05   -1.33    4.03 
2002 4	  24.55   22.68    8.15    4.06 
2002 5	  38.42   27.95   11.30    3.97 
2002 6	  60.98   32.87   18.05    3.08 
2002 7	  52.17   32.74   19.40    2.63 
2002 8	  62.83   34.01   20.02    3.17 
2002 9	  25.95   29.65   14.52    2.34 
2002 10	  94.12   19.63    8.15    2.53 
2002 11	   4.95   14.45    0.83    3.04 
2002 12	  39.12   10.78   -2.22    3.48 
2003 1	   0.00   12.58   -3.82    3.23 
2003 2	   0.22   12.31   -3.08    3.59 
2003 3	  13.90   19.63    1.87    3.59 
2003 4	  41.30   25.00    7.53    4.36 
2003 5	  48.75   28.80   12.91    3.17 
2003 6	 190.83   29.06   15.87    2.99 
2003 7	   0.65   34.97   20.47    2.75 
2003 8	  11.27   34.73   20.56    2.36 
2003 9	  12.77   28.26   13.90    2.62 
2003 10	  40.27   25.22    9.94    2.68 
2003 11	   8.77   16.28    2.76    3.61 
2003 12	   0.00   14.10   -3.21    4.11 
2004 1	  79.15   11.61   -2.42    3.50 
2004 2	  49.75   11.12   -2.26    3.80 
2004 3	  70.00   18.53    6.02    3.78 
2004 4	  52.92   21.61    7.67    3.77 
2004 5	   0.15   29.80   13.92    4.15 
2004 6	 134.77   30.79   17.12    3.21 
2004 7	  52.55   31.83   19.23    2.89 
2004 8	  75.12   30.65   17.84    2.63 
2004 9	  77.82   27.71   14.50    2.73 
2004 10	  42.22   23.26   10.01    2.92 
2004 11	 114.38   13.20    2.89    3.26 
2004 12	   9.88   12.05   -2.78    3.48 
2005 1	  42.57   11.55   -0.89    3.61 
2005 2	  18.80   12.24    0.95    3.04 
2005 3	  39.27   16.36    1.16    3.54 
2005 4	  13.03   22.55    6.20    4.16 
2005 5	  62.25   25.71   12.62    3.42 
2005 6	  74.53   32.47   18.00    3.40 
2005 7	  57.45   33.00   18.82    2.62 
2005 8	  52.05   31.33   18.64    2.45 
2005 9	  80.27   31.58   16.61    2.51 
2005 10	  49.47   23.06    9.42    2.78 
2005 11	   0.00   19.26    1.35    3.13 
2005 12	   0.10   12.19   -5.46    3.22 
2006 1	   0.12   16.54   -2.23    4.12 
2006 2	  19.33   14.42   -2.73    3.51 
2006 3	  35.95   18.43    3.77    4.25 
2006 4	  19.77   26.44    8.90    4.04 
2006 5	  46.62   30.24   13.72    3.98 
2006 6	  31.95   33.81   17.91    2.84 
2006 7	  16.85   35.32   20.58    3.11 
2006 8	  44.85   33.26   19.75    2.74 
2006 9	 136.98   26.16   13.51    2.47 
2006 10	  70.92   22.33    8.77    2.88 
2006 11	  12.98   18.26    2.57    3.59 
2006 12	  61.70   10.79   -2.49    3.60 
2007 1	  28.38    5.94   -4.32    3.27 
2007 2	   2.08   12.15   -3.19    3.96 
2007 3	 111.53   19.53    5.70    3.96 
2007 4	  34.77   18.69    4.99    3.75 
2007 5	 186.80   23.86   12.86    2.74 
2007 6	  95.97   29.32   16.30    2.42 
2007 7	  21.03   31.11   18.50    1.93 
2007 8	 102.95   32.21   19.88    2.79 
2007 9	 102.07   28.88   16.28    2.42 
2007 10	   0.08   26.16    9.11    3.01 
2007 11	   1.85   17.67    1.53    3.05 
2007 12	  34.98   10.53   -2.37    3.42 
2008 1	   0.00   11.53   -4.71    3.73 
2008 2	   6.93   15.42   -2.69    3.63 
2008 3	   6.70   19.00    0.94    4.37 
2008 4	  22.12   23.09    5.35    4.11 
2008 5	 106.95   28.04   11.61    3.72 
2008 6	  48.03   34.74   17.95    4.38 
2008 7	  54.42   32.56   19.43    3.53 
2008 8	  72.72   31.60   18.49    2.32 
2008 9	 194.38   26.51   14.09    2.24 
2008 10	  69.22   22.40    8.55    3.10 
2008 11	   0.53   18.63    1.94    3.15 
2008 12	   0.00   12.45   -3.48    3.96 
2009 1	   2.92   12.94   -4.74    3.59 
2009 2	  13.88   17.37   -0.84    4.29 
2009 3	  10.87   20.37    2.82    4.45 
2009 4	  30.15   23.14    6.11    4.64 
2009 5	  22.32   26.44   12.11    2.91 
2009 6	  94.10   32.65   18.52    3.53 
2009 7	  83.90   33.16   19.32    2.70 
2009 8	  47.22   33.45   18.82    3.14 
2009 9	  60.30   26.47   13.83    2.47 
2009 10	  15.55   20.37    6.24    3.31 
2009 11	   6.18   19.42    2.13    2.80 
2009 12	  35.65    7.29   -5.68    3.13 
2010 1	  24.30    9.07   -4.91    3.63 
2010 2	  56.85    7.42   -3.55    3.44 
2010 3	  49.58   16.17    1.24    4.58 
2010 4	 130.20   22.27    7.38    4.27 
2010 5	 102.67   26.31   12.47    3.24 
2010 6	 102.22   33.52   19.66    3.87 
2010 7	 201.20   30.13   20.20    3.00 
2010 8	  35.80   33.52   19.84    2.95 
2010 9	  61.77   29.43   16.26    2.67 
2010 10	  36.53   24.72    9.00    2.65 
2010 11	   4.38   17.78    1.03    3.66 
2010 12	   0.00   13.91   -1.90    3.34 
