1949 1	  80.67    7.44   -3.45    3.34 
1949 2	   8.20   17.32    2.93    3.09 
1949 3	   2.98   22.30    5.43    3.56 
1949 4	  52.55   22.78    8.48    3.25 
1949 5	  69.20   30.23   16.37    4.10 
1949 6	 122.12   33.84   19.02    4.35 
1949 7	  33.35   35.15   21.10    3.24 
1949 8	  58.75   33.27   19.85    2.45 
1949 9	  45.42   30.53   16.94    2.81 
1949 10	  41.62   24.37   10.38    2.90 
1949 11	   0.00   23.80    4.11    2.20 
1949 12	  17.70   15.73    1.14    3.07 
1950 1	  14.77   18.46    2.09    3.12 
1950 2	   5.70   20.09    3.72    3.18 
1950 3	   0.52   24.03    3.87    3.77 
1950 4	  27.60   27.30    9.50    4.01 
1950 5	  83.45   31.05   14.01    3.48 
1950 6	  33.30   34.37   19.38    3.88 
1950 7	  54.42   34.44   20.35    3.93 
1950 8	  20.55   34.80   19.03    3.08 
1950 9	  76.78   30.17   17.12    2.92 
1950 10	  11.45   29.76   12.07    2.83 
1950 11	   0.00   23.57    2.39    2.89 
1950 12	   0.00   17.94   -1.66    2.16 
1951 1	   0.18   16.47   -3.53    3.08 
1951 2	   6.28   19.94    1.19    3.67 
1951 3	  12.50   21.85    4.09    3.70 
1951 4	   6.05   26.82    9.48    3.57 
1951 5	  35.40   31.40   15.00    3.77 
1951 6	   3.30   35.93   18.56    4.30 
1951 7	  33.20   36.71   22.15    3.65 
1951 8	  38.80   35.99   20.74    3.46 
1951 9	   7.82   33.19   18.15    3.18 
1951 10	   8.43   28.11   12.35    3.09 
1951 11	   0.20   18.94    1.84    3.04 
1951 12	   3.33   17.44    0.63    2.73 
1952 1	   1.50   19.86    2.22    2.93 
1952 2	   7.40   19.29    2.72    3.06 
1952 3	   8.20   20.98    4.68    3.71 
1952 4	  17.93   25.35   10.14    3.54 
1952 5	  25.07   31.09   13.10    3.46 
1952 6	   2.15   35.90   20.42    4.22 
1952 7	  93.35   34.64   21.11    3.48 
1952 8	   8.27   37.46   23.20    3.47 
1952 9	  48.10   31.07   16.24    2.25 
1952 10	   0.00   26.71    8.55    2.52 
1952 11	  26.32   18.44    4.13    2.80 
1952 12	  18.62   14.94   -0.05    2.24 
1953 1	   0.03   20.95    3.28    3.19 
1953 2	   9.00   17.61    0.13    2.89 
1953 3	  20.15   24.37    8.77    2.71 
1953 4	  26.72   27.69    9.64    3.17 
1953 5	   1.02   32.11   15.33    3.90 
1953 6	  12.88   37.23   23.15    4.11 
1953 7	  16.65   36.50   22.00    3.86 
1953 8	  33.65   35.53   21.21    2.63 
1953 9	   7.18   34.06   16.25    2.09 
1953 10	  58.35   25.87   11.70    2.75 
1953 11	   0.28   19.77    4.47    2.14 
1953 12	   4.35   13.15   -1.25    2.78 
1954 1	   1.62   17.29    0.79    2.68 
1954 2	   0.55   22.00    3.91    2.94 
1954 3	   1.02   21.76    4.67    3.19 
1954 4	  44.80   28.46   12.94    3.71 
1954 5	  85.82   28.63   13.30    3.64 
1954 6	  34.75   33.57   20.02    4.11 
1954 7	   0.20   36.45   20.64    3.15 
1954 8	  66.80   35.53   20.62    3.30 
1954 9	   5.00   33.77   16.82    2.71 
1954 10	  60.60   27.01   11.36    2.67 
1954 11	   0.98   21.20    3.81    2.31 
1954 12	   2.27   18.47    0.98    2.62 
1955 1	  28.68   13.15   -0.15    2.89 
1955 2	   4.53   17.07    0.10    3.02 
1955 3	   0.60   23.46    5.36    3.20 
1955 4	   0.00   28.45   11.70    3.53 
1955 5	  40.32   30.97   15.63    3.30 
1955 6	  33.70   34.26   18.84    3.85 
1955 7	  93.62   34.11   20.98    3.72 
1955 8	   5.75   33.92   20.41    2.19 
1955 9	  20.52   32.04   17.50    2.42 
1955 10	  21.42   27.40   10.35    2.40 
1955 11	   5.60   20.12    3.31    2.76 
1955 12	   0.00   18.19    0.39    2.46 
1956 1	   2.50   16.74   -1.12    2.57 
1956 2	   6.18   17.19    0.40    3.29 
1956 3	   0.32   24.38    4.85    3.09 
1956 4	  27.60   26.07    9.83    3.42 
1956 5	  14.73   32.76   17.23    4.01 
1956 6	  26.88   36.25   20.95    3.76 
1956 7	  35.85   35.44   21.12    3.94 
1956 8	  18.08   35.05   20.24    3.40 
1956 9	   4.20   33.30   16.81    2.63 
1956 10	  17.83   28.29   12.27    2.41 
1956 11	   0.15   19.11    1.87    2.54 
1956 12	   8.70   16.72    1.15    2.56 
1957 1	  11.70   14.40    0.21    2.76 
1957 2	  20.60   19.18    6.59    3.11 
1957 3	   1.60   21.55    6.12    3.44 
1957 4	  19.38   24.74    9.00    3.76 
1957 5	 115.25   28.01   14.61    3.26 
1957 6	  34.92   32.98   18.65    3.36 
1957 7	  17.68   35.64   21.57    3.28 
1957 8	  35.52   35.35   20.91    2.87 
1957 9	  38.30   30.58   15.88    2.75 
1957 10	  46.33   22.97   10.50    2.54 
1957 11	  32.20   15.10    2.97    2.55 
1957 12	   2.97   18.08    0.93    2.76 
1958 1	  46.75   13.35   -1.31    2.79 
1958 2	  36.70   14.15    0.95    3.57 
1958 3	  24.28   16.35    2.34    3.23 
1958 4	  18.70   23.98    8.50    3.48 
1958 5	  57.62   30.21   14.08    2.54 
1958 6	  14.75   35.02   20.32    3.57 
1958 7	  16.77   36.35   21.57    4.10 
1958 8	  53.95   35.25   20.75    2.54 
1958 9	  60.75   29.79   18.52    2.74 
1958 10	  66.32   22.16   11.63    2.32 
1958 11	  17.47   19.76    4.89    2.15 
1958 12	   0.00   15.34   -1.60    2.44 
1959 1	   0.23   15.16   -2.68    2.95 
1959 2	   5.58   16.30    1.33    3.21 
1959 3	   8.10   22.17    3.23    3.59 
1959 4	   5.23   25.50    9.08    3.54 
1959 5	  96.45   30.58   16.40    4.04 
1959 6	 125.05   33.64   19.36    3.38 
1959 7	  87.48   32.20   19.25    2.69 
1959 8	  22.35   34.83   20.18    2.84 
1959 9	 107.43   32.96   17.35    3.15 
1959 10	  52.75   25.45    9.91    2.47 
1959 11	  11.88   17.37    0.94    2.40 
1959 12	  31.00   15.45    1.88    2.82 
1960 1	  35.45   13.55   -0.13    2.74 
1960 2	  13.05   14.47   -1.29    3.96 
1960 3	   4.00   19.67    2.45    3.15 
1960 4	  12.20   27.69   10.28    3.84 
1960 5	  43.78   31.28   13.62    3.66 
1960 6	   3.55   36.01   20.04    3.66 
1960 7	 149.70   33.72   20.27    2.98 
1960 8	  33.10   33.61   19.96    2.72 
1960 9	   1.77   32.43   15.44    2.37 
1960 10	  43.75   27.08   11.46    2.62 
1960 11	   0.73   21.10    4.70    2.60 
1960 12	  35.90   11.24   -1.60    2.78 
1961 1	  35.20   12.50   -3.62    2.53 
1961 2	  13.28   18.19    0.13    3.32 
1961 3	  27.12   22.87    4.59    3.35 
1961 4	   0.05   28.15    8.75    3.81 
1961 5	  49.25   32.16   15.51    3.85 
1961 6	 114.83   32.29   18.72    3.36 
1961 7	 180.32   32.32   18.98    3.20 
1961 8	  30.10   33.01   18.39    2.25 
1961 9	  82.05   30.65   16.39    3.46 
1961 10	   5.05   27.30   10.35    3.02 
1961 11	  43.52   16.52    3.64    2.82 
1961 12	   5.68   14.71    0.09    2.72 
1962 1	   7.08   12.78   -4.27    3.20 
1962 2	   0.10   22.26    2.79    3.21 
1962 3	   7.35   19.79    3.73    3.52 
1962 4	  13.68   26.68   10.68    3.42 
1962 5	   2.72   33.48   17.11    5.00 
1962 6	  36.45   33.76   19.07    3.46 
1962 7	  68.80   34.94   21.05    3.58 
1962 8	  39.83   36.49   20.34    2.57 
1962 9	 112.45   30.77   17.38    2.46 
1962 10	  25.95   27.16   12.95    2.97 
1962 11	  17.30   20.47    5.19    2.42 
1962 12	   8.02   15.21    0.71    2.38 
1963 1	   0.35   14.58   -5.29    2.67 
1963 2	  14.92   18.48   -0.48    2.81 
1963 3	   0.00   24.00    4.93    3.63 
1963 4	  30.50   28.89   13.82    3.55 
1963 5	  75.03   31.01   16.73    3.86 
1963 6	  84.75   33.63   19.64    4.01 
1963 7	  36.25   35.81   21.09    3.77 
1963 8	  39.78   34.68   21.17    2.53 
1963 9	   7.57   31.57   16.99    1.93 
1963 10	   7.08   29.47   11.79    2.13 
1963 11	  23.88   20.82    4.68    2.60 
1963 12	  11.57   11.72   -2.24    2.32 
1964 1	  12.80   15.34   -2.58    2.97 
1964 2	   5.68   15.10   -2.67    3.30 
1964 3	  17.77   22.41    3.57    3.50 
1964 4	   0.47   28.80   10.23    3.51 
1964 5	  50.32   32.06   15.67    3.70 
1964 6	  18.33   35.12   20.05    3.91 
1964 7	   6.07   36.76   22.85    3.04 
1964 8	   9.27   36.71   22.59    3.42 
1964 9	 112.18   30.17   17.54    2.53 
1964 10	   2.90   26.87    9.73    2.20 
1964 11	   2.82   21.00    5.57    2.75 
1964 12	  14.18   17.21    0.52    2.62 
1965 1	   2.25   17.68    1.00    2.91 
1965 2	  41.17   15.52   -0.21    3.13 
1965 3	   1.73   17.91    0.99    3.40 
1965 4	  10.55   28.66   11.28    3.33 
1965 5	 100.07   29.24   14.95    3.88 
1965 6	  43.65   32.92   19.12    4.09 
1965 7	   4.38   35.72   20.06    2.95 
1965 8	  67.60   33.59   18.63    2.94 
1965 9	  25.50   31.31   16.06    2.95 
1965 10	  31.55   26.66    8.11    2.09 
1965 11	   9.82   22.99    5.79    1.99 
1965 12	   8.15   17.21    3.59    3.01 
1966 1	  22.30   11.24   -3.94    2.76 
1966 2	  14.18   14.78   -1.99    3.14 
1966 3	   7.65   22.95    4.95    3.76 
1966 4	  84.72   25.66    8.91    3.32 
1966 5	  29.67   29.26   14.46    2.93 
1966 6	  64.97   32.72   18.89    3.63 
1966 7	  67.10   35.96   21.42    3.13 
1966 8	  91.32   32.66   19.16    2.76 
1966 9	  79.92   29.20   16.82    1.72 
1966 10	  17.32   24.88    8.19    2.18 
1966 11	   0.62   22.57    5.83    2.85 
1966 12	   0.05   15.42   -2.87    2.44 
1967 1	   0.00   17.18   -3.50    2.77 
1967 2	   6.50   18.06   -0.94    3.25 
1967 3	  14.45   26.02    6.63    4.12 
1967 4	   7.70   29.03   13.04    4.56 
1967 5	  21.90   31.89   13.07    3.59 
1967 6	  30.60   34.04   20.14    4.30 
1967 7	  62.65   34.75   20.33    3.61 
1967 8	   4.02   33.23   18.47    2.52 
1967 9	  70.03   28.29   15.77    2.61 
1967 10	   4.45   27.32    9.07    3.08 
1967 11	  16.42   19.51    5.44    2.65 
1967 12	   8.60   13.18   -1.29    2.71 
1968 1	  47.23   13.42    1.30    3.04 
1968 2	  32.22   14.98    1.02    2.82 
1968 3	  38.05   19.67    5.28    4.17 
1968 4	  31.50   24.72    8.61    3.38 
1968 5	 165.07   30.18   15.09    4.18 
1968 6	  23.27   34.07   18.36    3.70 
1968 7	  47.38   33.01   19.71    3.59 
1968 8	  36.62   33.45   19.90    3.57 
1968 9	  34.52   30.41   14.61    2.51 
1968 10	   1.77   28.38   10.76    3.28 
1968 11	  63.80   17.93    3.81    3.11 
1968 12	   3.70   16.12   -1.71    3.11 
1969 1	   0.08   18.06    1.06    2.88 
1969 2	  28.82   17.10    2.02    2.82 
1969 3	  20.30   17.16    1.45    3.76 
1969 4	  50.92   26.31   10.67    3.99 
1969 5	 136.15   29.43   13.78    2.97 
1969 6	  36.00   33.96   19.01    3.96 
1969 7	  11.77   37.07   22.25    3.36 
1969 8	  17.23   35.98   20.77    2.79 
1969 9	  59.78   30.53   16.92    2.20 
1969 10	  64.63   23.29   10.33    3.29 
1969 11	  25.98   19.01    3.65    2.35 
1969 12	  21.33   17.10    0.89    2.29 
1970 1	   0.12   14.58   -2.45    2.47 
1970 2	  30.07   17.13    1.04    2.79 
1970 3	  96.43   18.53    2.82    3.18 
1970 4	  14.28   25.98    9.71    3.24 
1970 5	  32.05   30.61   12.96    3.39 
1970 6	  12.87   33.41   18.76    3.44 
1970 7	   1.17   36.05   20.37    3.08 
1970 8	 125.95   34.92   20.02    2.80 
1970 9	  43.78   29.85   16.80    2.91 
1970 10	  19.65   23.74    8.35    2.29 
1970 11	   0.00   20.56    2.06    2.64 
1970 12	   3.05   19.20    1.76    2.26 
1971 1	   0.00   18.19   -1.06    2.71 
1971 2	   0.25   18.40   -0.31    3.29 
1971 3	   0.10   24.42    2.57    3.21 
1971 4	  22.53   26.37    8.83    3.43 
1971 5	  40.17   30.98   13.92    3.76 
1971 6	  45.90   33.13   19.42    3.90 
1971 7	  40.45   35.23   19.74    2.97 
1971 8	  85.67   30.10   18.09    2.21 
1971 9	  78.97   29.33   15.82    2.73 
1971 10	  12.32   25.00   11.98    2.54 
1971 11	   4.90   19.27    4.11    2.81 
1971 12	   4.67   16.00    2.10    2.97 
1972 1	  11.68   16.67   -2.10    2.83 
1972 2	   2.12   20.18   -0.53    2.87 
1972 3	   0.30   25.92    6.68    3.29 
1972 4	  14.25   30.46   10.99    3.94 
1972 5	  20.43   28.81   14.35    3.00 
1972 6	  61.58   33.84   18.41    2.87 
1972 7	  26.95   33.32   19.86    3.39 
1972 8	 127.80   31.41   18.84    3.05 
1972 9	  64.57   30.39   16.89    2.78 
1972 10	  45.22   24.82   10.39    2.75 
1972 11	   6.78   15.74    1.37    2.47 
1972 12	   1.92   15.37   -2.16    2.86 
1973 1	  32.70   10.24   -2.57    3.23 
1973 2	  38.65   13.96   -0.11    3.11 
1973 3	  40.65   21.49    4.99    3.37 
1973 4	  33.38   22.98    5.87    3.31 
1973 5	  14.80   29.88   12.35    3.23 
1973 6	   5.68   33.80   16.76    3.57 
1973 7	  56.15   33.34   19.45    3.21 
1973 8	  16.95   34.11   18.93    2.65 
1973 9	  35.00   29.25   16.03    2.69 
1973 10	  12.13   27.42   10.15    2.64 
1973 11	   0.05   22.87    5.00    2.94 
1973 12	   0.00   17.85   -1.12    3.15 
1974 1	  19.30   16.35   -1.75    2.70 
1974 2	   1.30   19.26   -0.59    3.45 
1974 3	  12.95   26.82    7.84    3.83 
1974 4	  35.98   27.72   10.12    4.41 
1974 5	   8.40   32.81   16.97    3.74 
1974 6	  16.93   35.15   18.52    3.43 
1974 7	  23.85   35.22   20.48    3.38 
1974 8	  92.47   32.05   19.04    3.10 
1974 9	 178.65   25.52   13.41    2.80 
1974 10	 137.08   23.90   11.42    2.98 
1974 11	  15.12   18.03    4.88    2.60 
1974 12	  11.23   14.43   -0.52    2.46 
1975 1	  24.75   15.05    0.08    3.19 
1975 2	  15.73   17.07    0.59    3.08 
1975 3	   0.93   22.05    3.37    3.53 
1975 4	   2.40   26.05    7.98    4.18 
1975 5	  66.70   30.12   12.90    3.39 
1975 6	  54.72   34.43   17.75    4.24 
1975 7	 118.80   31.51   18.87    3.01 
1975 8	  26.55   33.30   18.51    2.94 
1975 9	 111.72   28.77   13.71    2.88 
1975 10	  47.55   26.44    9.62    3.03 
1975 11	  13.75   20.26    3.60    3.12 
1975 12	  11.25   16.79   -1.25    2.60 
1976 1	   0.60   15.78   -2.62    2.77 
1976 2	   2.25   22.59    3.24    3.49 
1976 3	   9.75   23.03    4.63    3.78 
1976 4	  33.12   26.38    9.66    4.08 
1976 5	  22.20   28.73   12.43    3.27 
1976 6	  29.10   33.44   18.10    3.84 
1976 7	  76.58   30.02   18.19    3.07 
1976 8	  25.98   34.00   18.24    2.25 
1976 9	  64.70   28.44   15.66    2.12 
1976 10	  42.33   22.61    6.14    2.69 
1976 11	  16.75   15.60    0.13    2.16 
1976 12	   0.55   15.16   -2.48    2.52 
1977 1	  17.75   11.91   -3.58    2.47 
1977 2	  11.02   18.73    0.85    2.98 
1977 3	  18.55   21.51    3.03    3.69 
1977 4	  40.52   24.11    9.01    3.68 
1977 5	  31.60   31.04   16.45    4.48 
1977 6	  28.38   34.78   18.71    3.62 
1977 7	  14.62   35.56   20.23    3.25 
1977 8	   6.65   36.22   21.14    3.22 
1977 9	  12.25   35.58   19.00    2.81 
1977 10	  18.15   26.99   11.19    2.55 
1977 11	   0.77   21.96    3.37    2.44 
1977 12	   5.15   18.70    0.64    2.84 
1978 1	   7.90   10.59   -3.36    2.85 
1978 2	  15.80   13.13   -1.58    2.94 
1978 3	   0.50   22.98    5.08    3.62 
1978 4	   1.62   29.96   11.59    4.25 
1978 5	  59.38   31.28   14.36    3.64 
1978 6	  21.87   33.82   18.46    3.49 
1978 7	  22.78   35.58   20.70    3.16 
1978 8	  32.73   33.64   19.92    2.72 
1978 9	 162.43   28.40   17.17    2.52 
1978 10	  40.73   24.81    9.61    2.32 
1978 11	  50.70   17.69    6.17    2.87 
1978 12	   3.62   13.81   -1.52    2.55 
1979 1	   5.90    9.06   -3.61    3.12 
1979 2	   6.88   16.28   -0.77    2.73 
1979 3	  12.70   21.11    4.95    3.61 
1979 4	   8.25   26.15    8.62    3.18 
1979 5	  38.20   29.46   13.50    3.52 
1979 6	  23.27   32.93   16.93    3.25 
1979 7	  97.28   35.04   19.59    3.11 
1979 8	  41.87   32.92   18.55    2.93 
1979 9	   0.40   32.08   15.58    2.09 
1979 10	  12.80   29.59   10.39    2.72 
1979 11	   0.75   17.84    1.74    2.66 
1979 12	  55.40   15.02    0.00    2.63 
1980 1	  12.28   14.68    0.14    3.06 
1980 2	   4.17   16.83    0.20    3.00 
1980 3	   0.08   21.47    3.33    3.53 
1980 4	  15.45   25.70    8.10    3.52 
1980 5	  55.58   29.85   15.24    3.56 
1980 6	  47.20   36.91   20.81    4.36 
1980 7	   0.00   37.55   21.89    3.46 
1980 8	  26.50   34.45   20.36    3.71 
1980 9	 343.08   29.35   17.19    3.06 
1980 10	   0.75   24.32    9.75    2.29 
1980 11	  25.40   16.85    1.91    2.53 
1980 12	  25.03   17.23    0.64    2.82 
1981 1	  16.40   13.53    0.50    2.37 
1981 2	  26.33   17.61    0.26    3.24 
1981 3	   8.12   18.99    4.50    3.35 
1981 4	  44.98   25.66   10.67    3.84 
1981 5	  46.07   29.36   13.88    3.59 
1981 6	   6.20   33.71   18.11    3.62 
1981 7	   5.00   35.58   20.71    3.59 
1981 8	  63.45   33.25   19.51    2.71 
1981 9	  40.12   31.17   16.68    2.79 
1981 10	  62.48   24.54   11.94    2.97 
1981 11	   1.05   22.83    4.89    2.31 
1981 12	   0.28   19.81    0.51    2.58 
1982 1	  10.15   17.42   -1.59    2.93 
1982 2	   8.32   16.01   -0.11    3.38 
1982 3	   0.03   23.61    5.44    3.46 
1982 4	  23.97   26.87    9.53    3.72 
1982 5	 119.70   29.38   14.30    3.90 
1982 6	  44.23   33.92   18.13    4.51 
1982 7	  48.50   35.47   20.79    3.75 
1982 8	  30.52   35.32   20.72    2.94 
1982 9	  29.08   32.69   17.48    2.74 
1982 10	  13.02   26.40   10.56    2.74 
1982 11	  20.73   18.16    4.71    3.04 
1982 12	  40.03   13.47   -0.18    3.13 
1983 1	  11.98   13.97   -1.50    2.47 
1983 2	   4.20   18.00    1.20    2.96 
1983 3	   4.15   21.57    4.17    3.85 
1983 4	   0.57   24.95    6.32    3.84 
1983 5	  11.03   31.13   12.79    3.48 
1983 6	   4.12   34.22   17.87    3.70 
1983 7	   0.70   35.67   20.68    3.40 
1983 8	  13.98   36.03   21.10    2.13 
1983 9	   4.50   33.05   17.76    2.96 
1983 10	 126.75   27.29   13.66    3.11 
1983 11	  53.35   20.45    5.93    2.60 
1983 12	   5.10   10.61   -4.09    2.82 
1984 1	  10.45   11.26   -1.98    2.63 
1984 2	   3.30   18.86   -0.47    3.10 
1984 3	   0.25   22.20    3.73    3.58 
1984 4	   0.00   27.61    6.56    3.25 
1984 5	  42.82   33.20   14.23    3.54 
1984 6	  62.10   33.59   19.86    3.80 
1984 7	  27.18   34.69   20.32    2.72 
1984 8	  65.13   33.65   20.39    2.87 
1984 9	  66.28   30.25   14.91    2.99 
1984 10	  40.05   22.92   10.68    2.65 
1984 11	  65.62   17.81    3.99    2.87 
1984 12	  22.70   16.34    2.80    2.87 
1985 1	  17.85   10.99   -3.81    2.87 
1985 2	  14.02   15.72   -0.61    3.33 
1985 3	   8.62   21.49    6.35    4.00 
1985 4	  13.67   28.06   10.88    3.27 
1985 5	  34.95   32.62   14.78    3.34 
1985 6	  57.15   32.85   17.90    3.23 
1985 7	  13.48   34.92   19.20    2.91 
1985 8	  10.82   36.44   20.79    2.74 
1985 9	 132.65   29.93   16.34    2.86 
1985 10	 117.83   24.45   12.38    2.92 
1985 11	   0.97   21.85    4.65    2.55 
1985 12	   0.30   15.03   -3.65    2.28 
1986 1	   6.07   18.16   -1.46    2.52 
1986 2	   4.65   20.63    2.56    2.93 
1986 3	   0.12   25.01    4.95    3.41 
1986 4	   0.95   29.46   10.37    3.75 
1986 5	 144.45   31.91   14.55    3.51 
1986 6	 105.97   31.84   18.55    2.73 
1986 7	  13.08   35.71   19.58    3.81 
1986 8	  80.90   33.39   19.78    2.89 
1986 9	 114.35   29.55   17.20    3.08 
1986 10	 156.18   22.67   10.96    2.62 
1986 11	  27.27   18.68    3.12    2.66 
1986 12	  76.55   12.97    1.01    2.60 
1987 1	   3.83   15.08   -2.23    2.89 
1987 2	  41.00   16.11    1.61    3.72 
1987 3	  23.70   18.39    2.37    3.28 
1987 4	  15.43   25.07    6.74    2.93 
1987 5	 108.62   29.06   13.88    2.98 
1987 6	  59.37   31.75   17.78    2.65 
1987 7	   3.12   34.85   20.05    3.39 
1987 8	  24.40   35.47   19.83    3.04 
1987 9	  70.55   31.59   15.51    2.21 
1987 10	   5.60   27.82   11.00    2.73 
1987 11	   6.32   19.76    3.06    2.68 
1987 12	  14.12   15.65   -0.63    2.65 
1988 1	   0.10   12.16   -2.78    2.90 
1988 2	  11.80   17.94   -0.17    2.92 
1988 3	  15.88   23.04    3.18    3.58 
1988 4	   4.78   27.27    8.33    3.04 
1988 5	  80.57   29.70   13.61    3.67 
1988 6	  34.45   34.01   18.39    2.89 
1988 7	 145.12   32.96   19.62    2.84 
1988 8	  32.15   34.34   19.53    2.68 
1988 9	 126.20   31.02   15.65    2.61 
1988 10	   0.00   27.56   10.13    2.36 
1988 11	   0.00   22.54    4.01    2.55 
1988 12	  16.05   16.23   -1.77    2.41 
1989 1	  10.52   17.20   -0.12    2.79 
1989 2	  31.23   15.10   -0.53    3.31 
1989 3	   6.32   24.36    5.11    3.28 
1989 4	   1.15   29.41   10.43    3.70 
1989 5	  25.98   34.03   16.93    4.30 
1989 6	  51.75   34.55   17.25    3.74 
1989 7	   3.93   36.37   20.38    2.92 
1989 8	  56.98   34.62   19.65    3.43 
1989 9	  23.40   31.28   13.83    2.70 
1989 10	   3.28   28.12   10.22    2.87 
1989 11	   0.72   21.70    3.21    2.36 
1989 12	   1.98   13.07   -4.23    2.64 
1990 1	  11.10   17.82   -0.64    2.63 
1990 2	  16.73   19.96    1.74    3.30 
1990 3	  23.73   20.87    5.90    3.75 
1990 4	  70.00   26.58   10.94    3.85 
1990 5	  11.12   30.99   14.14    3.72 
1990 6	   1.07   38.05   22.00    4.41 
1990 7	  61.47   32.40   20.23    3.23 
1990 8	  52.30   33.04   19.30    2.95 
1990 9	 109.80   29.97   17.79    1.97 
1990 10	  31.95   26.75    9.57    2.49 
1990 11	  23.05   20.73    5.86    2.94 
1990 12	   7.12   15.12   -1.25    2.54 
1991 1	  59.58   12.02   -0.75    2.53 
1991 2	   1.45   18.61    2.36    2.72 
1991 3	   4.97   23.27    5.81    3.88 
1991 4	   2.45   28.62    9.98    2.98 
1991 5	   6.60   33.22   16.72    4.02 
1991 6	  80.55   34.20   19.39    3.82 
1991 7	 184.18   33.51   19.97    3.14 
1991 8	  62.72   33.04   19.14    2.57 
1991 9	 121.60   27.83   15.58    2.39 
1991 10	   3.38   27.25   10.37    2.67 
1991 11	  27.55   16.20    2.59    2.88 
1991 12	  63.08   13.76    2.08    2.98 
1992 1	  41.88   12.34   -0.48    2.26 
1992 2	  58.55   18.49    3.28    3.11 
1992 3	  11.98   22.54    6.73    3.36 
1992 4	  41.40   26.54   10.34    3.36 
1992 5	 183.65   27.79   13.73    3.13 
1992 6	  64.40   33.13   18.26    3.32 
1992 7	  37.30   34.60   20.22    4.17 
1992 8	  80.08   32.64   18.51    2.75 
1992 9	   0.75   32.58   15.87    3.14 
1992 10	   0.10   28.47   10.46    2.35 
1992 11	  17.28   18.19    2.70    2.73 
1992 12	   9.15   16.15    1.29    2.78 
1993 1	  39.12   13.65    0.05    2.50 
1993 2	  11.30   16.75    1.42    3.16 
1993 3	  13.40   21.92    4.50    3.31 
1993 4	  14.90   27.37    8.72    3.57 
1993 5	  56.12   30.83   13.87    3.46 
1993 6	  37.35   33.90   19.62    3.73 
1993 7	  54.62   35.86   22.00    4.63 
1993 8	 111.45   35.53   20.48    3.10 
1993 9	  51.95   30.40   15.46    2.33 
1993 10	  23.82   25.91    9.32    2.54 
1993 11	   0.35   18.37    1.93    2.76 
1993 12	   2.60   17.03    0.30    2.86 
1994 1	  25.35   15.04   -0.51    3.09 
1994 2	   1.28   18.40    0.63    3.08 
1994 3	   2.42   22.42    5.50    3.18 
1994 4	  18.20   27.87    8.52    3.25 
1994 5	  70.83   29.90   15.20    3.61 
1994 6	   6.80   37.87   20.71    3.52 
1994 7	  33.45   37.23   21.22    3.90 
1994 8	  25.65   35.94   20.44    3.02 
1994 9	  42.73   31.37   15.77    2.33 
1994 10	   9.35   27.36   11.88    2.59 
1994 11	  30.77   21.39    5.93    2.76 
1994 12	   6.23   16.88    2.55    2.29 
1995 1	   9.07   15.51    0.79    2.86 
1995 2	   2.65   20.81    2.43    2.81 
1995 3	  15.28   21.21    5.14    3.39 
1995 4	  11.03   27.84    9.42    3.47 
1995 5	  73.55   30.54   14.96    4.06 
1995 6	  21.55   34.19   18.70    3.78 
1995 7	  43.78   36.71   20.94    3.08 
1995 8	   6.65   34.80   20.90    2.53 
1995 9	  70.13   30.81   16.97    2.41 
1995 10	  12.70   28.50   10.19    2.45 
1995 11	   0.00   21.70    4.55    2.42 
1995 12	   1.60   16.21    0.08    2.40 
1996 1	   2.00   17.02   -2.78    2.89 
1996 2	   0.00   20.62    1.46    3.11 
1996 3	   0.77   20.90    2.37    3.47 
1996 4	  39.92   28.04    9.44    3.58 
1996 5	  12.38   35.76   19.25    5.12 
1996 6	  26.95   36.91   20.71    3.53 
1996 7	  14.38   36.38   22.48    3.28 
1996 8	  68.50   33.23   20.95    3.03 
1996 9	  59.08   29.67   16.46    1.97 
1996 10	   6.60   26.83   10.07    2.62 
1996 11	  63.07   20.57    4.29    3.13 
1996 12	   0.00   18.70    0.02    2.66 
1997 1	  10.38   13.62   -1.05    2.92 
1997 2	  53.33   14.85    1.50    3.32 
1997 3	   8.93   23.90    7.00    3.02 
1997 4	  65.70   23.45    7.67    3.59 
1997 5	  17.98   29.93   13.95    3.03 
1997 6	  77.30   33.25   18.12    3.25 
1997 7	  28.92   36.06   21.22    3.19 
1997 8	  89.15   35.50   20.42    2.96 
1997 9	  52.45   33.07   17.40    2.34 
1997 10	  24.45   26.92   10.08    2.73 
1997 11	  11.20   19.03    2.08    2.32 
1997 12	  31.35   13.85   -1.15    3.09 
1998 1	  11.23   18.27    0.93    2.54 
1998 2	  14.23   16.98    2.89    2.91 
1998 3	   9.43   21.58    4.00    3.58 
1998 4	   0.00   26.91    7.78    3.30 
1998 5	   3.38   35.55   17.09    3.76 
1998 6	   8.38   38.55   21.61    4.22 
1998 7	   7.60   38.12   23.14    3.60 
1998 8	  20.35   34.49   21.24    1.91 
1998 9	   4.70   34.24   19.17    2.21 
1998 10	  33.48   27.33   14.26    3.22 
1998 11	  15.22   20.79    7.38    2.36 
1998 12	  17.00   14.93    0.15    2.65 
1999 1	   3.20   18.44    0.78    3.07 
1999 2	   0.00   23.24    3.78    2.77 
1999 3	  41.92   21.32    6.42    3.52 
1999 4	  14.23   27.94   10.65    3.65 
1999 5	  25.90   31.84   16.09    3.75 
1999 6	 106.35   33.17   20.12    3.87 
1999 7	  17.25   35.15   21.37    3.38 
1999 8	   9.18   37.03   22.05    2.28 
1999 9	  22.70   32.09   17.31    2.83 
1999 10	  12.18   27.31   10.04    2.57 
1999 11	   0.00   23.45    5.58    2.29 
1999 12	   0.00   16.67    0.57    2.91 
2000 1	  13.62   18.24    1.13    3.01 
2000 2	   0.98   22.93    4.58    3.14 
2000 3	  41.65   24.67    7.55    3.30 
2000 4	   6.18   28.70   11.41    3.70 
2000 5	  27.90   35.12   18.39    3.81 
2000 6	 104.35   32.75   20.24    3.46 
2000 7	   5.40   37.17   22.38    3.17 
2000 8	   2.20   35.95   21.12    2.90 
2000 9	   0.62   34.31   17.53    2.27 
2000 10	  72.80   24.45   12.76    3.40 
2000 11	  36.45   15.11    2.72    2.47 
2000 12	   9.68   12.12   -0.85    2.63 
2001 1	  20.25   12.66   -0.52    3.02 
2001 2	  27.60   17.37    2.48    3.42 
2001 3	  19.90   18.67    5.05    2.92 
2001 4	   0.30   29.02   12.00    3.77 
2001 5	  25.25   33.21   16.55    3.60 
2001 6	   1.23   36.35   21.64    3.59 
2001 7	   0.28   38.07   23.41    3.51 
2001 8	  65.72   35.27   21.60    2.86 
2001 9	  13.27   31.49   17.46    2.22 
2001 10	   0.68   27.32   11.53    3.02 
2001 11	  74.68   19.56    7.01    2.92 
2001 12	   0.85   15.64    1.77    2.64 
2002 1	   4.78   16.22    0.74    2.71 
2002 2	   8.70   16.04    0.30    2.99 
2002 3	  37.60   21.24    4.18    3.34 
2002 4	   9.23   27.92   12.94    4.01 
2002 5	   3.90   32.25   16.03    4.13 
2002 6	   8.77   35.46   20.70    3.54 
2002 7	  29.37   34.74   21.42    3.19 
2002 8	  28.05   36.69   22.44    3.10 
2002 9	   9.60   32.19   17.43    2.09 
2002 10	 103.33   23.09   11.88    2.56 
2002 11	  12.32   17.21    4.32    2.55 
2002 12	  27.77   14.12    0.84    2.69 
2003 1	   8.00   16.07   -0.41    2.54 
2003 2	  19.55   16.07    1.66    3.12 
2003 3	   4.50   23.38    6.20    3.13 
2003 4	   0.78   29.00   11.43    3.75 
2003 5	  58.02   33.79   16.72    2.94 
2003 6	  60.80   33.92   19.35    3.23 
2003 7	   7.15   35.90   21.14    2.66 
2003 8	  36.90   35.75   21.78    2.19 
2003 9	  48.20   30.74   17.52    2.12 
2003 10	  27.33   27.72   12.81    2.29 
2003 11	   7.70   20.48    7.10    3.04 
2003 12	   0.00   17.35    0.52    3.08 
2004 1	  18.80   15.71    2.11    3.07 
2004 2	  30.72   14.55    1.77    3.39 
2004 3	  48.85   22.47    9.76    3.52 
2004 4	  53.83   24.17   10.52    3.55 
2004 5	   3.93   32.65   16.55    3.94 
2004 6	  36.12   35.00   19.82    3.63 
2004 7	  43.43   34.13   21.04    2.96 
2004 8	  25.82   33.18   19.81    2.49 
2004 9	 144.32   29.81   16.76    2.41 
2004 10	  61.00   25.17   11.89    2.39 
2004 11	 192.55   17.02    3.90    2.79 
2004 12	   1.42   15.07   -0.11    2.78 
2005 1	  11.40   15.90    2.51    3.07 
2005 2	  38.35   15.78    3.27    2.87 
2005 3	   7.57   21.03    4.75    2.99 
2005 4	   0.28   26.59    8.85    3.72 
2005 5	  57.00   29.07   15.10    3.62 
2005 6	  26.60   35.27   19.81    3.71 
2005 7	  59.17   35.29   20.74    3.01 
2005 8	  75.50   33.08   19.65    2.54 
2005 9	   0.60   33.93   17.97    2.22 
2005 10	 100.60   25.82   11.78    2.63 
2005 11	   0.03   22.05    4.48    2.44 
2005 12	   2.58   16.72   -0.30    2.42 
2006 1	   4.82   20.71    2.18    3.14 
2006 2	  18.30   18.00    1.23    3.02 
2006 3	  45.40   22.80    7.01    3.94 
2006 4	   6.35   29.91   12.86    3.64 
2006 5	   8.60   33.75   16.79    3.98 
2006 6	  19.38   36.39   19.86    3.01 
2006 7	  11.02   36.66   22.05    2.86 
2006 8	 128.83   33.80   21.51    2.72 
2006 9	  62.35   28.52   15.79    2.39 
2006 10	  52.25   25.27   11.38    2.48 
2006 11	   0.23   22.90    5.22    2.90 
2006 12	  29.40   16.37   -0.17    2.68 
2007 1	  35.97   10.95   -1.91    3.06 
2007 2	   3.83   15.49   -0.65    2.92 
2007 3	  71.20   25.14    8.41    3.63 
2007 4	  11.38   22.78    7.52    3.83 
2007 5	 122.73   26.84   14.71    3.33 
2007 6	  65.85   32.75   18.14    2.98 
2007 7	  48.05   32.51   19.71    2.26 
2007 8	  80.05   33.51   20.76    2.66 
2007 9	  64.00   31.69   17.88    2.36 
2007 10	   3.90   29.45   12.35    2.53 
2007 11	  15.65   21.20    4.80    2.73 
2007 12	  15.53   14.94   -0.70    2.80 
2008 1	   0.15   15.56   -1.53    2.94 
2008 2	   0.17   20.80    0.62    2.96 
2008 3	   3.03   22.74    4.45    3.60 
2008 4	   3.85   27.82    9.49    3.52 
2008 5	   1.58   32.68   15.54    3.68 
2008 6	  32.62   37.00   21.38    4.54 
2008 7	  10.27   34.13   20.92    3.85 
2008 8	  44.42   33.17   20.14    2.37 
2008 9	  77.88   28.64   15.47    1.82 
2008 10	  31.88   26.37   10.61    2.83 
2008 11	   0.00   21.04    3.98    2.31 
2008 12	   0.00   17.99    0.10    3.01 
2009 1	   0.83   18.69   -1.01    2.84 
2009 2	   6.15   20.86    2.50    3.52 
2009 3	  15.40   24.19    6.74    3.75 
2009 4	  16.40   27.99   11.06    4.10 
2009 5	  11.88   32.48   15.74    3.25 
2009 6	  49.68   35.42   21.05    3.76 
2009 7	 156.10   35.64   21.37    3.22 
2009 8	  10.05   35.55   20.76    3.15 
2009 9	  34.95   29.77   15.94    2.05 
2009 10	  27.45   26.21   10.20    2.81 
2009 11	   0.95   22.45    4.32    2.20 
2009 12	  19.17   13.60   -1.42    2.51 
2010 1	  32.30   14.76   -0.75    3.32 
2010 2	  45.92   14.08    0.65    3.11 
2010 3	  24.70   22.32    4.57    3.85 
2010 4	  66.25   25.94   10.89    3.76 
2010 5	  60.17   30.18   15.06    3.65 
2010 6	  90.90   36.46   21.20    4.19 
2010 7	  70.53   31.76   21.02    3.26 
2010 8	  11.68   36.37   21.00    2.90 
2010 9	  60.40   32.26   17.81    2.52 
2010 10	   0.55   28.21   10.74    2.34 
2010 11	   0.00   21.82    3.32    3.01 
2010 12	   0.00   18.62    0.51    2.58 
