1949 1	  59.98   16.02    5.00    5.65 
1949 2	  68.85   20.48   10.83    5.07 
1949 3	  28.50   24.89   11.43    5.06 
1949 4	 151.23   25.65   13.48    4.88 
1949 5	   5.17   32.13   20.57    4.33 
1949 6	 155.88   34.75   21.80    4.10 
1949 7	 101.70   35.87   22.58    3.72 
1949 8	  28.77   36.27   21.13    3.06 
1949 9	  11.38   35.34   20.62    3.35 
1949 10	 115.17   29.36   16.13    4.50 
1949 11	   0.35   27.07    8.53    3.94 
1949 12	  84.75   20.10    9.12    5.44 
1950 1	   7.40   22.30   10.98    6.13 
1950 2	  28.85   22.23    9.14    4.67 
1950 3	   8.02   25.56    9.82    5.15 
1950 4	  69.67   28.17   15.64    5.29 
1950 5	  96.80   32.93   21.17    4.79 
1950 6	  77.87   34.75   22.19    4.19 
1950 7	  44.35   36.98   23.21    4.92 
1950 8	  42.18   37.19   22.17    3.22 
1950 9	  35.18   35.04   21.68    3.21 
1950 10	   3.28   33.00   16.41    4.00 
1950 11	   1.67   25.92    9.08    5.17 
1950 12	   0.00   22.67    4.08    4.66 
1951 1	   5.35   21.57    3.82    5.91 
1951 2	  23.85   21.48    6.75    6.31 
1951 3	  44.62   26.22   11.96    5.34 
1951 4	  15.17   30.21   14.58    4.86 
1951 5	  91.50   32.02   19.28    4.26 
1951 6	  64.05   35.09   22.82    5.32 
1951 7	  13.93   38.42   24.01    4.17 
1951 8	  10.38   38.97   23.36    3.78 
1951 9	 193.67   34.31   21.73    3.85 
1951 10	  41.85   30.62   17.17    3.93 
1951 11	  20.12   22.53    9.19    5.57 
1951 12	   1.53   22.09    7.48    5.50 
1952 1	   1.38   23.50    9.67    5.76 
1952 2	  66.38   23.69    8.17    5.09 
1952 3	  38.83   24.98   10.56    5.07 
1952 4	  42.70   27.25   13.47    4.88 
1952 5	  82.45   31.74   17.09    4.13 
1952 6	  22.47   34.60   22.04    4.15 
1952 7	  25.10   37.13   22.87    3.38 
1952 8	   0.00   39.00   23.34    3.98 
1952 9	 112.38   33.79   19.16    3.67 
1952 10	   0.00   29.16   10.84    3.96 
1952 11	  67.68   21.89   10.55    5.18 
1952 12	  44.60   18.05    5.97    4.74 
1953 1	   9.32   23.65    5.62    5.14 
1953 2	  33.10   20.98    7.37    5.11 
1953 3	  13.72   28.39   15.29    4.88 
1953 4	  44.03   30.21   15.69    4.58 
1953 5	  82.00   32.95   19.55    4.67 
1953 6	  15.12   38.47   23.36    3.98 
1953 7	   2.38   38.58   24.44    3.83 
1953 8	 126.17   36.35   23.51    2.73 
1953 9	  78.17   33.93   19.10    3.36 
1953 10	  72.55   28.54   16.07    3.84 
1953 11	   3.15   23.16    9.01    4.08 
1953 12	  27.25   16.91    4.45    5.07 
1954 1	   9.40   21.21    7.16    4.91 
1954 2	   0.22   26.32    8.24    4.37 
1954 3	   1.30   26.43   10.62    5.35 
1954 4	  53.43   29.85   17.95    5.48 
1954 5	  56.72   31.45   18.37    4.50 
1954 6	 100.40   35.66   23.14    4.78 
1954 7	  19.17   37.52   23.37    3.87 
1954 8	  20.45   37.97   23.69    4.24 
1954 9	  41.88   36.53   21.96    3.46 
1954 10	  38.97   30.47   17.03    4.18 
1954 11	  28.23   24.77    8.70    4.19 
1954 12	   0.65   23.51    7.14    4.57 
1955 1	  28.27   18.81    6.35    5.20 
1955 2	  67.00   21.33    8.25    5.79 
1955 3	  10.73   27.17   11.96    5.69 
1955 4	   1.50   31.63   17.13    4.69 
1955 5	  81.75   33.92   20.30    4.90 
1955 6	  36.97   35.78   21.65    4.45 
1955 7	  28.30   36.84   23.55    4.26 
1955 8	  64.22   36.90   23.41    2.94 
1955 9	  20.90   33.78   22.45    3.62 
1955 10	   9.18   30.51   13.95    4.10 
1955 11	  27.47   23.68   11.05    5.47 
1955 12	  15.22   20.57    6.02    4.49 
1956 1	  17.85   20.16    5.13    4.64 
1956 2	   7.90   22.67    8.76    5.37 
1956 3	   4.73   26.60   10.31    4.73 
1956 4	   9.20   29.06   15.74    4.85 
1956 5	  41.67   33.28   20.23    4.51 
1956 6	   2.60   36.65   22.49    3.76 
1956 7	  21.97   37.78   22.61    4.20 
1956 8	  24.00   37.70   23.03    3.64 
1956 9	  62.05   35.11   20.12    3.29 
1956 10	  36.57   31.51   16.98    3.41 
1956 11	   9.77   22.67    8.74    4.84 
1956 12	  52.65   21.89    7.48    4.66 
1957 1	   8.12   18.98    8.25    5.09 
1957 2	  43.90   23.99   13.01    4.00 
1957 3	  61.18   24.87   11.62    4.43 
1957 4	 143.08   26.39   15.25    5.49 
1957 5	 168.48   29.37   19.79    5.07 
1957 6	  33.50   33.44   22.56    3.99 
1957 7	   0.00   38.13   22.89    3.72 
1957 8	  18.20   38.20   22.89    3.60 
1957 9	 192.75   33.17   19.45    3.32 
1957 10	  50.72   26.45   14.47    4.36 
1957 11	 121.03   20.53    8.96    5.22 
1957 12	  43.62   21.29    6.97    5.10 
1958 1	 142.62   17.13    3.92    5.14 
1958 2	 151.10   16.75    5.58    5.03 
1958 3	  27.62   20.49    8.82    4.95 
1958 4	  30.62   27.60   14.73    4.42 
1958 5	  89.97   30.94   18.15    3.35 
1958 6	  64.20   35.18   22.69    4.29 
1958 7	  26.27   37.00   23.32    4.22 
1958 8	   5.03   38.09   22.87    3.40 
1958 9	 234.80   32.07   22.49    3.28 
1958 10	 176.63   24.62   16.05    4.35 
1958 11	  34.70   22.33   11.37    4.09 
1958 12	  44.78   18.04    4.56    4.54 
1959 1	  12.35   16.67    4.55    5.25 
1959 2	  66.70   17.97    8.13    4.69 
1959 3	   5.25   24.21    8.83    4.99 
1959 4	  44.70   25.72   13.86    4.80 
1959 5	  83.30   31.87   20.06    4.48 
1959 6	  87.90   35.13   23.06    3.71 
1959 7	  47.88   36.43   23.10    2.99 
1959 8	  18.33   36.40   23.00    3.19 
1959 9	  41.30   34.80   21.61    3.96 
1959 10	 106.33   28.59   15.91    3.94 
1959 11	  59.00   20.87    5.92    4.90 
1959 12	  42.58   19.92    6.57    4.77 
1960 1	  17.23   16.95    5.41    4.98 
1960 2	  38.75   18.75    3.67    5.44 
1960 3	  31.13   21.34    7.89    4.85 
1960 4	  56.52   29.01   15.55    5.18 
1960 5	  37.08   30.86   17.76    4.81 
1960 6	 108.23   36.28   21.93    3.77 
1960 7	  96.18   35.75   23.04    3.04 
1960 8	 146.45   34.66   23.42    3.78 
1960 9	  18.98   33.58   18.71    2.96 
1960 10	 162.85   29.70   17.72    3.78 
1960 11	  75.77   23.01   12.45    4.27 
1960 12	  95.78   15.96    5.39    4.70 
1961 1	  35.02   15.63    3.40    4.80 
1961 2	  44.33   21.40    6.78    4.76 
1961 3	   5.73   26.34   11.85    5.11 
1961 4	  51.45   28.53   13.01    4.96 
1961 5	  28.05   33.48   19.18    5.00 
1961 6	 143.52   33.92   22.16    3.96 
1961 7	  76.10   34.21   22.06    4.00 
1961 8	  30.90   35.16   20.99    2.27 
1961 9	  15.40   33.58   20.74    4.76 
1961 10	  44.97   29.47   14.72    4.42 
1961 11	  53.62   21.42    9.66    4.90 
1961 12	  14.88   19.35    6.84    4.27 
1962 1	   9.85   16.28    1.14    5.32 
1962 2	   7.15   26.95   11.08    4.76 
1962 3	  15.10   24.26    8.47    4.90 
1962 4	  58.75   29.16   15.04    5.23 
1962 5	  34.12   33.14   19.68    5.39 
1962 6	  68.62   34.51   22.16    3.74 
1962 7	   1.42   38.04   23.24    3.62 
1962 8	  32.05   38.75   23.47    2.85 
1962 9	  78.55   34.50   21.53    3.09 
1962 10	  13.85   32.53   18.89    4.23 
1962 11	  23.18   24.51   10.16    4.53 
1962 12	  31.70   19.05    6.28    4.23 
1963 1	   4.17   16.80    1.73    4.86 
1963 2	  59.53   21.76    4.43    4.89 
1963 3	   2.75   27.75   12.44    4.89 
1963 4	  53.90   32.39   17.86    5.61 
1963 5	  36.93   33.02   20.34    4.38 
1963 6	  86.85   36.09   22.87    4.27 
1963 7	  16.07   36.32   23.27    4.15 
1963 8	   6.12   38.11   22.97    3.13 
1963 9	  48.35   34.58   20.79    2.79 
1963 10	  28.15   31.45   16.48    3.69 
1963 11	  85.55   24.79   12.14    5.13 
1963 12	  51.73   14.91    2.62    5.21 
1964 1	  33.97   19.51    4.01    4.60 
1964 2	  44.45   18.36    4.32    4.37 
1964 3	  37.67   24.73   10.10    4.95 
1964 4	  22.32   29.75   16.57    5.26 
1964 5	  63.75   32.63   20.06    4.33 
1964 6	  17.28   35.10   21.63    3.95 
1964 7	  12.25   37.66   23.06    3.62 
1964 8	  87.22   37.21   23.31    3.85 
1964 9	  51.40   33.70   22.09    3.27 
1964 10	  31.33   28.61   12.19    4.34 
1964 11	  24.05   25.11   12.28    4.82 
1964 12	  23.52   20.09    6.19    5.04 
1965 1	  31.12   21.94    6.65    4.63 
1965 2	 105.45   18.18    6.06    5.22 
1965 3	  24.95   22.06    7.77    5.51 
1965 4	  43.05   29.84   17.15    5.10 
1965 5	 149.27   29.32   20.02    5.32 
1965 6	  17.90   34.36   21.81    4.17 
1965 7	   9.18   37.45   22.25    3.19 
1965 8	  21.00   36.56   22.08    2.86 
1965 9	  64.08   34.99   21.23    3.84 
1965 10	  58.35   27.01   13.76    4.02 
1965 11	  30.38   25.25   13.61    3.42 
1965 12	 118.75   19.85    8.94    4.75 
1966 1	  37.88   15.03    3.34    5.19 
1966 2	  50.53   18.11    4.78    4.93 
1966 3	   7.70   23.76   10.38    4.60 
1966 4	  67.82   29.33   15.96    4.78 
1966 5	 126.32   29.71   19.07    3.85 
1966 6	  95.88   32.89   20.69    3.49 
1966 7	  32.15   36.06   22.59    3.23 
1966 8	  67.10   36.23   22.66    3.65 
1966 9	 104.32   33.48   20.23    2.44 
1966 10	  34.65   29.60   13.68    4.04 
1966 11	   0.50   26.78   11.50    4.62 
1966 12	   7.00   21.43    4.05    5.00 
1967 1	  15.38   19.66    4.55    5.04 
1967 2	  26.43   20.84    5.54    5.22 
1967 3	  22.87   28.75   13.52    4.87 
1967 4	  17.85   32.26   19.65    5.84 
1967 5	  49.07   34.06   18.92    5.39 
1967 6	   0.15   36.73   22.61    4.58 
1967 7	  25.27   37.36   22.93    4.29 
1967 8	  95.50   35.12   21.87    3.17 
1967 9	 451.35   30.48   19.44    3.69 
1967 10	  50.90   27.71   14.08    3.97 
1967 11	  62.72   23.43   11.22    4.00 
1967 12	  13.03   18.47    6.22    4.55 
1968 1	 162.67   16.31    5.95    5.08 
1968 2	  63.95   16.64    4.78    4.49 
1968 3	  22.83   22.11    9.26    5.54 
1968 4	  52.42   26.83   15.76    5.42 
1968 5	 149.52   30.21   19.17    4.90 
1968 6	  92.65   32.78   21.56    3.66 
1968 7	  91.90   33.97   22.17    3.67 
1968 8	  10.60   36.17   21.92    3.58 
1968 9	 151.10   31.58   19.20    3.64 
1968 10	  19.75   30.27   16.49    3.98 
1968 11	  94.95   23.58    7.95    5.09 
1968 12	   6.65   20.18    4.92    5.52 
1969 1	  12.32   19.54    6.30    4.97 
1969 2	  70.93   20.85    7.50    4.96 
1969 3	  45.17   21.26    7.54    5.31 
1969 4	  59.08   28.90   15.22    4.95 
1969 5	  85.60   29.92   17.52    3.89 
1969 6	  31.88   35.58   21.13    4.42 
1969 7	   8.65   38.71   23.49    3.99 
1969 8	  91.22   37.51   22.74    3.15 
1969 9	  39.10   33.83   20.20    3.32 
1969 10	 138.75   28.46   15.89    5.37 
1969 11	  39.55   23.33    8.43    4.93 
1969 12	  43.70   21.51    6.85    4.03 
1970 1	  45.55   14.69    2.51    4.86 
1970 2	  39.55   20.88    6.52    5.26 
1970 3	  52.35   22.24    8.10    4.92 
1970 4	  25.85   29.63   15.49    5.46 
1970 5	 226.65   29.47   16.49    4.91 
1970 6	  29.73   32.82   20.78    3.98 
1970 7	  61.10   35.22   22.04    3.09 
1970 8	  48.40   36.35   22.39    3.13 
1970 9	 138.15   33.36   21.08    4.29 
1970 10	   7.65   28.07   13.68    4.54 
1970 11	   7.00   25.54    5.50    5.12 
1970 12	   7.52   24.26    9.86    5.08 
1971 1	   0.12   23.51    6.35    5.22 
1971 2	  19.30   23.71    5.78    5.59 
1971 3	   0.00   28.48    9.76    5.20 
1971 4	  20.38   29.14   13.75    5.02 
1971 5	  16.10   33.14   18.87    5.12 
1971 6	  76.12   34.81   22.53    4.54 
1971 7	   7.07   36.31   22.65    3.80 
1971 8	 177.15   32.68   21.76    2.93 
1971 9	 141.17   31.78   21.43    3.45 
1971 10	 169.70   28.20   17.27    3.95 
1971 11	  25.62   24.57   10.62    4.42 
1971 12	  53.35   21.11    9.14    4.46 
1972 1	  25.85   20.75    5.28    5.11 
1972 2	   2.40   21.97    6.43    4.96 
1972 3	   9.25   27.75   12.30    4.54 
1972 4	  16.77   31.55   16.52    5.10 
1972 5	 141.60   29.58   17.85    3.58 
1972 6	  53.93   33.57   21.27    3.93 
1972 7	  36.00   34.74   21.86    3.77 
1972 8	  38.77   35.24   21.82    3.44 
1972 9	  91.65   34.73   21.81    3.00 
1972 10	  13.80   29.88   15.77    4.29 
1972 11	  43.75   20.94    6.35    4.96 
1972 12	  18.18   18.12    3.09    5.04 
1973 1	  56.42   16.40    2.22    5.50 
1973 2	  84.80   18.45    4.59    5.40 
1973 3	  16.85   26.53   12.11    4.37 
1973 4	  86.45   25.46   13.25    5.61 
1973 5	  13.70   32.07   17.07    4.97 
1973 6	 246.32   32.09   20.92    4.61 
1973 7	  29.75   34.33   22.55    3.84 
1973 8	  72.10   34.44   21.22    3.06 
1973 9	 190.15   32.33   20.71    3.51 
1973 10	  88.78   28.78   16.48    4.11 
1973 11	   1.15   27.33   13.30    4.86 
1973 12	   0.00   22.60    2.49    5.14 
1974 1	  23.98   18.47    4.49    4.23 
1974 2	   1.25   24.44    3.96    5.43 
1974 3	  45.68   28.49   12.90    5.57 
1974 4	  17.98   29.87   13.92    5.56 
1974 5	  84.40   32.17   19.39    4.47 
1974 6	  20.58   34.41   19.64    4.07 
1974 7	  23.95   36.05   21.23    3.26 
1974 8	 182.05   34.24   22.23    3.78 
1974 9	  98.25   29.68   17.65    4.51 
1974 10	  47.43   28.69   14.26    4.60 
1974 11	  39.97   21.97    9.22    4.53 
1974 12	  23.08   18.58    4.68    4.38 
1975 1	   6.67   21.43    5.71    4.64 
1975 2	  37.43   22.05    5.96    4.58 
1975 3	   9.10   27.50   10.30    5.20 
1975 4	  57.65   28.86   15.15    5.60 
1975 5	 189.43   30.60   19.54    4.59 
1975 6	  71.32   33.47   21.82    4.42 
1975 7	  58.78   33.93   22.03    3.27 
1975 8	  72.15   35.37   22.26    3.42 
1975 9	  65.93   32.24   18.49    3.29 
1975 10	  67.95   30.62   14.27    4.27 
1975 11	   1.65   26.03    9.19    4.65 
1975 12	  22.60   20.83    4.78    5.25 
1976 1	  10.90   20.10    2.11    5.08 
1976 2	   0.00   26.11    7.99    5.45 
1976 3	  19.92   26.66   12.49    5.47 
1976 4	 130.85   27.86   15.82    5.09 
1976 5	 124.15   28.90   16.72    4.05 
1976 6	  14.77   34.54   20.85    4.16 
1976 7	 127.03   32.56   21.87    3.75 
1976 8	  24.58   35.91   21.03    2.57 
1976 9	 116.50   33.77   20.06    3.10 
1976 10	 191.65   24.82   11.00    4.26 
1976 11	  66.70   18.83    7.02    5.26 
1976 12	  53.65   17.37    4.24    4.77 
1977 1	  50.30   13.77    2.22    4.75 
1977 2	  15.52   21.30    5.27    4.73 
1977 3	  18.73   25.62   10.44    4.87 
1977 4	 218.10   27.13   13.63    4.30 
1977 5	  33.80   30.00   20.01    4.62 
1977 6	  75.97   34.51   21.90    3.84 
1977 7	   1.12   36.66   22.51    3.75 
1977 8	   2.65   38.02   23.26    3.78 
1977 9	  17.08   37.39   22.30    3.58 
1977 10	  46.47   31.45   15.84    3.75 
1977 11	  33.48   25.85   10.35    4.24 
1977 12	   0.73   21.82    5.05    5.07 
1978 1	  13.00   15.14    1.99    5.63 
1978 2	  22.12   15.65    2.85    4.96 
1978 3	   0.70   26.42    7.82    4.43 
1978 4	  25.40   30.03   15.71    5.26 
1978 5	  37.45   34.12   20.48    4.54 
1978 6	 105.55   35.21   22.24    3.53 
1978 7	  62.87   38.08   23.07    3.83 
1978 8	 135.75   35.24   22.39    3.48 
1978 9	  82.68   31.83   21.42    3.96 
1978 10	  34.53   29.24   14.56    3.95 
1978 11	  63.12   23.54   12.62    4.75 
1978 12	  23.17   19.18    5.38    5.24 
1979 1	  50.43   13.19    2.12    5.66 
1979 2	  31.70   18.23    5.68    5.07 
1979 3	  26.00   24.80   11.48    5.14 
1979 4	 119.47   27.83   15.42    4.19 
1979 5	  52.92   30.38   17.23    4.75 
1979 6	  94.18   33.25   20.88    3.83 
1979 7	  53.60   36.21   23.24    3.80 
1979 8	  35.22   36.46   22.16    3.25 
1979 9	  36.20   33.70   18.12    4.01 
1979 10	   1.02   32.99   15.38    4.14 
1979 11	  23.05   23.04    7.55    5.57 
1979 12	  23.80   20.21    5.85    5.22 
1980 1	  20.65   19.88    6.26    4.62 
1980 2	  17.52   20.70    5.02    5.07 
1980 3	  21.30   26.12    9.84    4.80 
1980 4	  13.65   29.98   12.53    4.78 
1980 5	 222.48   31.67   19.70    4.47 
1980 6	   0.00   37.24   23.14    4.66 
1980 7	  15.32   39.06   23.26    3.40 
1980 8	 206.70   35.47   23.39    4.45 
1980 9	 101.90   34.27   22.23    3.34 
1980 10	  19.22   29.49   13.94    4.47 
1980 11	 104.87   22.08    7.28    4.72 
1980 12	  22.17   19.76    7.36    4.49 
1981 1	  44.40   18.91    5.27    4.58 
1981 2	  19.90   20.06    7.06    5.11 
1981 3	  35.15   23.92   10.16    4.74 
1981 4	  46.95   29.56   17.47    5.05 
1981 5	 112.43   31.91   18.68    4.75 
1981 6	 189.05   33.07   22.50    4.17 
1981 7	  23.70   35.64   22.86    4.07 
1981 8	 112.45   36.39   22.66    3.38 
1981 9	  28.68   33.44   19.58    3.84 
1981 10	  97.15   29.80   16.99    4.66 
1981 11	   0.73   26.56   10.87    4.40 
1981 12	  25.80   21.26    5.63    4.65 
1982 1	   9.28   20.07    4.35    5.60 
1982 2	 105.72   19.03    4.91    5.06 
1982 3	  10.58   25.23   13.08    5.65 
1982 4	  63.42   28.17   15.33    5.11 
1982 5	  70.90   30.15   19.69    5.11 
1982 6	  63.90   34.76   22.53    4.54 
1982 7	   0.85   37.56   23.28    4.44 
1982 8	  43.15   37.94   23.20    3.63 
1982 9	  59.03   35.35   20.11    3.71 
1982 10	 103.22   28.49   15.26    4.40 
1982 11	  78.45   23.22   11.44    4.60 
1982 12	  30.00   19.54    6.44    4.97 
1983 1	  20.40   17.55    3.43    4.16 
1983 2	  53.33   19.97    5.44    4.72 
1983 3	  75.00   23.83    9.14    4.46 
1983 4	   0.25   28.41   12.13    5.33 
1983 5	  63.98   31.57   18.72    4.72 
1983 6	 113.97   33.88   21.15    3.90 
1983 7	  56.60   35.19   23.20    3.82 
1983 8	  47.97   36.91   22.85    2.61 
1983 9	 103.65   33.74   20.15    4.03 
1983 10	  70.93   30.00   16.26    3.94 
1983 11	  30.28   26.82   11.16    4.78 
1983 12	   8.93   15.44    0.85    5.41 
1984 1	  54.58   15.70    3.70    5.12 
1984 2	  11.27   22.15    6.36    4.91 
1984 3	  19.18   27.32   12.08    5.07 
1984 4	  13.90   32.36   14.62    4.72 
1984 5	  28.57   33.68   18.79    5.09 
1984 6	  30.43   35.76   21.70    4.89 
1984 7	   9.62   37.36   22.19    3.62 
1984 8	   8.75   37.28   22.33    3.67 
1984 9	  42.90   33.42   19.65    4.60 
1984 10	 160.20   28.13   18.27    4.40 
1984 11	  20.05   23.17    9.94    4.95 
1984 12	  59.73   22.58   11.27    5.18 
1985 1	  67.45   14.99    0.95    4.83 
1985 2	  30.65   17.21    5.08    5.39 
1985 3	  54.05   24.69   13.27    5.09 
1985 4	  92.22   28.88   15.20    5.13 
1985 5	  77.37   32.23   18.76    4.08 
1985 6	 112.80   33.55   21.13    4.27 
1985 7	  64.88   35.37   21.50    3.75 
1985 8	   9.75   38.26   22.31    3.37 
1985 9	 144.35   34.63   20.45    4.27 
1985 10	 131.60   28.77   16.61    5.23 
1985 11	  76.45   24.36   14.02    4.99 
1985 12	  17.65   17.82    3.71    4.88 
1986 1	  30.65   20.60    5.09    4.66 
1986 2	  13.42   23.70    7.66    4.59 
1986 3	   7.57   26.96    9.43    4.43 
1986 4	  19.27   30.85   17.66    5.07 
1986 5	 104.53   30.81   19.23    4.78 
1986 6	  91.78   33.53   22.37    3.44 
1986 7	   9.10   37.20   22.37    4.11 
1986 8	  30.50   36.92   22.77    3.26 
1986 9	  86.35   35.01   23.33    4.06 
1986 10	 188.35   27.73   16.38    4.29 
1986 11	  38.53   21.51   11.03    4.84 
1986 12	 127.87   16.33    6.73    4.89 
1987 1	  33.10   18.11    4.43    4.53 
1987 2	  87.90   19.83    7.96    4.92 
1987 3	  27.03   22.02    7.98    4.35 
1987 4	   5.75   27.80   10.99    3.88 
1987 5	 137.15   31.01   19.46    4.37 
1987 6	 184.22   32.31   21.49    3.61 
1987 7	  29.85   34.50   22.93    3.79 
1987 8	  64.80   36.98   23.06    3.89 
1987 9	  26.33   33.67   20.13    3.85 
1987 10	   3.90   30.23   14.23    4.28 
1987 11	  50.93   24.17    9.95    4.90 
1987 12	  38.88   20.41    7.28    4.81 
1988 1	   7.20   15.85    2.26    5.39 
1988 2	   7.45   19.69    5.15    5.12 
1988 3	  27.85   25.50    9.74    5.24 
1988 4	  18.42   30.36   13.48    3.85 
1988 5	  71.47   31.17   18.36    4.34 
1988 6	  44.97   34.75   20.96    3.50 
1988 7	  68.70   35.74   23.32    3.63 
1988 8	  22.27   37.12   23.38    3.13 
1988 9	  40.80   34.48   20.75    4.17 
1988 10	  33.53   30.67   15.90    3.85 
1988 11	   0.73   27.06   11.67    5.19 
1988 12	   8.05   21.20    7.10    5.03 
1989 1	  48.00   20.03    8.55    4.61 
1989 2	   7.90   18.40    6.16    6.32 
1989 3	  25.80   25.34    9.33    5.20 
1989 4	  54.87   29.44   14.49    4.74 
1989 5	  11.40   35.02   21.46    5.31 
1989 6	  35.43   35.94   22.02    4.34 
1989 7	  31.40   37.52   22.92    3.59 
1989 8	  29.10   36.44   22.79    3.87 
1989 9	  21.07   34.17   18.96    4.27 
1989 10	  75.85   30.47   15.01    4.42 
1989 11	  38.93   23.73   11.58    4.65 
1989 12	  14.93   14.88    0.25    5.44 
1990 1	  26.15   21.11    7.61    4.98 
1990 2	  53.70   23.37    8.63    4.86 
1990 3	  60.47   23.28   11.74    5.79 
1990 4	  82.15   27.25   15.76    5.51 
1990 5	  32.30   32.37   20.80    5.39 
1990 6	   7.02   38.00   23.55    4.86 
1990 7	 242.57   34.88   22.76    3.88 
1990 8	  20.17   35.61   22.91    3.58 
1990 9	  88.90   33.48   21.17    3.01 
1990 10	  33.03   29.38   13.54    4.13 
1990 11	  37.97   25.23   11.77    5.09 
1990 12	   6.00   20.21    4.71    4.95 
1991 1	  79.07   15.86    4.41    4.81 
1991 2	  91.95   20.61    8.11    4.77 
1991 3	  16.60   26.72   11.02    5.25 
1991 4	  63.20   28.63   16.81    4.73 
1991 5	  42.28   31.82   20.36    4.67 
1991 6	 132.15   35.45   22.48    4.03 
1991 7	  36.27   35.31   23.02    3.62 
1991 8	  58.17   36.92   23.10    3.35 
1991 9	 101.45   31.53   19.99    3.51 
1991 10	  20.83   31.00   16.57    3.98 
1991 11	   7.95   21.82    8.47    5.77 
1991 12	 229.20   18.83    9.46    5.34 
1992 1	 104.55   15.57    6.43    4.67 
1992 2	 136.55   21.57    9.26    4.48 
1992 3	  54.40   24.57   11.36    4.69 
1992 4	 132.00   25.84   14.18    4.09 
1992 5	 141.88   28.79   17.83    4.19 
1992 6	  61.85   33.31   21.71    3.61 
1992 7	  43.80   34.99   23.16    4.88 
1992 8	  31.63   34.82   21.35    2.63 
1992 9	  24.35   34.38   21.13    3.90 
1992 10	  52.65   30.45   15.35    3.94 
1992 11	 101.25   22.76    9.23    4.99 
1992 12	  36.15   19.02    8.70    4.25 
1993 1	  37.10   17.74    5.68    4.30 
1993 2	  35.50   20.18    7.56    5.00 
1993 3	  48.53   23.64    9.90    4.01 
1993 4	  73.57   27.38   13.07    5.20 
1993 5	 111.60   29.26   17.12    4.08 
1993 6	 104.52   31.92   21.98    4.44 
1993 7	   0.00   35.52   23.20    4.82 
1993 8	  14.50   37.25   22.79    3.67 
1993 9	  30.13   34.30   20.03    3.64 
1993 10	  60.25   29.72   14.79    4.74 
1993 11	  15.87   21.74    7.42    4.73 
1993 12	  16.48   21.09    7.44    4.79 
1994 1	  44.73   19.59    5.93    5.48 
1994 2	  23.90   20.56    7.12    5.51 
1994 3	 106.97   24.70   11.55    4.45 
1994 4	  87.40   27.97   14.49    4.86 
1994 5	  71.40   29.37   18.64    4.27 
1994 6	 100.83   34.66   22.25    3.59 
1994 7	   3.08   37.39   23.41    4.41 
1994 8	  25.55   36.13   22.40    3.20 
1994 9	  67.53   33.10   19.01    2.79 
1994 10	 111.62   29.20   17.02    4.17 
1994 11	   8.75   25.72   13.00    4.99 
1994 12	  68.72   20.39    8.94    4.64 
1995 1	   5.55   19.71    5.59    5.25 
1995 2	  23.85   22.50    7.37    4.39 
1995 3	  51.85   22.63   10.68    4.76 
1995 4	  41.15   29.10   13.46    5.10 
1995 5	  89.83   33.03   19.73    5.08 
1995 6	  86.22   33.79   20.27    4.05 
1995 7	  27.65   37.00   22.47    3.55 
1995 8	  61.40   36.77   23.28    2.66 
1995 9	  41.08   34.65   20.85    3.19 
1995 10	  23.50   30.93   15.25    4.97 
1995 11	  53.30   24.48   10.45    4.44 
1995 12	  44.28   20.76    8.88    5.19 
1996 1	   0.10   21.75    3.80    5.56 
1996 2	  13.50   23.32    7.32    5.58 
1996 3	  14.48   23.06    7.44    5.28 
1996 4	  22.10   30.56   13.03    5.17 
1996 5	  18.92   35.02   22.24    5.67 
1996 6	  31.60   36.64   22.97    4.10 
1996 7	  26.27   38.00   23.77    4.13 
1996 8	 105.38   36.05   23.38    3.99 
1996 9	  75.45   33.21   21.59    3.32 
1996 10	  13.92   29.85   16.66    4.61 
1996 11	  32.88   25.07   11.07    5.04 
1996 12	  13.58   20.75    6.92    4.65 
1997 1	  11.77   16.82    5.26    5.31 
1997 2	  34.22   19.35    7.59    5.01 
1997 3	  85.88   25.55   13.16    4.13 
1997 4	  95.55   25.00   12.93    4.84 
1997 5	 111.17   30.20   18.55    3.71 
1997 6	 176.02   33.28   21.39    3.95 
1997 7	  18.30   36.49   23.09    3.36 
1997 8	  38.40   37.42   23.40    3.52 
1997 9	  46.92   35.11   21.38    2.85 
1997 10	  82.90   28.47   16.03    4.59 
1997 11	  54.50   21.23    9.43    4.38 
1997 12	  37.25   19.20    4.10    5.00 
1998 1	  75.25   22.10    8.70    4.74 
1998 2	  91.52   21.96    7.79    4.60 
1998 3	  59.90   23.43   10.43    5.71 
1998 4	   9.15   28.33   13.00    4.53 
1998 5	   2.92   34.27   19.77    4.46 
1998 6	   7.38   37.97   23.96    5.44 
1998 7	   9.40   38.60   24.11    4.14 
1998 8	 250.50   35.04   23.45    3.15 
1998 9	  70.22   32.75   22.88    3.37 
1998 10	 173.20   28.05   17.26    5.15 
1998 11	  66.65   22.93   13.48    4.55 
1998 12	  20.10   19.59    7.15    5.31 
1999 1	   4.62   22.45    5.79    5.71 
1999 2	   2.30   25.45    9.89    4.91 
1999 3	  90.38   25.55   12.07    5.25 
1999 4	  28.42   29.31   16.71    5.50 
1999 5	  42.00   31.33   19.66    4.44 
1999 6	 114.28   33.83   22.33    4.23 
1999 7	  73.75   34.87   22.43    3.56 
1999 8	  66.15   36.37   22.57    2.34 
1999 9	   7.62   33.75   19.59    3.45 
1999 10	  12.15   29.24   14.01    4.26 
1999 11	   3.92   26.66   10.46    4.20 
1999 12	  13.82   21.07    5.13    5.10 
2000 1	  39.28   21.91    7.57    5.11 
2000 2	  14.82   24.81   11.11    5.34 
2000 3	  36.62   27.23   14.18    4.54 
2000 4	  17.90   29.71   14.99    4.77 
2000 5	 123.80   32.67   20.79    5.11 
2000 6	 136.27   32.98   21.65    4.63 
2000 7	  10.40   35.79   21.03    3.52 
2000 8	  12.40   37.59   22.55    2.85 
2000 9	  39.67   36.20   19.92    3.60 
2000 10	  88.33   27.81   17.39    4.66 
2000 11	 138.20   21.05   10.02    4.77 
2000 12	  33.20   15.19    3.55    5.16 
2001 1	  50.22   16.43    4.91    4.83 
2001 2	   9.12   22.01    9.16    4.95 
2001 3	  72.57   20.44    8.46    4.14 
2001 4	  26.28   28.38   17.19    5.63 
2001 5	  32.38   32.65   19.55    4.45 
2001 6	  20.18   36.43   22.54    3.28 
2001 7	   9.70   37.70   23.54    3.52 
2001 8	 105.03   37.29   23.64    3.56 
2001 9	  74.75   31.86   20.09    3.98 
2001 10	  15.23   28.65   14.53    4.38 
2001 11	 122.50   24.44   12.88    4.36 
2001 12	  76.90   19.22    7.18    4.54 
2002 1	   4.93   20.80    6.15    4.85 
2002 2	   7.55   20.08    4.04    4.90 
2002 3	  12.85   24.51   10.45    5.44 
2002 4	  32.35   30.78   18.77    5.01 
2002 5	  41.80   32.99   20.15    5.38 
2002 6	  86.20   35.92   22.79    3.72 
2002 7	 199.95   32.59   23.15    3.90 
2002 8	  48.00   35.28   23.20    2.97 
2002 9	 296.10   31.31   20.45    3.63 
2002 10	 177.27   27.01   17.94    3.66 
2002 11	  64.95   21.52    8.54    4.56 
2002 12	  80.07   19.71    6.30    5.26 
2003 1	  25.90   16.98    4.28    4.50 
2003 2	  59.10   18.70    6.94    5.14 
2003 3	  30.80   22.89   10.54    3.75 
2003 4	   3.40   27.97   15.87    4.68 
2003 5	   0.00   33.46   21.59    4.53 
2003 6	 113.33   34.39   22.40    3.23 
2003 7	 126.90   32.93   22.81    3.60 
2003 8	  12.40   35.71   22.46    2.77 
2003 9	 177.10   30.53   20.42    3.27 
2003 10	  97.55   28.42   15.30    3.92 
2003 11	  23.05   24.63   12.09    5.07 
2003 12	  16.75   21.26    4.74    4.99 
2004 1	  42.75   18.93    7.60    5.31 
2004 2	  59.03   19.11    6.10    4.94 
2004 3	  43.05   25.16   14.12    4.61 
2004 4	 152.88   26.05   14.55    5.15 
2004 5	  37.90   29.54   19.17    5.07 
2004 6	 256.80   32.91   21.76    4.04 
2004 7	  30.08   33.68   22.51    3.26 
2004 8	  61.75   34.99   22.46    3.28 
2004 9	  58.80   32.53   21.20    2.54 
2004 10	  60.53   31.66   19.72    4.40 
2004 11	 142.92   24.57   11.88    4.69 
2004 12	   3.78   19.75    5.11    5.06 
2005 1	  42.02   20.54    8.57    4.89 
2005 2	  77.02   19.04   10.63    4.99 
2005 3	  55.17   24.74   10.58    4.09 
2005 4	  14.15   28.41   13.25    4.54 
2005 5	  67.57   30.90   18.33    4.27 
2005 6	   8.07   34.85   22.06    4.13 
2005 7	  75.95   36.74   23.41    3.55 
2005 8	  11.27   36.74   23.37    3.36 
2005 9	  39.05   36.95   22.84    3.46 
2005 10	  60.35   29.39   15.07    4.18 
2005 11	   2.75   26.89   10.82    4.94 
2005 12	  10.07   20.04    4.91    4.93 
2006 1	   7.47   23.98    6.41    4.85 
2006 2	   6.88   21.94    5.56    5.03 
2006 3	  13.58   28.06   14.12    5.29 
2006 4	   9.65   32.95   17.93    4.89 
2006 5	  28.70   35.61   19.41    4.71 
2006 6	  15.80   36.41   21.61    2.96 
2006 7	  43.93   35.77   23.14    3.45 
2006 8	   5.20   38.06   23.88    3.35 
2006 9	 121.65   33.08   20.39    3.32 
2006 10	  18.87   29.60   16.62    4.19 
2006 11	   0.80   26.17   11.02    4.54 
2006 12	  82.30   18.78    7.23    4.98 
2007 1	 125.58   15.08    4.47    5.12 
2007 2	   2.35   20.36    6.39    4.51 
2007 3	 215.65   25.05   13.89    4.93 
2007 4	  62.95   25.12   13.49    4.55 
2007 5	 145.88   28.92   19.09    4.25 
2007 6	 237.42   31.59   21.70    4.16 
2007 7	 295.90   31.38   22.70    3.84 
2007 8	  65.05   33.47   23.37    2.96 
2007 9	  71.55   32.03   21.39    2.63 
2007 10	  17.97   30.51   15.24    4.06 
2007 11	  37.33   24.52   11.53    4.24 
2007 12	   5.53   22.39    6.30    4.23 
2008 1	  13.43   18.95    4.68    5.39 
2008 2	   2.25   26.04    8.32    5.10 
2008 3	  73.10   26.72   10.59    5.62 
2008 4	  49.50   29.20   14.72    5.05 
2008 5	  29.47   33.15   20.30    4.90 
2008 6	   7.62   36.98   23.29    4.43 
2008 7	 122.62   34.26   22.22    3.92 
2008 8	 114.53   34.58   22.70    3.16 
2008 9	   3.10   32.86   19.30    3.71 
2008 10	  40.18   29.97   13.93    4.05 
2008 11	   0.00   25.62   10.02    4.07 
2008 12	  11.70   20.59    5.51    5.55 
2009 1	   2.62   21.46    3.74    4.57 
2009 2	   4.85   25.82    9.02    5.42 
2009 3	  32.05   26.12   11.80    5.17 
2009 4	  29.85   29.32   14.64    5.12 
2009 5	  66.80   33.77   20.07    4.41 
2009 6	   8.40   37.19   22.45    3.87 
2009 7	  33.35   39.09   23.63    3.94 
2009 8	  13.95   38.48   23.45    2.90 
2009 9	 150.32   31.79   20.82    2.68 
2009 10	 142.93   27.99   16.32    4.87 
2009 11	  75.80   23.79    9.62    4.68 
2009 12	  58.05   14.08    4.29    4.94 
2010 1	  92.12   17.21    4.52    5.38 
2010 2	  89.90   16.33    4.44    5.03 
2010 3	  27.58   23.61    8.11    4.42 
2010 4	 188.18   26.69   15.41    4.67 
2010 5	  81.20   31.46   19.67    4.28 
2010 6	 104.72   34.03   23.24    4.33 
2010 7	  97.25   33.65   23.69    3.88 
2010 8	   3.43   37.70   23.17    2.71 
2010 9	 147.72   32.79   21.56    3.71 
2010 10	   3.30   30.21   13.66    4.27 
2010 11	  48.30   25.23   10.25    5.34 
2010 12	   6.40   21.38    4.82    5.17 
