1949 1	  84.93   12.36    0.20    4.47 
1949 2	  57.35   18.45    5.00    3.83 
1949 3	  72.60   22.46    7.10    4.16 
1949 4	 133.57   24.43   11.24    3.84 
1949 5	  21.35   31.43   18.93    3.46 
1949 6	 139.62   34.26   20.85    2.96 
1949 7	  38.80   36.66   22.45    2.51 
1949 8	  29.60   36.33   20.93    2.37 
1949 9	  24.93   34.30   19.09    2.74 
1949 10	  86.95   27.78   14.14    3.82 
1949 11	   3.08   25.92    7.10    3.42 
1949 12	  78.63   18.52    5.38    4.68 
1950 1	  35.85   17.76    6.24    4.91 
1950 2	 109.22   18.80    6.49    3.62 
1950 3	  12.68   22.19    6.02    4.57 
1950 4	 104.40   25.62   12.01    4.27 
1950 5	 108.88   29.77   17.83    3.52 
1950 6	  58.40   32.85   20.68    3.22 
1950 7	  70.82   34.97   22.26    3.31 
1950 8	  29.70   36.63   21.35    2.60 
1950 9	 123.57   31.82   18.77    2.70 
1950 10	  34.05   31.24   14.93    3.36 
1950 11	  17.00   23.76    5.30    4.29 
1950 12	   0.30   19.01    1.78    3.84 
1951 1	  17.20   18.59    1.38    4.88 
1951 2	  66.22   18.53    3.56    4.91 
1951 3	  56.35   23.46    7.87    4.43 
1951 4	  60.68   26.70   11.14    4.21 
1951 5	 158.38   29.09   16.73    3.62 
1951 6	  78.35   32.98   21.19    4.08 
1951 7	   8.23   37.28   23.76    2.87 
1951 8	   0.75   38.79   24.01    2.77 
1951 9	 123.85   33.14   19.89    2.88 
1951 10	  31.45   28.70   14.55    3.22 
1951 11	  27.30   19.10    5.68    4.53 
1951 12	  11.85   18.59    3.77    4.66 
1952 1	  16.82   20.62    7.31    4.70 
1952 2	  70.07   20.25    6.55    4.57 
1952 3	  70.17   20.67    6.65    4.19 
1952 4	 132.93   24.09   10.45    3.92 
1952 5	 166.90   28.85   15.73    3.01 
1952 6	  37.45   33.75   21.46    3.12 
1952 7	  19.57   35.40   22.34    2.30 
1952 8	   0.15   38.58   23.64    3.11 
1952 9	  23.33   33.61   18.17    3.04 
1952 10	   0.00   27.38    9.24    3.10 
1952 11	 139.95   19.89    7.76    4.23 
1952 12	 128.35   14.85    2.57    3.71 
1953 1	  19.58   20.07    4.35    4.94 
1953 2	  41.20   17.43    3.85    3.96 
1953 3	  47.85   23.90   10.78    3.89 
1953 4	  62.98   25.38   10.91    3.71 
1953 5	 180.23   28.74   16.88    3.42 
1953 6	   8.67   35.85   22.08    2.85 
1953 7	  51.65   35.42   22.80    2.59 
1953 8	 121.20   35.38   21.74    2.17 
1953 9	  28.12   33.24   16.84    2.37 
1953 10	 182.80   28.14   13.86    3.06 
1953 11	  47.55   19.25    5.71    3.34 
1953 12	  58.65   14.33    1.37    4.21 
1954 1	  31.95   16.18    2.46    4.25 
1954 2	   8.43   22.85    4.83    3.95 
1954 3	  17.73   21.02    6.45    4.61 
1954 4	  55.80   28.23   15.69    4.34 
1954 5	  82.60   27.49   16.11    3.53 
1954 6	   4.67   34.89   21.63    3.46 
1954 7	  18.55   38.09   24.31    2.87 
1954 8	  15.68   37.36   23.15    3.25 
1954 9	  18.73   35.28   19.97    2.94 
1954 10	  29.05   28.51   14.84    3.36 
1954 11	  59.82   21.34    5.49    3.58 
1954 12	   3.30   19.36    2.87    3.92 
1955 1	  50.53   14.83    2.30    3.81 
1955 2	  70.82   16.29    3.75    4.84 
1955 3	  29.92   23.01    8.15    4.77 
1955 4	  45.05   28.04   14.55    3.96 
1955 5	 195.67   30.60   18.23    3.76 
1955 6	 105.05   31.66   19.11    2.95 
1955 7	  52.68   35.60   21.64    2.89 
1955 8	 124.40   34.50   21.08    2.17 
1955 9	  71.55   33.25   20.70    2.87 
1955 10	   5.78   29.33   13.08    3.47 
1955 11	  41.53   21.76    6.71    4.91 
1955 12	   1.08   16.67    2.83    4.11 
1956 1	  62.40   15.59    2.42    4.26 
1956 2	  49.57   17.07    4.37    4.32 
1956 3	   3.85   22.64    7.49    3.79 
1956 4	  19.40   25.99   12.82    3.97 
1956 5	  76.80   31.99   19.10    3.43 
1956 6	  20.00   35.55   21.65    2.97 
1956 7	   7.65   38.12   22.62    3.43 
1956 8	   9.32   37.58   22.62    3.02 
1956 9	   1.25   35.24   19.60    2.88 
1956 10	  29.25   30.36   15.56    2.88 
1956 11	  66.30   19.91    6.42    3.93 
1956 12	  51.50   19.10    4.67    3.93 
1957 1	  48.35   14.16    2.92    4.03 
1957 2	  47.37   19.03    9.03    3.49 
1957 3	 129.62   19.48    7.32    3.70 
1957 4	 270.37   22.71   11.88    4.28 
1957 5	 101.98   27.10   17.67    3.90 
1957 6	  46.45   31.96   21.43    2.87 
1957 7	  14.77   36.92   23.16    2.22 
1957 8	   1.33   37.16   22.93    2.88 
1957 9	 164.97   31.01   18.33    3.12 
1957 10	 224.95   23.33   11.99    3.62 
1957 11	 110.90   17.62    7.29    4.27 
1957 12	  16.95   19.07    5.15    4.27 
1958 1	  41.35   14.14    1.95    4.75 
1958 2	 183.33   13.05    2.46    4.64 
1958 3	  34.92   16.54    6.00    3.99 
1958 4	 128.40   23.48   12.30    3.56 
1958 5	  66.35   29.46   17.31    2.78 
1958 6	  69.05   33.84   21.90    3.08 
1958 7	   6.35   35.56   23.00    3.30 
1958 8	  37.22   36.41   22.48    2.51 
1958 9	 121.83   31.12   20.73    2.88 
1958 10	  47.67   24.34   14.59    3.87 
1958 11	  33.60   21.33    8.86    3.42 
1958 12	  28.67   14.33    1.41    3.83 
1959 1	  13.02   13.31   -0.05    4.47 
1959 2	  80.27   14.50    4.38    4.21 
1959 3	   9.12   21.77    6.35    4.23 
1959 4	  75.15   23.13   12.03    4.19 
1959 5	  88.43   29.45   19.26    3.64 
1959 6	 137.40   32.88   21.33    2.97 
1959 7	  89.85   34.41   21.96    1.90 
1959 8	  74.18   34.32   22.11    2.37 
1959 9	  85.52   31.67   20.44    3.35 
1959 10	 215.38   25.94   13.96    3.32 
1959 11	  53.70   17.06    3.76    4.17 
1959 12	 101.67   16.76    5.07    4.19 
1960 1	  39.55   13.28    3.03    4.14 
1960 2	  61.08   13.69    1.16    4.76 
1960 3	  31.40   16.33    5.22    4.01 
1960 4	  42.45   26.57   14.37    4.41 
1960 5	  24.83   28.03   16.07    3.79 
1960 6	  85.10   34.70   21.00    3.16 
1960 7	  57.75   34.94   22.63    2.18 
1960 8	  49.75   34.22   22.08    2.60 
1960 9	  40.70   33.43   18.90    2.38 
1960 10	 178.62   27.36   14.97    2.86 
1960 11	  75.88   20.76    8.66    3.72 
1960 12	 149.33   12.74    2.18    3.90 
1961 1	  98.75   12.18   -0.48    4.10 
1961 2	 117.40   17.58    4.43    4.17 
1961 3	  55.85   22.46    9.40    4.37 
1961 4	  14.83   25.63   11.67    4.36 
1961 5	  41.40   29.72   17.00    4.20 
1961 6	 123.90   31.26   20.14    2.98 
1961 7	 114.15   32.03   21.37    2.66 
1961 8	  17.42   34.22   20.63    1.99 
1961 9	 152.53   30.90   18.99    4.13 
1961 10	  46.40   25.83   13.14    3.55 
1961 11	  58.75   18.47    6.07    4.24 
1961 12	  33.67   15.88    2.45    3.68 
1962 1	  22.17   12.82   -2.62    4.64 
1962 2	  51.05   21.74    6.54    4.33 
1962 3	  19.40   19.48    5.86    4.17 
1962 4	 132.18   24.23   12.66    4.31 
1962 5	  73.55   30.33   18.18    4.50 
1962 6	  90.57   31.93   19.72    2.35 
1962 7	   5.97   35.94   21.96    2.53 
1962 8	  20.73   38.16   22.63    2.36 
1962 9	  80.40   32.81   19.13    2.53 
1962 10	  95.00   28.04   15.64    3.46 
1962 11	  72.88   19.84    8.42    4.12 
1962 12	  31.65   14.92    3.91    3.49 
1963 1	   4.55   10.28   -2.18    4.05 
1963 2	  32.60   16.37    1.54    4.56 
1963 3	  11.95   23.54    9.38    4.26 
1963 4	  75.82   27.66   15.69    4.98 
1963 5	  25.80   29.75   18.35    3.60 
1963 6	  88.05   34.57   21.63    2.87 
1963 7	  14.45   36.50   22.92    3.25 
1963 8	  13.30   37.76   22.92    2.44 
1963 9	  33.25   34.15   20.25    2.44 
1963 10	  11.38   31.67   14.93    2.36 
1963 11	  89.10   22.49    7.95    4.33 
1963 12	  41.38   12.64   -0.91    4.48 
1964 1	  81.28   15.15   -0.23    4.09 
1964 2	  57.42   13.66    1.04    3.82 
1964 3	  86.85   20.78    6.49    4.15 
1964 4	  57.62   25.85   14.12    4.72 
1964 5	  51.30   29.89   18.24    3.66 
1964 6	 275.67   33.08   20.65    3.28 
1964 7	   0.30   36.35   22.64    2.70 
1964 8	  80.55   36.21   23.27    3.05 
1964 9	 191.23   31.18   19.91    2.68 
1964 10	  38.28   25.89   11.80    3.56 
1964 11	  89.25   22.34    9.22    3.83 
1964 12	  30.83   15.97    2.67    4.53 
1965 1	 108.15   16.91    3.55    4.06 
1965 2	 101.53   13.99    1.86    4.61 
1965 3	  54.05   15.77    4.52    4.51 
1965 4	  33.62   26.05   14.91    4.11 
1965 5	 339.08   27.22   18.29    4.31 
1965 6	  63.65   32.56   20.55    3.09 
1965 7	   9.60   35.94   22.22    2.32 
1965 8	  32.47   35.96   21.35    2.28 
1965 9	  92.95   32.72   20.19    3.35 
1965 10	  46.02   24.97   12.15    3.36 
1965 11	  95.05   23.27   11.35    3.30 
1965 12	  95.88   16.42    4.69    3.95 
1966 1	  44.80   11.66    0.10    4.49 
1966 2	  99.78   14.13    1.33    4.41 
1966 3	  20.80   20.80    7.49    4.02 
1966 4	 146.30   25.56   12.99    4.40 
1966 5	  42.97   27.91   16.67    3.24 
1966 6	  41.95   32.42   19.77    2.56 
1966 7	  19.67   35.49   22.90    2.47 
1966 8	  68.70   34.17   21.90    2.50 
1966 9	 125.45   31.07   19.02    1.93 
1966 10	   6.70   27.10   11.23    3.45 
1966 11	   2.83   23.47    8.64    3.96 
1966 12	  25.33   16.49    1.05    4.25 
1967 1	   6.62   16.19    1.37    4.42 
1967 2	  14.25   16.60    1.24    4.24 
1967 3	  24.45   25.65   10.25    4.34 
1967 4	  79.85   29.11   17.11    5.07 
1967 5	 104.42   29.00   16.22    4.44 
1967 6	   2.00   34.15   21.69    3.57 
1967 7	   6.17   35.91   22.07    3.44 
1967 8	  40.10   35.20   20.96    2.29 
1967 9	  92.85   29.21   17.66    3.23 
1967 10	 122.25   26.62   12.34    3.39 
1967 11	  82.95   19.52    7.56    3.54 
1967 12	  85.90   13.95    2.80    3.92 
1968 1	 218.70   11.72    2.88    4.42 
1968 2	  53.88   13.57    1.82    3.74 
1968 3	  73.27   18.45    6.52    4.51 
1968 4	  63.80   23.81   12.97    4.49 
1968 5	 204.37   28.09   17.06    3.88 
1968 6	  96.60   30.37   20.89    2.92 
1968 7	 102.85   32.35   21.32    2.61 
1968 8	  17.08   34.84   21.77    2.94 
1968 9	  89.03   30.24   17.32    2.99 
1968 10	  11.25   27.65   13.73    3.13 
1968 11	 124.67   19.63    6.14    4.21 
1968 12	  26.80   16.37    2.23    4.76 
1969 1	  17.52   15.76    3.46    4.45 
1969 2	  75.88   15.38    4.03    4.34 
1969 3	  93.25   15.79    4.47    4.28 
1969 4	  94.75   25.08   12.98    3.81 
1969 5	  59.08   27.78   16.15    2.85 
1969 6	  19.60   32.90   20.48    3.70 
1969 7	  13.40   37.10   23.41    2.93 
1969 8	  75.67   36.01   22.58    2.61 
1969 9	  45.25   31.71   19.53    2.67 
1969 10	  99.12   25.57   13.48    4.54 
1969 11	  53.92   19.98    6.76    3.59 
1969 12	  73.00   17.11    5.08    3.22 
1970 1	  58.53   11.03   -0.49    3.95 
1970 2	  75.90   16.08    3.95    4.43 
1970 3	 102.65   17.33    6.09    4.11 
1970 4	  46.90   25.46   14.24    4.53 
1970 5	 140.05   27.67   15.67    3.85 
1970 6	   0.12   32.13   19.96    2.81 
1970 7	  14.85   35.06   21.69    2.36 
1970 8	  96.47   36.37   22.67    2.64 
1970 9	 115.75   30.72   20.02    3.47 
1970 10	  82.75   24.60   12.23    3.69 
1970 11	   1.10   20.39    5.44    4.48 
1970 12	  11.48   19.94    6.95    4.12 
1971 1	   0.00   18.42    2.74    4.57 
1971 2	  44.15   17.82    4.08    4.99 
1971 3	   4.52   22.47    6.69    4.38 
1971 4	  48.20   25.80   12.14    4.16 
1971 5	 123.32   29.35   16.58    4.12 
1971 6	  32.30   33.86   21.58    3.38 
1971 7	 139.08   35.59   22.51    2.95 
1971 8	  71.93   31.49   20.86    2.17 
1971 9	  48.98   30.99   19.75    3.15 
1971 10	 163.15   27.23   15.27    3.05 
1971 11	  78.72   21.04    8.14    3.75 
1971 12	  96.38   16.39    6.54    3.91 
1972 1	  32.88   14.66    2.01    4.64 
1972 2	   5.25   18.51    3.70    4.36 
1972 3	  13.10   24.89   10.10    4.20 
1972 4	  41.52   28.02   14.72    4.60 
1972 5	 115.43   28.19   16.37    2.57 
1972 6	  79.55   32.58   20.94    3.32 
1972 7	  72.92   32.79   21.35    3.19 
1972 8	  85.70   33.70   21.22    2.56 
1972 9	  87.83   33.17   20.96    2.37 
1972 10	 188.35   26.05   13.19    3.39 
1972 11	  45.70   15.76    5.33    4.29 
1972 12	  52.75   13.83    0.57    4.29 
1973 1	 116.60   11.56    0.21    5.07 
1973 2	  55.72   14.38    2.91    4.22 
1973 3	  75.50   22.99    9.52    3.96 
1973 4	  69.07   21.30   11.15    4.49 
1973 5	  61.98   28.49   15.52    4.25 
1973 6	  96.10   30.31   20.07    3.34 
1973 7	 132.20   33.55   22.17    2.72 
1973 8	   7.65   33.96   20.72    2.45 
1973 9	 179.70   31.00   19.77    2.73 
1973 10	 183.57   26.27   15.11    3.25 
1973 11	  29.60   22.87   11.13    4.28 
1973 12	  11.98   17.86    2.70    4.40 
1974 1	  41.25   13.14    0.94    3.82 
1974 2	  14.70   19.45    3.12    4.92 
1974 3	  23.80   23.78   11.42    5.12 
1974 4	  84.50   26.19   12.66    5.03 
1974 5	  43.12   29.89   18.85    3.95 
1974 6	  11.60   32.65   20.20    3.26 
1974 7	  53.05   35.39   21.76    2.36 
1974 8	 227.55   32.44   21.32    2.90 
1974 9	 146.22   25.96   16.52    3.90 
1974 10	 209.03   26.68   13.28    3.75 
1974 11	  85.20   18.47    7.44    3.91 
1974 12	  60.22   14.59    2.89    3.69 
1975 1	  40.20   16.35    3.94    4.20 
1975 2	  82.65   15.67    2.61    3.96 
1975 3	  43.35   19.96    6.32    4.73 
1975 4	  32.88   23.70   11.72    4.88 
1975 5	 258.00   27.69   16.75    3.62 
1975 6	 141.80   31.34   20.91    3.35 
1975 7	  31.75   33.35   22.05    2.30 
1975 8	  92.22   33.43   21.84    2.60 
1975 9	  70.10   29.71   17.10    2.82 
1975 10	  62.23   26.91   12.68    3.46 
1975 11	  25.15   22.01    7.49    3.92 
1975 12	  38.72   16.11    3.21    4.37 
1976 1	   1.95   16.03   -0.11    4.43 
1976 2	  29.33   21.67    6.99    4.87 
1976 3	  98.05   21.70    9.26    4.81 
1976 4	 222.77   24.26   13.26    4.27 
1976 5	 101.60   26.11   15.03    3.10 
1976 6	 105.38   31.34   19.74    3.34 
1976 7	 126.55   31.45   21.29    2.51 
1976 8	  42.45   34.97   21.22    2.04 
1976 9	 200.32   30.15   18.51    2.33 
1976 10	 124.65   21.27    9.48    3.46 
1976 11	  41.25   15.57    4.45    4.09 
1976 12	  66.00   14.84    1.53    3.72 
1977 1	  46.20    9.14   -2.26    4.24 
1977 2	 107.70   17.85    3.58    4.20 
1977 3	  62.05   21.47    8.07    4.22 
1977 4	 201.18   24.54   12.58    3.69 
1977 5	  21.62   28.07   18.14    3.39 
1977 6	  66.60   33.04   21.44    3.13 
1977 7	   2.15   35.69   22.83    2.72 
1977 8	  15.30   36.12   23.12    2.92 
1977 9	  16.23   34.71   21.42    3.10 
1977 10	  49.70   28.02   14.18    3.02 
1977 11	  38.67   21.58    8.58    3.44 
1977 12	  10.52   17.68    2.96    4.80 
1978 1	  38.47    7.99   -2.32    5.16 
1978 2	  93.52    9.66   -0.41    4.46 
1978 3	  54.67   19.92    5.62    3.85 
1978 4	  33.42   26.40   13.83    4.35 
1978 5	  57.17   30.10   17.85    3.67 
1978 6	  55.25   33.26   21.14    2.68 
1978 7	  28.70   37.25   23.76    2.87 
1978 8	  27.92   35.28   22.48    2.74 
1978 9	  58.35   30.61   20.61    3.29 
1978 10	  34.10   27.72   13.51    2.94 
1978 11	 143.78   20.19    9.37    3.64 
1978 12	  58.97   14.73    2.60    4.46 
1979 1	  59.12    7.05   -1.50    4.95 
1979 2	  82.53   13.12    1.56    4.58 
1979 3	 143.62   21.16    8.78    4.38 
1979 4	 117.55   23.92   13.25    3.47 
1979 5	 231.88   25.90   14.97    3.85 
1979 6	 124.75   31.20   20.48    2.93 
1979 7	 130.65   33.13   23.00    2.76 
1979 8	  74.70   32.91   21.74    2.25 
1979 9	  75.45   30.69   17.92    3.23 
1979 10	  35.52   29.44   14.06    3.53 
1979 11	  19.02   18.87    5.49    4.53 
1979 12	  80.55   16.33    3.33    4.12 
1980 1	  25.23   14.33    2.98    3.70 
1980 2	  50.95   15.72    1.49    4.30 
1980 3	  48.97   20.46    5.44    4.04 
1980 4	  79.25   24.55   10.06    3.96 
1980 5	 201.90   28.14   17.15    3.18 
1980 6	  41.17   34.72   22.32    3.80 
1980 7	   0.80   37.84   23.27    2.43 
1980 8	   9.05   36.44   23.23    3.63 
1980 9	 108.40   32.70   21.04    2.70 
1980 10	  15.23   26.16   12.03    3.46 
1980 11	  90.70   19.94    6.73    3.86 
1980 12	  36.35   17.04    4.71    3.86 
1981 1	  29.95   15.24    1.96    3.76 
1981 2	  85.85   16.55    4.50    4.28 
1981 3	  73.30   19.64    8.18    3.99 
1981 4	  66.65   26.82   15.36    4.20 
1981 5	  99.30   28.40   16.14    3.94 
1981 6	 338.90   31.21   21.45    3.19 
1981 7	  14.00   34.32   22.91    2.73 
1981 8	  38.70   34.58   21.74    2.47 
1981 9	  68.00   31.11   18.01    2.85 
1981 10	 215.88   26.10   14.65    3.59 
1981 11	  21.23   22.46    8.67    3.53 
1981 12	  14.82   16.20    3.39    4.22 
1982 1	  29.48   16.06    0.54    5.02 
1982 2	  37.08   14.99    1.79    4.35 
1982 3	  48.33   21.27   11.09    5.08 
1982 4	  89.50   24.10   12.26    4.25 
1982 5	 128.72   28.53   17.70    3.92 
1982 6	  90.00   32.42   20.27    3.11 
1982 7	  11.35   35.26   22.95    3.23 
1982 8	  54.97   36.70   22.97    2.78 
1982 9	   9.05   33.26   18.57    3.19 
1982 10	  52.45   26.39   13.49    3.77 
1982 11	 134.05   19.44    9.09    3.80 
1982 12	  49.37   17.02    4.38    4.69 
1983 1	  40.02   13.37    1.59    3.67 
1983 2	  74.25   15.32    3.19    4.34 
1983 3	 106.87   19.41    6.84    4.17 
1983 4	   3.07   24.26    9.51    4.77 
1983 5	 199.02   28.30   15.64    3.75 
1983 6	  33.83   30.49   19.37    2.80 
1983 7	  39.13   33.72   22.22    2.96 
1983 8	  94.25   34.01   22.28    1.82 
1983 9	 107.60   31.80   18.43    3.10 
1983 10	  33.92   27.97   13.77    3.07 
1983 11	  54.10   23.55    8.38    4.12 
1983 12	  17.95   10.46   -1.95    4.76 
1984 1	  38.20   12.16   -0.88    4.27 
1984 2	   8.25   19.56    3.24    4.42 
1984 3	  85.17   22.50    8.48    4.36 
1984 4	  11.87   27.53   11.88    4.24 
1984 5	  43.05   31.45   17.13    4.26 
1984 6	 169.20   33.45   20.41    3.47 
1984 7	  47.12   35.87   21.53    2.63 
1984 8	  53.85   36.08   21.35    2.64 
1984 9	  45.78   31.23   17.40    3.98 
1984 10	 169.17   25.72   13.94    3.49 
1984 11	  73.47   20.42    6.61    4.19 
1984 12	  85.20   19.28    7.20    4.70 
1985 1	  36.97   11.69   -1.99    4.23 
1985 2	 101.53   13.18    0.82    4.55 
1985 3	  93.32   21.66   10.47    4.51 
1985 4	  95.07   25.70   14.12    4.38 
1985 5	  76.95   29.10   17.53    3.40 
1985 6	  82.90   31.84   20.21    3.41 
1985 7	  11.75   34.52   21.76    2.67 
1985 8	  34.67   37.00   22.43    2.54 
1985 9	 129.40   31.66   18.77    3.70 
1985 10	 140.65   25.22   15.23    4.55 
1985 11	 148.62   20.35    9.61    4.45 
1985 12	  63.42   14.35    0.49    3.92 
1986 1	   8.98   17.61    2.97    4.14 
1986 2	 164.10   19.16    6.30    4.19 
1986 3	  11.02   23.39    8.27    3.77 
1986 4	  66.55   26.32   14.96    4.27 
1986 5	 122.52   27.44   17.22    3.81 
1986 6	 153.32   31.76   21.30    2.24 
1986 7	   2.70   36.09   22.32    2.93 
1986 8	  80.88   35.03   21.87    2.43 
1986 9	 185.07   31.59   21.58    2.98 
1986 10	 156.45   24.72   13.49    3.32 
1986 11	  76.40   18.42    7.25    4.02 
1986 12	 137.62   13.07    3.41    3.87 
1987 1	  23.47   14.06    1.28    3.94 
1987 2	  86.02   16.83    5.75    4.51 
1987 3	  35.28   20.01    6.30    3.63 
1987 4	  28.15   26.18   10.48    2.95 
1987 5	  96.72   28.98   18.04    3.19 
1987 6	 180.73   31.14   20.54    2.94 
1987 7	  38.88   33.90   21.61    2.74 
1987 8	  14.40   35.73   22.63    2.86 
1987 9	  65.10   31.87   18.29    2.85 
1987 10	   8.45   26.77   11.32    3.43 
1987 11	 120.17   20.76    6.76    3.88 
1987 12	  90.00   16.22    3.87    4.11 
1988 1	   9.82   12.91   -1.03    4.56 
1988 2	  30.02   16.18    1.66    4.31 
1988 3	  72.30   21.15    7.11    4.43 
1988 4	  21.77   26.35   10.97    3.38 
1988 5	  64.62   28.80   15.25    3.35 
1988 6	  65.72   31.63   18.65    2.74 
1988 7	 105.12   34.43   21.22    2.80 
1988 8	  15.78   36.47   21.96    2.50 
1988 9	  38.35   33.65   18.35    3.43 
1988 10	  33.05   27.61   12.99    3.26 
1988 11	  31.82   23.42    7.48    4.46 
1988 12	  51.45   16.88    3.19    3.93 
1989 1	 111.12   16.27    3.01    4.00 
1989 2	 112.75   12.51    0.76    5.61 
1989 3	  95.58   20.08    5.93    4.72 
1989 4	  14.22   25.59   11.56    4.13 
1989 5	 145.07   29.82   17.30    4.30 
1989 6	 124.93   31.16   18.82    3.55 
1989 7	  20.68   34.52   20.58    2.57 
1989 8	  71.65   33.65   20.06    2.78 
1989 9	   9.80   31.51   15.73    3.36 
1989 10	  48.77   28.43   11.58    3.65 
1989 11	  19.38   21.81    6.65    4.07 
1989 12	   7.22   11.42   -4.17    4.48 
1990 1	  45.30   18.89    3.46    4.22 
1990 2	  61.03   19.56    4.08    4.65 
1990 3	  95.95   20.20    8.12    4.75 
1990 4	  83.65   24.87   10.96    4.43 
1990 5	 112.25   29.76   15.90    4.38 
1990 6	  21.27   35.78   20.63    3.62 
1990 7	  98.07   33.99   19.45    2.82 
1990 8	  11.32   35.83   19.98    2.67 
1990 9	 178.10   32.01   18.28    2.08 
1990 10	 123.27   26.27    9.54    3.41 
1990 11	  89.72   22.48    8.23    4.10 
1990 12	  40.52   14.93   -0.47    4.22 
1991 1	 118.95   11.34   -0.67    4.22 
1991 2	  47.83   18.62    3.18    3.94 
1991 3	  23.60   22.60    7.43    4.59 
1991 4	  43.75   26.13   12.70    4.20 
1991 5	 287.15   28.72   16.57    3.86 
1991 6	 136.02   32.31   18.93    2.88 
1991 7	  40.62   34.49   20.07    2.45 
1991 8	  40.60   34.56   20.04    2.26 
1991 9	 142.60   29.30   16.34    2.96 
1991 10	 127.50   28.23   11.87    3.28 
1991 11	  36.40   17.88    3.28    4.71 
1991 12	 241.85   15.68    3.42    4.47 
1992 1	 105.50   13.17    1.24    3.50 
1992 2	 189.53   18.56    4.36    3.93 
1992 3	  87.15   22.51    7.40    3.99 
1992 4	  36.00   24.64   10.38    3.27 
1992 5	 244.60   27.21   16.01    3.11 
1992 6	  56.70   31.95   20.65    2.45 
1992 7	  51.10   34.15   22.39    3.73 
1992 8	  73.60   33.22   19.84    2.39 
1992 9	  29.93   32.66   19.51    3.45 
1992 10	  12.02   29.20   13.41    3.32 
1992 11	 123.78   19.43    6.01    3.99 
1992 12	  83.75   16.34    4.93    3.75 
1993 1	  84.60   13.86    2.40    3.89 
1993 2	  88.90   17.14    4.18    4.28 
1993 3	 118.90   20.26    7.26    3.71 
1993 4	 122.25   23.70   10.95    4.55 
1993 5	 112.05   27.90   15.85    3.49 
1993 6	  90.65   32.28   21.28    3.85 
1993 7	   0.00   34.88   22.86    3.68 
1993 8	   0.00   37.11   23.10    2.75 
1993 9	 125.33   33.15   18.29    2.96 
1993 10	  86.38   26.05   12.34    3.86 
1993 11	  38.88   17.50    4.09    4.01 
1993 12	  49.00   16.90    4.47    4.26 
1994 1	  36.05   15.19    2.28    4.66 
1994 2	  75.80   16.95    2.92    4.31 
1994 3	  35.68   22.51    8.47    3.78 
1994 4	  55.18   25.63   11.46    4.19 
1994 5	 192.80   27.37   16.66    3.23 
1994 6	  83.50   34.19   21.71    2.77 
1994 7	  16.67   36.09   22.30    3.33 
1994 8	  40.67   35.43   21.98    2.23 
1994 9	  15.07   32.32   17.78    2.22 
1994 10	  87.78   26.85   14.55    3.51 
1994 11	  65.32   21.54    9.91    4.39 
1994 12	 132.90   16.66    5.17    3.80 
1995 1	  17.60   17.24    3.77    4.60 
1995 2	  36.97   19.27    5.61    3.69 
1995 3	  76.80   20.13    8.19    4.45 
1995 4	  95.20   24.63   11.93    4.36 
1995 5	 144.33   29.48   17.74    3.97 
1995 6	 111.65   31.94   19.76    2.93 
1995 7	  58.32   35.67   22.55    2.72 
1995 8	  39.53   35.42   22.66    2.03 
1995 9	  93.08   32.12   18.87    2.47 
1995 10	  38.70   28.71   12.36    4.03 
1995 11	  28.98   20.64    7.16    4.08 
1995 12	  27.05   17.09    4.48    4.43 
1996 1	   5.32   17.78    0.41    4.82 
1996 2	   4.17   20.45    5.06    5.22 
1996 3	  35.35   19.87    4.40    4.60 
1996 4	  35.05   27.34   10.85    4.57 
1996 5	  91.90   32.94   20.14    4.66 
1996 6	  76.85   33.83   21.36    3.04 
1996 7	  39.45   37.02   23.60    3.01 
1996 8	 157.08   34.34   22.47    2.86 
1996 9	 188.38   30.86   18.25    2.19 
1996 10	  40.27   26.38   13.54    4.15 
1996 11	 132.77   20.26    8.55    4.44 
1996 12	  65.80   18.25    3.89    4.05 
1997 1	  56.30   14.74    2.72    4.86 
1997 2	 149.82   15.79    5.87    4.45 
1997 3	  85.27   21.87    9.44    3.68 
1997 4	 168.60   22.42   10.65    4.33 
1997 5	 128.77   27.75   16.49    3.21 
1997 6	 140.00   31.40   20.78    2.52 
1997 7	  42.80   35.59   22.67    2.09 
1997 8	  12.10   35.48   22.20    2.83 
1997 9	  79.95   34.02   20.17    2.50 
1997 10	  91.55   27.07   14.29    3.94 
1997 11	 127.10   18.47    6.25    3.91 
1997 12	 178.08   16.17    2.44    4.25 
1998 1	 110.55   17.51    5.07    4.25 
1998 2	 100.00   17.68    5.34    4.03 
1998 3	  67.55   20.16    7.07    4.81 
1998 4	  47.20   25.55   11.28    3.82 
1998 5	  31.88   32.87   18.63    3.69 
1998 6	  19.80   35.79   22.55    4.66 
1998 7	  30.40   38.10   23.94    3.30 
1998 8	  51.10   35.95   23.07    2.05 
1998 9	 142.02   32.80   21.73    3.42 
1998 10	 276.80   27.18   15.24    4.14 
1998 11	  58.15   21.46   10.81    3.78 
1998 12	  58.20   16.50    4.71    4.53 
1999 1	  21.75   19.01    4.21    5.10 
1999 2	   5.35   22.48    6.79    4.19 
1999 3	  74.62   21.59    8.16    4.35 
1999 4	  46.65   27.61   14.40    4.78 
1999 5	 121.82   29.21   17.28    3.28 
1999 6	  61.07   32.72   22.07    3.24 
1999 7	  79.60   34.34   22.29    2.38 
1999 8	   3.02   38.18   23.53    1.88 
1999 9	 115.95   33.81   18.79    2.99 
1999 10	  54.05   28.49   12.61    3.39 
1999 11	   4.15   25.04    9.28    3.36 
1999 12	  53.05   18.44    3.59    4.48 
2000 1	  50.42   18.52    3.80    4.74 
2000 2	  60.05   21.73    7.83    4.76 
2000 3	  82.10   24.15   10.33    3.86 
2000 4	 142.18   25.89   12.88    3.91 
2000 5	  76.60   30.91   19.30    4.10 
2000 6	  95.27   32.52   21.53    3.55 
2000 7	   2.00   37.69   22.95    2.60 
2000 8	   4.20   38.27   22.71    2.08 
2000 9	 139.27   35.28   19.16    3.23 
2000 10	 112.12   25.94   15.43    3.90 
2000 11	 218.27   17.86    6.76    4.26 
2000 12	  86.57   12.37    0.54    4.45 
2001 1	 147.08   13.66    1.35    4.04 
2001 2	  44.20   18.96    5.79    4.20 
2001 3	 111.90   16.78    6.17    3.53 
2001 4	  28.30   26.57   14.72    4.75 
2001 5	 166.02   30.29   17.90    3.51 
2001 6	  97.77   33.17   20.96    2.38 
2001 7	   7.33   36.22   22.87    2.48 
2001 8	 315.32   36.10   22.86    2.70 
2001 9	  46.88   30.66   18.69    3.17 
2001 10	  63.75   26.77   12.20    3.59 
2001 11	 153.62   22.28   10.38    3.39 
2001 12	  82.48   17.88    4.69    3.90 
2002 1	  25.87   17.32    2.99    3.95 
2002 2	  34.25   16.66    1.63    4.26 
2002 3	  38.45   20.05    6.81    4.77 
2002 4	  40.30   27.40   16.17    4.51 
2002 5	  65.45   31.14   17.73    4.47 
2002 6	 116.80   33.62   21.00    2.92 
2002 7	 103.50   33.27   22.61    2.92 
2002 8	  11.25   36.14   22.73    2.44 
2002 9	  66.22   33.33   19.47    3.54 
2002 10	 174.95   25.92   15.08    3.04 
2002 11	  47.60   20.55    6.83    3.96 
2002 12	 138.15   16.73    3.92    4.52 
2003 1	  25.35   14.66    1.53    4.04 
2003 2	 128.25   15.18    4.09    4.30 
2003 3	  40.18   20.72    7.54    3.16 
2003 4	   6.25   27.57   12.75    4.00 
2003 5	  36.30   31.30   19.19    3.79 
2003 6	 123.40   33.32   20.04    2.44 
2003 7	  21.73   36.00   22.51    2.48 
2003 8	  54.20   36.34   22.48    2.09 
2003 9	  66.45   31.56   17.75    2.64 
2003 10	 105.23   28.47   13.77    3.10 
2003 11	  34.05   22.60    9.40    4.31 
2003 12	  18.88   18.78    2.35    4.31 
2004 1	  72.60   17.65    4.30    4.50 
2004 2	 120.27   14.61    2.56    4.22 
2004 3	  40.77   23.95   11.58    3.85 
2004 4	 132.70   26.04   13.17    4.22 
2004 5	  56.45   29.22   17.83    4.04 
2004 6	 319.90   31.03   20.75    2.76 
2004 7	   8.53   34.21   21.53    2.11 
2004 8	  82.08   32.37   20.20    2.66 
2004 9	  22.65   32.64   19.06    2.41 
2004 10	 183.75   28.18   17.83    3.75 
2004 11	 197.55   20.79    9.10    3.98 
2004 12	  28.08   16.97    2.10    4.28 
2005 1	  77.82   17.11    4.78    4.32 
2005 2	  71.03   17.04    5.47    4.12 
2005 3	  57.23   21.52    7.38    3.66 
2005 4	  19.82   26.72   10.70    3.97 
2005 5	 124.72   29.53   16.09    3.22 
2005 6	  45.95   33.65   21.26    2.92 
2005 7	 127.37   35.55   21.90    2.49 
2005 8	 130.18   34.52   22.07    2.36 
2005 9	  27.95   35.33   20.52    2.97 
2005 10	  45.42   28.06   11.85    3.52 
2005 11	  24.08   25.25    8.95    4.10 
2005 12	   5.45   17.58    0.71    4.15 
2006 1	  39.92   22.33    2.89    4.54 
2006 2	  26.38   17.75    2.26    4.37 
2006 3	  88.45   24.03    9.44    4.58 
2006 4	 102.43   29.36   14.88    4.20 
2006 5	 123.75   31.40   17.09    3.49 
2006 6	  66.47   33.94   19.98    2.13 
2006 7	  43.53   35.34   22.01    2.23 
2006 8	   5.50   37.84   22.84    2.53 
2006 9	  74.48   33.58   17.85    2.74 
2006 10	 124.07   28.97   12.32    3.77 
2006 11	   5.60   24.01    7.12    3.99 
2006 12	  91.28   17.58    2.72    4.34 
2007 1	 172.78   13.85    0.20    4.45 
2007 2	   5.45   17.60    1.78    3.99 
2007 3	 223.43   24.05   10.82    4.09 
2007 4	  70.45   23.54   10.39    3.92 
2007 5	 257.75   27.77   16.86    3.55 
2007 6	 277.02   31.55   19.93    2.88 
2007 7	 189.72   31.95   21.70    2.64 
2007 8	  12.88   35.11   22.61    2.07 
2007 9	 119.42   32.67   19.88    2.21 
2007 10	  18.08   29.07   13.48    3.43 
2007 11	  43.27   22.67    8.80    3.58 
2007 12	  45.60   19.65    1.97    3.52 
2008 1	  21.85   15.58    0.84    4.61 
2008 2	  15.40   21.56    3.19    4.54 
2008 3	 138.93   22.78    6.87    5.00 
2008 4	  68.90   26.59   10.61    4.10 
2008 5	 168.73   30.43   17.10    4.19 
2008 6	  12.38   35.74   22.17    3.49 
2008 7	  45.12   36.78   21.46    2.91 
2008 8	 102.95   35.96   22.39    2.23 
2008 9	   9.75   32.11   16.97    3.46 
2008 10	  27.17   28.39   11.59    3.17 
2008 11	  20.55   23.53    7.91    3.35 
2008 12	   5.80   17.58    0.93    4.91 
2009 1	  24.35   17.10    0.27    4.05 
2009 2	  24.22   22.41    4.93    4.87 
2009 3	 102.25   22.94    7.64    4.37 
2009 4	 115.75   25.67   11.55    4.50 
2009 5	  68.93   30.15   17.68    3.38 
2009 6	   4.10   35.75   22.06    3.01 
2009 7	  31.60   37.43   24.03    2.67 
2009 8	   7.52   37.03   22.86    2.18 
2009 9	 295.40   29.44   18.92    2.29 
2009 10	 303.65   23.81   12.76    4.01 
2009 11	  45.12   21.46    9.04    3.50 
2009 12	  45.23   11.93    1.82    4.21 
2010 1	  91.28   13.37    1.46    4.36 
2010 2	  89.78   11.52    1.45    4.17 
2010 3	 101.70   19.70    6.00    3.68 
2010 4	  57.75   25.37   12.36    4.23 
2010 5	   2.40   31.04   17.10    3.42 
2010 6	  59.67   33.98   22.60    3.12 
2010 7	 104.05   33.61   23.59    2.84 
2010 8	   1.17   37.09   23.69    2.13 
2010 9	 319.95   31.81   19.47    3.04 
2010 10	   3.75   28.34   12.46    3.24 
2010 11	  36.62   21.75    7.62    4.60 
2010 12	  26.92   16.55    3.17    4.53 
