1949 1	 158.40   16.03    5.26    6.34 
1949 2	 142.35   18.97    9.11    5.59 
1949 3	 155.78   22.54   10.08    6.41 
1949 4	 135.03   23.90   12.76    6.24 
1949 5	  34.67   30.77   20.01    5.27 
1949 6	  88.25   33.39   22.25    4.21 
1949 7	 131.80   34.25   22.50    3.72 
1949 8	  83.03   33.97   20.59    3.28 
1949 9	  67.47   32.55   19.35    4.31 
1949 10	 344.18   26.30   16.32    5.66 
1949 11	   3.80   23.81    7.22    5.47 
1949 12	 164.90   18.22    6.98    7.22 
1950 1	  95.33   20.69   10.92    6.35 
1950 2	 128.70   21.08    9.59    5.17 
1950 3	  51.75   21.86    8.42    6.15 
1950 4	 132.72   24.75   13.27    6.42 
1950 5	 109.65   30.24   19.84    5.48 
1950 6	 158.60   32.20   21.18    4.05 
1950 7	  71.50   33.17   22.13    4.24 
1950 8	  22.20   34.73   21.52    3.25 
1950 9	 124.27   31.61   19.71    3.74 
1950 10	  11.32   29.84   14.57    5.36 
1950 11	  24.48   22.88    7.20    6.31 
1950 12	  41.80   19.50    4.89    5.63 
1951 1	  81.72   18.34    3.79    6.66 
1951 2	  60.53   18.63    5.90    6.61 
1951 3	  95.98   23.24   10.71    5.98 
1951 4	  26.35   25.46   12.85    5.80 
1951 5	  51.85   29.66   17.84    5.01 
1951 6	  87.80   33.11   22.11    5.31 
1951 7	  44.22   35.73   23.27    3.63 
1951 8	  22.32   37.93   23.64    2.91 
1951 9	 148.15   32.14   20.58    4.36 
1951 10	  23.73   28.51   15.29    5.27 
1951 11	  47.72   20.58    8.18    6.73 
1951 12	  69.95   19.86    7.58    7.12 
1952 1	 100.47   22.13   10.73    6.30 
1952 2	  79.85   20.28    8.83    6.48 
1952 3	  57.75   22.06    8.48    6.29 
1952 4	 207.85   24.35   11.72    5.23 
1952 5	 151.87   28.91   16.74    3.96 
1952 6	  74.53   33.06   21.64    3.67 
1952 7	  79.00   33.62   22.64    3.45 
1952 8	  23.58   35.38   22.94    3.53 
1952 9	  53.00   32.76   18.43    5.54 
1952 10	   0.57   27.25    8.48    5.28 
1952 11	 161.10   20.91    8.91    6.30 
1952 12	 107.68   16.51    5.12    5.51 
1953 1	  41.62   19.49    5.78    6.79 
1953 2	  98.25   18.02    6.27    6.16 
1953 3	  25.22   24.97   13.61    5.31 
1953 4	 169.80   25.93   13.55    5.92 
1953 5	 208.78   29.51   19.48    5.18 
1953 6	  81.67   34.95   22.39    3.55 
1953 7	  35.58   33.91   22.83    3.49 
1953 8	 136.50   33.33   22.49    2.57 
1953 9	  26.58   32.85   18.72    4.45 
1953 10	  80.20   29.11   14.70    5.09 
1953 11	  83.60   20.48    7.55    5.61 
1953 12	 141.83   15.11    3.76    6.65 
1954 1	  63.22   18.03    5.70    5.61 
1954 2	  36.45   23.02    7.36    5.93 
1954 3	  17.43   21.58    8.69    6.44 
1954 4	  98.50   27.18   16.27    5.11 
1954 5	  94.20   27.84   16.15    4.89 
1954 6	  24.88   33.46   21.39    4.05 
1954 7	 300.65   35.60   23.12    3.67 
1954 8	  33.05   34.47   22.78    3.94 
1954 9	  58.62   34.14   20.14    4.93 
1954 10	 176.23   28.35   16.22    5.86 
1954 11	  45.00   21.65    7.40    6.17 
1954 12	  58.68   19.97    5.26    5.78 
1955 1	  87.38   16.23    5.15    5.34 
1955 2	 125.87   18.18    5.82    6.21 
1955 3	  18.55   24.28   11.70    6.54 
1955 4	  90.78   26.92   15.64    5.48 
1955 5	  86.65   30.63   19.06    4.96 
1955 6	  51.88   32.58   19.37    3.73 
1955 7	 114.75   33.89   22.65    4.00 
1955 8	 143.47   33.85   22.40    2.91 
1955 9	  43.60   32.24   21.26    4.86 
1955 10	  42.15   28.66   12.95    5.44 
1955 11	  35.08   21.76    8.86    7.23 
1955 12	  44.17   18.02    5.79    6.31 
1956 1	  97.37   17.41    3.90    5.85 
1956 2	  74.93   19.63    7.44    6.27 
1956 3	  66.12   22.17    9.30    5.25 
1956 4	  52.45   25.22   13.02    6.25 
1956 5	  79.68   31.28   18.97    4.40 
1956 6	  55.35   33.21   20.17    3.92 
1956 7	  21.75   36.37   21.85    3.91 
1956 8	  30.38   36.01   21.49    3.39 
1956 9	  13.23   34.51   18.34    4.90 
1956 10	  41.38   30.16   14.52    4.29 
1956 11	  80.05   21.77    6.99    6.02 
1956 12	  79.53   20.26    7.23    5.47 
1957 1	  49.58   17.53    7.38    5.59 
1957 2	  84.45   21.40   11.11    4.72 
1957 3	 187.78   21.37    9.21    5.20 
1957 4	 177.38   25.00   14.67    6.53 
1957 5	  75.18   29.55   19.41    5.91 
1957 6	 139.57   32.18   21.86    5.15 
1957 7	  77.75   35.93   23.07    2.86 
1957 8	  67.45   34.96   21.89    4.00 
1957 9	 227.43   29.40   18.50    4.52 
1957 10	 213.90   25.26   12.46    6.04 
1957 11	 172.32   20.80    9.33    6.66 
1957 12	  67.53   19.29    5.53    6.25 
1958 1	 163.80   15.42    2.37    7.64 
1958 2	  88.00   14.67    3.80    7.12 
1958 3	  20.48   20.20    7.85    6.12 
1958 4	  97.30   26.17   13.54    5.41 
1958 5	  86.00   30.56   18.69    3.92 
1958 6	  61.18   34.44   22.14    4.38 
1958 7	  23.73   35.67   22.58    4.04 
1958 8	  39.00   35.16   22.12    3.03 
1958 9	 252.65   31.36   21.81    5.19 
1958 10	  90.20   25.61   15.37    6.49 
1958 11	  68.50   22.30   10.35    5.37 
1958 12	  55.03   16.26    4.00    5.88 
1959 1	  42.92   15.00    2.69    6.50 
1959 2	 150.10   17.24    7.12    6.28 
1959 3	  81.15   21.93    7.70    6.31 
1959 4	 171.80   24.20   13.18    5.73 
1959 5	 121.83   30.32   19.74    4.94 
1959 6	  97.90   33.09   21.98    4.21 
1959 7	 255.35   33.49   22.32    2.73 
1959 8	 111.88   33.34   22.71    3.29 
1959 9	  71.67   32.07   21.08    4.73 
1959 10	 130.25   27.75   15.28    5.15 
1959 11	  68.93   19.73    5.48    6.74 
1959 12	 154.70   17.97    5.84    6.52 
1960 1	  85.45   15.09    4.68    6.20 
1960 2	 137.43   15.25    2.85    6.81 
1960 3	  20.13   18.74    7.29    5.74 
1960 4	  89.80   26.83   15.05    5.77 
1960 5	  22.45   29.19   16.71    5.51 
1960 6	 267.57   33.81   21.25    4.14 
1960 7	  82.15   34.45   22.74    2.66 
1960 8	 192.40   32.94   22.41    4.07 
1960 9	  82.97   32.08   18.88    4.20 
1960 10	 318.80   28.32   15.98    4.62 
1960 11	 134.33   22.55   10.36    5.95 
1960 12	 145.10   15.52    4.91    6.37 
1961 1	 130.62   13.79    1.82    6.52 
1961 2	 188.05   19.43    6.72    5.34 
1961 3	  60.75   24.16   11.31    6.36 
1961 4	  56.58   24.71   12.01    6.02 
1961 5	  21.33   29.58   17.31    5.75 
1961 6	 305.12   31.28   20.32    4.31 
1961 7	 235.30   32.65   22.02    3.43 
1961 8	  88.70   32.99   20.84    3.09 
1961 9	 310.10   31.17   20.28    6.76 
1961 10	  29.05   27.47   13.32    5.83 
1961 11	 133.85   20.83    7.96    6.74 
1961 12	  76.45   18.11    5.41    5.81 
1962 1	  66.85   14.50    0.75    6.95 
1962 2	  59.53   23.30    9.84    6.32 
1962 3	  35.80   20.59    7.04    6.19 
1962 4	 177.58   26.12   13.27    6.02 
1962 5	  27.87   30.82   17.86    5.67 
1962 6	 144.75   32.83   21.05    3.53 
1962 7	  38.12   36.13   22.00    2.58 
1962 8	  78.67   38.28   22.17    2.90 
1962 9	 100.52   33.04   20.79    4.03 
1962 10	  65.15   30.05   16.54    5.21 
1962 11	 111.55   21.27    7.55    6.69 
1962 12	 124.03   16.54    5.08    5.55 
1963 1	  68.02   14.04   -1.15    6.94 
1963 2	 114.25   18.18    2.24    7.08 
1963 3	  18.15   25.28   10.00    5.94 
1963 4	  32.03   28.67   16.05    6.25 
1963 5	  37.52   31.39   18.08    4.46 
1963 6	 159.67   33.76   21.00    3.97 
1963 7	  58.33   35.05   22.48    3.95 
1963 8	  68.93   36.08   21.93    2.59 
1963 9	 111.70   32.95   20.00    4.40 
1963 10	  39.83   30.96   14.61    4.48 
1963 11	  93.25   23.14    9.51    6.60 
1963 12	 115.00   13.73   -0.47    7.13 
1964 1	 102.45   16.06    1.70    5.95 
1964 2	  83.38   14.92    2.20    6.10 
1964 3	 102.38   22.03    6.84    6.32 
1964 4	 135.80   26.38   14.55    6.67 
1964 5	 115.30   30.29   18.08    4.86 
1964 6	  61.43   32.09   20.21    4.22 
1964 7	  64.82   34.25   21.38    3.87 
1964 8	  59.42   35.63   22.11    3.58 
1964 9	  98.43   32.27   19.12    4.17 
1964 10	   7.85   27.03    9.14    6.17 
1964 11	  85.10   24.35    9.37    5.99 
1964 12	  74.85   17.82    4.45    6.98 
1965 1	  54.17   19.74    4.35    6.06 
1965 2	 125.20   17.17    3.49    7.36 
1965 3	  74.03   19.84    6.09    7.14 
1965 4	  27.20   28.33   15.54    6.07 
1965 5	 135.58   29.18   18.86    6.57 
1965 6	  45.08   32.86   19.89    4.51 
1965 7	  83.85   35.11   21.13    2.71 
1965 8	 106.05   34.51   20.43    2.85 
1965 9	  98.50   32.64   19.39    5.37 
1965 10	  47.65   26.83   11.60    5.62 
1965 11	  98.82   25.10   12.18    5.14 
1965 12	 189.28   18.86    4.99    6.34 
1966 1	 141.17   12.79    1.48    7.07 
1966 2	 148.50   16.01    2.81    6.27 
1966 3	  44.58   21.42    7.20    5.89 
1966 4	 120.20   26.33   13.69    6.23 
1966 5	 160.45   28.61   18.19    5.05 
1966 6	  67.05   32.22   18.96    3.92 
1966 7	  51.83   34.89   22.16    2.85 
1966 8	 154.75   32.57   21.32    3.50 
1966 9	  68.35   31.45   17.72    2.90 
1966 10	 111.40   26.51   10.75    5.82 
1966 11	  14.55   24.05    9.43    6.03 
1966 12	  64.25   16.81    3.35    6.24 
1967 1	  51.60   16.31    2.67    6.12 
1967 2	  45.62   18.12    2.59    6.21 
1967 3	  38.50   25.17   10.06    5.63 
1967 4	  96.45   28.66   17.56    6.60 
1967 5	 129.75   28.84   16.21    6.58 
1967 6	  47.25   33.50   20.00    4.65 
1967 7	 102.88   33.48   20.62    4.18 
1967 8	  65.93   33.75   19.98    3.17 
1967 9	  69.70   30.36   17.09    5.55 
1967 10	  96.70   27.73   10.40    5.58 
1967 11	  14.50   22.07    7.37    5.79 
1967 12	 109.77   16.91    4.65    6.03 
1968 1	 123.40   13.97    3.87    6.71 
1968 2	  37.58   15.63    0.93    6.00 
1968 3	  73.70   19.78    6.69    6.32 
1968 4	  81.78   25.81   14.40    6.53 
1968 5	 270.27   29.06   16.76    5.42 
1968 6	 307.65   30.89   20.47    4.35 
1968 7	 103.90   32.89   20.70    3.64 
1968 8	  30.65   34.16   21.02    3.65 
1968 9	 104.33   30.42   16.89    4.86 
1968 10	  95.80   28.10   13.18    4.99 
1968 11	 137.40   20.34    5.36    6.54 
1968 12	  92.65   16.79    2.21    6.80 
1969 1	  43.70   16.79    5.24    6.62 
1969 2	 145.53   17.20    5.37    6.64 
1969 3	 113.32   17.92    5.51    6.20 
1969 4	  88.95   25.84   13.70    5.29 
1969 5	 140.45   28.51   16.06    4.70 
1969 6	  20.10   32.56   19.70    4.81 
1969 7	  42.78   36.14   22.56    3.52 
1969 8	  33.98   35.79   21.42    3.64 
1969 9	 125.40   33.01   17.80    4.54 
1969 10	  61.97   28.57   13.37    7.26 
1969 11	  70.43   21.74    5.41    6.38 
1969 12	 127.20   18.59    4.18    5.53 
1970 1	  70.55   12.59    0.68    6.81 
1970 2	  47.25   18.22    3.08    6.33 
1970 3	 125.90   19.76    6.27    5.88 
1970 4	 124.68   26.02   14.25    6.28 
1970 5	 151.05   27.81   15.43    5.92 
1970 6	  19.25   31.45   18.82    3.95 
1970 7	  63.22   33.83   20.84    3.27 
1970 8	  38.05   35.28   21.66    3.69 
1970 9	  96.55   31.95   20.43    5.92 
1970 10	 205.98   25.63   11.69    6.19 
1970 11	  36.53   19.97    4.94    6.46 
1970 12	  19.30   21.51    8.25    5.45 
1971 1	  12.23   19.11    5.84    6.53 
1971 2	  42.32   19.79    4.53    7.21 
1971 3	  20.60   22.29    6.11    6.15 
1971 4	  48.23   26.10   12.31    5.94 
1971 5	 162.67   28.49   16.51    5.39 
1971 6	  29.18   32.97   20.39    4.37 
1971 7	  41.67   35.92   21.79    3.58 
1971 8	 136.17   33.17   20.54    2.88 
1971 9	  82.83   31.06   19.70    4.94 
1971 10	 150.17   28.02   15.04    4.78 
1971 11	  71.45   22.04    7.17    6.14 
1971 12	 193.40   19.49    8.99    5.69 
1972 1	 101.22   18.74    6.39    6.55 
1972 2	  29.50   19.32    4.63    6.38 
1972 3	 104.05   24.53   10.12    5.85 
1972 4	  99.17   27.52   13.93    6.30 
1972 5	 182.58   28.96   16.24    3.89 
1972 6	  70.75   32.64   20.45    5.45 
1972 7	 180.80   32.32   20.85    4.72 
1972 8	  58.05   33.39   20.69    3.47 
1972 9	 127.75   33.02   20.48    3.72 
1972 10	  97.75   26.58   13.37    5.59 
1972 11	 204.38   17.21    6.27    7.03 
1972 12	  97.93   15.42    2.60    6.55 
1973 1	 135.98   13.14    1.22    7.09 
1973 2	 111.88   16.21    3.20    6.40 
1973 3	 153.12   22.88   10.48    6.12 
1973 4	 178.60   22.96   11.79    6.91 
1973 5	 131.35   28.80   15.69    6.02 
1973 6	 345.30   30.92   20.72    4.75 
1973 7	 223.67   33.81   21.92    3.37 
1973 8	 170.95   31.84   20.35    3.83 
1973 9	 193.60   30.52   20.23    4.55 
1973 10	 266.85   27.86   15.47    5.55 
1973 11	  51.00   25.19   11.69    6.62 
1973 12	 149.13   18.42    2.84    7.00 
1974 1	 279.00   15.73    6.29    5.11 
1974 2	  31.10   20.22    4.19    6.61 
1974 3	  79.53   24.65   12.87    6.24 
1974 4	  40.70   26.16   12.49    7.43 
1974 5	 114.78   29.94   18.69    5.78 
1974 6	  33.35   32.24   19.30    4.62 
1974 7	  92.55   34.79   21.05    2.80 
1974 8	 172.65   32.57   21.20    3.41 
1974 9	 198.88   27.94   17.58    6.24 
1974 10	 189.95   26.55   12.81    6.86 
1974 11	 173.77   20.24    8.30    6.34 
1974 12	 167.57   16.71    4.29    5.67 
1975 1	 103.85   18.57    6.04    6.05 
1975 2	  52.58   18.71    5.10    5.20 
1975 3	 110.10   21.27    8.71    6.47 
1975 4	 144.13   24.30   13.69    7.22 
1975 5	 147.35   29.34   18.20    5.40 
1975 6	 150.75   31.27   21.00    4.83 
1975 7	 169.37   32.63   21.53    3.39 
1975 8	 105.52   32.82   21.34    3.64 
1975 9	  76.05   29.90   17.06    4.69 
1975 10	 110.30   27.17   12.89    5.49 
1975 11	  68.68   21.62    6.77    6.08 
1975 12	 121.92   16.62    4.27    6.00 
1976 1	  32.97   17.07    1.48    6.84 
1976 2	  24.53   22.53    7.29    5.78 
1976 3	  73.35   22.13   10.38    6.95 
1976 4	  91.18   25.58   13.48    5.95 
1976 5	 224.62   26.98   14.21    4.74 
1976 6	 114.32   31.05   18.66    4.49 
1976 7	 150.30   31.87   21.09    3.28 
1976 8	  50.68   34.04   19.77    2.88 
1976 9	 206.57   31.08   17.68    3.57 
1976 10	 124.83   21.72    8.20    5.98 
1976 11	  82.52   16.41    3.87    7.04 
1976 12	 164.43   15.43    1.80    6.42 
1977 1	  69.38   10.73   -0.90    6.65 
1977 2	  50.62   18.96    3.69    6.81 
1977 3	  92.12   22.50    9.07    6.31 
1977 4	 119.60   25.52   12.20    5.60 
1977 5	  36.72   29.80   17.11    4.83 
1977 6	 118.63   33.10   20.74    4.38 
1977 7	  50.72   35.13   21.55    2.99 
1977 8	  94.75   34.47   22.56    4.09 
1977 9	  98.40   33.38   20.60    4.29 
1977 10	  41.60   27.65   12.76    4.85 
1977 11	 148.43   22.24    9.83    5.74 
1977 12	  69.05   17.74    3.83    6.93 
1978 1	 185.95    9.31    0.31    7.83 
1978 2	  87.32   11.96   -0.17    6.80 
1978 3	  23.55   21.33    5.80    5.27 
1978 4	  10.00   26.43   13.47    5.65 
1978 5	  40.33   30.88   17.79    5.02 
1978 6	 169.18   33.03   20.40    3.69 
1978 7	  92.30   35.68   22.12    3.06 
1978 8	  68.62   34.84   21.77    3.80 
1978 9	 152.27   30.99   20.48    5.31 
1978 10	   5.33   27.91   11.64    5.15 
1978 11	 181.52   22.94   11.03    5.42 
1978 12	  96.47   17.12    3.28    6.87 
1979 1	 231.18   10.37   -0.01    7.73 
1979 2	 130.77   14.27    4.20    6.22 
1979 3	 149.32   22.66    9.05    6.30 
1979 4	 285.20   24.75   14.05    5.35 
1979 5	 128.98   27.95   15.39    5.38 
1979 6	  81.42   31.67   20.09    4.38 
1979 7	 225.00   32.22   22.27    4.34 
1979 8	  61.25   32.95   20.94    3.09 
1979 9	 279.77   29.39   17.61    6.17 
1979 10	  85.30   28.51   13.03    5.06 
1979 11	  86.15   19.68    5.12    7.22 
1979 12	 105.45   17.54    3.21    6.12 
1980 1	  72.57   16.99    6.33    5.42 
1980 2	 102.12   16.66    3.28    6.24 
1980 3	 124.72   20.87    8.04    6.17 
1980 4	  48.78   24.66   10.34    5.41 
1980 5	 145.75   29.28   17.79    4.40 
1980 6	  12.70   34.09   21.60    4.88 
1980 7	  34.45   36.82   22.50    2.47 
1980 8	  29.03   35.73   22.04    4.89 
1980 9	 185.07   33.49   21.13    3.99 
1980 10	  85.23   25.36   10.47    5.79 
1980 11	  61.15   19.07    6.14    6.15 
1980 12	  32.92   17.66    4.89    5.64 
1981 1	  82.35   15.90    1.63    5.51 
1981 2	  45.25   17.77    4.28    5.65 
1981 3	  86.38   21.47    7.60    5.83 
1981 4	  69.95   26.93   16.25    5.25 
1981 5	 200.40   27.90   16.50    5.29 
1981 6	 295.95   31.76   22.09    5.21 
1981 7	 137.68   33.66   22.92    3.52 
1981 8	 177.57   34.42   21.84    3.30 
1981 9	  35.55   30.55   17.76    4.46 
1981 10	 173.20   26.56   15.07    5.28 
1981 11	  93.57   22.79    9.79    5.25 
1981 12	  31.80   17.47    4.70    6.29 
1982 1	  72.48   16.84    3.17    6.92 
1982 2	  38.65   16.24    4.23    6.26 
1982 3	  91.53   22.11   11.60    6.35 
1982 4	 124.90   24.05   12.90    6.40 
1982 5	 179.20   28.47   17.72    5.44 
1982 6	 103.90   32.91   20.71    3.49 
1982 7	  68.83   34.59   22.44    3.01 
1982 8	  30.42   34.94   22.52    2.77 
1982 9	  34.55   32.91   17.92    5.09 
1982 10	 107.78   26.34   12.86    6.11 
1982 11	 274.03   20.71    9.42    6.10 
1982 12	 150.65   17.76    6.18    7.21 
1983 1	  35.12   14.83    2.90    5.55 
1983 2	 103.15   16.87    4.74    6.87 
1983 3	 119.13   20.85    6.65    5.87 
1983 4	  19.77   23.14   10.10    6.76 
1983 5	 313.73   27.93   15.95    5.41 
1983 6	 123.03   30.28   19.83    4.09 
1983 7	 111.60   32.43   22.05    4.28 
1983 8	 243.78   32.85   22.53    2.83 
1983 9	 174.50   30.14   18.68    5.43 
1983 10	  35.60   26.60   13.54    5.03 
1983 11	 107.07   22.27    9.44    6.14 
1983 12	  66.17   12.66    0.63    7.48 
1984 1	 101.93   13.26    1.01    6.56 
1984 2	 123.42   19.03    3.89    6.30 
1984 3	  91.00   21.94    9.39    5.63 
1984 4	  32.25   26.46   12.42    6.46 
1984 5	 113.90   29.31   16.95    6.25 
1984 6	  76.82   31.38   20.10    4.44 
1984 7	  53.62   33.73   21.30    2.97 
1984 8	  62.00   34.32   21.22    3.33 
1984 9	  51.28   30.50   18.65    6.58 
1984 10	 280.63   26.67   17.14    5.87 
1984 11	 101.60   20.43    7.96    6.59 
1984 12	  85.80   21.39   10.58    6.39 
1985 1	  74.03   12.63    0.22    6.14 
1985 2	 151.23   14.54    3.07    6.31 
1985 3	  81.95   23.13   12.08    6.20 
1985 4	  48.17   26.40   14.24    6.22 
1985 5	  52.58   29.88   17.30    4.20 
1985 6	  81.80   32.92   20.90    4.92 
1985 7	  60.93   33.69   21.69    3.03 
1985 8	  53.98   36.01   22.00    3.00 
1985 9	 141.15   32.27   19.57    5.77 
1985 10	 214.23   25.89   16.81    6.99 
1985 11	 206.05   22.62   13.15    5.72 
1985 12	  97.00   15.10    2.22    6.08 
1986 1	  22.25   17.93    3.72    6.15 
1986 2	 157.30   21.07    7.92    6.30 
1986 3	  36.77   23.92    8.38    5.15 
1986 4	  84.25   26.17   15.01    5.61 
1986 5	 198.10   27.84   17.52    5.08 
1986 6	 296.50   31.05   21.54    3.29 
1986 7	  15.32   34.04   22.78    3.64 
1986 8	 114.57   33.17   21.25    3.29 
1986 9	 204.07   31.11   22.15    4.36 
1986 10	  87.07   24.76   14.28    5.42 
1986 11	 165.90   19.63   11.07    6.67 
1986 12	 154.48   14.21    5.22    6.55 
1987 1	  64.20   15.41    3.29    6.02 
1987 2	 121.85   17.34    6.13    6.25 
1987 3	  35.05   21.51    6.60    5.89 
1987 4	   7.62   26.76    9.28    4.18 
1987 5	 130.62   28.78   18.79    4.13 
1987 6	 314.95   30.90   21.21    4.88 
1987 7	 106.70   32.25   22.18    3.84 
1987 8	  41.03   34.74   23.00    3.52 
1987 9	 147.88   30.85   18.16    4.30 
1987 10	  17.08   26.46   11.24    5.82 
1987 11	 165.68   21.65    7.82    6.81 
1987 12	 153.97   17.24    5.41    6.11 
1988 1	  37.80   12.97    0.51    7.00 
1988 2	  52.08   16.10    3.85    6.41 
1988 3	 119.53   21.58    8.06    6.30 
1988 4	  33.33   25.79   10.86    5.23 
1988 5	  14.80   28.12   14.48    4.50 
1988 6	  44.50   31.74   18.68    4.16 
1988 7	  75.30   33.58   21.86    3.71 
1988 8	  45.43   34.51   22.20    3.58 
1988 9	  37.67   32.71   18.89    5.61 
1988 10	  43.65   27.67   13.22    5.10 
1988 11	  20.35   23.65    9.33    6.88 
1988 12	  82.00   17.47    4.77    6.02 
1989 1	 181.17   17.47    7.57    5.76 
1989 2	  42.82   14.44    4.62    7.46 
1989 3	 140.25   21.65    8.49    6.51 
1989 4	  61.20   25.53   12.51    5.38 
1989 5	 379.10   29.25   18.48    5.45 
1989 6	 334.00   30.30   20.79    5.87 
1989 7	 100.77   31.89   21.96    4.04 
1989 8	  37.33   32.31   21.23    3.34 
1989 9	  50.05   31.09   17.39    5.33 
1989 10	  89.55   28.04   12.77    5.72 
1989 11	  50.45   21.36   10.19    6.56 
1989 12	  39.48   12.43   -0.94    7.27 
1990 1	 156.05   18.45    6.60    5.58 
1990 2	 111.88   20.61    8.13    6.91 
1990 3	 125.45   21.74   10.97    5.99 
1990 4	 117.97   26.01   13.44    6.12 
1990 5	 107.83   29.56   19.53    6.00 
1990 6	  40.30   34.28   21.86    4.22 
1990 7	  98.35   33.02   21.33    3.41 
1990 8	  35.08   35.93   21.54    2.77 
1990 9	  83.75   32.42   20.13    3.38 
1990 10	  88.93   26.83   12.06    5.57 
1990 11	  67.72   23.29    9.54    6.10 
1990 12	  92.57   17.19    4.24    6.23 
1991 1	 258.70   13.21    3.40    6.42 
1991 2	 160.82   18.97    6.08    6.25 
1991 3	  42.75   23.39    9.88    6.98 
1991 4	 186.78   25.91   16.38    5.95 
1991 5	 138.97   28.90   19.55    6.03 
1991 6	 148.03   32.11   21.67    4.27 
1991 7	 100.78   33.47   22.34    3.26 
1991 8	  83.63   33.14   21.81    2.77 
1991 9	 101.70   29.91   18.87    5.05 
1991 10	  51.38   29.07   14.79    5.43 
1991 11	 152.93   18.33    5.88    7.29 
1991 12	 191.62   16.90    7.53    6.76 
1992 1	 168.32   14.36    4.00    6.09 
1992 2	 154.90   19.79    7.37    5.99 
1992 3	 135.80   22.97   10.31    5.68 
1992 4	  70.90   25.06   13.19    4.65 
1992 5	 129.40   27.41   16.69    4.34 
1992 6	  92.83   31.93   21.31    3.63 
1992 7	  70.80   33.08   22.70    4.59 
1992 8	  31.30   32.01   19.65    3.07 
1992 9	  38.93   31.56   20.00    5.06 
1992 10	  68.75   28.63   12.99    5.45 
1992 11	 129.48   18.53    6.21    6.71 
1992 12	 103.20   17.05    6.80    5.25 
1993 1	 163.50   15.81    4.75    5.79 
1993 2	  57.38   18.39    5.50    6.33 
1993 3	 150.00   20.76    8.20    5.49 
1993 4	 139.12   23.77   11.18    6.08 
1993 5	 216.85   27.26   16.47    4.91 
1993 6	 244.80   30.78   22.24    6.00 
1993 7	   5.70   34.04   23.07    3.85 
1993 8	  62.48   35.71   22.90    2.91 
1993 9	  36.83   32.98   18.90    4.54 
1993 10	 116.75   26.01   13.93    5.86 
1993 11	  97.17   18.54    5.83    6.57 
1993 12	  69.15   17.20    5.12    6.39 
1994 1	  86.65   15.49    3.82    7.16 
1994 2	 135.98   17.65    5.47    6.12 
1994 3	  83.38   22.29    9.37    5.35 
1994 4	 102.18   25.47   13.74    5.51 
1994 5	 119.90   28.13   17.75    4.76 
1994 6	 101.22   32.45   22.67    4.66 
1994 7	  23.22   34.18   22.47    4.28 
1994 8	 145.48   33.10   21.81    3.36 
1994 9	  53.50   31.48   18.20    3.92 
1994 10	 544.37   26.16   15.26    5.83 
1994 11	  32.58   22.85   12.08    6.29 
1994 12	 124.62   17.66    7.61    5.93 
1995 1	 178.45   17.05    5.69    6.78 
1995 2	  87.00   19.68    6.36    5.59 
1995 3	 114.53   21.32   11.12    6.14 
1995 4	 104.47   25.08   13.06    6.32 
1995 5	 173.32   29.53   18.79    5.85 
1995 6	 136.32   31.91   19.65    4.21 
1995 7	 200.10   33.77   22.70    3.92 
1995 8	  96.17   33.61   23.12    3.45 
1995 9	  26.77   32.49   19.73    4.29 
1995 10	  84.88   27.40   12.90    7.37 
1995 11	  67.75   21.01    7.84    6.36 
1995 12	 154.22   17.73    6.59    6.84 
1996 1	  38.67   16.77    2.60    6.96 
1996 2	  29.00   19.62    6.77    6.54 
1996 3	   5.75   19.81    5.68    6.64 
1996 4	  80.90   26.48   12.18    6.14 
1996 5	  22.62   31.64   20.63    5.65 
1996 6	 115.38   33.27   21.29    3.98 
1996 7	  43.35   35.33   23.14    3.75 
1996 8	 181.53   33.51   22.20    3.86 
1996 9	 224.20   30.42   19.49    3.80 
1996 10	  52.83   26.17   14.56    6.90 
1996 11	 100.40   21.37   10.86    6.88 
1996 12	  99.02   18.79    6.93    6.06 
1997 1	 106.58   14.77    4.35    6.58 
1997 2	 200.55   16.75    7.13    6.85 
1997 3	 141.55   23.54   12.67    5.34 
1997 4	 115.40   22.73   11.32    6.90 
1997 5	 174.95   28.45   17.38    4.79 
1997 6	 118.02   31.44   21.19    3.92 
1997 7	  72.25   34.66   22.78    2.49 
1997 8	  54.12   34.82   22.51    3.27 
1997 9	 139.92   32.63   20.00    3.84 
1997 10	 128.88   25.30   14.78    6.78 
1997 11	 148.67   18.21    7.47    5.99 
1997 12	 166.12   15.42    3.18    6.53 
1998 1	 159.80   18.83    7.12    5.51 
1998 2	 146.02   18.41    6.23    5.85 
1998 3	  51.85   21.09    8.89    7.00 
1998 4	  31.00   24.77   11.85    5.72 
1998 5	   0.25   32.13   19.23    4.47 
1998 6	  53.78   35.43   23.59    6.38 
1998 7	  18.98   38.14   23.53    3.89 
1998 8	 135.85   35.81   22.91    2.96 
1998 9	 258.08   32.73   22.31    7.04 
1998 10	 358.22   27.11   15.99    6.94 
1998 11	 275.38   21.28   12.42    5.66 
1998 12	 136.15   17.63    6.65    6.22 
1999 1	  76.57   20.23    5.89    6.90 
1999 2	  24.83   22.57    8.97    5.41 
1999 3	  78.07   22.75    9.66    5.83 
1999 4	  84.72   27.72   15.34    6.46 
1999 5	 145.75   29.55   17.94    4.72 
1999 6	 102.08   31.59   22.23    4.74 
1999 7	  59.93   33.05   22.65    3.32 
1999 8	   6.15   37.09   22.93    2.98 
1999 9	 152.40   32.50   17.59    4.99 
1999 10	  38.38   27.63   11.88    5.91 
1999 11	  33.17   24.37    7.82    5.24 
1999 12	  63.98   18.78    2.83    6.74 
2000 1	  30.08   19.07    5.86    6.66 
2000 2	  25.88   22.50    8.00    6.13 
2000 3	  57.05   25.13   11.53    5.31 
2000 4	 121.23   26.01   12.36    5.13 
2000 5	 192.00   30.06   19.62    5.49 
2000 6	  72.75   32.44   21.55    4.81 
2000 7	  20.10   37.39   21.93    3.02 
2000 8	  52.58   37.37   21.37    2.43 
2000 9	 127.10   33.73   18.54    5.48 
2000 10	  77.65   27.25   15.25    6.22 
2000 11	 297.27   18.66    7.86    6.39 
2000 12	  70.35   13.51    1.62    6.84 
2001 1	 120.20   14.09    2.63    5.93 
2001 2	  60.10   19.77    8.09    5.93 
2001 3	 213.70   19.13    6.65    5.60 
2001 4	  16.62   27.06   15.82    6.88 
2001 5	  63.55   30.22   17.61    5.12 
2001 6	 363.10   31.43   20.68    4.10 
2001 7	  16.48   33.77   22.89    2.89 
2001 8	 118.47   34.39   22.46    3.92 
2001 9	 107.43   29.89   19.08    5.42 
2001 10	 181.57   25.59   11.70    6.28 
2001 11	 109.55   23.11    9.77    5.61 
2001 12	 175.33   18.68    5.75    6.06 
2002 1	  46.35   18.08    4.84    6.13 
2002 2	  39.67   17.17    2.22    6.63 
2002 3	  62.95   21.74    9.12    6.80 
2002 4	  77.85   27.16   16.89    5.75 
2002 5	  46.40   29.55   18.31    6.46 
2002 6	 196.50   31.83   20.80    4.59 
2002 7	 141.95   32.76   22.66    3.68 
2002 8	  79.03   33.02   22.43    3.75 
2002 9	 217.40   30.41   20.11    6.32 
2002 10	 373.02   24.85   16.60    4.88 
2002 11	 150.57   19.36    6.92    6.25 
2002 12	 146.35   16.74    5.08    6.96 
2003 1	  33.50   14.61    2.99    6.07 
2003 2	 119.00   16.11    6.11    6.18 
2003 3	  40.32   20.84    9.24    4.24 
2003 4	  37.30   25.99   14.44    5.35 
2003 5	   3.85   30.67   19.87    5.44 
2003 6	 146.45   32.21   21.18    3.84 
2003 7	 194.02   32.56   22.71    4.10 
2003 8	 188.32   33.72   22.67    3.54 
2003 9	 162.77   29.50   18.66    4.90 
2003 10	 127.55   26.69   13.58    5.26 
2003 11	 222.73   23.03   11.08    6.64 
2003 12	  68.12   17.57    3.11    6.37 
2004 1	 148.45   16.48    5.86    6.28 
2004 2	 156.02   15.05    4.91    6.48 
2004 3	  55.15   24.05   12.35    5.65 
2004 4	 119.05   25.05   13.28    5.70 
2004 5	 194.37   28.74   18.29    5.84 
2004 6	 304.35   30.43   21.44    4.52 
2004 7	  61.97   32.76   22.33    2.99 
2004 8	  99.00   32.80   20.82    4.12 
2004 9	  28.05   31.75   19.12    4.65 
2004 10	  58.88   29.25   18.30    5.37 
2004 11	 407.62   20.70   10.70    6.23 
2004 12	  46.97   16.13    3.66    6.82 
2005 1	  94.95   17.62    7.36    5.78 
2005 2	 135.02   17.67    8.87    5.72 
2005 3	  58.23   21.50    8.39    5.02 
2005 4	  41.27   25.41   11.54    5.67 
2005 5	  98.30   28.62   16.36    4.51 
2005 6	   3.85   33.24   21.11    3.80 
2005 7	 137.15   33.69   22.19    3.87 
2005 8	  69.72   34.24   22.09    3.01 
2005 9	  69.67   34.34   21.23    4.99 
2005 10	  49.12   27.40   12.43    6.27 
2005 11	  75.20   23.16    9.87    6.40 
2005 12	 106.15   16.58    2.38    6.61 
2006 1	  58.78   20.40    5.35    5.92 
2006 2	  82.15   17.60    3.40    6.13 
2006 3	  53.45   23.65   10.89    6.62 
2006 4	  89.12   28.10   15.60    5.62 
2006 5	  84.12   29.71   17.04    5.12 
2006 6	 111.68   32.42   19.85    2.97 
2006 7	 190.70   32.69   22.80    3.05 
2006 8	  60.30   34.49   22.90    3.29 
2006 9	  84.55   31.28   18.04    4.00 
2006 10	 454.77   26.84   14.36    5.84 
2006 11	  58.23   22.02    8.40    6.10 
2006 12	  86.33   17.20    5.28    6.78 
2007 1	 154.62   13.88    3.53    6.71 
2007 2	  31.30   17.22    4.08    5.72 
2007 3	 119.72   23.99   11.45    5.56 
2007 4	  84.72   23.51   11.48    5.82 
2007 5	 165.38   28.62   17.93    5.36 
2007 6	 135.95   31.40   21.42    4.22 
2007 7	 203.60   30.90   22.32    4.16 
2007 8	 100.55   33.72   23.21    3.38 
2007 9	  48.57   32.03   20.57    4.04 
2007 10	 150.50   27.86   14.26    6.23 
2007 11	 110.52   21.80    9.80    5.23 
2007 12	  60.45   19.51    5.37    5.06 
2008 1	 120.33   15.77    3.12    7.22 
2008 2	 117.05   21.02    5.29    5.99 
2008 3	  55.30   22.89    9.20    7.05 
2008 4	  47.60   25.80   13.09    6.09 
2008 5	 125.60   28.83   18.10    5.78 
2008 6	  59.72   32.77   21.41    4.44 
2008 7	  54.05   33.72   21.43    3.89 
2008 8	 175.08   32.83   22.25    3.66 
2008 9	 273.53   30.16   17.88    6.06 
2008 10	 147.65   26.59   11.77    5.55 
2008 11	 127.62   22.32    8.07    5.95 
2008 12	  53.10   17.25    4.65    7.08 
2009 1	  16.95   17.99    2.93    5.90 
2009 2	  54.12   21.56    7.10    6.52 
2009 3	 141.78   21.84    9.43    6.20 
2009 4	 216.63   24.82   11.91    6.75 
2009 5	  74.03   29.75   18.63    5.31 
2009 6	  20.52   34.03   20.91    3.74 
2009 7	 105.35   35.28   22.97    3.07 
2009 8	  34.27   34.27   22.44    2.34 
2009 9	  89.60   29.43   19.73    3.76 
2009 10	 299.25   25.82   14.70    6.31 
2009 11	  39.10   22.46    8.83    6.16 
2009 12	 180.73   13.44    3.77    6.94 
2010 1	  63.58   15.19    1.78    6.46 
2010 2	 104.10   15.85    4.85    6.70 
2010 3	  52.45   21.30    6.82    5.55 
2010 4	  22.05   25.84   12.56    5.77 
2010 5	  64.22   30.80   18.74    4.60 
2010 6	 141.73   32.95   22.67    4.19 
2010 7	 217.25   32.23   22.99    4.57 
2010 8	  70.28   35.44   23.22    3.05 
2010 9	 123.40   32.21   21.44    5.43 
2010 10	   0.28   29.02   12.29    4.85 
2010 11	 168.30   21.63    8.84    6.32 
2010 12	  57.05   17.55    4.28    6.80 
