1949 1	  88.05   11.08   -1.19    3.86 
1949 2	  74.88   17.51    4.30    3.36 
1949 3	  37.45   21.10    7.00    3.46 
1949 4	 122.25   22.57    9.49    3.30 
1949 5	  68.28   30.07   17.80    3.07 
1949 6	  44.15   34.08   19.64    2.94 
1949 7	  38.15   35.89   21.27    2.47 
1949 8	  37.23   35.51   19.25    2.23 
1949 9	  44.70   32.24   17.46    2.48 
1949 10	  76.88   25.51   11.51    3.37 
1949 11	   0.00   24.86    3.86    2.85 
1949 12	  49.47   16.66    3.27    3.87 
1950 1	  36.60   17.12    4.69    4.15 
1950 2	  82.08   17.48    4.59    3.27 
1950 3	   2.60   20.97    5.30    3.98 
1950 4	  97.12   24.01   11.64    3.74 
1950 5	 102.53   29.16   16.87    3.10 
1950 6	  49.50   33.23   19.61    3.03 
1950 7	  53.12   35.82   21.74    3.36 
1950 8	  35.45   36.53   20.39    2.56 
1950 9	  79.90   31.78   18.22    2.60 
1950 10	  21.88   30.19   12.67    2.97 
1950 11	   3.58   21.75    3.30    3.74 
1950 12	   0.00   18.78   -0.57    3.23 
1951 1	   0.70   17.08   -1.75    4.01 
1951 2	  41.45   16.83    1.31    4.28 
1951 3	  43.48   22.95    6.07    3.96 
1951 4	  56.28   26.65    9.89    3.73 
1951 5	 162.45   29.50   15.61    3.17 
1951 6	  51.75   34.24   20.25    3.81 
1951 7	   3.98   38.25   22.57    2.93 
1951 8	  22.52   38.68   22.47    2.82 
1951 9	  50.40   33.15   18.56    2.67 
1951 10	   7.42   29.08   13.28    2.89 
1951 11	   5.20   19.79    3.29    3.86 
1951 12	   3.33   19.29    1.18    3.81 
1952 1	   5.65   20.57    4.55    4.07 
1952 2	  18.10   20.74    3.83    3.90 
1952 3	  47.27   21.12    4.73    3.69 
1952 4	 111.37   23.62   10.08    3.49 
1952 5	 148.35   26.48   14.95    2.87 
1952 6	  51.30   33.60   20.48    3.07 
1952 7	  20.02   35.24   21.12    2.44 
1952 8	   3.50   38.99   22.34    3.09 
1952 9	 311.50   31.45   15.72    2.47 
1952 10	   0.00   26.26    6.33    2.65 
1952 11	  84.25   19.31    5.93    3.52 
1952 12	 106.20   15.16    0.37    3.10 
1953 1	  14.68   20.18    1.39    4.08 
1953 2	  24.02   17.26    2.32    3.20 
1953 3	  33.72   23.76    9.39    3.22 
1953 4	  56.22   25.91    9.72    3.09 
1953 5	 118.15   28.75   15.54    3.19 
1953 6	   5.77   36.81   22.09    2.86 
1953 7	  64.75   36.08   22.68    2.75 
1953 8	  51.40   35.45   21.35    2.17 
1953 9	  45.17   32.93   15.67    2.01 
1953 10	  79.82   26.89   12.49    2.68 
1953 11	   5.90   19.46    4.20    2.69 
1953 12	   4.28   14.48   -0.87    3.51 
1954 1	  11.40   17.07    1.24    3.68 
1954 2	   7.43   22.76    3.18    3.37 
1954 3	  18.42   21.95    4.81    3.86 
1954 4	  55.38   28.47   15.32    4.10 
1954 5	  58.58   28.30   15.64    3.16 
1954 6	  11.00   35.17   21.15    3.43 
1954 7	  13.08   38.45   22.77    2.74 
1954 8	  16.25   37.35   22.46    3.25 
1954 9	  32.95   35.23   17.94    2.48 
1954 10	  51.90   27.99   13.70    2.82 
1954 11	  42.05   21.19    3.77    2.90 
1954 12	   2.58   19.92    3.51    3.36 
1955 1	  45.25   14.96    1.67    3.37 
1955 2	  49.75   16.30    3.33    4.17 
1955 3	   9.23   22.72    6.74    4.07 
1955 4	  25.60   28.81   13.84    3.54 
1955 5	 128.05   31.16   17.80    3.45 
1955 6	 110.20   32.66   19.04    3.02 
1955 7	  48.27   35.32   21.73    3.02 
1955 8	  34.00   34.84   20.83    2.06 
1955 9	  85.82   32.62   19.90    2.49 
1955 10	  12.12   28.61   10.05    2.96 
1955 11	  20.33   21.18    4.95    3.99 
1955 12	   1.48   17.75    0.97    3.29 
1956 1	  23.97   16.20    0.70    3.68 
1956 2	  54.12   17.10    3.82    3.75 
1956 3	   0.08   21.61    5.11    3.33 
1956 4	  23.77   25.37   11.17    3.39 
1956 5	  80.05   31.25   17.88    3.19 
1956 6	   9.73   35.09   21.01    2.84 
1956 7	   5.18   36.82   22.09    3.36 
1956 8	  63.83   36.63   20.78    2.97 
1956 9	   6.12   33.71   17.68    2.40 
1956 10	  31.23   28.98   12.86    2.49 
1956 11	  49.60   19.25    4.14    3.33 
1956 12	  46.20   18.64    2.17    3.34 
1957 1	  26.05   15.15    2.04    3.48 
1957 2	  47.80   19.77    8.50    3.12 
1957 3	  67.17   20.30    6.58    3.33 
1957 4	 180.33   22.61   10.89    3.77 
1957 5	 190.70   26.45   16.00    3.43 
1957 6	  50.85   31.15   20.15    2.61 
1957 7	  14.15   36.77   21.74    2.39 
1957 8	   0.00   36.76   21.31    2.65 
1957 9	 110.10   30.99   16.34    2.76 
1957 10	 183.10   23.02   10.50    3.04 
1957 11	 122.50   16.89    5.04    3.52 
1957 12	  13.33   18.28    1.59    3.62 
1958 1	  81.38   13.88   -0.28    3.78 
1958 2	 105.25   12.69    1.41    3.89 
1958 3	  53.30   16.15    3.93    3.39 
1958 4	  46.35   23.73   10.56    3.18 
1958 5	 153.75   28.47   15.27    2.48 
1958 6	  92.65   33.60   20.53    2.92 
1958 7	  24.65   35.27   22.19    3.32 
1958 8	  71.70   36.14   21.56    2.43 
1958 9	 112.70   30.04   19.90    2.46 
1958 10	  80.22   23.44   13.29    3.14 
1958 11	  30.52   20.72    6.54    2.82 
1958 12	  25.00   14.19   -0.99    3.17 
1959 1	   1.28   12.45   -1.37    3.78 
1959 2	  65.18   14.00    2.49    3.44 
1959 3	   7.82   20.72    3.92    3.62 
1959 4	  73.50   21.43    9.84    3.64 
1959 5	  72.32   27.85   16.93    3.39 
1959 6	 282.92   31.67   19.58    2.78 
1959 7	  77.68   32.12   20.14    2.04 
1959 8	  46.05   32.64   20.29    2.40 
1959 9	  30.83   31.61   19.30    3.06 
1959 10	 208.03   25.36   11.67    2.86 
1959 11	  17.85   16.71    2.07    3.38 
1959 12	  97.67   16.45    2.79    3.58 
1960 1	  51.90   13.46    1.89    3.54 
1960 2	  57.10   13.42   -0.55    4.13 
1960 3	  37.90   16.39    4.10    3.49 
1960 4	  60.45   26.01   11.70    4.00 
1960 5	  21.50   27.91   14.62    3.50 
1960 6	  53.60   34.17   20.21    2.90 
1960 7	 101.87   33.91   21.22    2.18 
1960 8	  70.60   32.81   21.26    2.48 
1960 9	  80.02   31.58   16.54    2.11 
1960 10	  94.40   26.85   14.04    2.58 
1960 11	  25.50   20.02    7.37    3.07 
1960 12	 110.50   12.17    1.14    3.29 
1961 1	  51.80   11.88   -1.09    3.31 
1961 2	  84.75   17.53    2.63    3.73 
1961 3	  30.07   22.13    7.07    3.79 
1961 4	   7.95   25.23    9.60    3.90 
1961 5	  18.27   29.84   16.07    3.79 
1961 6	 219.62   31.48   19.17    2.77 
1961 7	  94.18   31.82   20.52    2.69 
1961 8	   2.78   33.41   19.23    1.90 
1961 9	  65.68   30.26   18.39    3.47 
1961 10	  28.20   25.34   11.91    3.16 
1961 11	  62.55   17.66    4.59    3.45 
1961 12	  14.50   15.27    1.08    3.08 
1962 1	   6.68   12.42   -3.22    3.87 
1962 2	  11.68   22.37    4.56    3.64 
1962 3	  16.92   19.25    4.75    3.57 
1962 4	 112.22   24.16   12.06    3.79 
1962 5	  43.35   30.15   17.82    4.30 
1962 6	  88.85   31.62   19.79    2.30 
1962 7	   5.15   35.64   21.95    2.75 
1962 8	  31.00   37.19   21.85    2.30 
1962 9	  97.08   31.98   19.18    2.33 
1962 10	  86.72   27.89   15.50    3.12 
1962 11	  45.93   19.37    6.31    3.29 
1962 12	  42.45   15.08    1.74    2.86 
1963 1	   3.02   11.55   -3.74    3.33 
1963 2	  27.85   16.95    0.06    3.67 
1963 3	  16.38   23.39    7.60    3.73 
1963 4	  48.70   28.27   14.59    4.51 
1963 5	 128.00   29.44   17.72    3.35 
1963 6	  58.43   33.67   21.19    2.88 
1963 7	   6.32   36.04   22.39    3.19 
1963 8	  20.42   36.23   22.14    2.41 
1963 9	  61.53   32.07   18.48    2.14 
1963 10	  10.27   29.02   13.34    2.11 
1963 11	  77.95   20.35    7.54    3.69 
1963 12	  14.27   10.85   -1.89    3.48 
1964 1	  70.27   15.45   -2.32    3.55 
1964 2	  49.53   13.66   -0.11    3.39 
1964 3	  69.55   20.92    5.78    3.66 
1964 4	  69.88   25.77   12.81    4.12 
1964 5	  59.97   29.81   17.03    3.42 
1964 6	  44.98   32.49   19.45    3.10 
1964 7	  13.73   36.23   21.62    2.62 
1964 8	  88.15   35.44   21.93    3.04 
1964 9	 261.02   30.61   19.17    2.42 
1964 10	  58.08   24.66    9.62    2.86 
1964 11	  65.60   20.90    7.67    3.26 
1964 12	  13.70   15.86    0.96    3.58 
1965 1	  46.42   16.81    2.60    3.36 
1965 2	 129.70   12.94    1.16    3.70 
1965 3	  19.70   16.28    3.16    3.86 
1965 4	  38.45   26.49   13.72    3.56 
1965 5	 170.28   26.44   17.42    3.72 
1965 6	  27.27   31.66   20.45    2.95 
1965 7	  31.60   34.90   21.44    2.33 
1965 8	  20.60   34.60   20.57    2.31 
1965 9	  77.65   32.74   19.13    2.86 
1965 10	  96.68   24.47   10.27    2.72 
1965 11	  46.33   22.97    8.48    2.64 
1965 12	  67.32   16.60    3.77    3.36 
1966 1	  24.92   11.51   -1.61    3.59 
1966 2	  40.12   14.45   -0.31    3.70 
1966 3	  14.17   20.39    6.09    3.57 
1966 4	 124.00   25.86   11.44    3.81 
1966 5	  30.10   27.70   16.11    2.84 
1966 6	  15.23   32.16   19.54    2.46 
1966 7	   2.80   35.82   22.50    2.51 
1966 8	 127.45   33.05   20.88    2.45 
1966 9	 147.83   30.12   18.01    1.80 
1966 10	   0.12   26.38    9.39    2.77 
1966 11	   0.10   23.72    6.76    3.43 
1966 12	   4.28   16.83   -1.42    3.50 
1967 1	   4.80   16.99   -0.92    3.79 
1967 2	  16.70   17.04    0.04    3.67 
1967 3	  28.42   25.92    9.45    4.03 
1967 4	  87.12   28.59   15.99    4.62 
1967 5	 135.75   29.03   14.53    3.88 
1967 6	   5.70   33.63   20.56    3.33 
1967 7	  28.50   35.34   21.30    3.32 
1967 8	  30.93   34.60   19.14    2.21 
1967 9	 114.30   28.63   15.97    2.68 
1967 10	  78.20   25.99    9.43    2.92 
1967 11	  87.38   19.36    5.79    2.91 
1967 12	  34.97   13.78    0.58    3.12 
1968 1	 153.15   12.36    2.21    3.69 
1968 2	  51.20   13.21    0.16    3.08 
1968 3	  90.80   17.41    6.40    4.09 
1968 4	  96.62   23.95   11.37    3.82 
1968 5	 144.65   27.13   16.08    3.61 
1968 6	  73.60   30.22   19.42    2.73 
1968 7	  57.72   32.56   19.84    2.62 
1968 8	  72.58   34.18   20.08    2.92 
1968 9	 111.35   29.42   14.94    2.53 
1968 10	   8.98   27.36   11.86    2.80 
1968 11	 110.05   19.48    3.42    3.52 
1968 12	   8.43   16.85   -0.33    3.98 
1969 1	   3.82   16.72    1.99    3.67 
1969 2	  26.35   15.48    1.63    3.47 
1969 3	  43.98   16.12    2.90    3.69 
1969 4	 151.55   25.25   11.49    3.54 
1969 5	  73.43   27.54   14.17    2.52 
1969 6	  48.50   33.00   19.29    3.48 
1969 7	  25.50   37.03   21.38    2.87 
1969 8	 160.93   35.82   20.76    2.45 
1969 9	  55.70   30.78   17.12    2.31 
1969 10	 311.10   24.23   11.92    3.81 
1969 11	  46.38   19.22    3.82    2.97 
1969 12	  45.73   17.28    2.04    2.69 
1970 1	  31.70   12.16   -2.18    3.14 
1970 2	  63.58   16.16    2.67    3.79 
1970 3	  93.67   17.31    4.26    3.52 
1970 4	  20.20   25.61   12.24    3.96 
1970 5	 150.07   27.10   13.79    3.28 
1970 6	  17.25   31.44   17.92    2.72 
1970 7	   7.35   34.80   19.91    2.27 
1970 8	  20.70   35.80   19.79    2.42 
1970 9	  93.05   30.91   17.87    3.00 
1970 10	  31.62   24.31    9.52    2.91 
1970 11	   0.25   20.54    1.75    3.76 
1970 12	   8.20   20.15    3.25    3.51 
1971 1	   0.00   18.92   -0.01    3.80 
1971 2	  25.43   18.28    1.41    4.20 
1971 3	   3.25   23.20    4.30    3.86 
1971 4	  62.10   25.70   10.42    3.66 
1971 5	  69.82   29.33   15.17    3.77 
1971 6	  36.23   33.84   20.24    3.18 
1971 7	 187.45   35.05   20.44    2.82 
1971 8	 176.42   30.08   18.12    2.08 
1971 9	  86.80   29.85   16.85    2.75 
1971 10	 169.12   25.78   12.95    2.63 
1971 11	  20.25   20.91    6.05    3.18 
1971 12	  68.82   16.91    3.87    3.37 
1972 1	  20.32   16.31   -0.73    3.79 
1972 2	   7.22   18.93    1.14    3.56 
1972 3	   4.30   25.00    8.32    3.60 
1972 4	  47.13   28.14   12.98    4.01 
1972 5	 138.03   27.46   14.73    2.31 
1972 6	  52.45   32.45   19.18    2.83 
1972 7	  23.18   33.02   20.35    2.97 
1972 8	  75.95   33.03   19.55    2.47 
1972 9	  87.25   32.57   18.74    2.23 
1972 10	  71.50   26.35   10.76    2.84 
1972 11	  25.98   15.78    1.81    3.34 
1972 12	  13.00   14.90   -2.04    3.51 
1973 1	  78.80   11.39   -2.33    4.22 
1973 2	  64.95   14.19    0.90    3.59 
1973 3	  36.30   22.49    6.83    3.33 
1973 4	  81.30   21.82    9.39    3.81 
1973 5	  36.42   28.98   13.35    3.58 
1973 6	 107.45   30.31   18.13    3.13 
1973 7	  97.98   33.29   20.44    2.72 
1973 8	   2.97   33.39   18.60    2.23 
1973 9	 121.13   30.40   17.71    2.58 
1973 10	 167.55   26.35   12.32    2.79 
1973 11	  15.18   22.93    8.64    3.61 
1973 12	   3.22   18.18   -0.76    3.70 
1974 1	  14.62   14.35   -1.49    3.28 
1974 2	  17.15   20.02    0.33    4.23 
1974 3	  15.60   24.40   10.37    4.60 
1974 4	  71.72   26.59   10.45    4.27 
1974 5	 119.70   30.08   17.48    3.47 
1974 6	  38.60   32.93   18.39    3.00 
1974 7	  14.67   35.28   20.69    2.43 
1974 8	 236.60   31.94   20.19    2.87 
1974 9	  93.77   25.69   14.68    3.25 
1974 10	 107.32   25.47   11.11    3.11 
1974 11	  45.43   18.47    4.88    3.25 
1974 12	  53.53   14.34   -0.38    2.95 
1975 1	  44.70   16.61    1.32    3.62 
1975 2	  56.88   15.92    0.75    3.51 
1975 3	  18.48   20.89    4.44    4.10 
1975 4	  75.47   23.88   11.08    4.33 
1975 5	 205.13   27.29   15.30    3.29 
1975 6	  89.65   31.24   19.64    3.14 
1975 7	  84.28   32.75   20.16    2.26 
1975 8	  37.92   33.69   20.15    2.52 
1975 9	  42.77   29.55   14.68    2.50 
1975 10	  23.23   26.84    9.86    3.09 
1975 11	  20.33   21.86    4.66    3.40 
1975 12	  24.02   16.34    0.42    3.78 
1976 1	   5.38   16.17   -3.41    3.62 
1976 2	   9.55   21.99    3.89    4.47 
1976 3	  42.85   22.56    7.73    4.12 
1976 4	 106.48   24.17   12.13    3.80 
1976 5	  93.07   26.09   13.20    2.81 
1976 6	  66.78   31.25   18.13    3.15 
1976 7	 244.88   30.15   19.44    2.51 
1976 8	  17.05   34.18   19.10    1.92 
1976 9	  76.27   30.16   16.81    2.07 
1976 10	 102.38   21.18    6.94    2.94 
1976 11	  21.97   15.67    1.93    3.27 
1976 12	  33.42   14.62   -1.64    3.04 
1977 1	  40.38    9.63   -3.53    3.35 
1977 2	  10.60   17.98    0.70    3.38 
1977 3	  66.45   21.74    5.11    3.63 
1977 4	 226.07   24.01   10.90    3.39 
1977 5	  22.80   27.50   17.68    3.35 
1977 6	  63.30   32.84   19.91    2.89 
1977 7	   8.22   35.47   21.38    2.75 
1977 8	  26.25   35.98   21.95    2.82 
1977 9	  10.62   34.70   19.77    2.75 
1977 10	  40.10   27.50   11.81    2.69 
1977 11	  72.10   21.20    5.85    2.86 
1977 12	   4.12   17.64    0.01    3.90 
1978 1	  11.53    9.11   -3.21    4.14 
1978 2	  62.12   10.08   -1.81    3.60 
1978 3	  17.90   20.45    3.92    3.48 
1978 4	  35.12   27.40   12.47    4.08 
1978 5	 103.15   30.59   16.79    3.42 
1978 6	  78.48   33.47   20.11    2.54 
1978 7	  10.20   37.45   22.66    2.90 
1978 8	 132.93   33.41   20.87    2.57 
1978 9	  74.28   29.64   18.85    2.80 
1978 10	  34.35   26.50    9.80    2.43 
1978 11	  95.22   19.11    7.08    3.16 
1978 12	  30.73   14.70   -0.88    3.50 
1979 1	  39.20    7.59   -2.85    3.97 
1979 2	  71.45   14.12   -0.41    3.79 
1979 3	  96.88   21.00    6.99    3.92 
1979 4	  78.42   24.57   11.36    2.96 
1979 5	  96.33   26.71   13.52    3.48 
1979 6	  73.82   30.90   18.75    2.67 
1979 7	  27.52   34.19   21.08    2.50 
1979 8	 100.72   32.83   19.66    2.30 
1979 9	  14.52   31.29   14.50    2.60 
1979 10	  33.55   30.07   10.87    3.11 
1979 11	   5.23   18.88    2.17    3.59 
1979 12	  74.43   16.38    0.11    3.47 
1980 1	  23.57   15.02    0.46    3.30 
1980 2	  33.75   16.47   -0.05    3.53 
1980 3	  34.85   20.47    3.92    3.49 
1980 4	  45.47   25.09    8.37    3.62 
1980 5	 186.60   28.23   15.98    3.03 
1980 6	  52.77   34.85   20.94    3.53 
1980 7	  14.85   38.10   21.15    2.63 
1980 8	  14.23   35.97   20.91    3.43 
1980 9	 145.00   31.62   19.40    2.54 
1980 10	  27.57   25.78    9.35    2.75 
1980 11	  62.88   19.21    3.21    3.18 
1980 12	  43.38   16.79    2.64    3.35 
1981 1	  24.20   15.04   -0.41    3.16 
1981 2	  46.20   16.41    2.41    3.76 
1981 3	  92.07   19.45    6.02    3.47 
1981 4	  50.62   26.48   13.45    3.75 
1981 5	  94.30   28.22   15.04    3.57 
1981 6	 214.47   30.86   19.89    2.83 
1981 7	   3.42   35.01   21.07    2.80 
1981 8	  74.97   34.23   19.58    2.38 
1981 9	  74.32   30.85   16.00    2.60 
1981 10	 127.53   25.79   13.29    3.24 
1981 11	  18.98   22.38    6.00    2.94 
1981 12	   2.97   16.46    0.14    3.37 
1982 1	  20.88   16.51   -1.81    4.18 
1982 2	  52.08   14.36    0.06    3.73 
1982 3	  26.53   21.90    9.23    4.46 
1982 4	  71.15   24.08   11.31    3.70 
1982 5	 125.62   27.81   16.33    3.55 
1982 6	 113.47   32.43   19.28    3.15 
1982 7	  26.45   35.64   21.70    3.32 
1982 8	  21.55   36.38   20.90    2.80 
1982 9	  25.12   33.46   16.31    2.72 
1982 10	  16.40   26.33   11.06    3.14 
1982 11	  95.25   19.39    6.54    3.30 
1982 12	  50.70   15.79    1.01    3.93 
1983 1	  24.43   13.47   -1.34    2.93 
1983 2	  46.98   15.71    1.01    3.52 
1983 3	 108.80   19.12    4.90    3.69 
1983 4	  12.93   23.78    7.62    4.12 
1983 5	 173.70   28.38   14.39    3.41 
1983 6	 157.10   30.06   17.50    2.73 
1983 7	  38.18   33.41   20.26    2.75 
1983 8	  19.05   35.39   20.11    1.67 
1983 9	  13.05   32.45   17.01    2.68 
1983 10	  46.00   27.53   12.03    2.84 
1983 11	  56.35   22.72    6.27    3.38 
1983 12	  11.48   10.61   -4.19    3.84 
1984 1	  47.00   12.19   -2.44    3.45 
1984 2	   4.80   19.33    0.27    3.78 
1984 3	  29.10   22.96    6.18    4.06 
1984 4	   5.25   27.86    9.15    3.50 
1984 5	  34.93   31.79   15.77    3.72 
1984 6	  62.12   33.94   19.35    3.36 
1984 7	  50.33   35.61   19.81    2.53 
1984 8	  26.05   36.23   19.55    2.58 
1984 9	  39.72   30.10   15.16    3.39 
1984 10	 154.60   24.62   13.73    2.96 
1984 11	  59.15   19.61    5.33    3.46 
1984 12	 102.82   18.52    5.55    3.97 
1985 1	  23.58   11.19   -3.08    3.60 
1985 2	  76.50   13.69    0.83    3.90 
1985 3	  87.88   21.36    9.15    3.88 
1985 4	  38.12   26.07   12.16    3.77 
1985 5	  74.10   30.06   16.30    3.10 
1985 6	  66.10   32.53   19.23    3.01 
1985 7	  20.10   35.31   20.23    2.63 
1985 8	  29.98   37.07   20.93    2.52 
1985 9	 111.60   31.40   17.41    3.20 
1985 10	 117.35   25.15   13.52    3.84 
1985 11	  29.88   20.41    8.36    3.81 
1985 12	  16.67   14.95   -2.05    3.21 
1986 1	   8.90   17.62   -0.55    3.44 
1986 2	  49.28   18.90    3.91    3.37 
1986 3	   6.70   23.71    6.01    3.37 
1986 4	  22.75   27.18   14.22    3.90 
1986 5	 119.57   27.71   16.45    3.53 
1986 6	 136.12   31.44   20.52    2.13 
1986 7	  15.27   35.99   21.65    3.00 
1986 8	  67.75   34.04   21.10    2.44 
1986 9	 128.88   31.02   20.91    2.87 
1986 10	 196.27   24.18   12.59    2.81 
1986 11	  62.80   18.50    5.73    3.20 
1986 12	 102.78   12.80    2.31    3.20 
1987 1	  22.38   14.53   -0.37    3.36 
1987 2	  69.10   15.76    4.15    3.93 
1987 3	  44.82   18.55    3.80    3.22 
1987 4	  26.22   25.57    7.86    2.80 
1987 5	 126.48   28.45   16.78    2.98 
1987 6	 122.85   30.18   19.08    2.50 
1987 7	  33.92   32.88   21.05    2.63 
1987 8	  79.38   35.05   21.95    2.80 
1987 9	  81.35   30.16   16.53    2.57 
1987 10	   8.00   26.63   10.17    2.97 
1987 11	  67.43   19.98    5.51    3.13 
1987 12	  42.18   15.84    1.33    3.41 
1988 1	   6.38   12.36   -2.06    3.82 
1988 2	  17.05   16.22    0.91    3.59 
1988 3	  38.70   21.42    4.96    3.87 
1988 4	  15.42   26.68    8.51    2.91 
1988 5	  89.50   28.43   14.59    3.09 
1988 6	  92.75   31.63   18.39    2.42 
1988 7	  91.55   33.46   21.38    2.63 
1988 8	  17.50   35.42   21.63    2.33 
1988 9	  41.95   32.15   17.61    2.93 
1988 10	  21.35   27.23   11.82    2.75 
1988 11	  31.90   22.89    5.80    3.56 
1988 12	  38.88   16.22    1.90    3.34 
1989 1	  74.80   16.24    2.16    3.29 
1989 2	  67.75   12.76    0.82    4.72 
1989 3	  59.62   20.77    5.89    3.90 
1989 4	  15.85   25.68   11.55    3.68 
1989 5	 112.45   30.38   17.39    4.01 
1989 6	 114.28   31.21   19.06    3.08 
1989 7	  37.65   34.55   20.87    2.36 
1989 8	  45.80   33.64   20.89    2.86 
1989 9	  40.45   30.64   15.23    2.97 
1989 10	  41.40   27.85   10.77    3.14 
1989 11	  26.65   21.24    6.04    3.23 
1989 12	   9.23   10.69   -4.47    3.67 
1990 1	  29.62   18.20    2.68    3.59 
1990 2	  86.55   19.17    4.66    3.82 
1990 3	  62.05   19.18    8.76    4.23 
1990 4	  71.90   24.09   11.94    3.93 
1990 5	  80.03   29.06   16.50    3.96 
1990 6	  28.40   35.35   22.06    3.57 
1990 7	 105.05   32.64   20.82    2.83 
1990 8	  17.42   34.00   20.67    2.76 
1990 9	  62.47   30.94   19.06    1.89 
1990 10	  91.65   25.98   10.15    2.84 
1990 11	  61.80   21.32    7.75    3.48 
1990 12	   6.72   14.73   -0.80    3.56 
1991 1	  72.22   11.02    0.34    3.46 
1991 2	  25.85   18.08    3.87    3.30 
1991 3	   5.95   22.45    7.55    3.87 
1991 4	  49.60   26.19   12.78    3.50 
1991 5	 156.70   28.57   17.26    3.38 
1991 6	 214.77   31.63   19.76    2.73 
1991 7	  29.68   33.99   20.86    2.55 
1991 8	  51.10   33.95   20.78    2.36 
1991 9	  76.70   28.47   16.94    2.54 
1991 10	  67.32   27.75   11.62    2.86 
1991 11	  20.95   18.15    4.04    3.81 
1991 12	 301.53   14.58    3.81    3.72 
1992 1	  80.00   12.91    1.55    2.89 
1992 2	 162.43   18.04    4.60    3.36 
1992 3	  69.07   21.80    7.56    3.43 
1992 4	  41.22   24.22   11.59    2.98 
1992 5	 170.55   26.32   15.47    2.77 
1992 6	 153.27   32.08   19.81    2.42 
1992 7	  20.50   33.43   21.58    3.67 
1992 8	  47.72   32.91   18.92    2.17 
1992 9	  29.45   31.92   18.06    3.05 
1992 10	  44.48   28.33   11.37    2.77 
1992 11	 124.22   17.99    4.42    3.31 
1992 12	  54.60   15.33    3.67    3.17 
1993 1	  32.30   12.91    0.68    3.16 
1993 2	  77.95   15.85    2.55    3.58 
1993 3	  53.63   19.59    6.06    3.25 
1993 4	 113.25   23.50    9.06    4.02 
1993 5	  54.70   27.29   13.98    3.09 
1993 6	 111.57   31.25   20.60    3.34 
1993 7	   0.00   34.76   22.13    3.77 
1993 8	   8.20   36.30   21.84    2.78 
1993 9	  82.78   31.67   16.63    2.54 
1993 10	  80.88   24.77   10.83    3.22 
1993 11	  26.83   16.61    2.85    3.27 
1993 12	  34.72   15.76    2.75    3.57 
1994 1	  49.17   14.23    1.03    3.86 
1994 2	  58.97   16.46    1.25    3.70 
1994 3	  25.50   22.34    7.02    3.37 
1994 4	  41.78   25.82   10.09    3.77 
1994 5	 207.87   27.20   15.42    2.91 
1994 6	  30.50   34.12   20.93    2.51 
1994 7	  36.30   35.56   21.74    3.23 
1994 8	  39.78   33.99   20.87    2.23 
1994 9	  31.97   30.78   16.05    1.92 
1994 10	 153.10   25.82   13.40    2.84 
1994 11	  60.43   20.46    7.81    3.69 
1994 12	  84.10   15.63    3.02    3.10 
1995 1	  13.62   15.86    0.96    3.74 
1995 2	  42.73   18.18    3.09    3.13 
1995 3	  94.38   18.42    6.29    3.82 
1995 4	  70.57   24.82   10.24    3.69 
1995 5	 175.10   28.34   16.31    3.58 
1995 6	  72.20   30.96   18.15    2.86 
1995 7	  36.13   35.21   21.05    2.62 
1995 8	  41.15   34.54   21.43    1.87 
1995 9	  63.28   31.60   18.18    2.16 
1995 10	  13.65   27.67   10.14    3.15 
1995 11	  36.30   20.28    5.43    3.25 
1995 12	  13.73   16.58    1.82    3.55 
1996 1	   6.80   16.65   -1.99    3.91 
1996 2	   9.80   19.58    2.59    4.42 
1996 3	  28.58   19.22    4.44    3.97 
1996 4	  60.55   26.33    9.81    3.95 
1996 5	  83.25   32.38   19.63    4.50 
1996 6	  84.43   33.46   20.62    2.84 
1996 7	  80.90   35.70   22.75    2.97 
1996 8	 128.35   33.08   21.51    2.82 
1996 9	  84.70   30.07   17.54    1.92 
1996 10	  76.42   25.73   11.55    3.37 
1996 11	  97.55   19.27    7.11    3.65 
1996 12	  53.05   17.34    1.33    3.31 
1997 1	  34.00   13.25    0.22    3.99 
1997 2	 180.03   14.25    3.25    3.64 
1997 3	  91.60   20.87    7.64    3.22 
1997 4	 122.28   20.91    8.69    3.58 
1997 5	  76.70   26.39   15.18    2.79 
1997 6	 278.48   30.74   19.43    2.44 
1997 7	  21.47   35.00   21.50    2.30 
1997 8	   8.73   34.77   21.29    2.78 
1997 9	  12.18   33.59   18.55    2.18 
1997 10	  37.20   26.42   12.51    3.21 
1997 11	  72.25   17.96    4.43    3.16 
1997 12	  76.12   15.20    0.06    3.59 
1998 1	  38.60   15.73    2.70    3.61 
1998 2	 116.30   16.72    3.52    3.33 
1998 3	 111.27   18.69    5.56    4.14 
1998 4	  20.12   25.19    9.02    3.29 
1998 5	  18.70   33.11   17.31    3.54 
1998 6	  62.45   34.84   21.31    4.21 
1998 7	  62.25   36.34   22.58    3.23 
1998 8	  73.20   33.59   21.08    1.97 
1998 9	  76.68   31.68   19.71    2.43 
1998 10	 151.80   25.52   14.16    3.45 
1998 11	  41.25   20.08    8.23    3.07 
1998 12	  60.90   15.10    1.52    3.79 
1999 1	   0.98   18.38    0.43    4.27 
1999 2	   2.95   21.56    3.44    3.58 
1999 3	 131.35   20.85    6.11    3.86 
1999 4	  38.35   26.19   11.51    4.10 
1999 5	 158.40   28.40   16.36    3.05 
1999 6	  63.30   31.11   21.03    3.05 
1999 7	  67.05   33.53   21.01    2.41 
1999 8	   2.92   37.01   21.15    1.76 
1999 9	   1.35   33.05   16.82    2.68 
1999 10	  51.78   27.52    9.69    2.81 
1999 11	   1.02   23.57    5.15    2.86 
1999 12	  52.52   16.52   -0.48    3.73 
2000 1	  27.38   17.44    0.93    3.93 
2000 2	  48.35   20.41    4.34    4.08 
2000 3	  37.90   23.37    7.64    3.40 
2000 4	  65.95   25.25   11.08    3.55 
2000 5	  75.70   29.97   17.58    3.76 
2000 6	 111.82   30.68   19.95    3.25 
2000 7	  16.02   36.76   21.15    2.60 
2000 8	   1.88   36.24   21.13    2.12 
2000 9	  55.17   33.41   16.40    2.68 
2000 10	  88.60   23.76   14.20    3.41 
2000 11	 218.95   16.92    3.80    3.52 
2000 12	  34.53   11.18   -1.57    3.56 
2001 1	  80.15   12.68   -0.50    3.41 
2001 2	  60.28   16.89    3.38    3.67 
2001 3	  88.73   15.67    3.84    3.04 
2001 4	  20.40   24.21   12.69    4.15 
2001 5	  89.97   28.82   15.90    3.24 
2001 6	  33.08   32.46   19.42    2.28 
2001 7	  18.45   35.20   21.59    2.59 
2001 8	  58.38   34.54   21.07    2.57 
2001 9	  92.20   29.11   16.64    2.65 
2001 10	  53.42   25.23    9.07    3.06 
2001 11	  99.15   23.12   10.54    2.97 
2001 12	  56.50   16.60    0.61    3.32 
2002 1	  37.67   16.34   -0.61    3.30 
2002 2	  27.87   15.66    0.66    3.50 
2002 3	  41.22   19.87    5.03    4.19 
2002 4	  16.50   26.83   14.86    4.15 
2002 5	  56.65   30.08   16.38    4.06 
2002 6	 108.35   32.30   19.82    2.64 
2002 7	 161.75   30.59   20.89    2.77 
2002 8	  38.38   33.66   21.28    2.31 
2002 9	  80.18   30.50   16.24    2.79 
2002 10	 117.85   23.28   12.89    2.62 
2002 11	  21.85   18.65    2.11    3.27 
2002 12	  66.58   15.82    0.84    3.67 
2003 1	  18.30   14.00   -0.31    3.32 
2003 2	  65.93   14.11    1.46    3.54 
2003 3	  36.72   19.93    5.27    2.78 
2003 4	   2.43   26.72   10.96    3.63 
2003 5	  55.50   31.04   18.70    3.31 
2003 6	 189.48   30.81   19.08    2.27 
2003 7	  54.45   32.52   20.88    2.23 
2003 8	  52.03   34.44   20.66    1.89 
2003 9	  92.03   28.02   17.29    2.15 
2003 10	  71.32   26.36   12.05    2.58 
2003 11	  21.50   20.39    5.41    3.64 
2003 12	   5.60   17.68   -0.54    3.67 
2004 1	  57.17   15.90    2.99    3.84 
2004 2	  79.43   14.02    0.91    3.60 
2004 3	  61.55   22.44    9.25    3.45 
2004 4	 140.65   23.66   10.91    3.79 
2004 5	  16.55   28.34   16.56    3.57 
2004 6	 302.25   31.11   19.20    2.54 
2004 7	  13.52   32.52   20.09    2.05 
2004 8	 105.65   32.85   19.03    2.31 
2004 9	  34.88   30.35   16.26    2.02 
2004 10	 129.05   28.13   15.43    3.25 
2004 11	 147.60   19.72    6.87    3.40 
2004 12	  17.82   15.75   -1.08    3.60 
2005 1	  53.08   17.05    3.60    3.78 
2005 2	  58.45   15.41    4.72    3.53 
2005 3	  73.97   20.29    4.66    3.17 
2005 4	  14.10   25.37    8.83    3.57 
2005 5	 134.23   27.20   14.69    2.99 
2005 6	  31.05   32.56   20.20    2.88 
2005 7	  66.22   34.31   21.04    2.33 
2005 8	  36.20   33.60   21.34    2.35 
2005 9	   6.30   34.78   18.75    2.46 
2005 10	  21.48   26.54   12.09    2.91 
2005 11	   3.83   24.70    5.48    3.33 
2005 12	   1.77   17.90   -1.39    3.25 
2006 1	  36.22   22.44    1.21    3.87 
2006 2	  28.22   18.70    1.02    3.72 
2006 3	  64.65   23.07    9.12    3.92 
2006 4	  82.98   29.00   14.02    3.72 
2006 5	  81.75   30.56   16.01    3.24 
2006 6	  47.30   33.64   18.45    2.14 
2006 7	  19.52   34.96   20.96    2.22 
2006 8	  10.80   36.42   22.14    2.58 
2006 9	  62.15   31.53   16.04    2.41 
2006 10	  92.25   27.46   11.40    3.07 
2006 11	   1.38   22.83    5.83    3.45 
2006 12	  32.58   16.65    0.58    3.58 
2007 1	  72.97   11.02   -1.21    3.75 
2007 2	   5.52   16.16    1.89    3.24 
2007 3	 185.55   22.00    9.38    3.68 
2007 4	  75.07   22.50    9.16    3.42 
2007 5	 216.93   26.30   16.52    3.16 
2007 6	 241.05   30.13   19.38    2.64 
2007 7	 105.80   29.71   20.02    2.24 
2007 8	  64.48   32.50   19.74    2.02 
2007 9	  86.00   30.20   17.87    2.00 
2007 10	  20.50   27.51    9.69    2.80 
2007 11	  28.50   20.05    4.64    3.14 
2007 12	   8.55   16.24   -1.50    3.02 
2008 1	   6.25   13.99   -0.92    3.63 
2008 2	   4.80   21.51    0.49    3.79 
2008 3	  73.25   22.67    4.50    4.27 
2008 4	  78.53   26.28    9.98    3.63 
2008 5	 104.72   30.53   16.41    3.66 
2008 6	  25.65   35.77   21.64    3.39 
2008 7	  25.55   35.60   20.17    2.95 
2008 8	  74.47   34.63   20.93    2.09 
2008 9	  19.30   32.05   15.03    2.60 
2008 10	  67.22   27.88    9.75    2.71 
2008 11	  12.73   23.46    4.24    2.65 
2008 12	  11.32   17.71   -0.39    3.96 
2009 1	   8.20   18.11   -2.03    3.41 
2009 2	   9.40   22.68    3.23    4.24 
2009 3	 124.90   23.14    7.51    3.88 
2009 4	 116.95   25.89    9.38    3.93 
2009 5	  86.15   30.83   16.38    3.00 
2009 6	  72.68   35.90   20.97    2.98 
2009 7	  44.38   36.96   22.81    2.74 
2009 8	  25.48   37.51   21.79    2.35 
2009 9	 188.92   29.69   17.58    1.95 
2009 10	 180.15   24.37   11.64    3.32 
2009 11	  66.25   22.45    6.06    2.85 
2009 12	  32.32   12.39   -0.71    3.35 
2010 1	 118.58   13.54   -0.10    3.78 
2010 2	  81.20   11.77    0.53    3.46 
2010 3	  68.70   20.08    4.39    3.32 
2010 4	  76.23   24.95   10.63    3.72 
2010 5	  45.45   30.20   16.97    3.14 
2010 6	  47.00   34.12   21.43    3.05 
2010 7	 113.75   32.90   22.05    2.64 
2010 8	  12.07   36.93   22.06    2.11 
2010 9	 111.97   31.39   18.85    2.60 
2010 10	   5.53   28.02    9.40    2.83 
2010 11	   6.22   22.58    5.53    3.97 
2010 12	  26.52   17.74    0.35    3.64 
