1949 1	 159.12   16.55    3.92    5.25 
1949 2	 114.77   19.59    7.22    4.78 
1949 3	 146.45   21.84    8.02    5.54 
1949 4	 119.13   24.66   11.44    5.23 
1949 5	  50.47   30.47   17.40    4.49 
1949 6	 108.92   32.77   20.70    3.38 
1949 7	 150.38   33.70   21.94    3.17 
1949 8	  87.70   32.87   19.60    2.98 
1949 9	 100.57   31.67   17.28    3.88 
1949 10	 282.38   25.33   14.70    4.74 
1949 11	  19.32   23.04    5.33    4.83 
1949 12	 138.12   16.72    4.44    6.36 
1950 1	 124.47   18.61    8.69    5.19 
1950 2	 238.62   18.59    6.54    4.39 
1950 3	  37.77   20.38    6.29    5.47 
1950 4	 155.20   22.97   10.49    5.33 
1950 5	 229.75   29.45   17.35    4.31 
1950 6	 124.05   30.99   20.02    3.40 
1950 7	  88.65   32.11   20.79    3.57 
1950 8	  54.55   33.79   20.01    2.51 
1950 9	  92.25   30.07   17.90    3.54 
1950 10	  53.42   27.70   13.05    4.42 
1950 11	  42.70   20.01    4.64    5.40 
1950 12	  87.12   15.55    1.27    4.96 
1951 1	  89.70   16.36    1.51    5.72 
1951 2	  72.45   16.54    3.33    5.41 
1951 3	 147.88   21.32    7.52    5.26 
1951 4	  56.85   23.88    9.94    5.13 
1951 5	  31.42   29.24   15.16    4.15 
1951 6	 120.33   32.40   20.70    4.15 
1951 7	 111.85   35.54   21.69    2.72 
1951 8	  32.00   38.58   22.45    2.40 
1951 9	 207.00   32.17   18.61    3.58 
1951 10	  35.93   27.65   13.31    4.48 
1951 11	  66.62   18.66    4.83    5.73 
1951 12	 204.85   18.03    3.98    6.29 
1952 1	  80.70   19.77    7.61    5.43 
1952 2	  82.18   18.19    5.63    5.75 
1952 3	  94.25   20.12    5.87    5.26 
1952 4	 141.23   23.25    9.18    4.58 
1952 5	 145.12   28.38   15.33    3.60 
1952 6	  17.52   33.90   20.55    3.02 
1952 7	 109.52   33.68   21.46    2.93 
1952 8	  50.50   35.44   21.46    3.56 
1952 9	  22.97   33.23   15.69    4.57 
1952 10	   0.32   26.48    5.11    4.42 
1952 11	 154.35   19.69    5.94    5.31 
1952 12	 133.72   14.62    2.16    4.70 
1953 1	  92.12   17.68    3.51    5.98 
1953 2	 132.22   16.31    3.09    5.28 
1953 3	 264.70   23.42   11.33    4.47 
1953 4	 204.43   24.44   10.93    4.98 
1953 5	 336.33   28.86   18.59    4.28 
1953 6	  76.58   35.49   22.61    3.10 
1953 7	 141.50   32.65   22.11    3.01 
1953 8	  40.42   33.21   21.83    2.41 
1953 9	  36.90   33.57   16.59    3.67 
1953 10	  58.08   29.32   12.10    3.86 
1953 11	  65.20   19.33    4.51    5.06 
1953 12	 131.17   13.74    1.01    5.53 
1954 1	  74.72   15.98    2.87    4.85 
1954 2	  43.40   21.81    4.45    5.39 
1954 3	  28.90   20.20    5.70    5.29 
1954 4	  99.15   26.51   14.58    4.01 
1954 5	 119.60   26.22   14.66    4.02 
1954 6	   8.75   33.85   20.49    3.17 
1954 7	  43.60   37.44   22.87    3.64 
1954 8	  24.20   38.24   21.43    3.35 
1954 9	  41.98   35.60   16.90    3.89 
1954 10	 123.70   27.84   13.11    4.71 
1954 11	  88.00   20.12    3.57    5.17 
1954 12	  60.55   17.67    1.63    5.17 
1955 1	  96.15   14.11    2.40    4.24 
1955 2	 116.73   16.25    3.01    5.39 
1955 3	 100.70   22.99    8.40    5.76 
1955 4	 107.30   26.72   13.09    4.61 
1955 5	 142.45   30.10   16.87    4.05 
1955 6	  33.65   31.70   16.92    3.22 
1955 7	  84.92   34.16   20.31    3.20 
1955 8	 160.12   32.81   20.20    2.65 
1955 9	  20.25   33.21   18.83    3.46 
1955 10	  49.75   28.17    9.63    4.41 
1955 11	  55.78   20.42    4.65    6.26 
1955 12	  26.23   16.21    3.06    5.67 
1956 1	 114.60   16.00    1.50    5.36 
1956 2	 124.17   18.18    5.67    5.17 
1956 3	  75.80   21.34    6.72    4.63 
1956 4	 136.62   24.54   10.46    5.15 
1956 5	  65.03   30.31   17.74    3.52 
1956 6	 101.60   32.46   19.94    3.44 
1956 7	  37.97   36.85   20.51    3.55 
1956 8	  56.30   37.05   20.35    2.97 
1956 9	   2.67   35.00   15.82    4.17 
1956 10	  31.05   30.18   11.41    3.59 
1956 11	  49.07   20.40    4.42    5.05 
1956 12	  47.48   19.12    5.11    4.62 
1957 1	 151.40   14.71    3.46    4.85 
1957 2	 112.00   19.95    8.40    4.30 
1957 3	 157.23   19.60    5.95    4.66 
1957 4	 294.68   24.63   12.50    5.59 
1957 5	 114.65   29.06   17.06    4.73 
1957 6	 226.15   30.97   20.53    4.13 
1957 7	  44.88   34.71   21.56    2.76 
1957 8	  31.48   34.83   20.58    3.63 
1957 9	 174.87   30.04   17.37    3.87 
1957 10	 217.68   24.00   10.37    5.43 
1957 11	 271.02   18.79    7.83    5.63 
1957 12	  64.45   18.31    3.79    5.18 
1958 1	 118.15   14.04    0.59    6.67 
1958 2	  68.98   13.15    1.14    6.55 
1958 3	  88.30   18.02    4.69    5.26 
1958 4	  98.03   24.80   11.46    4.87 
1958 5	  99.80   29.36   16.11    3.67 
1958 6	 201.40   33.22   20.57    3.47 
1958 7	  35.58   34.86   22.11    3.44 
1958 8	 221.75   35.24   20.99    2.75 
1958 9	 339.95   30.09   19.85    4.49 
1958 10	  23.55   24.66   12.29    5.52 
1958 11	  85.70   21.09    6.50    4.69 
1958 12	  32.40   13.97    0.59    5.22 
1959 1	  32.00   13.50    0.07    5.56 
1959 2	 118.15   16.45    4.36    5.56 
1959 3	  74.78   21.51    4.35    5.50 
1959 4	 143.93   23.61   10.40    4.88 
1959 5	  63.00   30.07   17.91    4.28 
1959 6	  97.08   31.95   19.60    3.65 
1959 7	 195.32   33.70   20.79    2.41 
1959 8	  83.32   33.80   20.54    2.96 
1959 9	  58.53   31.94   18.10    4.16 
1959 10	 140.88   26.68   11.60    4.52 
1959 11	 101.28   18.05    1.98    5.82 
1959 12	 175.75   16.81    2.45    5.71 
1960 1	  87.27   13.53    1.37    5.47 
1960 2	 151.98   13.51   -0.81    6.01 
1960 3	  52.17   16.09    3.44    5.08 
1960 4	  73.70   26.57   12.03    4.86 
1960 5	  31.27   28.92   14.49    4.78 
1960 6	 208.08   33.15   19.33    3.56 
1960 7	 130.60   34.33   21.34    2.45 
1960 8	 240.63   32.75   21.32    3.29 
1960 9	  85.27   31.69   17.54    3.46 
1960 10	  89.12   27.32   13.61    3.79 
1960 11	 155.72   20.40    6.98    5.12 
1960 12	 201.93   12.80    1.72    5.71 
1961 1	 196.60   12.52   -0.76    5.79 
1961 2	 112.30   18.09    4.57    4.79 
1961 3	 182.00   23.26    8.68    5.48 
1961 4	  48.77   23.94    9.30    5.43 
1961 5	  47.70   28.94   15.11    4.75 
1961 6	 162.95   30.00   18.35    3.55 
1961 7	 107.20   32.16   20.63    2.64 
1961 8	  41.58   32.90   18.95    2.61 
1961 9	 193.15   30.94   17.94    5.63 
1961 10	  40.25   26.19   10.23    4.89 
1961 11	 103.85   18.54    5.59    5.97 
1961 12	 237.57   15.21    2.25    5.10 
1962 1	  98.85   12.69   -1.51    6.04 
1962 2	  52.88   21.97    6.48    5.67 
1962 3	  57.70   18.93    4.31    5.35 
1962 4	 168.18   24.04   10.41    5.08 
1962 5	  46.10   30.35   16.17    4.50 
1962 6	 126.25   31.87   18.95    2.77 
1962 7	  42.75   35.43   21.03    2.61 
1962 8	 114.05   36.55   21.06    2.85 
1962 9	 168.23   31.10   18.76    3.36 
1962 10	  37.52   27.71   14.42    4.32 
1962 11	 113.60   18.85    5.70    5.87 
1962 12	  98.67   15.05    2.30    4.96 
1963 1	  38.33   10.90   -2.42    6.03 
1963 2	  92.90   15.70    0.26    6.25 
1963 3	  10.20   24.39    7.91    5.05 
1963 4	  96.23   27.27   14.75    5.31 
1963 5	  62.05   30.20   16.58    3.72 
1963 6	 159.80   33.61   19.98    3.24 
1963 7	 116.53   34.56   21.46    3.42 
1963 8	  35.00   36.52   20.65    2.28 
1963 9	  74.40   32.41   17.90    3.85 
1963 10	  25.45   31.67   12.30    2.93 
1963 11	 114.00   22.32    6.75    5.82 
1963 12	  84.35   12.12   -1.94    6.44 
1964 1	  94.38   15.07    0.18    5.38 
1964 2	  61.45   14.52    0.54    5.46 
1964 3	 136.30   21.20    5.70    5.43 
1964 4	 164.82   26.46   13.37    5.66 
1964 5	 109.35   29.64   17.06    3.90 
1964 6	  25.70   32.61   19.77    3.34 
1964 7	  24.00   36.10   20.95    3.39 
1964 8	  88.25   35.09   21.91    3.03 
1964 9	  92.50   31.18   18.18    3.47 
1964 10	  20.67   26.37    8.99    5.30 
1964 11	  82.32   22.69    8.03    5.01 
1964 12	  93.80   16.25    3.16    6.03 
1965 1	  52.53   17.78    2.79    5.33 
1965 2	 150.43   15.89    2.04    6.52 
1965 3	 105.33   16.58    4.02    6.02 
1965 4	  28.40   27.78   14.11    5.06 
1965 5	 257.15   28.54   17.56    5.35 
1965 6	  94.07   31.92   19.30    3.65 
1965 7	  31.88   35.25   21.18    2.71 
1965 8	  62.65   34.96   19.97    2.52 
1965 9	 157.85   31.77   18.44    4.82 
1965 10	  11.62   25.57   10.91    4.85 
1965 11	  69.02   23.12   10.91    4.63 
1965 12	 166.53   17.14    3.63    5.32 
1966 1	 138.30   11.07    0.82    6.13 
1966 2	 155.45   14.97    1.81    5.52 
1966 3	  32.08   20.88    6.55    5.00 
1966 4	 210.25   25.58   12.22    5.41 
1966 5	 104.97   27.77   16.75    4.45 
1966 6	  22.80   31.66   18.46    3.33 
1966 7	  38.55   35.55   22.34    2.59 
1966 8	 187.50   32.29   20.53    2.84 
1966 9	 109.78   29.89   17.78    2.81 
1966 10	  68.03   25.43    9.71    4.91 
1966 11	  31.35   22.47    8.42    4.93 
1966 12	 103.80   14.70    2.00    5.34 
1967 1	  30.77   14.89    1.66    5.20 
1967 2	 109.18   15.64    1.08    5.21 
1967 3	  52.03   24.71    9.15    4.95 
1967 4	  64.55   27.76   15.87    5.35 
1967 5	 204.00   28.17   15.00    5.37 
1967 6	  85.30   32.62   20.35    3.77 
1967 7	 101.50   32.51   20.48    3.79 
1967 8	  38.42   34.04   20.08    2.75 
1967 9	  37.98   29.80   16.22    4.47 
1967 10	  34.02   27.93    9.79    4.60 
1967 11	  22.75   21.48    5.93    5.02 
1967 12	 140.05   16.07    3.12    5.18 
1968 1	 181.80   11.78    2.21    5.78 
1968 2	  99.85   13.53   -0.41    5.45 
1968 3	 104.30   19.18    5.87    5.14 
1968 4	 239.02   24.50   12.92    5.42 
1968 5	 195.58   28.43   16.14    4.47 
1968 6	 185.10   30.58   19.75    3.45 
1968 7	 191.43   31.87   20.54    2.80 
1968 8	  50.70   33.06   21.08    2.84 
1968 9	 171.32   29.57   16.07    3.85 
1968 10	 119.67   26.54   11.91    3.96 
1968 11	 187.95   19.10    4.57    5.61 
1968 12	 138.25   15.43    1.36    5.86 
1969 1	  46.35   15.22    3.42    5.84 
1969 2	 124.80   15.52    2.91    5.56 
1969 3	 195.73   16.37    3.29    5.47 
1969 4	 155.30   25.11   11.86    4.56 
1969 5	 164.15   28.39   14.83    3.44 
1969 6	  30.12   32.23   19.42    3.92 
1969 7	  40.45   36.72   22.31    3.14 
1969 8	  35.98   35.66   20.44    3.09 
1969 9	  76.47   32.40   16.83    3.73 
1969 10	 100.18   27.33   11.23    5.85 
1969 11	  56.00   20.95    3.60    5.11 
1969 12	 128.15   16.81    2.15    4.92 
1970 1	  42.48   11.36   -1.10    5.73 
1970 2	 106.10   16.69    1.46    5.27 
1970 3	 122.95   18.74    5.53    5.29 
1970 4	 127.50   25.72   12.58    5.21 
1970 5	  92.55   28.57   14.28    4.71 
1970 6	  52.38   31.78   18.77    3.26 
1970 7	  81.33   33.45   19.96    2.76 
1970 8	  69.83   34.96   21.12    3.10 
1970 9	  58.15   32.19   19.62    4.52 
1970 10	 175.45   24.68   10.30    4.89 
1970 11	  51.25   19.32    2.73    5.54 
1970 12	  43.45   19.73    5.15    4.68 
1971 1	  15.88   17.25    3.01    5.63 
1971 2	  70.00   17.97    2.18    6.26 
1971 3	  35.42   20.58    4.24    5.30 
1971 4	  12.73   25.49    9.28    4.84 
1971 5	 134.32   28.01   13.68    4.16 
1971 6	  92.72   33.77   19.93    3.47 
1971 7	 115.43   35.00   21.29    3.22 
1971 8	  97.05   32.60   19.19    2.37 
1971 9	  67.60   30.90   17.97    4.15 
1971 10	  77.05   28.11   13.48    3.50 
1971 11	 110.78   21.69    4.97    5.26 
1971 12	 177.35   18.36    7.18    5.00 
1972 1	 133.30   16.34    3.36    5.74 
1972 2	  28.77   17.92    2.61    5.56 
1972 3	  89.60   23.15    7.16    5.02 
1972 4	  73.25   25.91   11.41    5.36 
1972 5	  79.08   28.84   14.24    2.98 
1972 6	  97.03   32.55   19.07    4.46 
1972 7	 149.65   32.09   19.64    3.91 
1972 8	  70.68   33.79   19.90    2.72 
1972 9	 120.60   33.02   19.52    3.01 
1972 10	 164.30   25.21   11.39    4.55 
1972 11	  86.25   16.20    4.44    6.01 
1972 12	 121.30   13.63    0.38    5.47 
1973 1	 176.62   11.80   -0.66    6.27 
1973 2	  54.32   15.23    2.38    5.46 
1973 3	 182.43   21.87    8.40    5.56 
1973 4	 155.45   22.40    9.55    5.67 
1973 5	  65.88   28.66   13.97    5.17 
1973 6	 203.00   30.68   19.07    3.73 
1973 7	  90.65   33.42   21.27    2.86 
1973 8	 107.50   32.60   18.89    2.96 
1973 9	 179.57   30.35   18.85    4.20 
1973 10	 189.45   27.13   13.12    4.36 
1973 11	 126.50   23.63    9.56    5.48 
1973 12	 166.47   16.98    0.83    6.03 
1974 1	 255.13   13.87    3.97    4.38 
1974 2	  64.30   18.66    2.87    5.91 
1974 3	  56.77   23.81   11.51    5.51 
1974 4	  70.47   25.45   10.31    6.20 
1974 5	 154.88   29.21   17.50    4.92 
1974 6	  24.00   31.01   17.50    3.86 
1974 7	  64.32   34.97   20.14    2.41 
1974 8	 124.05   33.41   19.54    2.81 
1974 9	 191.38   26.65   15.29    5.12 
1974 10	 122.53   25.84    9.77    5.59 
1974 11	 182.55   19.30    6.10    5.57 
1974 12	 150.45   15.16    2.20    4.92 
1975 1	 140.47   16.94    4.00    5.25 
1975 2	 132.88   16.91    2.75    4.50 
1975 3	 101.93   19.68    6.42    5.89 
1975 4	 126.52   23.95   11.02    6.08 
1975 5	 195.75   28.36   17.01    4.29 
1975 6	 130.45   31.36   19.01    3.94 
1975 7	  45.00   33.10   20.09    2.98 
1975 8	  54.55   33.67   19.97    2.67 
1975 9	  47.62   29.95   14.29    3.84 
1975 10	  82.50   27.29    9.97    4.40 
1975 11	 108.63   20.92    4.16    5.09 
1975 12	  59.78   15.40    1.79    5.12 
1976 1	  55.72   16.10   -0.98    6.03 
1976 2	  65.78   21.23    5.90    4.81 
1976 3	 121.93   21.02    8.14    5.87 
1976 4	  46.50   25.73   10.80    4.58 
1976 5	 167.20   26.50   12.43    4.26 
1976 6	 162.65   30.62   17.41    3.54 
1976 7	 125.15   32.03   20.22    2.17 
1976 8	  47.03   33.38   17.94    2.45 
1976 9	  95.57   30.35   15.68    3.04 
1976 10	  59.92   22.15    5.95    5.08 
1976 11	  61.78   15.92    1.36    5.75 
1976 12	 110.90   14.83   -0.47    5.36 
1977 1	 117.65    9.47   -3.86    5.88 
1977 2	  85.35   17.87    1.02    6.13 
1977 3	 132.88   21.65    6.73    5.54 
1977 4	  80.68   25.25   10.60    4.79 
1977 5	  37.33   29.73   15.53    4.04 
1977 6	  86.65   33.30   19.42    3.61 
1977 7	  91.60   35.46   20.65    2.52 
1977 8	 206.38   33.30   20.83    3.72 
1977 9	  54.27   31.70   19.00    3.85 
1977 10	  30.10   26.92    9.95    4.40 
1977 11	 102.97   20.44    6.87    4.86 
1977 12	  71.28   16.14    1.16    6.31 
1978 1	 185.40    7.26   -3.41    7.03 
1978 2	  48.20   10.61   -2.59    6.32 
1978 3	  81.30   20.12    3.96    4.65 
1978 4	  67.97   26.13   11.10    4.84 
1978 5	  85.68   29.63   15.22    4.20 
1978 6	  52.70   33.26   18.30    2.90 
1978 7	  63.38   36.76   21.07    2.70 
1978 8	 105.12   35.37   20.33    2.99 
1978 9	 286.35   30.33   18.82    4.19 
1978 10	  24.75   26.76    7.87    4.06 
1978 11	 125.15   21.65    7.72    4.49 
1978 12	 117.70   15.95    1.16    5.94 
1979 1	 204.25    8.09   -1.76    6.75 
1979 2	 170.68   12.71    2.72    5.63 
1979 3	 169.82   21.28    6.87    5.46 
1979 4	 108.38   24.07   11.66    4.52 
1979 5	 199.38   27.59   14.61    4.34 
1979 6	  76.88   31.55   19.09    3.66 
1979 7	 143.85   32.88   21.44    3.76 
1979 8	  86.10   33.23   19.76    2.45 
1979 9	 147.50   29.79   15.99    5.23 
1979 10	 113.30   28.20   11.21    4.42 
1979 11	 119.20   19.34    2.88    5.85 
1979 12	  94.45   16.72    1.40    5.22 
1980 1	 107.32   14.02    4.08    4.70 
1980 2	  61.55   15.29    1.24    5.50 
1980 3	 130.20   19.45    5.14    5.51 
1980 4	 182.80   23.86    9.09    4.59 
1980 5	 173.07   28.41   16.21    3.69 
1980 6	  44.73   33.73   20.47    4.21 
1980 7	  45.22   37.80   22.03    2.29 
1980 8	  43.65   37.10   20.96    3.86 
1980 9	  37.53   34.81   19.92    3.31 
1980 10	  44.38   25.94    8.29    4.76 
1980 11	  92.40   19.01    4.38    5.28 
1980 12	  23.95   16.90    2.87    4.97 
1981 1	  55.40   14.22   -0.11    4.72 
1981 2	  94.62   16.79    2.33    4.68 
1981 3	  87.43   20.73    5.47    4.99 
1981 4	  32.12   27.58   14.01    4.18 
1981 5	 134.45   27.21   14.38    4.65 
1981 6	 166.92   32.46   20.88    4.12 
1981 7	  87.93   34.28   21.99    3.09 
1981 8	 105.85   34.91   19.82    2.81 
1981 9	  92.15   30.12   15.54    3.55 
1981 10	 165.17   24.61   11.27    4.36 
1981 11	  46.97   21.78    5.97    4.31 
1981 12	  20.42   15.63    1.36    5.49 
1982 1	  75.45   15.34    0.65    6.11 
1982 2	  63.22   13.96    1.87    5.41 
1982 3	  97.78   21.14   10.18    5.59 
1982 4	 232.72   22.93   10.73    5.48 
1982 5	  88.43   28.67   16.78    4.20 
1982 6	 164.65   32.21   19.26    2.94 
1982 7	  46.80   33.87   21.82    2.56 
1982 8	  20.92   35.35   22.05    2.30 
1982 9	  74.17   32.47   16.19    4.27 
1982 10	 142.90   25.08   11.11    5.26 
1982 11	 168.70   19.44    7.11    5.32 
1982 12	 249.48   17.16    4.99    6.35 
1983 1	  59.75   12.71    1.53    5.11 
1983 2	 151.65   15.09    3.36    6.19 
1983 3	 116.65   20.25    4.99    5.22 
1983 4	  34.30   22.07    8.56    5.99 
1983 5	 234.85   27.50   14.29    4.47 
1983 6	 192.80   29.85   18.81    3.58 
1983 7	  31.65   32.99   21.48    3.61 
1983 8	 116.40   33.87   21.86    2.56 
1983 9	  74.32   30.66   16.32    4.49 
1983 10	  38.92   26.26   11.31    4.30 
1983 11	 101.15   20.57    6.82    5.35 
1983 12	 201.60    9.72   -1.55    6.67 
1984 1	  63.25   12.01   -1.90    5.82 
1984 2	 149.73   18.21    1.98    5.44 
1984 3	  84.50   20.45    7.37    4.87 
1984 4	  54.50   25.40   10.73    5.62 
1984 5	  56.92   29.48   15.31    4.99 
1984 6	  40.63   32.59   19.53    3.41 
1984 7	  51.22   34.98   20.93    2.41 
1984 8	  41.00   35.08   20.87    2.96 
1984 9	  98.83   30.41   17.00    5.35 
1984 10	 330.25   25.43   14.86    4.77 
1984 11	  99.40   19.31    5.90    5.74 
1984 12	  61.90   20.02    8.97    5.49 
1985 1	  74.55   10.52   -1.38    5.35 
1985 2	 159.15   13.53    2.14    5.27 
1985 3	 111.77   22.40    9.77    5.33 
1985 4	 120.27   25.92   12.34    5.04 
1985 5	  80.83   29.11   15.68    3.80 
1985 6	  26.33   33.09   19.39    4.05 
1985 7	 110.92   34.15   21.07    2.83 
1985 8	  38.85   35.55   21.29    2.91 
1985 9	 107.25   32.44   17.19    4.76 
1985 10	 266.00   25.20   14.70    5.54 
1985 11	 155.25   21.27   10.81    4.99 
1985 12	  64.60   13.34   -0.62    5.10 
1986 1	  14.77   16.51    1.87    5.42 
1986 2	  80.20   18.97    5.50    5.45 
1986 3	  16.88   23.01    6.20    4.10 
1986 4	 118.08   25.30   12.83    4.61 
1986 5	 191.08   27.90   16.21    4.10 
1986 6	 203.82   31.56   21.07    2.76 
1986 7	  47.65   34.74   22.48    3.13 
1986 8	  64.68   33.89   20.06    2.98 
1986 9	  99.17   31.90   20.26    3.42 
1986 10	 161.72   24.36   12.44    4.44 
1986 11	 234.75   18.09    9.00    5.70 
1986 12	 122.70   12.73    2.68    5.41 
1987 1	  46.12   13.62    0.92    5.24 
1987 2	 192.90   15.92    5.42    5.45 
1987 3	  53.52   20.28    5.16    5.07 
1987 4	  12.70   26.10    8.06    3.82 
1987 5	  98.33   29.65   17.54    3.17 
1987 6	 164.57   31.86   19.61    4.26 
1987 7	  96.12   33.53   21.15    3.20 
1987 8	  92.80   35.52   22.60    3.13 
1987 9	 106.18   30.85   16.49    3.67 
1987 10	  56.82   25.65    8.53    4.75 
1987 11	 189.00   20.80    6.17    5.71 
1987 12	 176.95   16.20    3.63    5.23 
1988 1	  45.57   11.58   -0.88    5.93 
1988 2	  53.98   15.78    2.09    5.24 
1988 3	 113.68   20.67    5.89    5.20 
1988 4	  54.62   25.68   10.09    4.60 
1988 5	  12.30   29.49   13.57    3.95 
1988 6	  22.02   33.62   18.06    3.61 
1988 7	  86.60   34.95   21.51    3.52 
1988 8	 111.10   34.88   21.51    2.87 
1988 9	  48.40   32.61   17.96    4.45 
1988 10	 133.93   25.48   10.90    4.35 
1988 11	  59.80   21.95    6.97    5.96 
1988 12	 103.03   16.48    2.60    5.11 
1989 1	 241.90   16.19    5.03    5.02 
1989 2	  93.15   13.44    2.28    6.30 
1989 3	 134.73   19.97    7.26    5.73 
1989 4	  29.95   24.94   11.65    4.68 
1989 5	 215.80   28.81   17.08    4.66 
1989 6	 367.40   29.33   18.84    4.92 
1989 7	 101.82   31.69   21.01    3.65 
1989 8	  44.17   32.19   20.40    2.65 
1989 9	 104.15   29.13   16.28    4.33 
1989 10	  51.00   26.44   10.37    4.80 
1989 11	  65.28   21.24    6.82    5.53 
1989 12	  57.85   11.17   -3.30    6.15 
1990 1	 214.73   16.78    4.55    4.75 
1990 2	 139.85   19.69    5.57    5.98 
1990 3	 107.35   20.89    8.50    4.91 
1990 4	  78.43   24.69   10.72    5.00 
1990 5	 327.25   28.04   16.50    5.08 
1990 6	  32.10   33.22   21.02    3.44 
1990 7	 114.15   33.45   20.56    2.74 
1990 8	  33.33   34.56   20.64    2.65 
1990 9	  63.23   32.68   18.90    2.59 
1990 10	  78.60   26.12    9.41    4.53 
1990 11	 168.10   22.43    6.93    4.95 
1990 12	 117.05   15.50    1.57    5.38 
1991 1	 250.15   11.05    1.17    5.49 
1991 2	 211.87   17.34    3.72    5.36 
1991 3	  43.38   21.81    7.67    5.96 
1991 4	 296.70   25.06   13.49    4.91 
1991 5	 169.43   28.23   18.24    5.06 
1991 6	 123.67   31.84   20.64    3.67 
1991 7	  55.50   33.67   21.63    2.87 
1991 8	 211.13   32.48   21.20    2.16 
1991 9	  55.12   29.54   17.53    4.02 
1991 10	  69.28   27.88   11.90    4.56 
1991 11	 115.82   17.05    3.40    6.03 
1991 12	 156.60   15.55    5.30    5.64 
1992 1	 137.40   13.49    1.81    5.11 
1992 2	 209.28   18.26    4.87    5.10 
1992 3	 135.83   21.75    7.22    4.90 
1992 4	  67.98   24.16   10.64    3.99 
1992 5	  97.47   26.80   14.92    3.50 
1992 6	  77.40   30.99   19.42    3.37 
1992 7	  41.77   33.72   22.06    3.89 
1992 8	  98.30   31.63   18.70    2.79 
1992 9	  62.55   29.99   17.60    4.34 
1992 10	  88.93   27.16   10.52    4.43 
1992 11	 137.60   17.04    4.07    5.58 
1992 12	 180.88   14.29    4.04    4.59 
1993 1	 115.55   13.25    2.14    5.06 
1993 2	  66.50   16.26    2.58    5.48 
1993 3	 146.72   18.62    5.36    5.16 
1993 4	 128.70   22.16    8.98    5.38 
1993 5	 104.35   26.72   14.92    4.26 
1993 6	 196.65   31.10   21.10    4.78 
1993 7	  19.90   34.29   22.64    3.06 
1993 8	  24.90   36.16   22.31    2.69 
1993 9	  50.38   32.51   17.39    3.61 
1993 10	 135.60   24.57   11.79    4.80 
1993 11	  96.45   16.79    3.19    5.58 
1993 12	  97.07   15.46    2.50    5.46 
1994 1	  98.45   13.71    1.28    6.01 
1994 2	 191.80   16.43    2.70    4.85 
1994 3	  60.18   21.09    6.60    4.38 
1994 4	  84.10   25.65   11.14    4.56 
1994 5	 181.73   26.50   15.46    3.83 
1994 6	 118.65   32.26   21.21    4.10 
1994 7	  85.67   33.46   21.77    3.64 
1994 8	 262.15   32.16   20.23    2.63 
1994 9	 106.48   30.06   16.76    3.25 
1994 10	 332.20   24.74   12.96    5.06 
1994 11	  54.77   21.29    8.72    5.33 
1994 12	 208.05   15.61    4.37    4.88 
1995 1	 147.73   14.74    3.09    5.75 
1995 2	  62.98   18.06    3.46    5.08 
1995 3	 163.43   20.25    8.59    5.48 
1995 4	 223.40   23.92   10.42    5.18 
1995 5	 121.88   28.38   16.93    4.85 
1995 6	  52.17   31.82   18.34    3.56 
1995 7	 113.53   34.19   21.97    3.95 
1995 8	  32.52   35.37   22.50    2.77 
1995 9	  60.65   31.73   17.39    3.47 
1995 10	  87.40   27.01    9.96    5.82 
1995 11	  30.35   20.24    4.77    5.53 
1995 12	 170.00   15.34    3.87    5.88 
1996 1	  38.40   15.72    0.60    5.94 
1996 2	  11.47   17.97    4.14    5.83 
1996 3	  44.12   18.79    3.79    5.72 
1996 4	 100.90   25.01    9.42    5.31 
1996 5	  24.23   30.78   19.89    4.79 
1996 6	 107.18   32.16   20.06    3.15 
1996 7	 108.85   34.57   23.00    3.08 
1996 8	 145.50   32.52   21.60    3.02 
1996 9	 192.98   29.87   17.56    3.57 
1996 10	  56.83   25.31   11.76    5.69 
1996 11	 107.95   19.49    7.81    5.90 
1996 12	  98.13   17.64    4.97    5.28 
1997 1	 118.87   13.52    2.39    6.10 
1997 2	 198.82   15.99    5.29    5.89 
1997 3	 197.27   22.17   10.02    4.85 
1997 4	 160.63   21.73    9.39    5.87 
1997 5	 115.93   27.19   15.35    3.92 
1997 6	 133.55   30.46   19.75    3.35 
1997 7	 102.25   33.74   22.75    2.32 
1997 8	 253.55   32.76   21.39    2.84 
1997 9	  58.68   31.69   18.36    3.28 
1997 10	 195.05   25.01   12.40    5.63 
1997 11	  96.55   16.98    5.24    5.21 
1997 12	 169.43   13.57    1.39    5.52 
1998 1	 201.03   15.97    4.81    4.80 
1998 2	 172.32   17.02    4.10    5.04 
1998 3	  77.30   19.52    6.89    6.18 
1998 4	  71.07   23.86    9.81    5.02 
1998 5	   1.65   31.06   18.10    4.06 
1998 6	  58.55   35.36   23.24    5.62 
1998 7	  37.95   38.34   24.62    3.68 
1998 8	 155.00   35.89   23.04    2.42 
1998 9	 196.45   32.62   21.89    6.38 
1998 10	 126.97   26.08   14.23    5.34 
1998 11	 174.20   19.81    9.60    4.53 
1998 12	 223.20   16.08    5.16    5.31 
1999 1	 281.12   17.96    4.25    5.91 
1999 2	  23.85   20.90    6.88    4.75 
1999 3	 114.28   20.44    7.37    5.25 
1999 4	  57.47   27.09   14.33    5.47 
1999 5	 146.48   28.70   16.36    3.82 
1999 6	 180.95   31.60   21.76    3.90 
1999 7	  75.43   33.67   22.88    2.96 
1999 8	   2.88   37.31   22.46    2.82 
1999 9	  43.43   32.36   16.44    4.32 
1999 10	 110.67   26.92   10.45    4.70 
1999 11	  18.83   23.56    5.95    4.20 
1999 12	  99.85   17.89    1.63    5.76 
2000 1	  35.15   16.80    4.24    5.78 
2000 2	  18.67   21.62    5.84    5.14 
2000 3	 198.95   23.61    9.91    4.62 
2000 4	 213.70   24.06   10.64    4.53 
2000 5	 175.75   29.57   18.65    4.68 
2000 6	  96.65   31.72   20.98    3.99 
2000 7	  15.10   35.70   22.13    3.27 
2000 8	  11.98   37.70   22.21    2.32 
2000 9	  64.75   34.00   17.75    4.58 
2000 10	  17.25   27.49   12.59    4.94 
2000 11	 331.38   17.84    5.95    5.59 
2000 12	 154.50   11.01   -0.49    5.90 
2001 1	 135.15   11.77    0.60    5.26 
2001 2	 173.88   18.66    5.68    5.10 
2001 3	 248.57   17.08    5.76    4.87 
2001 4	  42.70   26.50   14.20    5.64 
2001 5	  91.57   29.95   16.70    4.19 
2001 6	 239.38   31.22   19.67    3.60 
2001 7	  36.17   34.38   22.81    2.54 
2001 8	 131.02   34.66   22.11    3.31 
2001 9	 123.03   29.59   17.84    4.40 
2001 10	 110.97   25.14    9.15    5.32 
2001 11	 140.95   22.81    8.04    4.45 
2001 12	 224.80   17.75    3.88    5.15 
2002 1	  83.65   16.72    2.89    5.18 
2002 2	  56.33   15.97    0.69    5.57 
2002 3	 147.60   20.03    6.29    5.83 
2002 4	  87.35   26.00   15.01    4.86 
2002 5	  64.75   29.44   17.11    5.42 
2002 6	  85.60   32.11   20.01    3.71 
2002 7	 168.72   33.49   22.49    2.71 
2002 8	  66.82   34.15   22.11    3.26 
2002 9	  53.12   32.57   19.18    5.42 
2002 10	 203.63   24.15   14.65    4.20 
2002 11	 175.98   18.58    4.94    5.27 
2002 12	 295.57   15.50    2.87    5.92 
2003 1	  21.05   13.77    0.95    5.41 
2003 2	 230.20   14.44    4.25    5.28 
2003 3	  59.73   20.17    7.18    3.79 
2003 4	  58.20   26.03   12.00    4.62 
2003 5	  24.85   30.18   18.43    4.82 
2003 6	 133.52   32.38   20.49    3.24 
2003 7	 182.23   33.59   22.03    3.40 
2003 8	 153.50   34.48   22.32    3.09 
2003 9	 128.93   29.90   17.91    3.98 
2003 10	  46.70   26.75   12.27    4.18 
2003 11	 224.18   22.72    8.79    5.58 
2003 12	  66.28   17.06    1.34    5.61 
2004 1	 140.88   15.64    3.22    5.37 
2004 2	 258.85   13.46    2.40    5.63 
2004 3	  98.28   22.91   10.31    4.67 
2004 4	 132.72   24.79   12.14    4.57 
2004 5	 139.65   29.03   17.64    4.76 
2004 6	 259.62   30.96   20.97    3.58 
2004 7	  53.10   33.14   21.71    2.57 
2004 8	 136.35   33.07   19.73    3.55 
2004 9	  38.27   31.57   17.77    4.52 
2004 10	 208.50   28.02   18.12    4.51 
2004 11	 316.40   19.66    9.73    5.36 
2004 12	  84.50   15.78    1.62    5.90 
2005 1	 104.35   16.21    5.65    5.25 
2005 2	 171.48   16.60    6.62    4.97 
2005 3	 111.90   20.26    6.89    4.52 
2005 4	  66.68   24.93   10.57    4.89 
2005 5	  43.42   28.78   14.59    3.67 
2005 6	  54.27   33.88   20.32    2.94 
2005 7	  54.30   35.02   22.16    3.23 
2005 8	  79.88   36.24   22.04    2.49 
2005 9	 257.50   35.54   20.14    4.32 
2005 10	  31.62   27.12   10.99    5.18 
2005 11	  43.35   22.67    8.73    5.35 
2005 12	  47.73   15.84    0.31    5.57 
2006 1	 123.33   19.47    3.81    5.13 
2006 2	 176.85   15.23    1.54    5.25 
2006 3	  86.28   21.97    8.76    5.71 
2006 4	  78.35   27.99   14.77    4.94 
2006 5	  78.20   29.21   16.86    4.13 
2006 6	  81.20   32.57   19.45    2.62 
2006 7	 124.77   34.04   22.20    2.56 
2006 8	  58.00   35.86   22.94    2.67 
2006 9	  47.63   31.67   16.18    3.67 
2006 10	 293.47   26.02   11.95    4.76 
2006 11	  67.88   20.92    5.95    5.27 
2006 12	 150.00   15.93    3.48    5.95 
2007 1	 235.02   13.22    1.69    5.73 
2007 2	  72.75   15.34    2.24    4.78 
2007 3	  38.80   24.01   10.03    4.48 
2007 4	  55.60   22.90    9.65    4.80 
2007 5	 100.03   28.66   17.02    4.53 
2007 6	 183.32   31.94   20.98    3.41 
2007 7	 297.60   31.25   21.64    3.36 
2007 8	  53.65   34.48   22.94    2.77 
2007 9	  64.08   31.71   19.23    3.49 
2007 10	  82.78   27.60   12.73    5.22 
2007 11	 102.50   21.11    8.35    4.56 
2007 12	 119.70   17.27    3.49    4.45 
2008 1	  52.80   13.59    1.09    6.25 
2008 2	 185.95   18.84    3.30    5.10 
2008 3	 186.95   22.04    7.69    5.97 
2008 4	  62.78   24.70   11.73    5.00 
2008 5	  80.22   28.34   15.84    4.87 
2008 6	  95.92   33.28   21.39    3.89 
2008 7	  33.20   35.36   21.82    3.15 
2008 8	 189.67   33.45   22.22    3.48 
2008 9	  74.65   29.49   17.51    5.49 
2008 10	  36.55   26.64   10.07    4.48 
2008 11	 103.02   21.17    5.64    4.95 
2008 12	  83.35   15.77    2.04    6.01 
2009 1	  41.08   15.97    1.69    5.12 
2009 2	  56.72   20.12    4.97    5.73 
2009 3	 206.03   20.94    7.77    5.18 
2009 4	 145.30   24.29   10.32    6.05 
2009 5	  75.95   29.24   17.22    4.43 
2009 6	  45.20   34.58   21.35    3.36 
2009 7	 121.48   35.40   22.72    2.93 
2009 8	 125.32   35.12   21.88    2.30 
2009 9	 108.42   29.58   18.77    3.47 
2009 10	 464.95   23.90   11.75    5.21 
2009 11	  50.62   21.30    7.09    4.97 
2009 12	 155.17   11.78    1.08    6.03 
2010 1	  51.70   12.87   -0.17    5.49 
2010 2	 117.25   11.08   -0.23    5.65 
2010 3	  75.65   19.12    4.67    4.76 
2010 4	  38.08   26.26   11.38    4.90 
2010 5	  26.40   32.02   18.11    3.82 
2010 6	 104.05   35.17   22.95    2.89 
2010 7	 106.83   34.47   23.26    3.71 
2010 8	  20.90   38.23   23.57    3.28 
2010 9	  63.33   33.51   19.70    4.02 
2010 10	  44.88   28.38   10.90    4.34 
2010 11	 109.40   20.83    7.56    5.20 
2010 12	  14.93   15.17    1.83    6.10 
