1949 1	 102.67   15.90    3.85    6.37 
1949 2	 164.35   18.93    9.86    5.59 
1949 3	  49.55   23.40   11.71    6.02 
1949 4	 170.90   24.31   14.04    5.82 
1949 5	  50.70   31.58   21.41    4.93 
1949 6	  43.35   34.06   22.79    4.40 
1949 7	  77.23   34.76   23.74    3.80 
1949 8	  67.45   34.67   22.28    3.34 
1949 9	 108.45   33.26   20.94    4.13 
1949 10	 139.13   27.00   16.66    5.61 
1949 11	   3.70   24.85    9.84    5.18 
1949 12	 112.45   18.93    9.25    6.84 
1950 1	  32.22   20.15   10.22    6.90 
1950 2	 105.70   20.56    9.89    5.08 
1950 3	  15.22   22.72    9.89    6.06 
1950 4	 112.30   25.33   14.55    6.18 
1950 5	  85.75   30.96   20.46    5.32 
1950 6	 119.17   32.59   21.50    4.41 
1950 7	  34.05   35.13   22.96    4.91 
1950 8	  36.20   36.24   21.82    3.71 
1950 9	 159.27   31.99   19.84    3.77 
1950 10	   2.30   30.68   15.66    5.37 
1950 11	  15.38   23.78    8.38    6.34 
1950 12	  18.65   20.74    5.34    5.62 
1951 1	  12.93   18.66    4.60    6.98 
1951 2	  33.33   19.63    7.18    6.92 
1951 3	  60.03   24.81   11.63    5.81 
1951 4	  44.25   27.93   14.34    5.64 
1951 5	  70.03   31.16   18.96    4.95 
1951 6	 174.27   33.31   22.73    5.75 
1951 7	  34.40   36.91   23.54    4.11 
1951 8	  29.57   38.18   23.50    3.69 
1951 9	 199.60   32.76   20.82    4.54 
1951 10	  38.10   29.27   16.33    4.98 
1951 11	  70.15   21.18    8.87    6.67 
1951 12	  35.92   20.96    7.53    6.89 
1952 1	  35.12   22.41   10.30    6.49 
1952 2	  61.60   22.16    9.42    6.18 
1952 3	  53.80   23.10    9.21    5.98 
1952 4	  97.35   25.14   12.24    5.31 
1952 5	 130.65   29.87   16.45    4.25 
1952 6	  48.85   33.29   21.88    4.36 
1952 7	  87.20   34.75   22.54    3.62 
1952 8	   5.62   36.95   23.05    3.93 
1952 9	 118.38   32.52   18.50    5.32 
1952 10	   1.10   27.58    9.33    5.21 
1952 11	 175.95   21.09    9.28    6.36 
1952 12	 110.80   17.05    6.04    5.54 
1953 1	  39.15   21.44    7.24    6.60 
1953 2	  67.28   18.37    7.25    6.09 
1953 3	  27.80   26.03   15.12    5.45 
1953 4	  94.75   26.86   14.22    5.65 
1953 5	 133.82   29.89   19.14    5.06 
1953 6	  71.20   35.84   22.63    3.94 
1953 7	  19.17   36.14   23.36    3.84 
1953 8	 116.70   35.78   22.52    2.75 
1953 9	  56.98   33.18   18.68    4.37 
1953 10	  91.12   28.80   15.26    5.11 
1953 11	  24.35   21.71    8.47    5.28 
1953 12	  85.25   16.24    4.11    6.45 
1954 1	  37.05   19.63    6.52    5.70 
1954 2	   6.90   23.97    8.20    5.52 
1954 3	   7.60   23.84    9.70    6.46 
1954 4	 113.80   28.46   16.88    5.75 
1954 5	 111.35   29.29   17.10    5.17 
1954 6	   9.62   35.62   21.64    5.07 
1954 7	  45.65   38.13   22.88    3.89 
1954 8	  28.72   37.60   22.99    4.56 
1954 9	  43.92   35.52   20.60    5.04 
1954 10	  40.05   29.82   16.40    5.71 
1954 11	  16.75   23.38    8.64    5.81 
1954 12	  25.57   22.11    7.32    5.67 
1955 1	  50.15   18.22    6.52    5.72 
1955 2	 130.23   18.81    7.32    6.46 
1955 3	  25.25   24.64   11.15    6.44 
1955 4	  27.77   28.91   16.18    5.46 
1955 5	 170.30   31.86   19.18    5.47 
1955 6	  90.90   32.69   18.71    4.51 
1955 7	  17.10   35.30   22.22    4.63 
1955 8	 196.42   34.81   22.44    3.25 
1955 9	  28.52   33.44   21.71    5.20 
1955 10	  36.17   30.26   14.07    5.49 
1955 11	  68.82   23.55   10.12    7.22 
1955 12	   1.88   19.90    5.77    5.91 
1956 1	  37.10   18.71    4.87    5.69 
1956 2	  56.90   21.65    8.44    6.25 
1956 3	  21.47   24.04    9.75    5.21 
1956 4	  59.75   27.35   14.41    5.93 
1956 5	  35.38   32.64   19.40    4.88 
1956 6	  42.28   35.53   21.71    4.24 
1956 7	  62.47   37.08   22.97    4.50 
1956 8	  41.98   37.07   22.77    3.93 
1956 9	   9.32   35.29   19.82    4.73 
1956 10	  16.30   31.13   16.30    4.43 
1956 11	  20.40   22.62    8.19    5.93 
1956 12	 103.00   21.66    7.65    5.57 
1957 1	  36.00   17.77    7.07    5.67 
1957 2	  65.28   22.14   12.03    4.53 
1957 3	 159.65   22.56   10.67    5.18 
1957 4	 172.22   24.79   14.63    6.32 
1957 5	 144.82   28.88   19.20    6.03 
1957 6	 117.08   31.41   22.08    4.90 
1957 7	  10.65   36.36   22.81    3.28 
1957 8	  15.15   36.90   22.19    4.30 
1957 9	 267.05   32.01   18.27    4.62 
1957 10	 278.52   25.29   14.02    5.61 
1957 11	 167.73   20.84    9.89    6.54 
1957 12	  34.40   20.83    8.24    6.29 
1958 1	 103.73   16.30    4.45    6.95 
1958 2	 119.47   15.58    5.12    6.32 
1958 3	  26.53   20.60    8.56    5.81 
1958 4	  55.30   26.46   14.14    4.91 
1958 5	  70.42   30.38   18.78    3.74 
1958 6	  71.58   34.46   22.29    4.74 
1958 7	  78.68   34.70   23.52    4.49 
1958 8	  24.45   36.87   23.23    3.34 
1958 9	 238.17   31.37   22.23    4.62 
1958 10	  69.10   25.20   16.10    6.06 
1958 11	  69.03   22.62   11.15    5.12 
1958 12	  45.80   17.15    4.59    5.50 
1959 1	  40.53   16.17    4.08    6.31 
1959 2	  68.45   18.41    8.44    5.90 
1959 3	  23.05   23.55    9.15    6.02 
1959 4	 215.68   24.34   13.72    5.62 
1959 5	 103.68   30.30   19.91    5.03 
1959 6	  81.30   33.07   22.17    4.29 
1959 7	  88.65   34.45   22.68    2.91 
1959 8	  87.15   33.94   22.78    3.41 
1959 9	 127.30   32.19   21.45    4.75 
1959 10	 219.45   28.05   15.92    4.93 
1959 11	  35.50   20.68    6.39    6.35 
1959 12	  86.10   18.84    7.22    6.04 
1960 1	  31.57   16.15    5.81    5.95 
1960 2	 107.42   16.26    3.29    6.61 
1960 3	  18.45   20.01    8.04    5.58 
1960 4	 162.18   27.08   16.03    5.79 
1960 5	  34.97   29.00   17.39    5.42 
1960 6	 189.48   34.69   21.68    4.30 
1960 7	  93.70   34.48   22.75    2.99 
1960 8	 128.23   33.22   23.05    4.21 
1960 9	  24.55   32.48   19.13    4.12 
1960 10	 253.45   28.95   16.76    4.59 
1960 11	  72.35   22.48   11.24    5.64 
1960 12	  98.10   16.08    5.34    5.71 
1961 1	  65.75   15.53    3.36    6.01 
1961 2	  88.50   20.58    7.60    5.41 
1961 3	  21.68   25.12   12.40    6.17 
1961 4	  50.85   26.94   13.17    5.70 
1961 5	  22.20   30.76   18.82    5.80 
1961 6	 269.38   31.85   21.39    4.52 
1961 7	 154.68   32.42   22.27    4.14 
1961 8	  38.48   33.77   21.34    3.04 
1961 9	 238.60   31.73   20.43    6.33 
1961 10	  51.70   28.47   14.86    5.60 
1961 11	 133.37   20.61    9.17    6.33 
1961 12	  29.40   18.79    6.79    5.40 
1962 1	  66.55   15.73    1.39    6.63 
1962 2	  33.93   24.23   10.48    5.97 
1962 3	  15.95   22.39    8.45    5.84 
1962 4	 143.15   26.44   14.52    6.12 
1962 5	  31.03   30.54   18.94    5.98 
1962 6	  84.58   32.22   21.48    3.74 
1962 7	   1.08   36.21   23.12    3.09 
1962 8	   4.82   38.16   23.58    3.03 
1962 9	 181.25   33.27   21.30    4.01 
1962 10	  20.62   30.26   17.97    5.20 
1962 11	  15.92   22.82    9.48    6.23 
1962 12	 116.50   17.60    6.34    5.18 
1963 1	  24.12   14.38    1.51    6.19 
1963 2	  67.42   19.88    4.69    6.52 
1963 3	   9.43   26.18   11.15    5.69 
1963 4	  18.88   29.95   17.45    6.32 
1963 5	   8.93   32.56   19.23    4.86 
1963 6	 127.53   35.12   21.83    4.33 
1963 7	  43.40   35.47   22.94    4.40 
1963 8	  36.98   36.93   22.71    3.14 
1963 9	  32.32   33.85   20.45    3.90 
1963 10	  16.82   32.14   16.61    4.74 
1963 11	 126.10   23.58   11.34    6.26 
1963 12	  50.97   13.89    2.61    6.67 
1964 1	  60.62   18.75    5.56    5.69 
1964 2	  60.60   16.41    3.59    5.50 
1964 3	  82.75   22.79    9.18    5.93 
1964 4	  76.52   27.26   16.68    6.37 
1964 5	  93.85   30.89   19.94    5.02 
1964 6	  75.52   32.94   21.72    4.58 
1964 7	  38.95   35.55   23.02    4.05 
1964 8	  53.95   36.13   23.51    3.98 
1964 9	 211.55   32.11   21.17    4.24 
1964 10	  22.45   26.64   13.43    5.87 
1964 11	  49.88   24.43   12.45    5.85 
1964 12	  58.60   19.03    7.04    6.58 
1965 1	  68.30   19.84    7.13    5.79 
1965 2	 155.37   17.67    6.08    6.71 
1965 3	  16.67   20.97    7.40    6.77 
1965 4	  40.40   28.03   17.09    5.93 
1965 5	 264.30   28.35   19.40    6.32 
1965 6	 110.88   31.94   20.74    4.63 
1965 7	  12.07   34.90   21.70    3.08 
1965 8	  47.80   34.98   22.15    3.14 
1965 9	  63.65   33.71   20.76    5.11 
1965 10	 146.45   26.20   13.77    5.32 
1965 11	 197.90   24.55   14.30    4.79 
1965 12	 123.25   19.99    8.47    6.04 
1966 1	  53.38   14.10    3.33    6.57 
1966 2	  97.25   16.98    4.76    5.98 
1966 3	  46.10   23.17    9.94    5.58 
1966 4	  90.98   27.72   15.57    5.89 
1966 5	 128.90   28.72   18.73    4.65 
1966 6	  99.55   32.60   20.37    3.96 
1966 7	  41.88   34.66   22.64    3.20 
1966 8	 106.45   34.74   22.56    3.82 
1966 9	  27.85   32.82   19.55    2.85 
1966 10	  52.72   28.86   13.56    5.54 
1966 11	   3.25   26.12   11.85    5.98 
1966 12	  56.45   19.58    5.27    6.07 
1967 1	  25.33   18.71    5.55    6.03 
1967 2	  20.12   19.87    4.89    6.17 
1967 3	  29.47   27.26   12.52    5.54 
1967 4	  73.75   30.38   18.73    6.76 
1967 5	 127.80   30.92   17.73    6.53 
1967 6	   0.20   35.62   21.51    5.19 
1967 7	  72.10   36.69   22.08    4.67 
1967 8	  63.83   35.76   21.10    3.55 
1967 9	 389.27   30.55   18.67    5.36 
1967 10	 104.82   28.03   13.97    5.38 
1967 11	  31.35   23.78   10.68    5.39 
1967 12	  47.85   17.83    5.39    5.74 
1968 1	 153.35   14.92    5.31    6.16 
1968 2	  43.15   15.86    3.70    5.53 
1968 3	  50.60   21.52    8.76    6.32 
1968 4	  98.40   26.49   15.56    6.41 
1968 5	 145.72   30.02   18.50    5.57 
1968 6	 242.12   31.37   21.39    4.45 
1968 7	  55.25   33.65   21.78    4.12 
1968 8	  39.80   35.79   21.81    4.20 
1968 9	 155.92   31.40   18.51    4.96 
1968 10	  20.27   30.17   15.88    5.11 
1968 11	 126.60   22.22    7.51    6.41 
1968 12	  46.30   19.02    4.92    6.76 
1969 1	  35.68   19.25    6.83    6.17 
1969 2	 178.08   19.21    6.99    6.26 
1969 3	 133.75   19.28    7.42    6.15 
1969 4	 163.62   27.00   14.97    5.37 
1969 5	 106.58   29.54   16.89    4.78 
1969 6	  40.63   33.62   20.81    5.23 
1969 7	   4.15   37.81   23.48    4.19 
1969 8	  99.40   37.06   22.95    3.81 
1969 9	  38.00   33.83   19.59    4.60 
1969 10	  61.52   29.13   15.09    7.04 
1969 11	  60.30   23.10    8.24    6.10 
1969 12	  81.92   20.61    6.96    5.16 
1970 1	  79.10   14.63    2.84    6.14 
1970 2	  64.90   19.75    6.76    6.30 
1970 3	 111.65   20.72    8.07    5.74 
1970 4	  40.35   27.36   15.61    6.28 
1970 5	 222.95   28.66   16.65    6.09 
1970 6	  10.02   32.58   20.81    4.31 
1970 7	  28.52   35.05   22.44    3.56 
1970 8	  44.38   36.89   22.56    3.86 
1970 9	 144.95   31.74   20.91    5.87 
1970 10	  83.97   27.06   13.36    6.16 
1970 11	  11.05   23.23    7.04    6.41 
1970 12	  27.35   23.03   10.34    5.77 
1971 1	  12.57   21.07    6.69    6.32 
1971 2	  34.12   22.09    7.09    6.86 
1971 3	   6.15   26.52    9.36    6.06 
1971 4	  26.62   27.78   13.55    5.89 
1971 5	 105.25   30.87   18.16    5.78 
1971 6	  60.05   35.21   21.83    4.94 
1971 7	   9.27   37.11   22.60    4.21 
1971 8	 223.27   33.61   21.60    3.30 
1971 9	 167.18   31.89   20.79    4.70 
1971 10	  91.38   29.10   16.47    4.95 
1971 11	  54.28   24.27   10.11    5.79 
1971 12	  97.08   20.98   10.39    5.50 
1972 1	  43.50   20.11    6.48    6.41 
1972 2	  28.60   21.65    7.04    6.08 
1972 3	  91.97   26.78   12.49    5.77 
1972 4	  26.30   30.10   16.05    6.21 
1972 5	 304.37   29.72   17.24    3.92 
1972 6	 121.97   33.53   21.16    5.29 
1972 7	 131.60   33.73   21.67    4.92 
1972 8	  86.75   34.41   21.56    3.98 
1972 9	  42.45   34.77   21.50    3.84 
1972 10	  77.20   29.45   15.22    5.58 
1972 11	  50.12   19.29    6.41    6.58 
1972 12	  33.33   16.91    3.18    6.37 
1973 1	  84.10   15.06    2.40    6.85 
1973 2	  60.10   18.12    4.51    6.24 
1973 3	 106.88   24.90   12.03    5.57 
1973 4	 184.05   23.49   12.50    6.65 
1973 5	  51.50   29.80   16.86    6.01 
1973 6	 315.48   30.97   20.76    5.18 
1973 7	 110.60   34.26   21.96    3.89 
1973 8	  16.95   34.38   21.39    3.92 
1973 9	  90.88   32.50   20.22    4.15 
1973 10	 213.95   28.99   16.06    5.43 
1973 11	  54.02   26.69   13.16    6.45 
1973 12	  34.20   21.25    4.09    6.61 
1974 1	 131.20   16.92    5.04    5.08 
1974 2	  21.15   22.28    6.04    6.54 
1974 3	  26.75   26.75   14.30    6.25 
1974 4	  31.30   27.86   14.39    7.06 
1974 5	 154.00   31.69   19.66    5.44 
1974 6	  56.58   33.11   19.83    4.92 
1974 7	  16.72   36.21   21.47    3.25 
1974 8	 250.75   33.91   21.89    3.90 
1974 9	 321.12   29.35   17.30    6.15 
1974 10	  72.38   28.80   14.23    6.34 
1974 11	  85.72   21.37    8.91    5.89 
1974 12	  24.92   18.50    4.94    5.35 
1975 1	  22.30   20.56    6.42    5.74 
1975 2	  41.85   20.13    5.07    5.24 
1975 3	  36.07   24.38    9.93    6.07 
1975 4	 177.00   26.23   14.95    6.67 
1975 5	 244.25   29.48   18.78    5.23 
1975 6	 117.47   32.39   21.65    5.05 
1975 7	  37.10   34.19   21.66    3.59 
1975 8	  61.70   34.42   21.90    4.02 
1975 9	  18.60   31.76   17.63    4.54 
1975 10	  51.28   30.04   14.01    5.49 
1975 11	  29.60   24.77    9.18    5.95 
1975 12	  32.88   19.34    4.88    6.17 
1976 1	  25.67   19.65    2.93    6.38 
1976 2	  16.58   24.24    8.32    6.13 
1976 3	  63.95   24.53   11.69    6.65 
1976 4	 199.28   26.57   15.38    6.02 
1976 5	 171.32   28.16   15.97    4.61 
1976 6	  36.85   32.81   19.98    4.99 
1976 7	  84.62   32.33   21.60    4.01 
1976 8	  48.65   35.99   20.54    3.02 
1976 9	 108.20   32.86   18.85    3.73 
1976 10	 243.73   23.56   10.50    5.52 
1976 11	  55.00   18.26    5.80    6.74 
1976 12	 180.42   16.94    4.36    5.98 
1977 1	  49.48   12.45    0.44    6.08 
1977 2	  76.18   20.14    5.71    6.16 
1977 3	  47.65   23.91   10.67    5.86 
1977 4	 230.97   26.46   13.56    5.17 
1977 5	  16.50   29.90   19.04    4.84 
1977 6	  56.15   33.61   21.80    4.57 
1977 7	  34.98   36.13   22.60    3.80 
1977 8	  21.85   36.57   23.26    4.18 
1977 9	  41.40   34.94   21.66    4.46 
1977 10	  45.65   29.99   15.23    4.67 
1977 11	 115.80   23.92   10.92    5.53 
1977 12	  15.57   19.96    6.39    6.62 
1978 1	  86.80   10.59    1.21    7.30 
1978 2	  43.30   13.38    2.52    6.17 
1978 3	  17.20   22.70    8.40    5.17 
1978 4	  29.08   26.87   15.25    5.68 
1978 5	  33.20   32.24   19.68    4.99 
1978 6	 163.45   33.95   21.38    4.03 
1978 7	  20.50   37.01   22.98    3.73 
1978 8	  37.15   35.89   22.67    4.12 
1978 9	 271.50   31.06   20.97    5.36 
1978 10	  18.08   28.39   14.15    5.12 
1978 11	 125.75   22.44   11.85    5.63 
1978 12	  79.53   17.61    4.65    6.64 
1979 1	 138.88   11.39    1.46    7.14 
1979 2	  69.80   16.28    5.41    6.10 
1979 3	  75.70   23.29   11.28    6.00 
1979 4	 161.45   26.02   15.38    4.98 
1979 5	 230.60   28.26   16.64    5.46 
1979 6	  73.62   32.05   20.77    4.51 
1979 7	 104.07   33.45   22.12    4.52 
1979 8	 126.95   34.14   21.19    3.59 
1979 9	 159.62   30.43   17.95    5.58 
1979 10	  10.50   29.80   15.23    5.06 
1979 11	  52.55   21.21    6.63    7.15 
1979 12	  82.28   18.72    5.17    6.12 
1980 1	 100.05   18.06    6.60    5.35 
1980 2	  36.27   18.80    5.44    6.13 
1980 3	  46.45   23.21    9.89    5.62 
1980 4	  88.43   26.10   11.98    5.54 
1980 5	 173.57   29.52   18.69    4.52 
1980 6	  40.15   34.89   22.20    5.17 
1980 7	  30.48   38.04   23.42    2.91 
1980 8	  53.37   35.94   23.05    5.17 
1980 9	  90.62   33.61   22.17    3.95 
1980 10	  34.65   27.59   13.51    5.71 
1980 11	  80.98   20.87    8.32    5.82 
1980 12	   9.52   18.97    6.70    5.36 
1981 1	  60.08   17.48    5.10    5.48 
1981 2	  46.37   18.98    7.29    5.84 
1981 3	  45.40   21.76   10.37    5.59 
1981 4	  84.55   28.35   17.70    5.59 
1981 5	 121.28   29.20   18.01    5.27 
1981 6	 179.33   31.84   22.55    5.08 
1981 7	 105.17   33.95   22.96    4.03 
1981 8	 274.83   34.75   22.39    3.61 
1981 9	  38.38   31.68   19.17    4.62 
1981 10	 253.47   27.96   16.81    5.45 
1981 11	  46.62   24.35   11.85    5.45 
1981 12	  20.35   19.26    7.08    6.06 
1982 1	  36.23   18.24    5.25    6.87 
1982 2	  68.55   17.04    5.29    6.03 
1982 3	  26.90   23.20   13.11    6.38 
1982 4	  31.87   25.34   14.86    6.02 
1982 5	 186.40   29.26   19.20    5.57 
1982 6	  22.35   33.97   21.84    4.24 
1982 7	  18.72   36.96   23.41    4.07 
1982 8	  15.23   36.70   23.32    3.62 
1982 9	  72.88   34.44   19.93    4.99 
1982 10	 117.53   27.18   15.55    5.83 
1982 11	 132.33   20.77   10.87    5.68 
1982 12	  46.47   18.15    7.66    6.57 
1983 1	  47.82   16.01    4.81    5.26 
1983 2	 100.32   17.57    6.11    6.34 
1983 3	 142.23   21.51    9.47    5.50 
1983 4	   5.65   25.22   12.74    6.44 
1983 5	 147.00   29.30   17.98    5.34 
1983 6	  71.98   32.19   20.91    4.11 
1983 7	 100.80   33.23   22.73    4.53 
1983 8	  29.10   34.76   22.96    2.95 
1983 9	 102.30   32.04   19.35    5.19 
1983 10	  33.08   28.66   15.65    4.84 
1983 11	 145.08   24.24   11.92    6.03 
1983 12	  12.33   13.33    1.39    6.97 
1984 1	  74.47   14.69    3.56    6.20 
1984 2	  45.77   20.33    6.54    6.14 
1984 3	  41.85   24.12   11.34    5.62 
1984 4	  10.60   28.66   14.28    5.96 
1984 5	  63.75   31.03   18.85    6.29 
1984 6	  97.25   33.57   21.16    5.08 
1984 7	  37.72   35.91   21.93    3.74 
1984 8	  46.60   35.72   22.13    3.73 
1984 9	  27.95   31.51   19.03    6.33 
1984 10	 194.97   27.64   17.92    5.58 
1984 11	  52.97   22.36   10.27    6.30 
1984 12	 102.48   22.20   11.88    6.40 
1985 1	  76.15   14.12    1.57    5.89 
1985 2	 112.68   15.67    5.08    6.28 
1985 3	  43.73   23.46   13.76    6.08 
1985 4	  63.88   26.85   15.69    6.22 
1985 5	  40.17   30.60   19.02    4.46 
1985 6	  48.40   33.44   22.07    5.17 
1985 7	  21.48   34.39   22.38    3.70 
1985 8	   2.35   37.49   23.21    3.35 
1985 9	 129.47   33.27   20.79    5.70 
1985 10	 109.42   27.22   17.73    6.89 
1985 11	 210.28   23.37   13.55    5.95 
1985 12	  27.35   16.53    4.26    5.99 
1986 1	  36.58   18.94    6.10    5.84 
1986 2	  41.82   21.39    8.81    5.89 
1986 3	  25.55   24.79   10.71    5.20 
1986 4	  39.97   27.93   16.89    5.67 
1986 5	 177.10   28.54   18.83    5.27 
1986 6	 103.38   32.37   22.52    3.65 
1986 7	   0.65   36.02   23.29    4.04 
1986 8	  74.08   35.32   22.90    3.41 
1986 9	 100.50   32.22   22.78    4.67 
1986 10	 110.45   26.33   15.55    5.42 
1986 11	  88.78   21.01   10.97    6.39 
1986 12	 196.30   15.38    6.64    6.14 
1987 1	  56.47   16.66    5.23    5.59 
1987 2	 121.43   18.66    8.42    6.03 
1987 3	  34.72   21.90    8.26    5.22 
1987 4	   6.75   27.88   11.92    4.15 
1987 5	 120.63   29.53   19.57    4.50 
1987 6	 248.95   31.46   21.81    4.63 
1987 7	  25.28   33.48   22.96    4.16 
1987 8	  40.50   35.91   23.24    3.95 
1987 9	  87.62   32.07   19.64    4.51 
1987 10	   9.52   28.14   13.64    5.57 
1987 11	 151.32   22.27   10.11    6.35 
1987 12	 103.80   17.92    7.21    5.98 
1988 1	   4.93   14.80    2.92    6.70 
1988 2	  14.15   18.10    5.88    6.27 
1988 3	  98.23   22.43    9.93    6.20 
1988 4	  56.12   26.97   13.53    4.65 
1988 5	  69.32   29.35   17.32    4.68 
1988 6	  49.20   32.80   20.25    4.39 
1988 7	 113.60   34.73   22.90    3.90 
1988 8	   2.78   36.70   23.52    3.71 
1988 9	  51.17   34.04   20.83    5.51 
1988 10	  55.45   29.53   16.04    5.00 
1988 11	   0.85   25.44   12.33    6.66 
1988 12	  79.45   19.25    7.48    5.99 
1989 1	 195.83   18.54    8.71    5.59 
1989 2	  10.12   15.95    6.22    7.62 
1989 3	  61.30   23.04    9.70    6.31 
1989 4	  49.05   26.80   15.07    5.40 
1989 5	 139.90   30.81   20.56    5.73 
1989 6	 153.27   31.79   21.60    5.57 
1989 7	  55.47   34.39   22.35    4.02 
1989 8	  15.20   35.17   21.80    4.05 
1989 9	  27.52   32.32   18.00    5.48 
1989 10	 104.12   28.89   14.85    5.65 
1989 11	  66.95   22.75   11.65    6.15 
1989 12	  23.27   12.89    0.67    6.91 
1990 1	  59.45   19.83    8.62    5.73 
1990 2	  88.88   21.37    9.31    6.36 
1990 3	  60.00   21.87   11.66    6.32 
1990 4	  66.32   26.32   15.44    6.14 
1990 5	  44.53   30.95   20.46    5.93 
1990 6	  10.68   36.30   23.13    4.91 
1990 7	 105.70   33.93   22.21    3.93 
1990 8	  11.23   36.10   22.73    3.41 
1990 9	  73.45   32.78   20.97    3.64 
1990 10	  57.88   28.41   13.59    5.46 
1990 11	  42.85   24.26   11.72    6.22 
1990 12	  41.93   18.33    5.22    6.02 
1991 1	 169.98   14.09    4.57    6.10 
1991 2	  59.77   19.45    8.44    5.79 
1991 3	  21.48   24.34   11.62    6.49 
1991 4	 177.82   27.48   17.12    5.70 
1991 5	  61.75   29.64   19.93    5.59 
1991 6	  71.28   32.83   21.90    4.52 
1991 7	 116.33   33.79   22.39    3.62 
1991 8	  29.80   34.92   22.51    3.32 
1991 9	  90.60   30.42   19.05    4.90 
1991 10	  33.45   29.60   15.25    5.23 
1991 11	  46.85   19.79    7.48    7.19 
1991 12	 247.58   17.42    8.76    6.61 
1992 1	 140.02   14.69    5.81    5.73 
1992 2	 175.05   20.31    9.13    5.61 
1992 3	 123.45   23.08   11.60    5.55 
1992 4	 132.02   25.89   14.46    4.55 
1992 5	 315.23   27.81   17.21    4.76 
1992 6	 127.98   32.98   21.87    3.67 
1992 7	  18.25   34.38   22.77    5.10 
1992 8	  47.30   33.72   20.69    3.20 
1992 9	  47.18   33.29   20.01    5.07 
1992 10	  39.22   29.60   14.74    5.33 
1992 11	 106.48   20.06    8.26    6.47 
1992 12	  72.55   18.72    8.12    5.27 
1993 1	 150.25   16.53    5.42    5.48 
1993 2	  99.33   18.77    7.85    6.07 
1993 3	 108.63   22.14   10.16    4.90 
1993 4	  96.55   24.60   13.13    6.10 
1993 5	 189.10   27.97   17.11    4.89 
1993 6	 234.63   30.80   22.22    5.87 
1993 7	   4.78   34.38   23.08    4.81 
1993 8	   6.90   36.98   22.88    3.57 
1993 9	  19.70   34.17   19.93    4.67 
1993 10	 101.35   27.66   14.72    6.00 
1993 11	  32.10   19.73    7.19    6.16 
1993 12	  41.97   17.90    7.32    6.07 
1994 1	  36.60   17.76    6.14    6.81 
1994 2	  44.70   19.06    6.70    6.23 
1994 3	  38.65   22.89   11.18    5.25 
1994 4	 128.88   26.23   15.03    5.54 
1994 5	 251.05   28.42   18.22    4.79 
1994 6	 121.50   33.09   22.70    4.31 
1994 7	   0.53   36.08   22.92    4.67 
1994 8	  67.60   33.66   22.19    3.65 
1994 9	  68.75   31.40   18.73    3.84 
1994 10	 325.05   27.69   16.59    5.53 
1994 11	  17.22   23.97   13.10    6.28 
1994 12	 111.85   18.79    8.57    5.73 
1995 1	  19.22   18.05    6.66    6.52 
1995 2	  62.95   20.39    7.94    5.14 
1995 3	  63.18   21.44   11.27    5.84 
1995 4	  62.85   25.97   14.02    6.14 
1995 5	 179.55   30.05   19.48    5.68 
1995 6	  35.05   31.82   20.37    4.28 
1995 7	  21.23   35.37   23.05    3.78 
1995 8	  50.83   34.76   22.78    3.41 
1995 9	  16.98   34.07   20.41    4.25 
1995 10	  35.58   29.13   14.83    7.01 
1995 11	  20.02   22.49    9.82    6.05 
1995 12	  39.75   18.63    7.90    6.51 
1996 1	   0.32   18.91    4.21    6.89 
1996 2	  40.00   21.73    8.24    6.55 
1996 3	  10.58   21.50    7.72    6.33 
1996 4	  40.92   28.72   13.54    6.04 
1996 5	   1.23   33.44   21.64    5.90 
1996 6	 161.58   34.21   21.67    4.43 
1996 7	  20.08   36.09   23.21    4.19 
1996 8	 130.18   34.61   22.47    4.37 
1996 9	 165.88   31.19   20.22    3.90 
1996 10	  61.65   27.72   16.23    6.51 
1996 11	  80.03   22.59   10.51    6.56 
1996 12	  87.22   19.62    7.95    5.79 
1997 1	 108.80   15.38    5.27    6.48 
1997 2	 100.20   17.01    8.17    6.35 
1997 3	 110.40   23.49   12.37    4.91 
1997 4	 120.65   22.97   12.35    6.28 
1997 5	 134.45   28.55   18.04    4.59 
1997 6	 223.27   31.78   21.29    3.94 
1997 7	  15.23   35.17   22.96    2.94 
1997 8	   3.70   35.89   23.00    3.77 
1997 9	  92.72   33.88   20.63    3.81 
1997 10	 308.57   27.09   15.59    6.35 
1997 11	 117.60   19.12    8.76    5.74 
1997 12	  85.50   16.95    4.36    6.22 
1998 1	  32.93   20.89    8.61    5.61 
1998 2	 129.20   18.88    7.62    5.63 
1998 3	  36.23   21.93   10.15    6.64 
1998 4	  31.45   25.88   12.98    5.38 
1998 5	  10.73   32.78   20.30    4.61 
1998 6	  83.00   35.84   23.70    6.33 
1998 7	  11.20   38.43   24.21    4.41 
1998 8	  87.78   35.06   23.58    3.41 
1998 9	 128.35   32.79   22.98    5.80 
1998 10	 302.92   27.54   17.62    6.87 
1998 11	 223.85   22.55   13.28    5.88 
1998 12	  91.45   18.00    7.40    6.31 
1999 1	  29.55   20.35    8.19    6.99 
1999 2	   7.57   23.08   10.46    5.59 
1999 3	  86.70   23.46   12.12    5.78 
1999 4	   7.85   28.05   17.08    6.44 
1999 5	 129.20   30.82   18.79    4.89 
1999 6	 182.45   31.43   22.20    4.86 
1999 7	  42.75   32.86   22.51    3.69 
1999 8	  14.30   37.01   23.50    2.76 
1999 9	   4.07   33.98   19.35    4.69 
1999 10	  11.82   28.82   13.19    5.75 
1999 11	   6.05   25.50   10.80    5.40 
1999 12	  28.38   20.03    5.94    6.51 
2000 1	 101.88   19.69    7.99    6.50 
2000 2	  51.08   22.64   10.79    6.31 
2000 3	  85.98   25.03   13.96    5.22 
2000 4	  46.40   27.08   14.54    5.30 
2000 5	 197.75   30.16   20.52    5.65 
2000 6	 150.35   31.67   22.04    5.24 
2000 7	  44.38   36.79   22.19    3.19 
2000 8	  10.13   36.59   22.16    2.95 
2000 9	  13.88   35.05   19.56    5.10 
2000 10	 109.85   27.18   16.63    6.09 
2000 11	 250.02   19.35    9.36    6.09 
2000 12	  84.25   13.69    2.90    6.57 
2001 1	  64.02   14.49    4.39    5.78 
2001 2	  43.03   19.91    9.43    5.72 
2001 3	 153.27   18.54    7.84    5.12 
2001 4	   5.55   26.78   16.04    6.69 
2001 5	 122.80   30.31   18.79    5.22 
2001 6	  77.05   32.21   21.38    3.85 
2001 7	   6.80   35.79   22.72    3.34 
2001 8	 224.80   35.48   22.58    4.07 
2001 9	 123.92   30.18   19.13    5.33 
2001 10	 122.72   26.43   13.80    5.89 
2001 11	  78.72   23.23   11.74    5.47 
2001 12	 126.22   18.43    7.05    5.73 
2002 1	  41.40   18.77    6.17    5.85 
2002 2	  19.90   18.00    4.13    6.27 
2002 3	  22.28   22.16    8.63    6.38 
2002 4	  95.05   27.95   17.74    5.75 
2002 5	  23.90   30.55   18.65    6.33 
2002 6	 147.18   33.29   21.20    4.49 
2002 7	 141.67   32.51   22.61    4.33 
2002 8	  75.93   34.16   22.45    3.61 
2002 9	 136.95   31.68   19.97    5.53 
2002 10	 265.23   25.88   15.84    4.79 
2002 11	 160.85   20.69    8.31    6.01 
2002 12	 216.98   18.93    6.81    6.61 
2003 1	  52.07   16.03    4.42    5.69 
2003 2	  91.20   17.63    6.76    6.04 
2003 3	  32.10   22.14   10.14    4.22 
2003 4	  10.92   27.40   15.48    5.23 
2003 5	  22.48   32.70   20.30    5.29 
2003 6	  88.72   33.99   21.40    3.76 
2003 7	  52.73   33.57   22.24    4.16 
2003 8	  86.03   35.00   22.03    3.24 
2003 9	 188.33   29.30   19.07    4.74 
2003 10	 100.80   27.41   14.76    5.22 
2003 11	  37.85   23.32   11.34    6.55 
2003 12	  44.03   19.38    4.21    6.19 
2004 1	 102.13   17.39    6.74    6.26 
2004 2	 102.70   16.11    5.31    6.12 
2004 3	  53.90   24.65   13.67    5.43 
2004 4	 208.25   25.63   14.47    5.86 
2004 5	 100.12   28.64   18.80    5.85 
2004 6	 290.72   31.03   21.33    4.70 
2004 7	  31.15   33.47   22.55    3.33 
2004 8	  31.85   34.14   22.03    4.15 
2004 9	  26.62   32.55   20.59    3.87 
2004 10	 193.70   29.84   19.12    5.49 
2004 11	 246.33   21.82   11.20    5.97 
2004 12	  19.72   17.56    5.59    6.36 
2005 1	 119.78   18.69    7.63    5.65 
2005 2	  79.50   18.00    9.74    5.70 
2005 3	  82.55   23.22   10.40    4.79 
2005 4	  12.97   28.11   14.03    5.39 
2005 5	 127.60   30.14   18.76    4.52 
2005 6	   0.98   34.40   22.53    4.26 
2005 7	 138.45   35.38   23.20    4.10 
2005 8	  31.85   35.75   23.25    3.48 
2005 9	  15.20   35.74   22.58    4.82 
2005 10	 150.07   28.41   14.70    5.85 
2005 11	  30.80   24.91   11.83    6.34 
2005 12	  27.10   18.07    4.17    6.39 
2006 1	  54.75   21.99    6.69    5.98 
2006 2	  33.58   19.05    5.83    6.10 
2006 3	  52.65   25.05   13.26    6.35 
2006 4	  26.52   30.48   17.78    5.61 
2006 5	  59.55   33.04   19.14    5.22 
2006 6	  43.25   34.00   21.40    3.09 
2006 7	 111.55   34.43   23.10    3.51 
2006 8	   3.33   37.05   23.61    3.60 
2006 9	  80.47   32.62   19.96    4.13 
2006 10	  53.17   28.82   15.39    5.71 
2006 11	   9.75   24.22   10.54    5.77 
2006 12	  89.95   18.08    7.16    6.29 
2007 1	 182.42   13.75    4.30    6.26 
2007 2	   4.93   19.32    7.33    5.61 
2007 3	 169.15   25.48   15.02    5.53 
2007 4	 101.35   25.30   14.37    5.58 
2007 5	 188.30   30.39   20.90    5.09 
2007 6	 112.07   33.66   24.05    4.53 
2007 7	 158.50   31.84   23.61    4.45 
2007 8	  88.32   33.45   23.60    3.46 
2007 9	  79.90   32.05   21.22    3.74 
2007 10	  48.55   28.86   15.21    5.75 
2007 11	 137.43   23.17   11.12    5.24 
2007 12	  18.32   20.42    6.11    5.03 
2008 1	  53.05   16.60    4.39    6.77 
2008 2	  40.43   22.65    7.48    6.08 
2008 3	  50.60   23.25   10.47    6.78 
2008 4	  48.28   26.98   14.11    5.91 
2008 5	   4.18   31.11   20.11    5.86 
2008 6	  21.87   36.16   23.01    4.73 
2008 7	  38.10   35.22   22.54    4.23 
2008 8	  30.77   34.73   23.40    3.51 
2008 9	  11.92   32.55   18.91    5.64 
2008 10	  29.90   28.47   13.52    5.43 
2008 11	  97.30   23.48    9.86    5.55 
2008 12	  21.75   17.92    4.57    7.08 
2009 1	  13.02   18.82    3.97    5.71 
2009 2	  15.17   23.25    8.53    6.39 
2009 3	  53.58   23.29   10.80    6.05 
2009 4	 294.88   26.25   13.96    6.18 
2009 5	  61.98   30.54   19.93    5.11 
2009 6	   0.68   36.16   22.61    4.00 
2009 7	  23.07   37.75   24.54    3.59 
2009 8	  39.20   37.53   23.94    2.64 
2009 9	 203.00   30.42   20.66    3.52 
2009 10	 202.32   26.18   15.96    6.23 
2009 11	 104.15   22.21   10.17    5.95 
2009 12	  51.03   12.39    3.57    6.41 
2010 1	  77.60   14.62    3.62    6.39 
2010 2	 100.25   12.95    3.26    6.25 
2010 3	  52.40   20.60    8.56    5.26 
2010 4	  49.53   25.14   14.45    5.62 
2010 5	  71.97   31.33   19.93    4.71 
2010 6	 103.08   32.78   23.07    4.91 
2010 7	 148.53   31.61   23.81    4.74 
2010 8	  29.63   35.58   23.62    2.96 
2010 9	 201.12   30.44   21.22    5.33 
2010 10	   0.00   27.72   13.64    5.08 
2010 11	  29.97   22.76   10.06    6.50 
2010 12	  27.05   18.77    5.71    6.50 
