1949 1	  91.85   16.30    5.37    6.82 
1949 2	 162.70   19.49   10.02    5.94 
1949 3	  96.70   22.86   11.18    6.67 
1949 4	 132.47   24.69   13.88    6.56 
1949 5	  41.58   31.64   20.25    5.49 
1949 6	  27.00   34.31   22.47    4.68 
1949 7	 143.12   34.42   23.29    3.99 
1949 8	 103.77   34.49   21.69    3.47 
1949 9	  89.95   33.46   21.17    4.47 
1949 10	 302.95   27.81   17.87    6.02 
1949 11	   7.20   25.41    8.96    5.71 
1949 12	 211.85   20.04    9.02    7.47 
1950 1	  54.85   22.00   11.57    6.96 
1950 2	 109.92   22.07   10.16    5.52 
1950 3	  17.68   22.71    9.49    6.47 
1950 4	 123.35   25.65   14.64    6.81 
1950 5	  54.55   31.34   20.72    5.88 
1950 6	 159.85   32.94   21.82    4.46 
1950 7	  60.17   33.93   22.74    4.79 
1950 8	  10.15   35.59   21.97    3.78 
1950 9	  92.00   33.15   20.54    3.85 
1950 10	   4.28   31.33   16.27    5.81 
1950 11	  24.60   23.79    8.99    6.72 
1950 12	  65.27   21.09    6.18    5.97 
1951 1	  93.55   19.68    5.32    7.19 
1951 2	  26.22   19.92    6.62    7.21 
1951 3	 156.30   24.52   11.16    6.29 
1951 4	  21.02   26.22   13.86    6.05 
1951 5	  64.15   30.46   18.45    5.40 
1951 6	  83.05   33.21   22.06    5.91 
1951 7	  33.03   35.81   22.83    4.12 
1951 8	  23.97   37.57   22.64    3.50 
1951 9	 170.40   32.62   20.28    4.81 
1951 10	  39.30   29.71   16.12    5.53 
1951 11	  31.57   21.83    8.60    7.09 
1951 12	  34.53   21.78    8.30    7.48 
1952 1	  69.10   23.02   10.87    6.72 
1952 2	  98.17   21.03    9.60    6.74 
1952 3	  55.38   22.93    9.34    6.63 
1952 4	 167.62   24.94   12.64    5.60 
1952 5	  88.80   29.63   16.76    4.32 
1952 6	  37.47   33.00   21.65    4.28 
1952 7	 119.03   33.85   23.00    3.86 
1952 8	  14.08   35.78   22.72    3.72 
1952 9	  38.40   32.90   18.96    5.96 
1952 10	   0.22   28.40    9.81    5.67 
1952 11	 172.03   21.76    9.65    6.73 
1952 12	 117.45   17.66    6.53    5.87 
1953 1	  37.40   21.21    6.81    7.10 
1953 2	  65.35   18.73    7.41    6.59 
1953 3	   5.27   26.25   14.71    5.78 
1953 4	  86.05   26.84   13.74    6.29 
1953 5	 268.73   30.08   19.19    5.56 
1953 6	  63.68   34.49   22.23    3.90 
1953 7	  73.10   33.97   22.95    3.89 
1953 8	 186.37   33.46   22.58    2.75 
1953 9	  50.28   32.34   19.01    4.90 
1953 10	  73.47   28.84   15.26    5.66 
1953 11	 124.42   21.78    9.18    5.78 
1953 12	 135.52   16.32    5.15    7.11 
1954 1	  60.10   20.05    7.66    5.93 
1954 2	   8.45   23.61    8.54    6.17 
1954 3	  11.88   22.74    9.40    6.93 
1954 4	 105.65   27.86   16.35    5.72 
1954 5	  31.90   28.75   15.88    5.38 
1954 6	  37.23   33.83   20.66    4.82 
1954 7	 177.27   35.19   23.08    3.91 
1954 8	  49.70   35.19   22.21    4.41 
1954 9	  21.27   34.01   20.48    5.53 
1954 10	  95.10   29.32   16.75    6.29 
1954 11	  59.35   22.63    9.21    6.55 
1954 12	  53.15   21.14    6.81    6.02 
1955 1	  93.00   17.97    7.17    5.92 
1955 2	 110.05   19.15    7.85    6.66 
1955 3	  29.40   24.57   11.52    6.87 
1955 4	  17.43   27.61   16.37    5.89 
1955 5	  80.60   31.17   18.90    5.57 
1955 6	  71.82   32.40   19.36    4.32 
1955 7	 106.30   33.42   22.50    4.57 
1955 8	 133.98   33.77   22.64    3.21 
1955 9	  78.35   32.28   21.60    5.60 
1955 10	  27.40   29.38   14.12    5.91 
1955 11	  43.25   23.43   10.28    7.63 
1955 12	  14.27   19.03    7.37    6.48 
1956 1	 103.80   18.77    5.27    6.04 
1956 2	  56.25   21.01    9.35    6.78 
1956 3	   5.83   23.70   10.55    5.54 
1956 4	  83.70   26.19   14.07    6.65 
1956 5	  68.68   31.18   19.36    4.97 
1956 6	  61.62   33.28   20.68    4.32 
1956 7	  60.40   35.81   21.38    4.36 
1956 8	  18.18   35.37   21.74    3.76 
1956 9	   8.57   34.50   19.68    5.30 
1956 10	  30.27   30.61   15.90    4.60 
1956 11	  28.25   23.23    9.08    6.43 
1956 12	  94.88   21.67    8.99    5.85 
1957 1	  30.08   19.14    9.24    5.94 
1957 2	  55.63   22.59   12.41    4.85 
1957 3	 259.55   22.51   11.09    5.52 
1957 4	 150.70   25.36   15.87    6.87 
1957 5	  59.18   29.64   19.78    6.39 
1957 6	  82.85   31.79   21.96    5.51 
1957 7	  19.68   35.78   22.65    3.15 
1957 8	  27.22   35.71   22.06    4.38 
1957 9	 130.90   31.28   19.71    4.93 
1957 10	 243.15   25.98   13.67    6.18 
1957 11	 159.10   21.83   10.61    7.11 
1957 12	  31.73   20.65    7.30    6.73 
1958 1	 165.85   16.39    4.22    7.86 
1958 2	  73.90   15.46    5.22    7.13 
1958 3	  25.33   20.70    8.50    6.38 
1958 4	  57.67   26.64   15.03    5.51 
1958 5	  67.97   30.90   18.58    4.02 
1958 6	  34.68   34.34   22.38    4.93 
1958 7	  45.00   35.11   22.89    4.43 
1958 8	  59.05   35.18   22.87    3.26 
1958 9	 227.55   31.04   22.18    5.32 
1958 10	  66.78   26.00   16.12    6.78 
1958 11	  45.53   22.81   11.81    5.56 
1958 12	  53.45   17.38    5.29    6.15 
1959 1	  48.57   16.54    4.13    6.86 
1959 2	 155.60   18.21    8.95    6.54 
1959 3	  45.00   22.51    9.29    6.63 
1959 4	 176.20   24.46   13.87    6.05 
1959 5	 103.43   30.34   19.31    5.34 
1959 6	 108.33   32.72   22.07    4.55 
1959 7	 132.17   33.30   22.39    3.00 
1959 8	 146.27   32.77   22.52    3.54 
1959 9	  59.68   32.20   21.04    4.96 
1959 10	 224.35   28.21   16.21    5.33 
1959 11	  31.83   21.07    7.03    7.02 
1959 12	 101.12   18.51    7.58    6.72 
1960 1	  33.00   16.17    6.15    6.45 
1960 2	 100.43   15.77    4.46    7.07 
1960 3	  22.08   19.08    8.22    5.98 
1960 4	  83.05   26.66   15.73    6.14 
1960 5	  30.03   29.07   17.67    5.85 
1960 6	 367.40   33.79   21.82    4.46 
1960 7	  98.55   34.32   23.30    2.97 
1960 8	 164.95   32.63   22.96    4.45 
1960 9	  34.85   32.16   19.68    4.61 
1960 10	 233.20   28.44   17.34    4.97 
1960 11	  84.25   23.19   12.24    6.22 
1960 12	 143.58   15.92    6.19    6.44 
1961 1	  56.12   14.14    3.63    6.63 
1961 2	 170.95   19.72    8.17    5.65 
1961 3	  28.97   24.28   13.11    6.76 
1961 4	  56.38   25.05   13.30    6.19 
1961 5	  64.78   30.06   18.28    6.15 
1961 6	 246.40   31.45   21.32    4.75 
1961 7	 196.45   32.63   22.76    4.05 
1961 8	  71.58   32.84   21.50    3.30 
1961 9	 183.38   31.10   20.77    7.13 
1961 10	  12.45   27.96   14.87    6.16 
1961 11	 154.47   21.04    9.87    6.97 
1961 12	  57.08   19.03    7.12    6.03 
1962 1	  35.72   15.19    2.50    7.27 
1962 2	  45.15   23.68   10.96    6.56 
1962 3	  21.65   21.01    8.77    6.47 
1962 4	 110.97   25.66   14.41    6.49 
1962 5	  18.90   30.16   18.78    6.23 
1962 6	 249.45   32.38   21.84    3.89 
1962 7	  42.30   34.77   22.96    2.71 
1962 8	  21.27   36.59   23.06    2.99 
1962 9	 122.15   32.75   21.23    4.35 
1962 10	 102.38   30.04   17.55    5.59 
1962 11	 106.52   21.83   10.04    6.96 
1962 12	 130.05   16.92    7.24    5.73 
1963 1	  89.93   13.42    2.71    7.12 
1963 2	  66.12   17.91    5.23    7.33 
1963 3	  10.22   24.51   12.47    6.24 
1963 4	  18.15   28.83   17.98    6.64 
1963 5	  39.15   31.43   18.98    4.96 
1963 6	 124.85   33.92   21.65    4.47 
1963 7	  34.65   34.07   23.08    4.38 
1963 8	  26.20   35.71   22.28    2.96 
1963 9	  51.90   32.68   20.52    4.65 
1963 10	  15.77   30.51   16.27    5.25 
1963 11	 110.58   23.54   11.42    6.83 
1963 12	 102.07   14.23    2.57    7.35 
1964 1	  78.30   16.52    4.97    6.23 
1964 2	 100.80   14.91    4.96    6.23 
1964 3	  95.03   21.70   10.07    6.62 
1964 4	  59.65   26.52   17.06    6.98 
1964 5	  62.45   30.06   19.84    5.32 
1964 6	  72.53   32.34   21.68    4.75 
1964 7	  98.28   34.30   22.83    4.27 
1964 8	  62.35   35.03   23.44    3.96 
1964 9	 149.95   31.72   21.01    4.57 
1964 10	  58.90   26.65   13.16    6.56 
1964 11	  62.75   23.91   12.81    6.37 
1964 12	  72.80   18.33    7.55    7.30 
1965 1	  88.13   19.73    7.33    6.33 
1965 2	  93.20   17.47    6.47    7.60 
1965 3	  19.38   20.01    8.60    7.54 
1965 4	  29.47   27.99   17.37    6.46 
1965 5	 131.98   29.17   20.42    6.97 
1965 6	  54.45   32.78   22.04    4.89 
1965 7	  26.15   34.44   22.74    2.93 
1965 8	 100.15   34.14   22.39    3.14 
1965 9	  82.75   32.81   21.18    5.63 
1965 10	  78.80   26.45   14.14    5.86 
1965 11	 163.80   25.28   14.97    5.33 
1965 12	 145.75   19.37    8.86    6.72 
1966 1	  94.12   13.43    3.92    7.36 
1966 2	 117.62   16.07    5.82    6.48 
1966 3	  55.73   21.45   10.62    6.19 
1966 4	 153.17   26.02   16.17    6.49 
1966 5	 186.18   28.31   19.50    5.22 
1966 6	  47.95   31.87   20.88    4.22 
1966 7	  68.58   33.91   23.25    3.09 
1966 8	 164.18   32.63   22.73    3.87 
1966 9	  96.78   31.62   19.88    3.03 
1966 10	  72.97   26.98   14.01    6.14 
1966 11	   8.95   24.34   11.83    6.46 
1966 12	  72.10   17.84    5.77    6.55 
1967 1	  60.40   17.09    5.80    6.49 
1967 2	  36.90   18.63    5.61    6.64 
1967 3	  33.10   25.01   13.26    5.89 
1967 4	  68.78   29.17   18.99    7.16 
1967 5	 126.90   29.85   18.30    7.07 
1967 6	  34.08   33.70   21.61    5.26 
1967 7	  79.15   34.16   22.07    4.53 
1967 8	  66.43   32.96   21.61    3.61 
1967 9	 120.08   30.02   19.55    6.04 
1967 10	 104.30   27.27   14.02    5.98 
1967 11	  15.65   22.92   11.86    6.02 
1967 12	  84.27   17.58    7.24    6.39 
1968 1	 147.45   14.97    6.43    6.90 
1968 2	  40.25   15.58    4.44    6.14 
1968 3	  74.10   19.88    9.15    6.77 
1968 4	  55.23   26.09   16.36    6.95 
1968 5	 294.30   29.38   19.25    5.90 
1968 6	 294.20   30.81   21.88    4.80 
1968 7	 120.43   32.58   22.40    4.15 
1968 8	  34.23   34.00   22.79    4.16 
1968 9	 166.93   30.53   19.19    5.36 
1968 10	  50.45   28.42   16.10    5.49 
1968 11	 136.52   21.35    9.05    6.97 
1968 12	  56.27   18.35    6.04    7.17 
1969 1	  48.58   17.88    7.62    6.81 
1969 2	 155.07   18.20    8.15    6.96 
1969 3	  85.43   17.90    8.11    6.58 
1969 4	  77.90   26.09   15.92    5.69 
1969 5	 129.15   28.86   18.23    5.32 
1969 6	  36.67   32.78   21.56    5.40 
1969 7	  78.78   36.22   23.97    4.11 
1969 8	  71.35   35.49   23.38    4.06 
1969 9	  76.63   32.32   20.28    5.04 
1969 10	  67.62   28.59   16.41    7.79 
1969 11	  61.03   23.13    9.14    6.87 
1969 12	  92.55   20.14    7.53    5.77 
1970 1	  70.30   13.98    2.99    7.10 
1970 2	  59.10   18.77    6.20    6.73 
1970 3	 122.38   19.94    8.71    6.11 
1970 4	 123.30   26.51   15.98    6.77 
1970 5	 143.20   27.86   17.44    6.55 
1970 6	  19.25   31.66   20.82    4.48 
1970 7	  76.18   33.58   22.18    3.71 
1970 8	  91.67   34.45   22.38    4.09 
1970 9	 209.17   31.04   21.27    6.52 
1970 10	 269.72   25.91   13.66    6.74 
1970 11	  26.70   21.80    7.51    6.82 
1970 12	  18.20   22.66   10.27    5.87 
1971 1	   5.90   20.24    8.01    6.88 
1971 2	  58.95   20.54    7.06    7.52 
1971 3	  20.23   23.79    9.13    6.54 
1971 4	  48.25   26.14   13.99    6.39 
1971 5	 100.92   29.35   18.54    6.00 
1971 6	  65.55   33.47   21.65    5.03 
1971 7	  27.15   35.53   22.44    4.12 
1971 8	 228.68   32.79   21.54    3.33 
1971 9	 233.55   30.55   20.51    5.23 
1971 10	  74.18   28.38   16.50    5.34 
1971 11	  40.80   23.41    9.33    6.49 
1971 12	 153.35   20.86   10.82    5.94 
1972 1	  93.45   19.76    7.88    6.87 
1972 2	  61.63   19.53    7.32    6.61 
1972 3	 104.97   25.08   12.37    6.24 
1972 4	  56.70   28.53   16.35    6.77 
1972 5	 213.70   29.37   18.15    4.34 
1972 6	 134.07   32.42   21.58    5.93 
1972 7	  93.12   33.02   21.95    5.27 
1972 8	 102.60   33.84   21.57    4.11 
1972 9	 128.58   32.77   21.89    4.17 
1972 10	  71.48   27.45   15.09    6.15 
1972 11	 202.50   18.16    7.61    7.36 
1972 12	  61.83   16.59    4.40    6.95 
1973 1	 126.62   14.15    3.35    7.36 
1973 2	 111.95   16.66    4.94    6.78 
1973 3	 102.05   23.40   13.15    6.33 
1973 4	 184.07   23.51   13.65    7.38 
1973 5	  59.12   28.96   17.85    6.42 
1973 6	 328.57   31.11   21.85    5.39 
1973 7	 139.98   34.21   23.23    3.87 
1973 8	 168.75   32.17   22.10    4.27 
1973 9	 235.18   30.63   21.54    4.71 
1973 10	 217.50   28.51   17.36    6.01 
1973 11	  44.27   26.25   14.36    7.06 
1973 12	  71.88   19.27    5.21    7.35 
1974 1	 188.62   17.22    7.40    5.41 
1974 2	  16.55   20.76    6.24    6.89 
1974 3	  93.00   24.39   14.24    6.49 
1974 4	  31.52   26.06   14.94    7.82 
1974 5	 138.10   30.17   20.21    6.05 
1974 6	  20.45   32.36   21.04    5.17 
1974 7	 111.78   34.14   22.33    3.18 
1974 8	 165.10   32.80   22.68    3.80 
1974 9	 222.60   28.78   18.76    6.77 
1974 10	 143.02   27.97   15.14    7.25 
1974 11	 148.28   21.55   10.21    6.55 
1974 12	  96.65   17.93    6.07    5.92 
1975 1	  45.30   19.85    7.81    6.30 
1975 2	  43.32   19.54    7.11    5.51 
1975 3	  59.37   22.51   10.50    6.59 
1975 4	  94.40   24.78   15.22    7.49 
1975 5	 183.83   29.84   19.83    5.75 
1975 6	 148.38   31.72   22.14    5.31 
1975 7	  80.75   33.36   22.51    3.73 
1975 8	 168.67   33.17   22.49    4.19 
1975 9	  44.77   30.52   18.78    5.05 
1975 10	  89.80   28.39   14.47    5.99 
1975 11	  68.25   23.27    9.71    6.50 
1975 12	  81.60   18.06    6.32    6.38 
1976 1	  35.67   18.22    3.65    7.08 
1976 2	  12.85   22.90    9.03    6.29 
1976 3	  42.33   22.80   12.32    7.31 
1976 4	 108.58   26.36   15.65    6.55 
1976 5	 174.42   28.00   16.37    4.97 
1976 6	 101.07   31.75   20.68    5.11 
1976 7	 160.33   32.22   22.40    4.05 
1976 8	  59.95   34.48   21.49    3.22 
1976 9	 130.55   31.70   19.73    3.97 
1976 10	 118.32   23.24   10.54    6.30 
1976 11	  96.95   17.36    6.15    7.53 
1976 12	 171.45   15.91    3.86    6.78 
1977 1	  69.15   11.87    1.09    6.78 
1977 2	  58.40   18.79    5.94    6.96 
1977 3	  42.08   22.93   11.48    6.56 
1977 4	 109.62   25.87   14.27    5.92 
1977 5	  59.37   29.90   19.17    5.18 
1977 6	  51.17   33.72   22.53    4.87 
1977 7	  84.15   34.83   23.08    3.55 
1977 8	  75.70   34.27   23.71    4.31 
1977 9	 121.50   33.39   21.78    4.68 
1977 10	  43.88   28.66   14.74    5.11 
1977 11	 119.85   23.71   11.99    6.10 
1977 12	  43.40   19.11    5.80    7.16 
1978 1	 182.35   10.63    1.63    8.05 
1978 2	  68.35   12.51    1.81    6.85 
1978 3	  28.30   21.96    7.78    5.51 
1978 4	  27.95   26.37   14.78    5.96 
1978 5	  53.70   31.66   19.19    5.38 
1978 6	 162.55   33.44   21.62    4.16 
1978 7	  88.23   35.40   22.86    3.48 
1978 8	  35.38   35.43   22.33    4.33 
1978 9	 148.98   31.58   21.04    5.81 
1978 10	   7.85   28.81   14.08    5.65 
1978 11	 171.08   23.92   12.56    5.89 
1978 12	  83.73   18.62    5.34    7.21 
1979 1	 149.60   12.09    1.99    7.97 
1979 2	  92.52   15.73    5.78    6.47 
1979 3	  92.15   23.00   11.29    6.62 
1979 4	 183.95   26.19   16.08    5.63 
1979 5	 119.08   28.60   16.97    5.82 
1979 6	  44.00   32.54   21.37    4.82 
1979 7	 142.78   33.22   23.15    4.80 
1979 8	  89.70   33.80   22.25    3.58 
1979 9	 334.23   29.98   18.81    6.55 
1979 10	  65.68   29.87   14.39    5.38 
1979 11	  76.30   21.59    6.72    7.77 
1979 12	 104.20   18.98    5.40    6.48 
1980 1	 116.22   18.03    7.30    5.72 
1980 2	  56.85   17.58    5.12    6.54 
1980 3	 103.27   22.25    9.98    6.34 
1980 4	  25.70   25.29   12.51    5.84 
1980 5	 116.08   30.00   19.19    4.76 
1980 6	  47.75   34.69   22.51    5.32 
1980 7	  34.03   36.90   23.55    2.71 
1980 8	  51.55   35.18   23.09    5.42 
1980 9	 221.00   33.67   21.90    4.37 
1980 10	  60.75   26.78   12.84    6.27 
1980 11	  51.45   20.39    7.83    6.40 
1980 12	  34.40   18.75    6.58    5.85 
1981 1	  72.15   17.41    3.98    5.86 
1981 2	  43.85   18.55    6.19    6.12 
1981 3	  42.65   22.13   10.04    6.10 
1981 4	  62.12   28.37   17.84    5.82 
1981 5	 146.55   29.57   18.36    5.57 
1981 6	 192.67   32.35   22.87    5.65 
1981 7	 173.73   34.02   23.47    3.96 
1981 8	 282.08   34.24   22.84    3.60 
1981 9	  45.70   31.70   19.35    4.92 
1981 10	 212.75   27.98   16.53    5.76 
1981 11	  63.67   24.14   11.76    5.78 
1981 12	  40.68   18.63    6.26    6.61 
1982 1	  46.23   18.14    4.87    7.28 
1982 2	  59.35   17.10    5.77    6.56 
1982 3	  46.78   22.96   12.46    6.64 
1982 4	  74.65   25.43   14.75    6.68 
1982 5	 167.62   28.89   19.10    5.94 
1982 6	  31.55   34.06   22.18    4.03 
1982 7	  64.73   36.14   23.33    3.52 
1982 8	  38.65   34.91   23.18    3.30 
1982 9	  39.00   32.71   19.71    5.45 
1982 10	 127.05   27.48   14.74    6.39 
1982 11	 241.70   21.90   10.65    6.31 
1982 12	  86.15   18.65    7.47    7.43 
1983 1	  66.80   15.35    4.78    5.73 
1983 2	 122.85   17.23    6.29    7.13 
1983 3	 109.57   20.49    8.87    6.03 
1983 4	   7.92   23.65   12.62    7.06 
1983 5	 166.50   28.50   17.94    5.91 
1983 6	  86.05   31.22   21.07    4.36 
1983 7	 215.67   32.67   22.79    4.68 
1983 8	 248.50   33.34   22.65    3.15 
1983 9	 232.83   30.24   19.35    5.72 
1983 10	  30.83   27.54   15.18    5.27 
1983 11	  82.12   22.79   11.80    6.47 
1983 12	  36.55   13.31    2.22    7.74 
1984 1	  61.67   13.14    3.06    6.75 
1984 2	  71.68   18.82    6.42    6.62 
1984 3	  37.67   22.27   10.68    5.93 
1984 4	  12.80   26.93   14.43    6.74 
1984 5	  85.98   29.48   18.61    6.82 
1984 6	  98.00   31.67   21.61    5.12 
1984 7	 103.12   33.59   22.51    3.57 
1984 8	  84.07   33.18   22.55    3.71 
1984 9	  93.10   30.10   19.23    7.09 
1984 10	 288.02   26.82   17.77    6.24 
1984 11	  79.55   21.41    9.98    6.88 
1984 12	  78.30   21.73   11.92    6.78 
1985 1	  64.80   12.61    2.06    6.41 
1985 2	 118.38   14.28    4.57    6.72 
1985 3	 113.85   22.28   13.44    6.60 
1985 4	  51.57   25.97   16.37    6.72 
1985 5	  50.78   30.06   19.28    4.53 
1985 6	 112.10   32.66   22.04    5.41 
1985 7	  81.60   33.38   22.09    3.50 
1985 8	  79.35   35.31   22.93    3.20 
1985 9	  92.40   32.60   21.01    6.17 
1985 10	 142.18   26.82   17.36    7.60 
1985 11	 240.65   23.93   13.75    6.07 
1985 12	  80.95   15.91    4.35    6.48 
1986 1	  28.55   18.34    6.11    6.37 
1986 2	  45.73   21.33    9.12    6.59 
1986 3	  48.88   23.91   10.69    5.63 
1986 4	  55.58   27.23   16.43    6.02 
1986 5	 141.90   29.17   18.87    5.56 
1986 6	 192.45   32.13   22.98    3.67 
1986 7	  22.95   35.27   23.41    4.02 
1986 8	 146.52   34.07   22.73    3.54 
1986 9	 104.70   32.04   22.98    4.86 
1986 10	 156.95   26.07   15.67    5.85 
1986 11	 154.55   20.81   12.23    7.09 
1986 12	 180.70   15.25    6.71    6.92 
1987 1	  62.00   16.02    4.96    6.23 
1987 2	 110.73   18.27    7.75    6.54 
1987 3	  21.77   21.54    8.64    6.04 
1987 4	   5.72   27.23   11.69    4.44 
1987 5	 156.28   29.61   19.92    4.63 
1987 6	 253.07   31.78   22.36    5.10 
1987 7	  84.72   33.36   23.35    4.24 
1987 8	  61.62   35.72   23.64    3.88 
1987 9	  78.93   32.03   19.92    4.68 
1987 10	  10.07   27.73   13.22    6.19 
1987 11	 115.20   22.06    9.83    7.17 
1987 12	 110.65   18.44    7.24    6.58 
1988 1	  33.05   14.45    2.85    7.40 
1988 2	  21.52   17.63    5.99    6.85 
1988 3	 136.80   22.57   10.46    6.72 
1988 4	  67.95   26.27   13.30    5.38 
1988 5	  32.08   28.92   16.98    4.88 
1988 6	  59.50   32.27   20.57    4.67 
1988 7	  74.73   33.78   23.37    3.95 
1988 8	  68.48   35.57   23.72    3.95 
1988 9	  56.50   32.97   20.25    6.13 
1988 10	  23.38   29.00   15.67    5.41 
1988 11	   8.30   25.12   11.60    7.26 
1988 12	  56.88   19.29    7.33    6.44 
1989 1	 150.98   19.44    9.42    6.03 
1989 2	  20.52   15.88    6.39    7.99 
1989 3	  70.28   21.74   10.67    6.78 
1989 4	  33.05   26.11   15.08    5.75 
1989 5	 158.18   30.45   20.36    5.88 
1989 6	 169.00   31.41   21.66    6.24 
1989 7	  57.40   32.94   22.76    4.25 
1989 8	 159.67   33.01   22.52    3.90 
1989 9	  35.88   31.41   18.56    5.86 
1989 10	  47.55   28.65   14.44    6.12 
1989 11	  51.00   23.21   11.48    6.87 
1989 12	  29.80   12.91    0.64    7.67 
1990 1	  87.47   19.84    8.49    5.99 
1990 2	 135.27   21.34    9.67    7.17 
1990 3	  84.23   22.83   12.40    6.51 
1990 4	 100.35   25.89   14.66    6.58 
1990 5	  74.95   30.42   20.97    6.35 
1990 6	  28.00   35.18   23.63    4.74 
1990 7	  93.50   33.44   22.57    3.85 
1990 8	  30.62   35.64   23.29    3.13 
1990 9	  65.55   32.48   21.54    3.86 
1990 10	  81.55   27.35   13.65    5.99 
1990 11	  62.33   24.48   12.08    6.60 
1990 12	  51.68   18.73    6.08    6.52 
1991 1	 227.35   13.92    5.22    6.70 
1991 2	 135.80   18.99    8.48    6.50 
1991 3	  41.67   23.37   12.07    7.33 
1991 4	 209.45   26.88   17.73    6.27 
1991 5	  89.15   29.82   20.83    6.27 
1991 6	 166.88   32.53   22.98    4.71 
1991 7	 118.35   33.62   23.84    3.62 
1991 8	  86.22   33.46   23.60    3.18 
1991 9	 153.18   30.31   19.99    5.43 
1991 10	  76.93   29.53   15.93    5.74 
1991 11	 123.65   19.21    8.01    7.75 
1991 12	 245.70   18.19    9.14    7.14 
1992 1	 189.20   14.98    6.29    6.44 
1992 2	 249.72   19.73    9.53    6.28 
1992 3	 198.20   23.18   11.95    6.00 
1992 4	 191.52   26.05   14.82    4.99 
1992 5	 188.95   28.08   17.85    4.87 
1992 6	 156.98   32.02   22.45    3.81 
1992 7	 114.35   33.11   23.93    5.05 
1992 8	  84.73   32.75   21.55    3.27 
1992 9	  96.70   31.87   20.91    5.39 
1992 10	  48.78   29.10   15.26    5.88 
1992 11	 141.23   19.74    8.23    7.16 
1992 12	 100.95   19.08    8.34    5.56 
1993 1	 181.48   17.20    6.05    6.02 
1993 2	  96.60   18.96    7.47    6.60 
1993 3	 174.55   21.31   10.63    5.49 
1993 4	 158.43   24.68   13.11    6.37 
1993 5	 226.68   27.86   17.49    5.23 
1993 6	 238.35   31.29   22.63    6.49 
1993 7	  29.35   34.15   24.22    4.49 
1993 8	  64.72   35.34   23.74    3.29 
1993 9	  30.10   32.90   20.35    5.01 
1993 10	 154.07   27.61   14.88    6.37 
1993 11	 150.18   19.22    7.91    6.90 
1993 12	  80.85   18.01    7.58    6.66 
1994 1	  63.40   16.92    5.98    7.53 
1994 2	 105.02   18.26    7.05    6.67 
1994 3	  57.12   22.13   11.03    5.77 
1994 4	  87.28   26.16   14.35    5.89 
1994 5	 119.28   28.80   18.43    5.19 
1994 6	 115.43   32.47   23.00    4.83 
1994 7	  19.90   34.67   23.47    4.71 
1994 8	 158.72   32.90   22.60    3.79 
1994 9	 131.12   31.20   19.14    4.30 
1994 10	 295.80   27.11   16.40    6.11 
1994 11	  30.77   24.59   13.36    6.67 
1994 12	 149.15   19.07    9.14    6.28 
1995 1	 179.67   17.49    7.32    7.10 
1995 2	  76.68   21.09    8.34    5.76 
1995 3	 120.27   21.31   11.53    6.34 
1995 4	 118.28   25.78   13.67    6.75 
1995 5	 192.00   30.28   19.65    6.20 
1995 6	 148.58   32.24   21.18    4.58 
1995 7	  71.00   34.37   23.67    3.95 
1995 8	  78.03   34.19   23.76    3.76 
1995 9	  39.15   33.51   21.19    4.70 
1995 10	  39.28   28.09   14.89    7.96 
1995 11	  70.32   22.38   10.79    6.64 
1995 12	 147.68   18.83    8.31    7.17 
1996 1	  30.40   18.00    4.11    7.36 
1996 2	  42.75   20.04    8.67    6.85 
1996 3	   7.27   19.99    7.95    6.92 
1996 4	  45.62   27.30   13.55    6.50 
1996 5	   6.93   31.94   21.12    6.05 
1996 6	 121.70   33.52   22.06    4.47 
1996 7	  36.33   34.66   23.78    4.19 
1996 8	 270.95   33.31   23.16    4.38 
1996 9	 170.43   31.49   20.93    4.09 
1996 10	  45.50   27.00   16.10    7.30 
1996 11	  96.35   22.90   12.00    7.17 
1996 12	  87.42   19.02    8.23    6.33 
1997 1	 104.27   14.86    6.22    6.80 
1997 2	 119.88   17.60    8.12    7.13 
1997 3	 188.37   23.50   12.74    5.50 
1997 4	 194.00   23.39   12.46    7.17 
1997 5	 195.25   28.61   18.31    5.12 
1997 6	 103.23   31.91   21.82    4.21 
1997 7	  53.63   35.02   24.19    2.84 
1997 8	 103.07   35.10   23.85    3.66 
1997 9	 252.88   32.45   21.24    4.17 
1997 10	 214.92   26.62   16.61    7.18 
1997 11	  96.70   20.11    9.42    6.30 
1997 12	 154.67   17.25    4.94    6.83 
1998 1	 103.65   20.26    8.78    5.82 
1998 2	 147.73   19.70    8.24    6.12 
1998 3	  39.90   21.54   10.15    7.22 
1998 4	  18.25   26.30   13.86    5.93 
1998 5	   7.90   32.63   20.63    4.71 
1998 6	  39.97   35.79   24.47    6.74 
1998 7	  48.12   37.22   24.59    4.36 
1998 8	 108.70   35.56   23.98    3.49 
1998 9	 367.27   32.90   23.35    7.12 
1998 10	 173.30   28.13   17.78    7.57 
1998 11	 265.60   22.96   13.17    6.27 
1998 12	 111.68   18.84    8.24    6.57 
1999 1	  45.90   19.88    8.06    7.34 
1999 2	  24.48   22.94   11.07    5.77 
1999 3	 166.82   21.72   10.53    6.08 
1999 4	  11.73   27.88   16.69    6.89 
1999 5	 133.63   30.81   19.32    5.19 
1999 6	 149.73   32.32   23.00    5.16 
1999 7	 104.00   33.57   23.90    3.74 
1999 8	  15.40   36.66   24.38    3.14 
1999 9	  23.10   34.10   19.35    5.29 
1999 10	  25.07   28.48   14.75    6.42 
1999 11	  34.40   25.46   11.36    5.72 
1999 12	  45.05   20.20    6.08    7.10 
2000 1	  63.45   20.64    8.75    6.97 
2000 2	  42.72   22.91   10.70    6.56 
2000 3	  66.47   25.95   13.90    5.56 
2000 4	 151.32   27.40   14.94    5.50 
2000 5	 109.62   30.79   21.23    5.91 
2000 6	 101.83   32.56   22.84    5.31 
2000 7	  37.88   36.48   23.37    3.05 
2000 8	  11.30   36.18   23.25    2.97 
2000 9	  66.53   33.49   20.28    5.76 
2000 10	 149.47   27.66   16.62    6.71 
2000 11	 278.10   20.03    9.61    6.61 
2000 12	  77.38   14.45    3.97    7.17 
2001 1	  93.47   14.48    4.63    6.14 
2001 2	  36.08   20.19   10.14    6.22 
2001 3	 210.40   19.80    8.66    5.78 
2001 4	  57.75   26.99   17.07    7.32 
2001 5	 116.25   30.03   19.00    5.56 
2001 6	 162.70   32.16   22.17    4.33 
2001 7	  46.23   34.30   23.93    3.20 
2001 8	 250.75   34.97   23.21    4.27 
2001 9	 128.57   30.77   20.27    5.83 
2001 10	 154.00   26.79   14.00    6.58 
2001 11	  80.23   24.33   11.49    6.07 
2001 12	 126.52   20.09    7.58    6.33 
2002 1	  41.50   19.48    7.58    6.48 
2002 2	  41.52   18.27    4.87    6.99 
2002 3	  38.00   22.90   10.78    7.04 
2002 4	 103.68   28.30   18.22    6.11 
2002 5	  39.47   30.29   19.94    6.83 
2002 6	 108.20   32.92   22.50    4.92 
2002 7	 156.15   33.34   23.71    4.25 
2002 8	 177.95   33.56   23.48    3.95 
2002 9	 164.68   31.59   21.67    6.52 
2002 10	 332.32   26.82   17.82    5.29 
2002 11	 186.62   21.39    8.55    6.65 
2002 12	 129.77   18.76    6.95    7.28 
2003 1	  50.40   16.18    4.95    6.27 
2003 2	  77.50   17.34    7.79    6.51 
2003 3	  40.72   21.50   10.63    4.48 
2003 4	  34.47   26.70   16.23    5.62 
2003 5	   0.00   32.57   21.60    5.71 
2003 6	 111.55   33.75   22.83    4.12 
2003 7	 160.00   32.79   23.60    4.51 
2003 8	 135.68   34.99   23.80    3.73 
2003 9	 153.50   30.96   20.61    5.28 
2003 10	 141.93   29.03   16.84    5.73 
2003 11	 174.48   25.34   13.62    7.08 
2003 12	  71.15   19.75    5.56    6.63 
2004 1	 169.43   18.48    8.23    6.61 
2004 2	 123.95   17.24    7.19    6.77 
2004 3	  68.32   25.03   14.79    6.05 
2004 4	 150.37   26.71   15.66    6.18 
2004 5	 218.45   29.60   20.03    6.27 
2004 6	 351.85   31.99   22.88    5.02 
2004 7	  65.70   34.09   23.95    3.40 
2004 8	  91.98   34.44   23.23    4.43 
2004 9	  22.78   33.59   22.36    4.58 
2004 10	 143.23   30.82   19.80    5.74 
2004 11	 397.95   22.95   12.22    6.53 
2004 12	  39.00   18.57    7.01    7.03 
2005 1	 101.33   19.68    8.94    5.98 
2005 2	 151.48   19.23   10.96    6.02 
2005 3	  82.75   23.42   11.45    5.18 
2005 4	  23.75   26.74   14.68    5.90 
2005 5	 134.70   30.29   18.86    4.84 
2005 6	  16.27   34.49   23.12    4.29 
2005 7	 102.62   35.15   24.42    4.35 
2005 8	  72.35   35.26   24.46    3.46 
2005 9	  29.25   35.09   23.88    5.34 
2005 10	  49.62   29.19   15.98    6.61 
2005 11	  46.17   24.79   13.33    6.82 
2005 12	 111.88   18.84    5.78    7.03 
2006 1	  67.65   21.70    8.03    6.26 
2006 2	  43.93   19.23    7.08    6.54 
2006 3	  39.40   23.43   13.85    6.94 
2006 4	  59.85   28.04   16.63    5.93 
2006 5	  62.00   31.41   18.97    5.57 
2006 6	 106.33   33.29   21.81    3.24 
2006 7	 327.08   33.02   23.72    3.44 
2006 8	  77.77   34.86   24.47    3.64 
2006 9	 103.90   32.52   21.33    4.28 
2006 10	 263.35   28.80   16.95    6.24 
2006 11	  31.15   24.08   11.14    6.31 
2006 12	  68.57   19.46    7.74    6.98 
2007 1	 174.95   15.50    5.77    6.92 
2007 2	  16.98   19.08    7.15    6.15 
2007 3	 165.30   24.82   13.71    5.99 
2007 4	 122.27   24.79   13.79    6.18 
2007 5	 149.70   30.06   19.39    5.60 
2007 6	 194.80   32.93   23.09    4.70 
2007 7	 318.53   31.94   22.80    4.64 
2007 8	 141.23   34.48   23.85    3.70 
2007 9	  76.55   32.80   22.04    4.30 
2007 10	  99.20   29.40   15.56    6.54 
2007 11	 153.05   23.83   11.86    5.54 
2007 12	  55.45   21.63    8.33    5.33 
2008 1	 113.98   17.89    5.96    7.48 
2008 2	  77.43   23.15    9.21    6.34 
2008 3	  59.83   24.44   11.89    7.39 
2008 4	  40.35   27.79   15.26    6.49 
2008 5	  19.25   30.40   20.21    6.19 
2008 6	  42.12   34.83   23.41    4.85 
2008 7	  91.50   34.85   23.45    4.39 
2008 8	 159.62   34.55   23.78    3.80 
2008 9	 191.80   32.39   20.19    6.36 
2008 10	 108.28   28.63   14.20    6.03 
2008 11	 108.28   25.15   10.65    6.33 
2008 12	  21.93   20.23    6.94    7.53 
2009 1	  10.48   20.52    5.97    6.18 
2009 2	  28.25   23.58    9.96    6.79 
2009 3	  80.75   23.46   11.25    6.57 
2009 4	 287.47   26.28   14.49    6.90 
2009 5	  18.33   31.45   20.45    5.64 
2009 6	  14.02   35.70   22.98    4.05 
2009 7	  52.37   36.61   24.68    3.37 
2009 8	  63.05   36.18   24.22    2.52 
2009 9	 124.85   30.86   20.88    3.88 
2009 10	 277.77   27.51   16.51    6.76 
2009 11	  62.20   23.51   11.15    6.58 
2009 12	 142.62   14.51    5.15    7.22 
2010 1	  56.12   15.76    4.22    6.85 
2010 2	  84.80   14.82    4.16    6.99 
2010 3	  67.53   21.70    8.84    5.86 
2010 4	  48.33   26.29   14.87    6.08 
2010 5	 137.65   32.11   19.95    4.96 
2010 6	 114.65   34.17   24.05    5.03 
2010 7	 338.63   33.27   24.10    5.15 
2010 8	  75.05   36.23   25.42    3.11 
2010 9	 130.68   32.52   22.37    5.98 
2010 10	   4.88   29.80   15.59    5.19 
2010 11	  49.32   23.48   10.16    6.79 
2010 12	  71.88   19.95    7.08    7.03 
