1949 1	  52.35   10.73   -1.39    3.49 
1949 2	  70.28   17.79    4.15    3.25 
1949 3	  18.75   21.35    6.22    3.24 
1949 4	 118.40   23.37    8.91    3.17 
1949 5	  85.47   28.81   17.03    3.48 
1949 6	  85.60   31.58   18.55    3.64 
1949 7	  27.65   34.54   19.54    2.99 
1949 8	  45.98   32.97   17.28    2.41 
1949 9	  88.47   30.79   15.39    2.57 
1949 10	 112.50   24.92    9.24    3.06 
1949 11	   0.00   24.27    2.04    2.34 
1949 12	  33.83   16.53    2.33    3.33 
1950 1	  13.02   18.02    4.83    3.51 
1950 2	  18.85   19.43    4.88    3.22 
1950 3	   0.00   23.24    5.15    3.65 
1950 4	  59.12   25.94   11.13    3.72 
1950 5	  87.93   30.16   15.84    3.29 
1950 6	  56.30   31.94   18.56    3.40 
1950 7	 116.30   33.52   19.85    3.87 
1950 8	  42.18   34.36   18.03    2.80 
1950 9	  71.35   30.48   17.18    2.75 
1950 10	   6.10   29.04   10.60    2.70 
1950 11	   0.00   22.97    2.27    3.20 
1950 12	   0.00   19.22   -2.98    2.54 
1951 1	   0.00   16.87   -2.75    3.25 
1951 2	  13.22   18.67    1.01    3.80 
1951 3	  33.33   23.41    5.31    3.82 
1951 4	  13.88   27.30    9.24    3.56 
1951 5	  22.22   30.68   15.76    3.33 
1951 6	  61.83   33.43   19.95    4.03 
1951 7	   6.95   36.35   21.07    3.43 
1951 8	  42.55   36.85   21.05    3.25 
1951 9	  17.45   32.91   18.21    2.80 
1951 10	  16.83   28.27   14.03    2.88 
1951 11	   1.67   19.55    4.74    3.35 
1951 12	   2.75   19.11    2.45    3.06 
1952 1	   4.88   20.56    4.10    3.53 
1952 2	   9.07   21.64    3.43    3.24 
1952 3	  12.88   21.87    5.71    3.48 
1952 4	  43.40   25.07    9.79    3.40 
1952 5	  49.87   29.19   13.77    3.19 
1952 6	   0.52   33.41   19.73    3.56 
1952 7	  16.25   34.72   20.27    3.02 
1952 8	   7.27   37.61   21.81    3.39 
1952 9	  31.48   31.56   15.44    2.07 
1952 10	   0.00   27.56    7.66    2.28 
1952 11	  42.38   18.57    5.25    2.96 
1952 12	  23.90   16.02    0.76    2.51 
1953 1	   5.38   20.82    2.02    3.12 
1953 2	   2.75   18.93    2.19    2.88 
1953 3	  33.77   24.60    9.81    2.72 
1953 4	  33.48   27.28   10.10    2.89 
1953 5	  17.70   30.39   14.35    3.50 
1953 6	   9.77   36.57   21.29    3.45 
1953 7	  40.88   35.87   21.27    3.43 
1953 8	  41.22   34.65   20.08    2.42 
1953 9	  13.23   32.91   15.00    1.77 
1953 10	  97.53   25.80   11.82    2.46 
1953 11	   2.30   20.36    4.44    2.12 
1953 12	   8.83   14.27   -0.87    2.85 
1954 1	   6.65   18.06    2.21    3.09 
1954 2	   6.68   23.07    3.82    2.85 
1954 3	   2.83   22.93    5.53    3.28 
1954 4	  64.12   28.35   14.06    4.03 
1954 5	  42.58   28.73   14.60    3.31 
1954 6	  46.80   32.60   19.50    3.79 
1954 7	   8.45   35.56   20.07    3.06 
1954 8	  19.02   35.42   20.96    3.43 
1954 9	  12.48   33.99   17.45    2.28 
1954 10	  43.60   27.08   12.32    2.51 
1954 11	   3.83   21.84    3.79    2.33 
1954 12	   0.00   19.90    1.76    2.82 
1955 1	  34.75   15.50    1.25    3.10 
1955 2	  14.28   17.42    2.93    3.49 
1955 3	   2.27   24.05    6.83    3.53 
1955 4	   3.05   29.50   13.61    3.36 
1955 5	  50.28   31.34   16.31    3.35 
1955 6	  56.50   33.11   18.35    3.44 
1955 7	  84.32   33.10   20.00    3.54 
1955 8	  92.87   33.62   19.44    2.11 
1955 9	  75.45   31.34   17.76    2.22 
1955 10	   3.10   27.73    9.29    2.44 
1955 11	  16.50   21.11    3.71    3.09 
1955 12	   4.05   19.09    0.56    2.45 
1956 1	  18.53   17.18   -0.18    2.96 
1956 2	  15.30   18.19    2.51    3.37 
1956 3	   0.03   25.03    5.30    3.13 
1956 4	  23.85   26.07   10.04    3.30 
1956 5	 101.60   31.44   16.53    3.49 
1956 6	  10.20   35.17   19.84    3.20 
1956 7	  32.23   35.57   20.11    3.79 
1956 8	  13.70   35.71   19.91    3.20 
1956 9	   6.05   32.95   15.95    2.19 
1956 10	  52.77   28.73   12.25    2.21 
1956 11	  14.75   19.73    3.48    2.78 
1956 12	   6.90   18.97    0.57    2.76 
1957 1	  12.55   16.49    1.52    3.01 
1957 2	  53.70   20.69    7.93    3.10 
1957 3	  32.67   22.46    6.45    3.33 
1957 4	 142.93   23.63   10.02    3.65 
1957 5	 226.15   26.30   14.64    3.30 
1957 6	  32.97   31.40   18.69    2.85 
1957 7	   7.10   36.42   20.31    3.06 
1957 8	   1.97   35.81   19.99    2.65 
1957 9	  48.17   30.77   15.26    2.55 
1957 10	 206.82   23.09   10.19    2.57 
1957 11	  66.18   16.73    4.12    2.84 
1957 12	  12.68   17.72    1.86    2.96 
1958 1	  50.72   14.40   -0.13    2.90 
1958 2	 101.93   13.24    2.09    3.46 
1958 3	  43.92   16.03    3.57    3.09 
1958 4	  43.62   24.15    9.51    3.25 
1958 5	  48.00   29.09   14.17    2.46 
1958 6	 143.70   32.94   19.34    3.17 
1958 7	   6.50   34.43   21.01    3.74 
1958 8	  71.55   34.90   19.64    2.61 
1958 9	 107.30   28.96   18.74    2.44 
1958 10	  55.77   22.32   11.89    2.63 
1958 11	  29.95   20.16    5.60    2.23 
1958 12	   3.82   15.97   -0.85    2.54 
1959 1	   0.40   15.67   -0.50    3.10 
1959 2	  29.90   16.59    2.92    2.96 
1959 3	   3.25   23.18    4.30    3.37 
1959 4	  34.90   24.27    9.31    3.41 
1959 5	  49.30   29.48   16.06    3.74 
1959 6	 154.75   32.36   18.96    2.99 
1959 7	  91.10   32.10   19.20    2.60 
1959 8	  14.20   33.43   19.42    2.71 
1959 9	  47.75   32.39   17.91    2.98 
1959 10	 144.40   25.84   10.44    2.57 
1959 11	  13.97   17.62    0.19    2.67 
1959 12	  54.85   16.60    1.62    3.07 
1960 1	  45.80   14.54    1.21    3.04 
1960 2	  34.88   15.30   -0.89    3.84 
1960 3	  23.78   19.65    3.54    3.24 
1960 4	   7.43   26.81   11.08    3.91 
1960 5	  11.07   30.57   13.52    3.66 
1960 6	   3.40   35.92   18.61    3.15 
1960 7	  99.20   34.94   19.73    2.70 
1960 8	  68.30   33.15   19.65    2.70 
1960 9	   5.18   32.16   14.59    2.05 
1960 10	  75.05   27.57   13.11    2.52 
1960 11	   8.45   20.02    7.07    2.51 
1960 12	  63.63   12.10   -0.35    2.79 
1961 1	  56.55   12.69   -2.34    2.71 
1961 2	  17.25   18.55    0.90    3.45 
1961 3	   3.40   23.77    5.82    3.35 
1961 4	  14.43   27.31    9.11    3.70 
1961 5	  23.92   31.11   15.87    3.74 
1961 6	 212.98   31.27   18.33    3.05 
1961 7	  69.38   31.69   18.91    3.10 
1961 8	  26.20   33.51   17.02    1.99 
1961 9	  36.42   30.33   16.59    3.28 
1961 10	 129.00   25.78   10.10    2.97 
1961 11	  32.55   17.45    3.04    2.81 
1961 12	   7.45   16.07    0.13    2.63 
1962 1	   0.70   13.34   -4.38    3.31 
1962 2	  17.82   22.54    2.51    3.21 
1962 3	   8.60   20.54    3.04    3.24 
1962 4	  91.27   26.15   10.14    3.51 
1962 5	  19.57   31.27   15.96    4.61 
1962 6	  79.47   32.41   18.33    2.91 
1962 7	  29.98   35.90   20.58    3.40 
1962 8	  21.55   37.17   19.17    2.41 
1962 9	  96.32   31.68   17.11    2.30 
1962 10	  50.83   27.42   13.57    2.98 
1962 11	  21.70   19.98    4.65    2.55 
1962 12	   5.65   15.44    0.33    2.36 
1963 1	   0.12   14.80   -5.46    2.78 
1963 2	  21.75   18.80   -1.13    2.91 
1963 3	  14.45   24.53    6.74    3.53 
1963 4	  20.52   29.60   12.99    4.16 
1963 5	 121.28   29.62   16.63    3.57 
1963 6	  23.27   32.59   19.09    3.57 
1963 7	   7.25   35.35   20.46    3.56 
1963 8	  41.93   35.37   19.78    2.58 
1963 9	  53.38   31.33   16.07    1.92 
1963 10	  19.30   28.33   11.44    2.00 
1963 11	  68.32   20.62    5.67    3.10 
1963 12	  19.00   12.07   -2.76    2.56 
1964 1	  49.47   15.85   -3.12    3.06 
1964 2	  57.62   15.17   -0.99    3.21 
1964 3	  26.20   22.53    5.34    3.52 
1964 4	  38.95   27.30   11.63    3.76 
1964 5	  42.92   30.20   16.20    3.54 
1964 6	  25.07   33.51   18.08    3.36 
1964 7	  65.20   35.80   19.82    2.87 
1964 8	  66.33   34.98   20.34    3.33 
1964 9	 202.77   29.50   17.13    2.36 
1964 10	  40.25   24.29    7.77    2.23 
1964 11	  13.82   21.05    5.56    2.73 
1964 12	  11.48   16.80   -0.23    2.71 
1965 1	  43.15   17.62    1.25    2.76 
1965 2	  69.68   14.36    0.32    3.12 
1965 3	   3.85   18.11    2.36    3.50 
1965 4	  32.90   28.09   12.05    3.41 
1965 5	 172.78   27.60   16.24    3.68 
1965 6	  36.43   31.44   18.66    3.47 
1965 7	   3.50   34.62   19.46    2.72 
1965 8	  30.25   33.68   18.70    2.61 
1965 9	  15.40   31.49   17.29    2.76 
1965 10	  35.22   25.42    8.01    2.12 
1965 11	  10.20   23.13    7.72    2.06 
1965 12	  34.27   16.51    4.20    2.98 
1966 1	  15.32   12.07   -2.22    2.84 
1966 2	  37.65   15.29   -1.03    3.08 
1966 3	  18.17   21.36    5.99    3.45 
1966 4	 105.43   25.94   10.29    3.41 
1966 5	  67.70   28.21   15.26    2.85 
1966 6	  38.28   31.38   18.33    2.86 
1966 7	  52.93   34.92   21.09    2.86 
1966 8	  96.88   31.68   19.27    2.66 
1966 9	  84.50   29.18   16.49    1.75 
1966 10	  19.13   25.07    7.66    2.20 
1966 11	   0.05   22.66    5.73    2.93 
1966 12	   0.00   17.03   -2.97    2.75 
1967 1	   0.20   17.40   -2.29    3.15 
1967 2	  14.85   17.54    0.05    3.30 
1967 3	  19.20   26.25    8.05    4.06 
1967 4	  39.50   28.89   14.51    4.54 
1967 5	  54.83   31.58   13.28    3.64 
1967 6	  19.47   34.18   19.59    3.69 
1967 7	  58.35   34.89   19.74    3.54 
1967 8	  18.40   33.43   17.62    2.29 
1967 9	 145.75   28.05   14.96    2.36 
1967 10	  27.18   25.70    8.62    2.72 
1967 11	  75.13   19.92    5.61    2.46 
1967 12	  27.95   13.60   -0.82    2.47 
1968 1	  65.62   12.55    0.85    3.17 
1968 2	  46.08   13.40   -0.74    2.85 
1968 3	  46.47   17.56    4.86    4.06 
1968 4	  95.55   24.21    9.53    3.41 
1968 5	 106.17   28.78   15.06    3.88 
1968 6	  29.52   32.08   18.17    3.02 
1968 7	  96.45   32.35   19.09    3.06 
1968 8	  32.42   34.42   19.36    3.18 
1968 9	  54.45   29.81   14.43    2.23 
1968 10	  17.50   27.85   11.22    2.80 
1968 11	  77.25   19.02    2.53    3.03 
1968 12	   3.22   17.01   -1.61    3.18 
1969 1	   3.07   17.40    1.26    2.94 
1969 2	  37.48   17.22    2.23    2.74 
1969 3	  40.77   18.15    2.66    3.48 
1969 4	  99.00   26.67   10.85    3.71 
1969 5	  45.30   29.27   13.51    2.51 
1969 6	  16.83   34.10   18.94    3.67 
1969 7	  26.90   36.84   20.91    3.20 
1969 8	  97.50   35.80   19.45    2.53 
1969 9	 122.07   30.63   16.60    2.08 
1969 10	 155.32   23.95   11.41    3.18 
1969 11	  68.38   19.19    3.07    2.51 
1969 12	  48.95   17.18    1.02    2.26 
1970 1	  12.05   14.09   -1.89    2.50 
1970 2	  38.17   17.49    2.21    3.14 
1970 3	  27.43   19.06    2.70    3.23 
1970 4	  30.90   27.03   10.86    3.63 
1970 5	 110.65   28.46   12.67    3.09 
1970 6	  63.72   32.18   17.15    3.04 
1970 7	   5.50   35.35   18.99    2.58 
1970 8	  55.22   35.70   19.06    2.43 
1970 9	  80.10   30.81   16.81    2.78 
1970 10	  33.08   24.76    8.53    2.25 
1970 11	   0.00   20.15    0.96    2.99 
1970 12	   0.35   20.25    2.65    2.86 
1971 1	   0.08   19.60   -0.91    2.98 
1971 2	  33.83   19.39    0.42    3.48 
1971 3	   0.00   24.70    4.41    3.44 
1971 4	  59.75   26.50    9.51    3.39 
1971 5	  13.70   31.17   14.90    3.73 
1971 6	  62.55   32.65   18.45    3.44 
1971 7	 109.95   34.13   18.64    2.98 
1971 8	 174.12   29.22   16.90    2.13 
1971 9	  39.23   29.43   15.33    2.52 
1971 10	  93.28   24.94   12.19    2.42 
1971 11	  12.68   20.29    5.64    2.79 
1971 12	  22.88   17.05    2.73    2.90 
1972 1	  10.67   17.24   -0.80    2.96 
1972 2	   3.72   20.41    0.43    2.91 
1972 3	  12.98   25.99    7.70    3.14 
1972 4	  25.55   29.68   12.64    3.79 
1972 5	 111.47   28.10   14.11    2.60 
1972 6	  49.20   33.62   18.00    2.61 
1972 7	  15.45   33.66   18.79    3.07 
1972 8	 189.38   31.56   17.56    2.73 
1972 9	  93.73   31.38   17.46    2.37 
1972 10	  69.87   26.36   11.13    2.54 
1972 11	   5.20   17.33    1.58    2.59 
1972 12	   0.55   16.95   -1.94    2.86 
1973 1	  49.02   11.53   -2.27    3.37 
1973 2	  57.10   15.52    0.16    3.13 
1973 3	  37.55   23.46    6.34    2.98 
1973 4	  35.70   24.05    8.42    3.43 
1973 5	  22.68   31.32   12.59    3.20 
1973 6	  85.60   31.54   16.89    3.32 
1973 7	  82.43   33.43   19.19    3.09 
1973 8	   2.77   33.53   17.00    2.24 
1973 9	  87.75   30.63   15.88    2.58 
1973 10	 159.45   26.21   10.80    2.50 
1973 11	   0.40   22.58    5.97    2.96 
1973 12	   0.10   18.19   -2.34    3.09 
1974 1	   4.22   16.84   -1.51    2.85 
1974 2	   0.00   20.90   -0.69    3.48 
1974 3	  17.38   26.32    9.34    4.10 
1974 4	  97.95   28.12   10.06    3.92 
1974 5	 100.67   31.28   15.94    3.46 
1974 6	  18.35   34.24   17.05    3.03 
1974 7	   9.00   35.44   18.54    2.95 
1974 8	 277.00   31.72   17.92    3.11 
1974 9	 156.85   26.19   12.97    2.74 
1974 10	 119.07   24.82   10.99    2.77 
1974 11	  23.33   18.75    4.29    2.71 
1974 12	  40.18   15.17   -0.87    2.27 
1975 1	  20.33   16.72   -0.31    3.12 
1975 2	  30.33   17.85   -0.25    3.14 
1975 3	   5.88   23.03    4.50    3.59 
1975 4	  59.08   25.78   10.33    4.24 
1975 5	 125.05   29.33   13.94    3.35 
1975 6	  96.65   31.89   18.10    3.53 
1975 7	  84.72   31.63   17.93    2.68 
1975 8	  30.48   33.54   18.81    2.65 
1975 9	  41.12   29.50   13.42    2.43 
1975 10	  54.60   26.90    9.75    2.89 
1975 11	  65.22   21.35    4.34    3.07 
1975 12	   7.77   16.81   -0.32    3.09 
1976 1	   1.08   15.97   -3.45    2.92 
1976 2	   2.83   23.40    3.02    3.94 
1976 3	  20.23   23.68    6.45    3.65 
1976 4	  65.78   25.23   10.88    3.81 
1976 5	  64.70   28.42   12.42    2.99 
1976 6	  24.15   32.69   17.70    3.39 
1976 7	 192.53   29.28   18.42    2.89 
1976 8	  65.12   33.27   17.19    1.96 
1976 9	 123.80   28.87   15.73    2.02 
1976 10	 194.05   21.48    6.46    2.72 
1976 11	  12.93   15.51    1.07    2.46 
1976 12	  16.40   15.35   -2.13    2.60 
1977 1	  18.17   11.77   -3.18    2.73 
1977 2	  11.38   18.46   -0.01    2.87 
1977 3	  68.72   22.20    4.44    3.39 
1977 4	 150.93   24.41    9.15    3.44 
1977 5	  66.70   27.83   16.87    4.11 
1977 6	  32.33   32.66   17.97    3.17 
1977 7	   6.30   35.06   19.22    3.12 
1977 8	  16.00   36.34   20.08    3.05 
1977 9	   2.95   35.39   18.61    2.59 
1977 10	  47.07   27.72   11.10    2.50 
1977 11	  25.10   21.96    3.29    2.26 
1977 12	   2.00   18.66   -0.22    3.00 
1978 1	  16.58   11.30   -2.98    3.11 
1978 2	  43.90   12.76   -1.49    2.89 
1978 3	   5.47   22.74    3.93    3.40 
1978 4	  23.60   29.26   11.72    4.22 
1978 5	  47.18   31.88   15.55    3.65 
1978 6	  84.47   33.66   18.38    2.84 
1978 7	  23.10   36.51   20.52    3.22 
1978 8	 146.25   32.69   18.81    2.62 
1978 9	  80.80   29.21   17.19    2.48 
1978 10	  20.88   25.60    9.11    2.15 
1978 11	  62.25   19.71    7.00    2.87 
1978 12	   9.25   14.66   -1.13    2.63 
1979 1	   4.65    9.73   -3.09    3.34 
1979 2	  31.70   17.01   -0.62    3.06 
1979 3	  36.77   22.20    5.72    3.66 
1979 4	  26.15   26.33    9.70    2.89 
1979 5	  39.65   29.62   12.74    3.43 
1979 6	  87.38   31.18   17.37    2.81 
1979 7	 106.90   35.13   19.93    2.66 
1979 8	  38.82   32.92   18.22    2.69 
1979 9	   4.40   32.59   12.86    2.06 
1979 10	   3.80   30.39   10.53    2.80 
1979 11	  13.27   19.19    1.57    2.78 
1979 12	  43.45   16.59    0.19    2.86 
1980 1	  10.23   16.35    0.48    3.16 
1980 2	  13.17   18.12    0.28    2.91 
1980 3	  10.18   22.22    4.41    3.23 
1980 4	  11.23   27.10    7.66    3.47 
1980 5	  90.78   29.72   15.02    3.46 
1980 6	  62.58   35.77   20.54    3.84 
1980 7	   1.75   38.30   20.66    3.22 
1980 8	  19.35   35.68   20.19    3.56 
1980 9	 243.83   31.92   17.69    2.76 
1980 10	  31.98   25.33    8.71    2.23 
1980 11	  50.95   18.94    2.99    2.62 
1980 12	  22.03   16.09    1.84    2.89 
1981 1	  20.12   14.92    0.20    2.61 
1981 2	  14.32   17.62    2.76    3.48 
1981 3	  73.38   19.19    4.94    3.19 
1981 4	 109.72   25.46   12.33    3.74 
1981 5	  63.40   29.03   14.02    3.56 
1981 6	  85.45   31.15   18.19    3.05 
1981 7	   0.85   34.80   20.28    3.35 
1981 8	  87.90   33.95   17.85    2.63 
1981 9	  14.60   30.84   15.21    2.64 
1981 10	 121.95   25.27   11.83    3.04 
1981 11	   8.47   22.38    4.74    2.47 
1981 12	   0.00   17.37   -1.34    2.56 
1982 1	  14.30   17.53   -2.56    3.25 
1982 2	  51.80   15.68   -0.12    3.33 
1982 3	   3.45   23.24    7.02    3.85 
1982 4	  29.53   26.42   10.04    3.61 
1982 5	 111.50   28.31   14.66    3.75 
1982 6	  72.50   32.76   18.37    3.92 
1982 7	  29.85   34.90   19.56    3.73 
1982 8	  44.30   35.93   18.70    2.98 
1982 9	  20.25   32.53   15.18    2.49 
1982 10	  13.12   27.51    9.80    2.69 
1982 11	  48.28   19.61    3.84    3.00 
1982 12	  39.42   15.62   -1.31    3.14 
1983 1	  35.25   14.77   -2.78    2.36 
1983 2	  21.05   17.40   -0.35    2.89 
1983 3	  36.90   20.92    4.92    3.61 
1983 4	  11.75   26.03    6.92    3.73 
1983 5	  31.95   30.39   14.08    3.42 
1983 6	 107.77   31.70   17.50    3.24 
1983 7	  11.27   34.87   20.05    2.99 
1983 8	  14.22   35.88   19.03    1.95 
1983 9	  24.70   32.04   16.46    2.65 
1983 10	  81.18   27.52   12.12    2.89 
1983 11	  38.55   21.85    5.73    2.63 
1983 12	   5.10   11.86   -5.22    3.00 
1984 1	  42.95   11.40   -3.00    2.75 
1984 2	   9.00   19.42   -0.58    3.15 
1984 3	  12.12   23.98    4.61    3.89 
1984 4	   6.32   28.97    7.34    3.01 
1984 5	  23.38   32.76   14.71    3.48 
1984 6	  76.30   34.25   19.42    3.75 
1984 7	  33.92   34.82   18.80    2.67 
1984 8	   7.00   35.65   19.30    2.84 
1984 9	  29.98   30.61   14.60    2.98 
1984 10	 113.82   23.94   12.19    2.58 
1984 11	  46.40   18.34    4.84    2.89 
1984 12	 118.65   18.56    5.56    3.26 
1985 1	  29.48   12.56   -3.92    3.00 
1985 2	  15.88   15.88    0.19    3.45 
1985 3	  54.80   21.62    7.77    3.67 
1985 4	  31.55   27.22   10.04    3.42 
1985 5	 103.12   31.48   16.26    3.25 
1985 6	 119.30   32.54   19.14    2.99 
1985 7	  80.47   33.79   17.80    2.88 
1985 8	  22.10   36.24   20.29    2.75 
1985 9	  76.12   31.20   17.06    2.95 
1985 10	  25.90   25.09   13.27    3.23 
1985 11	  24.58   21.08    7.77    3.02 
1985 12	   0.90   14.92   -2.12    2.49 
1986 1	   5.95   18.89   -0.79    2.73 
1986 2	  26.30   21.54    3.39    2.78 
1986 3	  16.40   24.55    5.37    3.17 
1986 4	   2.70   29.14   14.86    3.89 
1986 5	 174.07   30.08   15.78    3.61 
1986 6	 100.83   31.43   19.16    2.43 
1986 7	  42.05   35.26   20.04    3.56 
1986 8	 100.38   33.31   19.30    2.77 
1986 9	  47.10   30.61   19.14    3.03 
1986 10	 183.75   23.59   10.17    2.51 
1986 11	  52.60   18.59    3.52    2.51 
1986 12	  80.38   13.05    0.20    2.72 
1987 1	  12.20   14.98   -2.71    2.86 
1987 2	  75.18   16.10    1.96    3.54 
1987 3	  43.00   18.90    1.06    3.11 
1987 4	  42.25   24.90    5.00    2.88 
1987 5	 129.37   28.04   13.31    3.05 
1987 6	 107.92   30.11   16.99    2.37 
1987 7	  42.30   32.79   18.61    2.91 
1987 8	  78.57   34.44   18.79    3.06 
1987 9	  73.42   29.99   13.90    2.47 
1987 10	  10.57   26.78    9.05    2.63 
1987 11	  32.08   19.28    2.09    2.68 
1987 12	  25.93   15.23   -1.18    2.75 
1988 1	   0.35   13.42   -4.61    3.10 
1988 2	   7.05   17.67   -0.86    3.03 
1988 3	   7.90   23.44    2.71    3.52 
1988 4	  16.23   27.99    6.92    2.81 
1988 5	  56.30   28.80   11.91    3.31 
1988 6	  38.35   33.29   15.72    2.49 
1988 7	 110.83   32.84   18.62    2.77 
1988 8	  37.40   33.95   18.74    2.49 
1988 9	  55.12   30.98   13.68    2.62 
1988 10	  15.40   27.42    8.75    2.35 
1988 11	   0.25   23.21    4.24    2.69 
1988 12	  19.95   16.60    0.46    2.74 
1989 1	  28.60   18.38    0.15    2.74 
1989 2	 122.00   13.57   -0.63    3.74 
1989 3	  46.50   23.55    4.03    3.35 
1989 4	  20.12   27.68   10.41    3.53 
1989 5	  40.97   32.55   15.13    4.17 
1989 6	  30.23   33.29   16.49    3.37 
1989 7	   8.10   36.34   17.89    2.58 
1989 8	  27.07   34.35   17.94    3.21 
1989 9	  25.18   30.85   12.79    2.74 
1989 10	  54.33   28.34    7.36    2.77 
1989 11	  23.20   21.26    4.56    2.51 
1989 12	  11.32   12.89   -4.85    2.84 
1990 1	  26.65   18.19    1.03    2.97 
1990 2	  88.75   19.61    2.60    3.18 
1990 3	  58.77   19.96    4.51    3.91 
1990 4	  72.45   24.08    8.63    3.79 
1990 5	  96.00   29.10   13.77    3.89 
1990 6	   0.00   35.94   19.01    4.03 
1990 7	 300.20   31.80   17.18    3.21 
1990 8	  81.60   32.02   16.32    3.08 
1990 9	 174.12   29.36   14.40    1.92 
1990 10	  66.10   26.45    5.69    2.44 
1990 11	  44.75   20.82    6.24    2.93 
1990 12	   3.22   15.90   -0.94    2.87 
1991 1	  54.37   12.65   -1.98    2.83 
1991 2	  21.10   18.94    2.87    2.78 
1991 3	   6.70   23.45    5.97    3.45 
1991 4	  46.20   27.55   11.02    3.00 
1991 5	  47.22   31.22   16.57    3.63 
1991 6	 125.75   33.03   18.59    3.20 
1991 7	  53.62   33.70   17.39    3.06 
1991 8	  46.35   34.19   19.50    2.63 
1991 9	 107.07   27.92   15.49    2.34 
1991 10	  33.97   27.52   10.61    2.54 
1991 11	  13.17   17.64    2.25    2.99 
1991 12	 102.32   15.84    3.39    3.14 
1992 1	  55.98   13.67    1.21    2.44 
1992 2	 113.78   18.77    3.07    2.94 
1992 3	  30.30   22.73    5.80    3.09 
1992 4	  32.88   25.53    9.78    3.10 
1992 5	  96.22   28.07   13.80    2.87 
1992 6	 109.70   33.02   18.24    3.00 
1992 7	  31.60   33.59   20.22    4.06 
1992 8	  44.12   32.51   17.34    2.25 
1992 9	  17.57   32.18   16.12    2.83 
1992 10	  25.60   28.92    9.56    2.30 
1992 11	  36.08   18.93    3.73    2.70 
1992 12	  30.38   17.43    2.48    2.75 
1993 1	  19.72   14.66   -0.32    2.57 
1993 2	  41.78   17.82    1.75    3.08 
1993 3	  29.77   22.53    5.01    3.09 
1993 4	  78.93   26.74    8.78    3.69 
1993 5	  42.75   29.47   11.95    3.12 
1993 6	  81.52   31.95   19.07    3.35 
1993 7	  15.10   34.48   20.40    4.30 
1993 8	  72.53   35.64   20.36    3.08 
1993 9	  61.15   30.32   15.53    2.26 
1993 10	  20.88   26.23    8.72    2.65 
1993 11	  21.02   18.02    2.58    2.77 
1993 12	  20.60   16.76    2.03    3.06 
1994 1	  55.62   15.78    0.88    3.20 
1994 2	  30.80   17.85    1.13    3.35 
1994 3	   5.02   24.00    4.79    3.18 
1994 4	  27.05   27.62    8.22    3.50 
1994 5	  86.80   29.26   13.80    3.23 
1994 6	  49.33   34.45   19.79    2.80 
1994 7	   9.88   35.78   20.98    3.66 
1994 8	  24.78   34.27   19.98    2.58 
1994 9	  99.92   29.82   15.31    1.93 
1994 10	  69.20   25.11   11.97    2.47 
1994 11	  70.53   19.61    5.89    2.99 
1994 12	  72.48   15.75    2.91    2.53 
1995 1	   6.53   14.94    1.00    2.94 
1995 2	  33.05   18.96    2.12    2.71 
1995 3	  30.80   18.96    4.38    3.29 
1995 4	  37.50   25.48    7.59    3.44 
1995 5	 150.10   29.65   14.70    3.83 
1995 6	  46.97   30.70   17.78    3.38 
1995 7	  22.20   34.81   18.94    2.95 
1995 8	  22.65   33.87   20.07    2.04 
1995 9	  84.95   30.50   16.61    2.11 
1995 10	  31.20   27.10    8.69    2.36 
1995 11	  45.78   20.26    3.98    2.46 
1995 12	   2.10   16.41   -0.46    2.67 
1996 1	   0.45   17.01   -4.54    2.98 
1996 2	   6.25   19.46    0.13    3.42 
1996 3	   9.98   19.88    2.09    3.40 
1996 4	  25.30   26.77    7.86    3.54 
1996 5	  43.15   33.13   17.96    4.97 
1996 6	  27.47   34.47   19.95    3.12 
1996 7	  26.95   35.16   21.37    3.27 
1996 8	  81.62   32.81   20.07    3.01 
1996 9	  83.27   29.21   15.93    1.80 
1996 10	  35.33   25.68    9.37    2.67 
1996 11	  83.52   18.95    4.64    3.10 
1996 12	   5.60   17.07   -1.29    2.62 
1997 1	  14.00   13.21   -1.57    3.01 
1997 2	  75.47   14.07    1.05    3.05 
1997 3	  92.95   21.85    6.13    2.95 
1997 4	  63.88   21.87    7.21    3.30 
1997 5	  57.62   27.02   13.92    2.72 
1997 6	 159.53   30.68   17.74    2.96 
1997 7	   1.40   34.10   20.00    2.97 
1997 8	   4.12   34.86   20.11    2.96 
1997 9	  28.50   32.83   16.87    2.05 
1997 10	  30.10   25.90    9.83    2.69 
1997 11	  28.25   18.68    2.34    2.44 
1997 12	  28.98   14.33   -2.74    3.06 
1998 1	  19.57   17.95    0.62    2.79 
1998 2	  42.58   17.63    1.14    2.82 
1998 3	  53.27   20.20    4.09    3.63 
1998 4	   9.42   26.50    7.02    3.13 
1998 5	  18.35   34.05   15.85    3.77 
1998 6	  77.35   34.79   20.55    4.15 
1998 7	  14.18   36.59   21.91    3.55 
1998 8	 262.28   31.76   19.83    2.09 
1998 9	  47.10   30.86   17.15    1.97 
1998 10	  76.15   24.79   12.97    3.02 
1998 11	  34.30   20.38    7.23    2.41 
1998 12	  17.80   15.54   -0.19    3.00 
1999 1	  16.12   18.45   -1.57    3.29 
1999 2	   2.38   21.69    1.44    2.88 
1999 3	  71.33   20.98    6.19    3.61 
1999 4	  48.28   26.65   10.19    3.68 
1999 5	  65.62   28.89   15.87    3.44 
1999 6	  95.22   30.75   20.06    3.44 
1999 7	  15.80   32.54   19.94    2.93 
1999 8	  17.60   36.15   19.62    2.06 
1999 9	   3.73   32.38   15.81    2.59 
1999 10	  42.38   26.46    7.69    2.42 
1999 11	   0.05   22.67    3.04    2.40 
1999 12	   6.95   16.55   -1.32    3.02 
2000 1	   4.12   18.66   -0.45    3.16 
2000 2	  18.50   21.77    3.46    3.38 
2000 3	   8.48   25.24    6.52    3.25 
2000 4	  44.70   27.39   10.85    3.55 
2000 5	  16.15   32.22   18.13    3.78 
2000 6	 149.48   30.59   19.65    3.35 
2000 7	  15.70   35.95   20.61    3.00 
2000 8	   1.75   35.35   20.06    2.47 
2000 9	  29.67   33.50   14.66    2.24 
2000 10	 178.05   22.83   13.20    3.21 
2000 11	 172.72   15.39    3.20    2.81 
2000 12	  20.50   11.88   -1.72    2.73 
2001 1	  37.40   12.74   -1.89    3.00 
2001 2	  35.55   17.78    3.02    3.39 
2001 3	  48.90   17.39    3.66    2.86 
2001 4	  33.95   25.00   11.94    3.81 
2001 5	  62.28   29.51   15.17    3.36 
2001 6	  27.90   34.08   19.35    2.93 
2001 7	   0.70   35.84   21.30    3.15 
2001 8	  35.03   34.75   20.19    2.78 
2001 9	  51.40   30.00   15.51    2.24 
2001 10	  17.77   25.79    9.37    2.76 
2001 11	  96.00   19.92    7.63    2.68 
2001 12	   7.95   15.37    0.08    2.76 
2002 1	   4.85   16.75   -1.21    2.83 
2002 2	  22.02   15.35   -2.28    2.89 
2002 3	  39.50   20.39    3.41    3.66 
2002 4	  40.58   27.56   13.45    4.14 
2002 5	   9.43   30.92   15.77    4.13 
2002 6	  23.25   33.12   19.31    2.95 
2002 7	 143.82   31.54   19.80    3.03 
2002 8	  18.08   34.50   20.09    2.52 
2002 9	  46.10   31.02   14.56    2.18 
2002 10	 193.23   23.04   11.80    2.42 
2002 11	  10.88   17.45    1.57    2.64 
2002 12	  28.18   15.48   -0.79    2.86 
2003 1	   4.20   15.13   -1.61    2.59 
2003 2	  64.70   14.49    0.41    3.10 
2003 3	  29.15   21.55    5.94    2.80 
2003 4	   2.87   27.14   10.19    3.60 
2003 5	  82.90   31.75   16.61    3.15 
2003 6	  83.35   31.49   17.92    2.58 
2003 7	  53.37   33.22   19.00    2.39 
2003 8	  58.00   34.18   19.40    2.03 
2003 9	  70.15   28.19   15.82    1.85 
2003 10	  94.15   25.69   10.54    2.13 
2003 11	  19.30   19.14    6.00    3.11 
2003 12	   0.08   17.72   -2.16    3.11 
2004 1	  30.65   14.88    1.87    3.31 
2004 2	  40.87   15.33   -0.25    3.15 
2004 3	  68.00   22.32    9.01    3.37 
2004 4	 124.35   23.53    9.80    3.63 
2004 5	  33.25   28.05   15.38    3.62 
2004 6	 138.07   31.58   18.69    2.94 
2004 7	  30.98   32.24   19.28    2.43 
2004 8	 130.88   31.84   18.58    2.23 
2004 9	  44.35   29.03   15.17    1.97 
2004 10	 144.00   26.00   13.14    2.74 
2004 11	 144.62   18.55    4.93    2.87 
2004 12	   9.00   14.67   -2.48    2.97 
2005 1	  28.55   16.58    1.74    3.28 
2005 2	  41.00   15.00    3.34    3.07 
2005 3	  36.75   20.66    3.62    2.76 
2005 4	  17.62   25.33    7.61    3.48 
2005 5	 124.68   27.03   14.38    3.30 
2005 6	   8.68   32.08   18.77    3.36 
2005 7	  93.85   34.08   20.09    2.68 
2005 8	  92.88   32.25   18.89    2.58 
2005 9	   0.38   33.40   16.86    2.08 
2005 10	  92.73   25.07   10.00    2.51 
2005 11	   1.27   22.61    3.59    2.56 
2005 12	   4.55   15.96   -3.15    2.45 
2006 1	  19.60   19.86   -1.74    3.08 
2006 2	  15.32   17.60   -0.95    3.10 
2006 3	  35.83   22.92    6.82    3.69 
2006 4	  79.15   28.46   12.38    3.60 
2006 5	  25.70   31.67   15.55    3.53 
2006 6	  56.20   34.05   18.10    2.58 
2006 7	  15.68   34.74   19.93    2.56 
2006 8	  43.85   35.03   21.09    2.84 
2006 9	  61.02   29.64   14.89    2.22 
2006 10	  55.92   26.15   10.43    2.42 
2006 11	   2.33   22.15    4.98    2.93 
2006 12	  13.77   15.66   -1.24    2.84 
2007 1	  49.32    9.81   -3.01    3.21 
2007 2	   0.65   16.31   -0.44    2.59 
2007 3	 106.90   22.33    7.70    3.61 
2007 4	  70.05   23.38    7.82    3.42 
2007 5	 188.65   26.33   14.97    3.32 
2007 6	 168.30   29.89   18.59    2.92 
2007 7	  79.07   29.74   19.19    2.20 
2007 8	 103.65   31.95   19.81    2.29 
2007 9	  63.55   29.74   17.46    2.03 
2007 10	  19.90   27.73    9.58    2.35 
2007 11	  34.83   21.09    4.35    2.77 
2007 12	   2.40   17.14   -1.64    2.67 
2008 1	   4.62   13.83   -2.82    2.88 
2008 2	   2.95   19.93   -0.09    3.02 
2008 3	  69.20   21.49    3.51    3.77 
2008 4	  13.05   26.09    8.48    3.52 
2008 5	  24.75   31.10   15.13    3.43 
2008 6	  81.07   34.55   20.70    3.87 
2008 7	  11.82   33.27   19.79    3.48 
2008 8	  89.30   33.06   19.46    2.29 
2008 9	  24.25   29.73   13.26    1.79 
2008 10	  35.37   26.03    7.68    2.51 
2008 11	   0.50   21.44    2.46    2.08 
2008 12	   2.08   16.33   -1.74    3.02 
2009 1	   1.48   16.54   -3.79    2.87 
2009 2	   6.88   20.95    1.17    3.62 
2009 3	  69.20   21.42    6.39    3.70 
2009 4	 135.27   24.92    9.00    3.78 
2009 5	  56.93   29.23   15.00    3.12 
2009 6	  40.62   34.15   20.22    3.46 
2009 7	  84.65   34.74   20.66    3.18 
2009 8	  18.92   34.80   20.03    2.80 
2009 9	  79.00   28.14   16.01    1.86 
2009 10	 104.30   23.27   10.30    2.79 
2009 11	  24.22   20.76    2.68    2.29 
2009 12	  18.35   11.65   -2.80    2.60 
2010 1	  63.58   12.87   -1.84    3.31 
2010 2	  58.95   12.14   -0.88    3.07 
2010 3	  36.42   19.24    2.25    3.38 
2010 4	  71.38   23.72    9.87    3.47 
2010 5	  41.47   28.55   14.86    3.39 
2010 6	 120.45   33.59   20.46    3.56 
2010 7	  36.58   31.61   20.54    2.93 
2010 8	  15.10   35.34   20.27    2.45 
2010 9	  31.77   30.49   17.17    2.35 
2010 10	   7.12   27.30    8.12    2.42 
2010 11	   0.58   21.96    3.08    3.30 
2010 12	  18.95   16.82   -1.65    2.81 
