1949 1	  75.57    9.51   -2.58    3.26 
1949 2	  35.50   16.99    1.99    2.85 
1949 3	  29.15   20.72    5.66    2.94 
1949 4	 110.85   22.46    8.61    2.87 
1949 5	 125.30   28.26   16.28    3.08 
1949 6	  66.65   33.19   19.01    3.29 
1949 7	   7.58   36.24   21.06    2.63 
1949 8	  40.72   34.03   19.04    2.20 
1949 9	  65.42   30.47   16.52    2.36 
1949 10	 112.63   25.33   10.43    2.93 
1949 11	   0.00   24.27    3.54    2.33 
1949 12	  27.98   16.08    1.77    3.09 
1950 1	  14.08   17.22    2.17    3.25 
1950 2	   3.40   19.17    3.66    3.06 
1950 3	   2.40   22.50    3.59    3.52 
1950 4	  34.48   26.31   10.46    3.56 
1950 5	  65.00   29.79   16.02    2.88 
1950 6	  18.23   32.81   19.30    3.06 
1950 7	  57.47   34.41   21.42    3.37 
1950 8	  68.20   34.63   19.45    2.69 
1950 9	  78.25   30.67   17.87    2.57 
1950 10	   0.00   30.33   12.02    2.62 
1950 11	   0.00   22.68    2.17    3.07 
1950 12	   0.00   17.33   -2.72    2.43 
1951 1	   0.10   16.41   -3.01    3.13 
1951 2	  15.55   17.93    0.74    3.49 
1951 3	  22.38   22.67    4.71    3.56 
1951 4	  23.83   27.10    9.26    3.32 
1951 5	  73.40   31.21   16.23    3.03 
1951 6	 105.57   34.06   20.65    3.61 
1951 7	  14.40   37.58   22.90    3.03 
1951 8	  99.92   37.34   22.09    2.95 
1951 9	  58.80   33.46   17.84    2.60 
1951 10	  34.92   28.32   13.01    2.75 
1951 11	   6.33   18.55    3.44    3.16 
1951 12	   1.15   18.47    1.07    2.98 
1952 1	   8.50   19.32    3.43    3.25 
1952 2	   8.18   20.61    2.61    3.24 
1952 3	  19.20   20.87    4.31    3.34 
1952 4	  42.68   25.40    9.86    3.22 
1952 5	  61.12   29.61   14.71    3.03 
1952 6	  21.82   35.17   21.11    3.27 
1952 7	  16.70   35.92   21.56    2.78 
1952 8	   4.93   39.09   23.45    3.14 
1952 9	  72.95   30.83   16.59    1.92 
1952 10	   1.05   26.77    7.35    2.26 
1952 11	  51.98   18.55    4.71    2.80 
1952 12	  16.88   15.76    0.09    2.33 
1953 1	   1.70   20.32    1.62    3.29 
1953 2	   5.70   17.90    1.04    2.79 
1953 3	  69.70   23.83    8.20    2.48 
1953 4	  22.30   26.69    8.95    2.80 
1953 5	  56.40   30.38   14.95    3.33 
1953 6	  11.32   38.03   22.64    3.15 
1953 7	  22.83   36.14   22.38    3.07 
1953 8	  89.33   34.80   21.45    2.28 
1953 9	   9.20   33.77   16.43    1.72 
1953 10	 122.93   25.86   12.60    2.38 
1953 11	  15.85   18.96    4.66    2.01 
1953 12	   5.47   14.25   -1.14    2.85 
1954 1	   9.10   16.11    0.49    2.93 
1954 2	   0.52   22.14    2.94    2.95 
1954 3	  10.35   21.05    4.58    3.18 
1954 4	 135.30   28.22   13.79    3.73 
1954 5	  89.95   27.53   14.87    3.06 
1954 6	  57.33   34.00   20.93    3.48 
1954 7	   6.35   37.96   22.08    2.78 
1954 8	   0.60   37.07   22.76    3.23 
1954 9	   7.10   34.78   18.56    2.24 
1954 10	  12.62   27.68   12.76    2.41 
1954 11	  14.00   20.92    4.26    2.34 
1954 12	  17.12   18.71    1.36    2.78 
1955 1	  22.95   14.20    0.63    2.92 
1955 2	  29.35   15.48    1.59    3.34 
1955 3	   3.20   22.97    5.74    3.23 
1955 4	   7.07   29.29   13.17    3.27 
1955 5	  92.63   31.78   17.07    3.11 
1955 6	  46.62   33.82   19.40    3.20 
1955 7	  41.50   34.56   21.94    3.19 
1955 8	  26.80   35.02   21.04    1.96 
1955 9	  51.98   32.54   19.40    2.12 
1955 10	  41.87   28.17   10.45    2.41 
1955 11	   2.78   20.95    2.75    2.99 
1955 12	   2.20   17.14   -0.80    2.44 
1956 1	  26.05   14.82   -1.15    2.97 
1956 2	   5.60   16.38    0.42    3.17 
1956 3	   1.17   23.22    4.38    3.04 
1956 4	  44.47   25.77   10.61    3.12 
1956 5	  54.93   31.70   17.60    3.20 
1956 6	   5.35   36.48   21.67    3.00 
1956 7	   7.68   37.20   22.03    3.46 
1956 8	  14.98   37.11   21.29    3.11 
1956 9	  25.45   34.18   17.14    2.19 
1956 10	 105.88   28.81   12.70    2.09 
1956 11	  12.12   18.57    3.07    2.69 
1956 12	  15.52   17.55    0.73    2.73 
1957 1	  11.62   14.08    0.08    2.82 
1957 2	  51.95   17.60    6.87    2.94 
1957 3	  16.52   20.87    5.53    3.25 
1957 4	  79.35   23.83    9.90    3.33 
1957 5	 155.17   25.68   15.01    3.00 
1957 6	  82.47   31.44   19.30    2.60 
1957 7	   2.68   37.49   21.78    2.63 
1957 8	   1.83   37.24   21.59    2.50 
1957 9	  75.38   30.93   15.79    2.56 
1957 10	 122.15   23.18   10.15    2.49 
1957 11	  36.40   15.93    3.12    2.75 
1957 12	  14.95   17.67    0.86    3.00 
1958 1	  55.80   13.41   -1.10    2.87 
1958 2	  70.60   12.26    0.66    3.40 
1958 3	  41.83   14.42    2.30    2.82 
1958 4	  54.48   23.29    8.83    3.04 
1958 5	  83.82   28.55   14.28    2.29 
1958 6	  19.25   35.06   19.87    2.88 
1958 7	   7.85   36.54   21.60    3.52 
1958 8	  46.85   36.42   20.37    2.36 
1958 9	  81.88   29.88   18.37    2.36 
1958 10	  49.90   22.76   10.66    2.42 
1958 11	  20.40   20.03    3.61    2.12 
1958 12	   1.92   14.77   -1.96    2.56 
1959 1	   0.00   14.45   -2.78    3.07 
1959 2	  10.92   15.04    1.02    2.88 
1959 3	   1.95   22.84    2.62    3.39 
1959 4	  43.10   24.97    9.49    3.25 
1959 5	  94.58   30.50   16.63    3.40 
1959 6	 181.75   32.81   19.38    2.74 
1959 7	 145.80   32.09   19.79    2.32 
1959 8	   4.03   34.86   20.31    2.55 
1959 9	  42.53   33.85   18.23    2.91 
1959 10	 123.68   24.68   10.02    2.43 
1959 11	  31.73   15.90    0.45    2.57 
1959 12	  54.65   16.01    1.66    2.95 
1960 1	  58.70   13.04    0.65    2.87 
1960 2	  12.38   14.33   -1.87    3.74 
1960 3	  10.25   17.03    2.55    2.96 
1960 4	  52.10   27.06   11.29    3.72 
1960 5	  45.97   29.81   14.01    3.37 
1960 6	   8.62   36.50   20.45    2.90 
1960 7	  87.80   36.09   21.93    2.45 
1960 8	  51.53   34.85   21.32    2.37 
1960 9	  32.52   33.54   16.98    2.09 
1960 10	 135.65   28.12   13.33    2.44 
1960 11	   3.15   20.43    6.12    2.52 
1960 12	  68.72   11.31   -0.51    2.73 
1961 1	  71.47   11.93   -2.56    2.58 
1961 2	  42.65   16.77    0.83    3.40 
1961 3	  14.00   22.31    4.92    3.31 
1961 4	   0.03   27.09    8.98    3.63 
1961 5	  75.30   30.97   16.02    3.42 
1961 6	 123.30   31.58   18.75    2.80 
1961 7	  46.65   32.54   19.68    2.80 
1961 8	  13.70   34.48   18.72    2.02 
1961 9	 122.80   30.03   17.26    3.20 
1961 10	  35.25   25.76   11.53    2.87 
1961 11	  40.82   16.38    3.84    2.74 
1961 12	   9.12   14.65    0.14    2.70 
1962 1	   0.08   12.52   -4.62    3.15 
1962 2	   3.38   22.71    1.73    3.17 
1962 3	  29.20   19.47    2.76    3.18 
1962 4	  52.12   25.38   10.89    3.29 
1962 5	   4.03   33.10   17.49    4.42 
1962 6	  61.45   33.75   19.41    2.50 
1962 7	  53.70   36.22   22.13    3.05 
1962 8	  20.90   38.33   21.57    2.37 
1962 9	  60.42   32.29   18.34    2.20 
1962 10	  49.15   28.39   14.67    2.88 
1962 11	  14.78   20.05    6.02    2.50 
1962 12	  19.38   14.72    1.01    2.38 
1963 1	   0.15   12.85   -5.53    2.77 
1963 2	  29.43   17.57   -0.70    2.93 
1963 3	   0.00   24.36    6.50    3.42 
1963 4	  53.20   29.68   13.97    3.85 
1963 5	 108.92   30.85   17.59    3.28 
1963 6	  81.38   33.21   20.43    3.15 
1963 7	   0.00   37.28   23.05    3.26 
1963 8	  85.97   35.90   22.00    2.36 
1963 9	  75.60   32.47   18.71    1.93 
1963 10	  13.50   30.11   13.33    1.92 
1963 11	  60.88   21.62    6.59    2.92 
1963 12	  17.95   12.48   -1.64    2.44 
1964 1	  33.47   17.09   -1.00    3.09 
1964 2	  47.10   15.73   -0.44    3.22 
1964 3	  24.53   23.65    5.23    3.30 
1964 4	  50.62   29.01   12.63    3.65 
1964 5	  61.03   32.02   17.35    3.33 
1964 6	  17.92   35.09   20.37    3.24 
1964 7	   9.55   37.91   22.46    2.65 
1964 8	  79.38   37.38   22.71    3.16 
1964 9	  87.77   31.01   18.95    2.22 
1964 10	  21.73   26.42    9.76    2.14 
1964 11	  48.68   21.34    6.52    2.65 
1964 12	   6.85   17.14    0.66    2.70 
1965 1	  21.32   17.72    1.96    2.81 
1965 2	  67.60   14.85    0.91    3.10 
1965 3	   2.05   17.69    2.31    3.34 
1965 4	  10.02   29.35   12.37    3.16 
1965 5	 185.62   28.83   16.83    3.36 
1965 6	  69.30   33.07   20.17    3.09 
1965 7	   3.33   36.60   21.34    2.42 
1965 8	  61.95   35.66   20.71    2.54 
1965 9	  48.58   33.37   18.61    2.63 
1965 10	  36.60   26.78   10.20    2.09 
1965 11	  21.08   23.94    8.30    2.00 
1965 12	  28.27   16.61    4.85    2.91 
1966 1	  15.23   11.65   -1.89    2.77 
1966 2	  11.18   15.63   -0.80    3.07 
1966 3	  27.80   23.37    6.87    3.40 
1966 4	  84.80   26.98   11.18    3.29 
1966 5	  38.77   30.06   16.33    2.65 
1966 6	  24.12   33.91   20.00    2.68 
1966 7	   8.55   37.32   23.34    2.69 
1966 8	 154.30   33.84   20.75    2.39 
1966 9	  78.55   29.22   17.60    1.69 
1966 10	  41.23   25.32    8.80    2.18 
1966 11	   0.68   23.67    6.56    2.91 
1966 12	   0.00   16.55   -2.15    2.60 
1967 1	   0.00   18.28   -2.00    3.17 
1967 2	  10.18   18.85    1.05    3.23 
1967 3	  38.28   27.16    9.07    3.97 
1967 4	  14.73   30.09   15.31    4.27 
1967 5	  73.38   31.83   14.62    3.38 
1967 6	  48.33   35.40   21.34    3.37 
1967 7	  59.50   35.49   21.78    3.21 
1967 8	  20.82   34.64   19.90    2.17 
1967 9	 157.50   28.03   16.43    2.42 
1967 10	  27.20   26.46    9.81    2.74 
1967 11	  69.22   19.75    6.74    2.41 
1967 12	  39.60   14.33    0.13    2.45 
1968 1	  93.45   13.13    1.57    3.03 
1968 2	  36.78   14.20    0.39    2.58 
1968 3	  49.38   19.00    5.83    3.93 
1968 4	  98.03   24.07    9.93    3.22 
1968 5	 101.08   29.34   16.23    3.58 
1968 6	  70.17   32.09   18.99    2.92 
1968 7	  91.38   33.67   20.06    2.84 
1968 8	  45.05   34.63   20.04    3.06 
1968 9	  65.35   30.27   14.82    2.15 
1968 10	   6.35   28.66   11.14    2.79 
1968 11	 108.40   18.79    3.31    2.97 
1968 12	   0.00   17.05   -0.86    3.16 
1969 1	   2.55   18.81    1.54    2.93 
1969 2	  23.98   17.28    1.75    2.72 
1969 3	  43.30   17.12    2.03    3.32 
1969 4	 112.70   26.50   11.38    3.48 
1969 5	 118.57   28.65   14.08    2.36 
1969 6	  56.10   33.83   18.93    3.53 
1969 7	  12.55   37.25   22.11    2.87 
1969 8	  51.38   36.14   20.59    2.43 
1969 9	 105.58   29.59   16.93    1.97 
1969 10	 105.37   23.68   11.23    3.13 
1969 11	  38.98   19.15    3.74    2.35 
1969 12	  84.50   16.86    1.07    2.34 
1970 1	   9.12   13.52   -2.45    2.44 
1970 2	  57.18   16.88    2.42    3.00 
1970 3	  85.70   18.41    3.13    3.15 
1970 4	  48.65   26.68   10.81    3.35 
1970 5	  65.95   27.99   13.31    2.83 
1970 6	  33.05   32.56   18.03    2.89 
1970 7	   0.80   35.81   19.76    2.48 
1970 8	  13.62   36.00   19.92    2.45 
1970 9	  86.40   31.24   17.99    2.62 
1970 10	  24.00   24.04    8.96    2.16 
1970 11	   0.00   20.31    2.18    2.87 
1970 12	   7.40   20.31    2.82    2.64 
1971 1	   0.25   18.89   -0.83    2.94 
1971 2	  11.25   19.30    0.91    3.45 
1971 3	   0.00   24.22    4.42    3.35 
1971 4	  66.25   26.99   10.57    3.18 
1971 5	  11.65   31.71   15.63    3.46 
1971 6	  66.68   33.68   20.25    3.18 
1971 7	  40.90   35.14   20.43    2.69 
1971 8	 179.82   29.26   18.39    2.03 
1971 9	 151.77   29.04   16.09    2.48 
1971 10	  81.75   24.83   12.47    2.36 
1971 11	   6.70   19.61    5.67    2.81 
1971 12	  31.00   16.23    2.90    2.95 
1972 1	  13.52   15.87   -0.47    2.92 
1972 2	   2.12   19.84    0.38    2.83 
1972 3	   1.53   26.03    7.68    3.21 
1972 4	  30.27   30.19   13.03    3.62 
1972 5	  82.65   28.42   15.19    2.29 
1972 6	 106.98   33.35   19.46    2.54 
1972 7	  17.32   33.41   20.15    2.94 
1972 8	 130.35   32.26   19.49    2.57 
1972 9	  95.35   31.08   18.47    2.32 
1972 10	 110.73   25.92   10.82    2.43 
1972 11	   8.68   15.72    2.52    2.40 
1972 12	   0.32   15.60   -1.89    2.79 
1973 1	  54.07   10.01   -2.52    3.30 
1973 2	  43.75   15.30    0.83    2.94 
1973 3	  28.10   23.65    7.77    3.14 
1973 4	  60.50   24.04    9.47    3.23 
1973 5	  26.98   31.23   13.98    3.07 
1973 6	  82.00   31.47   17.74    3.03 
1973 7	 100.85   33.09   20.47    2.76 
1973 8	   5.78   33.96   19.39    2.26 
1973 9	 120.52   30.18   17.33    2.54 
1973 10	  78.73   26.64   11.94    2.46 
1973 11	   1.77   23.13    7.59    3.04 
1973 12	   2.30   18.55   -1.22    3.09 
1974 1	   2.60   15.94   -1.49    2.81 
1974 2	   7.50   21.74    0.02    3.52 
1974 3	   9.10   26.87    9.36    4.04 
1974 4	  42.80   29.05   10.96    3.79 
1974 5	  75.28   31.77   17.40    3.25 
1974 6	  18.65   35.42   18.86    3.00 
1974 7	  16.78   36.57   20.64    2.73 
1974 8	 110.85   32.34   19.50    2.83 
1974 9	 181.90   25.88   13.62    2.66 
1974 10	 141.65   25.45   11.25    2.71 
1974 11	  33.73   18.67    5.02    2.62 
1974 12	  39.38   14.81    0.25    2.21 
1975 1	  19.83   16.46    0.30    3.17 
1975 2	  32.05   17.71    0.54    3.15 
1975 3	   3.15   22.60    4.31    3.48 
1975 4	  30.30   25.78   10.37    3.92 
1975 5	 131.02   29.39   14.72    3.06 
1975 6	  67.95   33.36   19.18    3.29 
1975 7	  60.80   33.09   19.44    2.40 
1975 8	  31.22   34.38   19.72    2.56 
1975 9	  63.12   30.04   14.26    2.48 
1975 10	  57.80   27.15   10.37    2.90 
1975 11	  72.33   21.69    5.15    3.16 
1975 12	  15.03   17.58    0.57    2.96 
1976 1	   0.00   17.06   -2.59    2.89 
1976 2	   5.47   24.06    4.31    3.90 
1976 3	  12.23   24.04    6.61    3.62 
1976 4	 107.12   26.31   11.67    3.60 
1976 5	  42.33   28.69   13.31    2.85 
1976 6	  19.68   33.85   19.10    3.16 
1976 7	 156.43   30.72   19.71    2.58 
1976 8	  31.12   35.07   19.07    1.90 
1976 9	  68.50   30.01   17.05    1.86 
1976 10	 134.48   22.49    7.35    2.63 
1976 11	  13.82   15.66    1.69    2.33 
1976 12	   4.38   15.68   -1.68    2.61 
1977 1	  23.63   11.53   -3.21    2.55 
1977 2	  14.68   19.11    1.53    2.85 
1977 3	  34.22   23.10    4.91    3.32 
1977 4	 125.00   24.82   10.34    3.31 
1977 5	  36.65   29.36   17.80    3.65 
1977 6	  75.18   34.55   19.84    2.93 
1977 7	  26.52   35.88   21.34    2.79 
1977 8	  30.23   36.98   22.05    2.82 
1977 9	   7.68   36.33   20.16    2.61 
1977 10	  64.78   28.26   12.10    2.42 
1977 11	  17.60   22.25    5.17    2.42 
1977 12	   3.85   19.57    1.85    2.95 
1978 1	  12.58    9.86   -3.19    2.88 
1978 2	  44.78   11.80   -1.50    2.80 
1978 3	   5.32   23.07    3.91    3.40 
1978 4	  21.20   30.69   12.54    4.08 
1978 5	 116.33   32.18   16.43    3.38 
1978 6	  41.53   34.59   19.76    2.66 
1978 7	  20.65   38.38   22.54    2.87 
1978 8	 105.60   33.68   20.73    2.56 
1978 9	  49.48   30.52   18.61    2.37 
1978 10	  15.98   27.52   10.31    2.08 
1978 11	  33.37   20.00    7.12    2.68 
1978 12	   1.45   16.12   -0.41    2.64 
1979 1	  14.55    9.69   -3.41    3.12 
1979 2	  39.00   16.89    0.10    2.93 
1979 3	  65.02   22.18    7.06    3.55 
1979 4	  55.47   26.59   11.41    2.79 
1979 5	  43.15   29.56   13.97    3.29 
1979 6	  95.55   33.16   18.49    2.66 
1979 7	  30.35   35.69   21.64    2.44 
1979 8	  68.25   34.49   20.10    2.43 
1979 9	   9.52   32.93   15.27    2.03 
1979 10	  12.30   31.62   10.79    2.71 
1979 11	   2.57   19.50    1.41    2.59 
1979 12	  69.05   16.88    0.41    2.82 
1980 1	  21.90   15.20    1.16    3.16 
1980 2	  18.58   17.98    1.11    2.87 
1980 3	  23.85   21.96    4.34    3.18 
1980 4	  15.68   27.34    9.05    3.34 
1980 5	 114.75   29.91   15.88    3.05 
1980 6	  78.85   35.39   21.24    3.48 
1980 7	   4.75   38.68   22.45    2.94 
1980 8	  30.60   36.45   21.80    3.37 
1980 9	 377.90   30.70   19.01    2.63 
1980 10	   3.00   25.77   10.10    2.18 
1980 11	  51.40   18.91    3.90    2.48 
1980 12	  49.65   16.71    2.56    2.94 
1981 1	  24.32   14.49    0.19    2.39 
1981 2	  28.12   16.95    2.47    3.18 
1981 3	  80.82   20.03    5.99    3.09 
1981 4	  73.50   27.00   13.45    3.49 
1981 5	 102.62   29.92   14.98    3.29 
1981 6	  59.30   32.67   19.96    2.79 
1981 7	  37.70   35.70   22.02    2.97 
1981 8	  34.75   34.84   20.77    2.36 
1981 9	  39.90   31.62   17.18    2.44 
1981 10	 197.55   25.62   13.37    2.88 
1981 11	   6.98   22.70    4.99    2.39 
1981 12	   4.12   18.10    1.10    2.68 
1982 1	  26.75   17.05   -1.32    3.21 
1982 2	  32.03   16.07    0.96    3.12 
1982 3	  35.40   23.00    7.87    3.69 
1982 4	  29.72   26.13   11.01    3.47 
1982 5	 153.82   28.56   15.74    3.32 
1982 6	 159.48   32.67   19.69    3.39 
1982 7	   6.77   34.67   21.62    3.31 
1982 8	  13.67   35.81   21.80    2.76 
1982 9	  41.70   32.80   16.99    2.43 
1982 10	  23.35   27.17   11.40    2.61 
1982 11	  40.47   19.84    6.27    2.92 
1982 12	  26.73   15.12    1.46    3.25 
1983 1	  53.02   14.12   -1.11    2.33 
1983 2	  18.30   16.90    1.72    2.85 
1983 3	  28.17   20.97    5.88    3.57 
1983 4	  11.90   26.04    8.29    3.75 
1983 5	  45.82   31.28   14.58    3.21 
1983 6	  78.33   32.65   18.56    2.88 
1983 7	  44.55   34.63   21.14    2.76 
1983 8	  25.12   36.11   21.35    1.76 
1983 9	   3.22   32.76   18.10    2.47 
1983 10	  90.38   28.20   13.48    2.78 
1983 11	  39.83   22.72    7.47    2.61 
1983 12	   6.25    9.99   -4.44    2.85 
1984 1	  34.85   11.96   -1.63    2.54 
1984 2	  10.32   20.05    0.97    3.17 
1984 3	  25.02   23.44    6.33    3.74 
1984 4	   4.75   28.80    9.40    3.00 
1984 5	  14.78   33.56   17.08    3.32 
1984 6	  26.73   35.34   21.85    3.34 
1984 7	  29.60   35.88   21.61    2.42 
1984 8	  11.67   35.91   21.39    2.53 
1984 9	  70.95   30.53   16.02    2.85 
1984 10	  97.92   24.18   12.94    2.50 
1984 11	  32.97   18.71    5.45    2.82 
1984 12	  87.88   17.08    4.32    3.12 
1985 1	  12.12   11.89   -3.01    2.92 
1985 2	  32.77   15.14    0.93    3.28 
1985 3	  42.10   22.75    9.04    3.60 
1985 4	  17.83   28.15   12.34    3.20 
1985 5	  47.60   32.29   16.92    3.02 
1985 6	  93.65   33.25   19.20    2.67 
1985 7	  27.60   34.12   20.26    2.58 
1985 8	   7.12   36.80   21.54    2.49 
1985 9	  55.00   31.50   17.62    2.73 
1985 10	 101.28   25.13   13.88    3.10 
1985 11	  15.77   20.98    7.62    2.92 
1985 12	   0.35   14.66   -3.21    2.44 
1986 1	   1.23   18.33   -0.21    2.71 
1986 2	  27.12   19.49    4.21    2.82 
1986 3	  13.62   25.35    6.72    3.21 
1986 4	  12.82   29.75   13.64    3.61 
1986 5	 164.03   30.75   16.36    3.40 
1986 6	 113.53   31.82   20.14    2.13 
1986 7	  28.40   36.08   21.04    3.22 
1986 8	 134.48   34.01   20.93    2.56 
1986 9	  84.13   30.56   20.19    2.83 
1986 10	 153.27   24.03   11.93    2.43 
1986 11	  63.10   18.79    4.89    2.58 
1986 12	  58.12   12.47    1.69    2.50 
1987 1	  22.12   15.00   -0.80    2.83 
1987 2	  77.13   15.94    3.70    3.49 
1987 3	  45.90   18.79    3.42    3.09 
1987 4	  37.00   26.43    7.31    2.75 
1987 5	 256.50   28.64   15.40    2.71 
1987 6	 100.95   30.90   18.77    2.28 
1987 7	  13.52   33.83   20.24    2.70 
1987 8	 112.97   35.01   20.83    2.77 
1987 9	  91.78   30.04   15.74    2.25 
1987 10	   8.92   27.22   10.75    2.59 
1987 11	  17.83   20.84    4.21    2.63 
1987 12	  55.42   15.15   -0.30    2.69 
1988 1	   0.55   13.20   -2.12    2.98 
1988 2	   8.60   17.64   -0.14    2.98 
1988 3	  21.32   23.89    3.65    3.42 
1988 4	  28.98   28.39    8.32    2.75 
1988 5	  58.15   29.97   14.29    3.14 
1988 6	  54.05   33.66   18.47    2.31 
1988 7	  62.80   33.84   20.42    2.55 
1988 8	  17.75   35.68   20.30    2.30 
1988 9	  92.40   32.33   16.50    2.46 
1988 10	   4.57   27.95   10.59    2.28 
1988 11	   0.00   23.83    4.98    2.60 
1988 12	  30.67   16.49    0.47    2.64 
1989 1	  18.15   18.24    1.45    2.75 
1989 2	  70.92   13.36   -0.42    3.56 
1989 3	  29.65   23.99    5.09    3.35 
1989 4	  17.52   28.33   10.86    3.39 
1989 5	  76.23   33.21   17.14    3.92 
1989 6	  90.93   32.63   17.91    3.18 
1989 7	  28.50   36.28   20.46    2.34 
1989 8	  25.60   34.61   21.13    2.98 
1989 9	  73.10   30.66   14.60    2.56 
1989 10	  29.90   28.65   10.65    2.78 
1989 11	   9.75   22.18    5.18    2.45 
1989 12	   8.48   12.71   -4.23    2.87 
1990 1	  24.27   18.32    1.72    2.82 
1990 2	  43.08   20.36    3.50    3.08 
1990 3	  48.43   21.04    7.18    3.69 
1990 4	  92.88   25.51   11.25    3.48 
1990 5	  82.13   30.05   15.19    3.53 
1990 6	  21.60   36.94   22.01    3.62 
1990 7	 156.35   32.47   20.49    2.81 
1990 8	  82.15   33.28   20.01    2.83 
1990 9	 159.35   30.19   18.09    1.76 
1990 10	  58.88   26.11    9.84    2.44 
1990 11	  55.38   21.43    7.01    2.87 
1990 12	   9.88   15.29   -1.44    2.72 
1991 1	  70.70   12.00   -0.11    2.66 
1991 2	   7.42   18.99    3.14    2.64 
1991 3	  13.40   23.77    7.32    3.41 
1991 4	   9.80   28.84   11.14    2.87 
1991 5	  91.53   31.34   17.38    3.18 
1991 6	 173.70   31.97   19.53    2.82 
1991 7	  53.88   34.16   20.99    2.70 
1991 8	  93.13   32.75   20.64    2.37 
1991 9	 136.62   27.59   16.62    2.19 
1991 10	  69.85   26.86   11.40    2.57 
1991 11	   7.05   17.12    3.72    2.86 
1991 12	 155.55   14.47    3.81    3.03 
1992 1	  60.12   12.94    1.51    2.26 
1992 2	 133.45   18.13    4.73    2.99 
1992 3	  32.77   23.05    7.77    3.04 
1992 4	  40.50   26.33   11.40    2.91 
1992 5	  61.92   27.05   14.92    2.59 
1992 6	 173.65   32.52   19.68    2.59 
1992 7	  66.02   34.35   21.53    3.66 
1992 8	  67.20   32.02   19.60    2.20 
1992 9	  20.90   31.71   17.48    2.84 
1992 10	  16.15   28.83   11.28    2.29 
1992 11	  31.30   18.59    5.03    2.64 
1992 12	  27.85   15.63    2.96    2.70 
1993 1	  35.15   13.36    0.30    2.46 
1993 2	  45.72   16.63    2.47    2.93 
1993 3	  33.58   21.46    5.87    3.12 
1993 4	  44.65   27.44    9.71    3.55 
1993 5	  48.75   29.85   14.24    3.03 
1993 6	  70.78   33.38   20.61    3.13 
1993 7	  18.55   36.30   22.91    4.02 
1993 8	  46.78   36.17   21.87    2.79 
1993 9	  40.50   31.03   16.19    2.12 
1993 10	  69.45   26.58   10.61    2.59 
1993 11	   4.95   18.92    3.35    2.72 
1993 12	  22.92   17.27    2.38    2.92 
1994 1	  39.35   16.09    0.84    3.07 
1994 2	  29.72   18.39    1.37    3.14 
1994 3	   0.70   24.38    6.64    3.11 
1994 4	  22.65   28.36   10.20    3.35 
1994 5	 176.90   28.74   15.72    2.80 
1994 6	  42.80   35.63   20.87    2.65 
1994 7	  24.58   36.70   21.93    3.31 
1994 8	  29.35   35.81   21.38    2.44 
1994 9	  52.60   31.21   16.15    1.92 
1994 10	  59.10   26.40   12.64    2.38 
1994 11	  63.17   20.80    6.91    2.81 
1994 12	  37.75   16.89    3.57    2.32 
1995 1	  16.90   16.89    1.62    2.82 
1995 2	  42.12   19.65    3.28    2.73 
1995 3	  33.40   19.55    6.35    3.19 
1995 4	  66.07   27.52   10.32    3.28 
1995 5	 114.08   30.68   15.94    3.41 
1995 6	  61.78   32.22   18.49    3.02 
1995 7	  67.53   36.17   21.34    2.69 
1995 8	  48.85   34.39   21.30    1.92 
1995 9	  72.67   31.37   17.85    2.06 
1995 10	  35.18   28.60   10.51    2.29 
1995 11	  26.70   21.68    5.46    2.47 
1995 12	   5.15   17.04    1.27    2.65 
1996 1	   2.75   17.59   -1.93    2.94 
1996 2	   6.75   21.46    2.37    3.38 
1996 3	  13.95   21.67    3.51    3.47 
1996 4	  76.58   27.67    9.57    3.54 
1996 5	  85.17   34.30   19.13    4.62 
1996 6	  50.80   34.98   20.76    2.76 
1996 7	  19.35   36.69   22.79    2.88 
1996 8	 121.62   33.68   21.31    2.75 
1996 9	 104.88   29.87   17.08    1.64 
1996 10	  65.93   26.72   11.45    2.66 
1996 11	  90.75   20.56    6.06    3.07 
1996 12	   0.00   18.91    1.51    2.68 
1997 1	   6.78   14.32   -0.16    3.05 
1997 2	 106.45   15.11    3.08    3.01 
1997 3	  44.78   23.59    7.79    2.83 
1997 4	  83.38   22.31    8.60    3.14 
1997 5	  61.93   28.34   14.58    2.57 
1997 6	 197.15   31.86   18.82    2.48 
1997 7	  12.53   35.27   21.71    2.55 
1997 8	  61.78   35.39   21.24    2.72 
1997 9	  10.27   33.81   18.60    2.03 
1997 10	  26.82   27.75   11.84    2.64 
1997 11	  22.02   19.31    3.72    2.32 
1997 12	  43.33   14.85   -0.53    3.01 
1998 1	  16.17   19.41    2.19    2.80 
1998 2	  20.65   18.09    3.41    2.70 
1998 3	  57.93   20.72    5.18    3.54 
1998 4	   0.00   27.72    8.62    3.03 
1998 5	  72.33   35.47   17.19    3.54 
1998 6	  80.13   36.47   21.47    3.85 
1998 7	  14.25   38.17   23.51    3.23 
1998 8	  62.88   34.89   21.44    1.76 
1998 9	   1.80   34.32   19.48    1.89 
1998 10	  64.68   27.22   14.42    2.94 
1998 11	  28.85   21.57    8.05    2.37 
1998 12	  21.97   15.60    0.99    2.89 
1999 1	  20.12   20.13    1.18    3.35 
1999 2	   0.75   23.21    4.19    2.81 
1999 3	  54.45   21.31    7.08    3.47 
1999 4	  58.55   27.92   11.84    3.43 
1999 5	  51.32   30.88   16.80    3.09 
1999 6	  60.02   32.47   20.60    3.11 
1999 7	  35.38   35.31   21.70    2.63 
1999 8	  25.15   37.87   22.36    1.95 
1999 9	   6.53   33.62   17.67    2.63 
1999 10	  25.40   27.94   10.07    2.39 
1999 11	   0.00   23.64    6.11    2.37 
1999 12	   3.40   17.61   -0.06    3.01 
2000 1	   1.43   18.88    1.23    3.16 
2000 2	  10.25   22.19    4.24    3.24 
2000 3	  12.57   25.42    7.74    3.15 
2000 4	   9.97   28.45   11.88    3.38 
2000 5	  23.20   35.02   19.30    3.57 
2000 6	 179.12   31.57   20.65    3.02 
2000 7	   5.95   37.34   22.96    2.69 
2000 8	   0.12   37.32   22.34    2.40 
2000 9	  31.55   34.19   17.43    2.20 
2000 10	 123.90   24.40   13.84    3.09 
2000 11	 104.50   14.79    3.55    2.73 
2000 12	  13.03   11.54   -0.94    2.60 
2001 1	  24.88   11.96   -1.25    2.86 
2001 2	  41.85   16.18    2.48    3.32 
2001 3	  28.90   16.31    4.40    2.71 
2001 4	  15.23   25.49   11.81    3.58 
2001 5	  50.48   30.54   16.41    3.13 
2001 6	   6.13   35.14   20.52    2.79 
2001 7	  14.48   37.63   23.27    2.85 
2001 8	  64.47   35.02   21.62    2.58 
2001 9	  77.90   30.45   16.44    2.03 
2001 10	  32.52   25.98    9.99    2.71 
2001 11	  71.30   20.40    7.82    2.72 
2001 12	   7.55   15.77    0.96    2.71 
2002 1	  17.45   15.98   -0.06    2.77 
2002 2	  33.42   15.57   -0.93    2.83 
2002 3	  76.73   20.18    3.50    3.67 
2002 4	   3.40   27.20   13.10    3.89 
2002 5	  62.20   30.82   16.18    3.78 
2002 6	  27.45   33.23   20.34    2.58 
2002 7	 100.10   32.29   20.79    2.68 
2002 8	  17.80   35.58   21.59    2.42 
2002 9	  27.22   31.76   16.64    2.19 
2002 10	 142.28   22.31   12.02    2.29 
2002 11	  19.83   17.25    3.82    2.72 
2002 12	  33.15   14.62    0.69    2.78 
2003 1	   1.90   14.48   -0.79    2.55 
2003 2	  37.30   14.67    0.99    2.97 
2003 3	  23.88   21.00    6.04    2.77 
2003 4	  28.38   27.81   10.53    3.53 
2003 5	  24.38   32.09   16.86    2.93 
2003 6	 210.20   31.73   18.83    2.37 
2003 7	   4.45   34.94   21.00    2.17 
2003 8	  54.20   35.79   21.38    1.84 
2003 9	  61.30   29.28   16.77    1.79 
2003 10	 106.40   25.72   11.81    2.08 
2003 11	  18.15   19.54    6.70    3.02 
2003 12	   0.00   17.77   -0.31    3.19 
2004 1	  15.38   15.45    1.81    3.08 
2004 2	  52.47   14.37    0.61    3.12 
2004 3	  36.97   22.20    9.37    3.18 
2004 4	  80.03   24.00   10.59    3.39 
2004 5	  11.35   29.71   15.80    3.35 
2004 6	 122.40   32.68   19.56    2.66 
2004 7	  91.12   33.69   20.36    2.23 
2004 8	 112.98   32.20   19.72    2.07 
2004 9	  36.40   30.65   16.83    1.92 
2004 10	 145.67   26.42   13.94    2.59 
2004 11	 157.83   18.46    6.66    2.79 
2004 12	  14.98   15.27   -0.29    2.87 
2005 1	  12.18   16.86    2.31    3.13 
2005 2	  99.55   15.35    3.75    2.83 
2005 3	  67.30   20.10    5.50    2.79 
2005 4	   6.12   26.04    9.27    3.39 
2005 5	 102.50   27.92   15.37    2.95 
2005 6	  21.80   33.08   20.00    2.95 
2005 7	  41.42   35.17   21.46    2.29 
2005 8	 192.45   33.17   20.71    2.28 
2005 9	   4.05   33.73   18.58    1.95 
2005 10	 105.35   25.71   11.46    2.43 
2005 11	   0.00   22.79    4.77    2.50 
2005 12	   0.03   16.21   -1.44    2.43 
2006 1	   5.47   20.44    0.55    3.20 
2006 2	  17.48   17.61    0.85    3.04 
2006 3	  67.80   23.18    8.51    3.56 
2006 4	  30.55   29.26   12.86    3.40 
2006 5	  26.15   32.52   16.34    3.28 
2006 6	  66.65   35.03   19.61    2.31 
2006 7	  18.98   35.99   21.94    2.36 
2006 8	  66.53   36.52   22.88    2.68 
2006 9	  55.30   30.20   16.19    2.23 
2006 10	  57.05   26.71   11.53    2.33 
2006 11	   1.10   22.45    5.63    2.93 
2006 12	  22.45   16.24   -0.02    2.81 
2007 1	  47.03   10.05   -1.71    3.04 
2007 2	   7.97   16.49    0.20    2.79 
2007 3	 136.92   22.84    8.57    3.45 
2007 4	  94.43   23.36    8.68    3.20 
2007 5	 146.35   26.38   15.84    2.90 
2007 6	 200.07   30.97   19.44    2.47 
2007 7	  46.62   31.01   20.13    1.84 
2007 8	 102.85   33.58   21.29    2.12 
2007 9	  32.80   31.37   18.61    1.95 
2007 10	  28.65   28.93   11.92    2.34 
2007 11	  26.65   21.31    6.09    2.72 
2007 12	   7.10   16.61   -0.52    2.64 
2008 1	   6.60   14.35   -1.74    2.75 
2008 2	   6.60   20.34    0.55    3.05 
2008 3	 109.08   21.74    5.13    3.67 
2008 4	  44.40   27.14    9.36    3.35 
2008 5	  24.05   31.68   15.36    3.28 
2008 6	  46.78   36.18   21.81    3.61 
2008 7	  19.35   35.30   21.07    3.25 
2008 8	 123.05   33.75   20.77    2.01 
2008 9	  56.70   29.96   15.50    1.81 
2008 10	  35.43   27.04    9.58    2.46 
2008 11	   2.20   21.86    4.03    2.18 
2008 12	   0.05   16.72   -0.97    3.04 
2009 1	   2.65   17.32   -2.33    2.92 
2009 2	   8.98   21.73    2.29    3.66 
2009 3	  32.52   23.07    7.48    3.67 
2009 4	  40.53   26.08   10.11    3.74 
2009 5	  67.40   30.12   16.06    2.74 
2009 6	  53.10   35.74   21.52    3.14 
2009 7	 103.20   35.43   22.00    2.73 
2009 8	  12.67   36.44   21.74    2.69 
2009 9	  78.90   29.39   16.87    1.81 
2009 10	  58.05   23.99   10.68    2.74 
2009 11	   2.25   22.47    5.60    2.23 
2009 12	  40.55   12.75   -1.20    2.51 
2010 1	  67.18   13.87   -1.37    3.16 
2010 2	  64.07   11.56   -0.08    2.96 
2010 3	  36.70   20.25    4.33    3.45 
2010 4	  54.95   25.49   10.81    3.37 
2010 5	  58.62   29.97   16.52    3.13 
2010 6	  57.55   35.53   21.81    3.22 
2010 7	  98.75   33.27   21.98    2.67 
2010 8	   5.73   37.50   22.69    2.39 
2010 9	  92.85   32.36   19.16    2.29 
2010 10	  36.33   27.76   10.42    2.29 
2010 11	   0.98   22.36    3.84    3.18 
2010 12	  20.10   17.49   -0.11    2.83 
