1949 1	 100.92   16.90    5.29    6.51 
1949 2	 147.35   20.17   10.30    5.73 
1949 3	 120.52   23.49   11.58    6.36 
1949 4	 167.10   24.80   13.83    6.20 
1949 5	  29.02   32.06   20.21    5.23 
1949 6	  53.15   34.52   22.39    4.48 
1949 7	 238.57   34.56   23.13    3.84 
1949 8	  26.18   34.46   21.28    3.36 
1949 9	  82.87   33.37   20.93    4.25 
1949 10	 198.23   27.47   17.73    5.77 
1949 11	  11.30   25.48    9.58    5.43 
1949 12	 155.95   19.82    9.09    7.15 
1950 1	  66.80   21.61   11.19    6.80 
1950 2	 128.20   21.88   10.06    5.22 
1950 3	  27.35   23.23    9.59    6.23 
1950 4	 132.43   26.22   14.42    6.48 
1950 5	 108.28   31.35   20.32    5.58 
1950 6	 201.42   32.66   21.55    4.35 
1950 7	  52.35   34.87   22.29    4.72 
1950 8	  22.58   36.60   21.49    3.65 
1950 9	 109.65   33.00   19.93    3.76 
1950 10	   9.50   31.62   15.32    5.52 
1950 11	  19.75   24.97    8.70    6.46 
1950 12	  65.65   21.76    6.08    5.73 
1951 1	  56.13   19.63    5.45    7.00 
1951 2	  37.30   20.45    6.89    6.97 
1951 3	 119.88   25.27   11.46    6.00 
1951 4	  37.70   26.78   13.72    5.84 
1951 5	  55.18   30.86   18.37    5.16 
1951 6	 102.05   33.54   22.93    5.75 
1951 7	  37.48   36.75   22.89    4.01 
1951 8	  17.32   39.37   23.11    3.45 
1951 9	 268.00   33.88   20.94    4.60 
1951 10	  27.65   30.32   16.58    5.24 
1951 11	  47.03   21.87    9.06    6.83 
1951 12	  48.60   21.35    8.58    7.17 
1952 1	  32.68   23.09   11.13    6.53 
1952 2	  74.70   22.06    9.65    6.45 
1952 3	  57.78   23.35    9.12    6.30 
1952 4	 184.62   25.43   12.64    5.39 
1952 5	 161.05   29.99   15.42    4.18 
1952 6	  32.28   33.89   21.53    4.20 
1952 7	 168.30   34.51   22.34    3.64 
1952 8	   0.00   36.90   22.00    3.73 
1952 9	  47.25   33.98   17.80    5.61 
1952 10	   0.00   29.22    9.38    5.37 
1952 11	 217.07   22.26    9.42    6.48 
1952 12	 137.77   17.71    6.16    5.62 
1953 1	  31.30   21.68    7.09    6.82 
1953 2	  68.85   18.88    6.57    6.29 
1953 3	  12.50   26.66   14.49    5.57 
1953 4	 121.05   27.28   12.91    5.95 
1953 5	 202.27   30.33   18.42    5.22 
1953 6	  59.40   35.81   21.65    3.81 
1953 7	  39.05   35.68   22.07    3.77 
1953 8	 262.73   35.23   21.79    2.68 
1953 9	  94.82   33.22   18.29    4.57 
1953 10	  76.30   29.24   14.75    5.33 
1953 11	 153.45   22.26    9.01    5.50 
1953 12	 143.15   16.53    4.69    6.74 
1954 1	  40.20   20.46    7.59    5.76 
1954 2	   3.40   24.11    8.57    5.83 
1954 3	  17.70   23.12    9.65    6.66 
1954 4	  82.15   28.94   16.78    5.62 
1954 5	  32.03   29.67   16.49    5.20 
1954 6	  57.27   35.43   20.90    4.76 
1954 7	  79.25   37.34   22.45    3.79 
1954 8	  11.45   37.25   21.97    4.36 
1954 9	   3.72   36.16   20.11    5.22 
1954 10	 123.15   30.23   16.60    5.95 
1954 11	  42.12   23.12    9.12    6.15 
1954 12	  88.93   21.32    7.34    5.81 
1955 1	  62.33   18.15    7.21    5.71 
1955 2	 116.38   19.10    7.45    6.48 
1955 3	  10.52   25.02   11.08    6.62 
1955 4	  17.80   28.89   16.42    5.64 
1955 5	 214.38   31.91   19.12    5.41 
1955 6	  79.40   33.06   19.72    4.24 
1955 7	 127.25   34.23   22.09    4.46 
1955 8	 131.22   34.26   22.36    3.11 
1955 9	  53.35   33.44   21.13    5.30 
1955 10	  21.55   30.67   13.95    5.63 
1955 11	  28.62   23.56   10.21    7.38 
1955 12	  39.13   19.66    6.86    6.19 
1956 1	  93.58   18.56    5.63    5.82 
1956 2	  72.20   21.47    8.90    6.44 
1956 3	  11.85   24.38   10.12    5.31 
1956 4	  61.22   26.75   14.06    6.28 
1956 5	  70.40   32.24   19.00    4.83 
1956 6	  56.55   34.55   20.62    4.20 
1956 7	   9.60   38.12   21.48    4.33 
1956 8	  15.13   37.58   21.37    3.76 
1956 9	   7.78   36.18   18.83    4.99 
1956 10	  38.78   31.68   15.90    4.45 
1956 11	  28.08   23.37    8.34    6.13 
1956 12	 111.67   22.04    8.39    5.63 
1957 1	  36.03   18.81    8.12    5.72 
1957 2	  62.83   22.06   12.30    4.66 
1957 3	 270.70   22.51   10.70    5.30 
1957 4	 143.32   25.34   15.80    6.57 
1957 5	  76.45   29.78   19.67    6.14 
1957 6	  71.95   32.29   22.01    5.17 
1957 7	   5.97   37.38   22.77    3.08 
1957 8	  53.03   37.03   21.80    4.26 
1957 9	 188.47   32.34   18.96    4.73 
1957 10	 248.12   25.77   13.83    5.87 
1957 11	 160.43   21.44   10.74    6.77 
1957 12	  34.95   20.88    8.11    6.45 
1958 1	 150.92   16.13    4.60    7.43 
1958 2	  76.98   15.16    5.40    6.76 
1958 3	  25.52   20.69    8.29    6.07 
1958 4	  43.40   27.09   14.81    5.22 
1958 5	 130.80   31.00   18.72    3.84 
1958 6	 138.35   35.15   22.31    4.74 
1958 7	  59.48   36.11   22.86    4.38 
1958 8	  38.32   37.16   22.43    3.22 
1958 9	 200.50   31.55   22.05    4.99 
1958 10	 129.02   25.92   16.00    6.42 
1958 11	  41.60   22.80   11.42    5.31 
1958 12	  49.93   17.07    5.06    5.80 
1959 1	  19.12   16.87    4.20    6.54 
1959 2	 149.12   18.33    8.55    6.23 
1959 3	  29.70   23.05    8.65    6.31 
1959 4	 242.23   24.59   13.58    5.82 
1959 5	 208.40   31.08   19.93    5.14 
1959 6	 100.03   33.01   22.20    4.37 
1959 7	  97.20   33.91   22.26    2.89 
1959 8	 122.03   33.81   22.47    3.41 
1959 9	  87.55   32.22   20.94    4.81 
1959 10	 172.85   27.89   15.94    5.10 
1959 11	  37.38   21.17    6.98    6.67 
1959 12	 124.03   18.04    7.43    6.38 
1960 1	  75.85   16.36    5.95    6.18 
1960 2	  95.22   15.65    3.60    6.81 
1960 3	  40.12   19.93    8.04    5.73 
1960 4	 110.18   27.10   15.59    5.93 
1960 5	  21.10   29.56   17.34    5.60 
1960 6	 256.92   34.78   21.55    4.32 
1960 7	 104.57   34.71   22.95    2.91 
1960 8	 147.95   33.32   22.83    4.27 
1960 9	  16.62   32.07   19.28    4.31 
1960 10	 241.50   28.19   16.97    4.73 
1960 11	  91.43   23.12   11.93    5.92 
1960 12	 139.32   15.89    6.01    6.07 
1961 1	  69.30   15.09    3.27    6.30 
1961 2	 215.30   20.35    7.70    5.46 
1961 3	  14.32   25.17   12.51    6.43 
1961 4	  92.05   26.72   12.70    5.94 
1961 5	  52.52   31.03   17.88    5.93 
1961 6	 304.13   31.93   20.91    4.57 
1961 7	 190.90   33.30   22.11    3.97 
1961 8	  72.93   33.45   20.76    3.13 
1961 9	 244.20   31.90   19.93    6.72 
1961 10	  25.77   28.36   14.02    5.84 
1961 11	 118.25   20.75    8.96    6.64 
1961 12	  25.70   19.34    6.48    5.71 
1962 1	  33.95   15.73    1.42    6.93 
1962 2	  74.80   23.56   10.27    6.27 
1962 3	  21.62   22.10    8.42    6.15 
1962 4	 118.88   26.44   13.61    6.25 
1962 5	  24.52   31.04   18.18    6.04 
1962 6	 195.80   32.62   20.99    3.75 
1962 7	  30.88   35.65   22.25    2.77 
1962 8	  44.72   38.13   22.32    2.95 
1962 9	  83.45   33.15   20.49    4.15 
1962 10	  58.23   30.14   17.08    5.34 
1962 11	  74.00   22.44    9.36    6.59 
1962 12	 128.08   17.48    6.92    5.43 
1963 1	  77.50   14.05    2.34    6.67 
1963 2	  71.00   19.05    4.93    6.94 
1963 3	  12.85   25.81   11.85    5.96 
1963 4	  23.95   29.51   17.17    6.45 
1963 5	  25.82   32.60   18.14    4.84 
1963 6	 118.05   35.16   20.68    4.32 
1963 7	  45.07   35.36   21.75    4.31 
1963 8	  21.78   37.05   20.94    2.94 
1963 9	  16.40   33.93   19.12    4.29 
1963 10	   6.60   32.04   14.41    4.89 
1963 11	 102.62   23.92    9.96    6.52 
1963 12	  76.90   14.08    1.36    7.01 
1964 1	  73.00   17.58    5.07    5.93 
1964 2	  86.20   16.10    4.13    5.88 
1964 3	  68.22   22.48    9.49    6.26 
1964 4	  55.23   26.86   16.39    6.68 
1964 5	  84.22   30.52   19.37    5.11 
1964 6	 106.85   32.99   20.65    4.60 
1964 7	  50.63   35.65   21.30    4.09 
1964 8	  71.98   36.11   22.00    3.89 
1964 9	 147.88   32.24   19.46    4.35 
1964 10	  90.35   26.68   11.54    6.19 
1964 11	  86.93   23.75   11.54    6.06 
1964 12	  61.67   18.68    7.12    6.94 
1965 1	  78.77   19.84    7.03    6.04 
1965 2	  96.15   17.97    6.15    7.15 
1965 3	  19.83   20.77    7.80    7.13 
1965 4	  27.25   28.43   16.85    6.17 
1965 5	 212.45   29.62   19.74    6.64 
1965 6	  59.70   33.42   20.97    4.71 
1965 7	  14.17   35.65   21.58    2.92 
1965 8	  40.20   35.56   21.26    3.07 
1965 9	 171.05   33.66   19.74    5.36 
1965 10	 129.03   26.15   13.04    5.56 
1965 11	 170.77   24.54   14.05    5.06 
1965 12	 129.30   19.49    7.88    6.36 
1966 1	  79.43   13.77    3.07    6.96 
1966 2	  96.80   16.63    4.77    6.20 
1966 3	  44.12   22.53   10.15    5.88 
1966 4	 111.45   26.86   15.83    6.19 
1966 5	 179.27   28.15   18.87    4.94 
1966 6	  85.53   32.16   19.95    4.03 
1966 7	  27.30   34.88   22.11    3.06 
1966 8	 135.85   33.86   21.80    3.74 
1966 9	  39.33   31.88   18.73    2.89 
1966 10	  43.40   27.82   12.82    5.82 
1966 11	  12.85   25.03   10.79    6.17 
1966 12	  72.45   18.47    4.70    6.26 
1967 1	  46.08   18.01    5.34    6.21 
1967 2	  44.38   19.01    5.17    6.35 
1967 3	  27.40   25.88   12.65    5.69 
1967 4	  50.50   30.03   18.35    6.91 
1967 5	 119.43   30.78   17.63    6.75 
1967 6	   4.90   34.96   20.46    5.13 
1967 7	  23.45   36.20   20.89    4.51 
1967 8	  90.50   34.76   20.36    3.49 
1967 9	 144.85   30.76   19.18    5.66 
1967 10	 142.65   27.56   13.99    5.65 
1967 11	  17.50   23.45   11.43    5.69 
1967 12	  43.23   17.93    6.73    6.03 
1968 1	 179.40   15.27    6.04    6.52 
1968 2	  37.98   15.99    3.96    5.82 
1968 3	  75.68   21.02    8.95    6.50 
1968 4	  76.43   26.40   15.83    6.66 
1968 5	 264.77   29.97   18.61    5.67 
1968 6	 323.05   31.34   21.28    4.58 
1968 7	  85.78   33.10   21.47    4.03 
1968 8	  38.97   34.59   21.57    4.09 
1968 9	 173.78   30.69   18.16    5.11 
1968 10	  49.12   29.27   15.48    5.22 
1968 11	 126.42   21.93    8.00    6.64 
1968 12	 132.80   18.74    5.92    6.91 
1969 1	  50.57   18.45    7.54    6.50 
1969 2	 172.25   18.80    7.97    6.61 
1969 3	  90.78   18.66    7.70    6.31 
1969 4	  96.20   26.48   15.51    5.46 
1969 5	  76.88   29.16   17.48    4.99 
1969 6	  32.65   33.21   21.07    5.23 
1969 7	  29.48   37.47   23.38    4.02 
1969 8	  58.55   36.47   23.16    3.87 
1969 9	  41.70   33.42   20.06    4.76 
1969 10	  34.15   29.00   16.35    7.37 
1969 11	  65.83   23.69    8.72    6.45 
1969 12	  86.63   20.40    7.87    5.44 
1970 1	  59.33   14.45    3.41    6.64 
1970 2	  66.88   19.47    6.63    6.47 
1970 3	 119.60   20.58    8.70    5.88 
1970 4	  65.75   27.06   15.83    6.49 
1970 5	 101.58   28.30   16.98    6.25 
1970 6	  11.60   32.61   20.23    4.31 
1970 7	  88.22   35.12   21.46    3.55 
1970 8	  72.92   35.65   21.49    3.92 
1970 9	 133.28   31.23   20.12    6.15 
1970 10	 302.85   25.67   12.53    6.40 
1970 11	   7.90   22.56    6.40    6.57 
1970 12	  17.40   22.61    9.92    5.73 
1971 1	   3.72   21.60    8.46    6.57 
1971 2	  42.23   21.00    6.84    7.18 
1971 3	   2.78   25.11    9.57    6.27 
1971 4	  36.62   27.41   13.79    6.11 
1971 5	  64.15   30.17   18.07    5.81 
1971 6	  29.40   34.87   20.94    4.88 
1971 7	  14.82   37.17   21.77    4.05 
1971 8	 209.45   33.25   20.67    3.21 
1971 9	 238.25   30.73   19.32    4.91 
1971 10	 118.75   28.22   15.35    5.07 
1971 11	  32.60   23.27    8.49    6.12 
1971 12	 203.32   20.94   11.61    5.68 
1972 1	  74.93   19.84    7.93    6.62 
1972 2	  43.57   20.59    7.23    6.33 
1972 3	  82.40   25.92   11.89    5.98 
1972 4	  36.20   29.06   15.88    6.48 
1972 5	 227.25   29.27   17.44    4.07 
1972 6	 153.20   32.98   20.80    5.57 
1972 7	  83.40   33.31   20.88    5.03 
1972 8	  43.85   34.52   20.53    3.93 
1972 9	 119.23   34.22   20.84    3.95 
1972 10	  85.20   27.79   13.95    5.80 
1972 11	 140.05   17.81    5.62    6.97 
1972 12	  41.80   15.33    1.81    6.62 
1973 1	  94.15   13.76    1.30    7.08 
1973 2	  98.60   16.37    3.54    6.46 
1973 3	 114.78   23.51   10.96    5.98 
1973 4	 197.30   23.27   11.99    7.00 
1973 5	  69.58   29.10   16.33    6.18 
1973 6	 332.85   31.10   20.61    5.19 
1973 7	 128.35   34.59   22.09    3.77 
1973 8	 138.18   33.04   21.28    4.04 
1973 9	 151.30   31.54   19.83    4.36 
1973 10	 210.93   28.69   15.34    5.68 
1973 11	  42.15   26.05   11.84    6.72 
1973 12	  78.60   19.55    3.14    6.95 
1974 1	 165.30   15.43    4.45    5.21 
1974 2	  14.57   20.99    4.42    6.68 
1974 3	  72.25   25.14   13.15    6.34 
1974 4	  24.10   26.82   13.43    7.45 
1974 5	 148.95   30.94   19.40    5.77 
1974 6	  20.83   33.18   20.17    4.96 
1974 7	  69.10   35.57   21.50    3.10 
1974 8	 168.38   33.38   21.78    3.76 
1974 9	 195.50   28.70   17.36    6.44 
1974 10	  87.20   28.28   13.81    6.80 
1974 11	 159.15   21.36    8.55    6.23 
1974 12	  81.80   17.49    4.57    5.61 
1975 1	  53.33   19.52    5.95    6.02 
1975 2	  46.72   18.74    4.68    5.33 
1975 3	  71.08   22.64    8.57    6.31 
1975 4	 171.40   24.73   13.87    7.11 
1975 5	 220.90   29.74   18.52    5.48 
1975 6	 138.10   31.93   21.24    5.11 
1975 7	  75.72   33.79   21.66    3.58 
1975 8	 123.53   33.90   21.73    4.02 
1975 9	  50.30   30.94   17.56    4.77 
1975 10	  83.38   29.06   13.04    5.68 
1975 11	  48.42   23.80    8.28    6.19 
1975 12	  78.78   18.28    4.85    6.19 
1976 1	  25.15   18.14    1.61    6.73 
1976 2	  10.93   23.55    7.67    6.13 
1976 3	  53.40   23.20   10.73    6.98 
1976 4	 126.55   26.40   14.41    6.25 
1976 5	 147.02   27.81   15.38    4.72 
1976 6	  45.37   32.13   20.03    4.96 
1976 7	 109.23   32.43   21.77    3.91 
1976 8	  47.77   35.67   21.03    3.05 
1976 9	 142.18   31.95   18.92    3.79 
1976 10	 173.15   23.02    9.53    5.91 
1976 11	  73.00   17.46    5.14    7.10 
1976 12	 160.70   16.22    2.60    6.36 
1977 1	  69.23   11.43   -0.28    6.44 
1977 2	  62.42   19.41    5.07    6.58 
1977 3	  56.08   23.42   10.04    6.22 
1977 4	 168.15   26.04   13.24    5.53 
1977 5	  55.55   29.91   18.48    4.96 
1977 6	  85.35   33.53   21.60    4.65 
1977 7	  34.90   35.56   22.49    3.54 
1977 8	  51.42   35.96   22.94    4.18 
1977 9	  86.57   34.20   21.18    4.52 
1977 10	  37.97   29.23   14.12    4.85 
1977 11	 107.03   23.61   10.69    5.79 
1977 12	  35.30   18.74    4.60    6.89 
1978 1	 160.77   10.06    0.50    7.68 
1978 2	  56.28   13.57    1.95    6.53 
1978 3	  21.80   22.85    7.50    5.27 
1978 4	  17.42   26.86   13.98    5.77 
1978 5	  31.43   32.47   18.76    5.14 
1978 6	  93.73   34.07   20.78    4.01 
1978 7	  31.03   37.07   22.14    3.50 
1978 8	   8.75   36.84   21.21    4.15 
1978 9	 264.10   31.85   20.22    5.54 
1978 10	  13.00   29.33   13.30    5.33 
1978 11	 154.80   23.69   12.36    5.68 
1978 12	  66.58   18.28    5.43    6.89 
1979 1	 161.50   11.14    2.23    7.57 
1979 2	 107.92   16.13    5.62    6.26 
1979 3	  64.90   23.32   11.90    6.28 
1979 4	 126.78   26.37   15.55    5.29 
1979 5	 181.02   29.17   16.57    5.59 
1979 6	  47.90   32.86   21.10    4.61 
1979 7	 105.17   33.53   22.66    4.59 
1979 8	 111.85   34.52   21.03    3.48 
1979 9	 234.90   30.83   17.76    6.03 
1979 10	  19.77   30.54   14.21    5.16 
1979 11	  53.52   21.41    6.11    7.42 
1979 12	  79.05   19.15    4.23    6.24 
1980 1	  85.47   18.23    7.19    5.47 
1980 2	  83.55   18.60    6.00    6.30 
1980 3	  74.30   23.17   10.64    6.00 
1980 4	  23.48   25.95   11.98    5.61 
1980 5	 116.53   30.31   18.56    4.58 
1980 6	  42.22   34.87   21.87    5.18 
1980 7	   9.25   37.79   22.54    2.70 
1980 8	  32.10   36.56   22.52    5.21 
1980 9	 125.03   33.98   21.34    4.12 
1980 10	 138.98   27.75   12.51    5.93 
1980 11	  79.38   20.55    7.28    6.05 
1980 12	  26.12   19.01    6.60    5.57 
1981 1	  45.38   17.83    4.14    5.62 
1981 2	  45.75   19.83    6.87    5.90 
1981 3	  41.08   22.31   10.04    5.82 
1981 4	  71.22   28.47   17.50    5.63 
1981 5	 191.15   29.36   18.02    5.40 
1981 6	 216.15   32.17   22.75    5.34 
1981 7	  82.08   34.36   23.15    3.87 
1981 8	 177.70   34.35   21.67    3.53 
1981 9	  49.40   31.86   17.98    4.70 
1981 10	 138.95   28.05   16.01    5.53 
1981 11	  87.55   24.40   10.99    5.53 
1981 12	  28.60   19.44    6.21    6.32 
1982 1	  32.00   18.37    4.59    7.03 
1982 2	  57.25   17.59    5.05    6.28 
1982 3	  63.55   23.54   12.33    6.48 
1982 4	  59.18   25.70   14.57    6.35 
1982 5	 175.62   29.20   18.51    5.71 
1982 6	  11.75   34.36   21.14    4.02 
1982 7	  21.62   37.52   22.38    3.65 
1982 8	  56.70   37.17   22.41    3.33 
1982 9	  47.18   33.92   18.34    5.19 
1982 10	 177.82   29.07   13.14    6.09 
1982 11	 268.35   21.17   10.34    5.98 
1982 12	  77.20   18.62    6.08    7.00 
1983 1	  77.93   16.50    3.88    5.48 
1983 2	  84.25   18.53    5.06    6.73 
1983 3	 107.70   21.42    8.63    5.77 
1983 4	   9.72   24.66   12.03    6.75 
1983 5	 181.12   29.06   17.94    5.60 
1983 6	  40.98   31.77   20.26    4.19 
1983 7	 131.30   32.89   21.62    4.53 
1983 8	 119.93   33.81   21.42    2.98 
1983 9	  79.40   30.79   18.34    5.43 
1983 10	  49.30   28.32   14.27    5.02 
1983 11	  87.52   23.69    9.92    6.21 
1983 12	  66.25   13.08    0.58    7.34 
1984 1	  44.62   14.11    1.54    6.46 
1984 2	  68.55   19.68    4.77    6.34 
1984 3	  51.45   22.43   10.05    5.71 
1984 4	   4.15   27.19   13.88    6.34 
1984 5	  78.00   29.57   17.91    6.51 
1984 6	  66.47   32.21   20.82    4.98 
1984 7	  36.93   33.97   21.74    3.53 
1984 8	  86.53   34.07   21.68    3.61 
1984 9	  77.78   30.52   18.70    6.69 
1984 10	 265.72   26.69   17.18    5.88 
1984 11	  78.18   21.01    8.94    6.56 
1984 12	  87.40   21.34   11.15    6.55 
1985 1	  66.35   12.55    1.15    6.12 
1985 2	 122.10   14.19    4.27    6.46 
1985 3	  76.97   22.29   13.05    6.33 
1985 4	  60.15   25.87   15.69    6.44 
1985 5	  41.40   29.82   18.28    4.44 
1985 6	 182.32   32.62   21.63    5.22 
1985 7	  29.38   33.74   21.70    3.45 
1985 8	   9.95   36.27   22.29    3.16 
1985 9	 119.43   33.12   20.16    5.89 
1985 10	 115.05   26.72   17.15    7.21 
1985 11	 204.20   23.20   13.55    5.94 
1985 12	  62.70   15.22    3.70    6.18 
1986 1	  25.03   17.91    5.77    6.09 
1986 2	  40.67   20.53    8.50    6.25 
1986 3	  67.13   23.64    9.89    5.34 
1986 4	  75.57   26.85   16.07    5.80 
1986 5	 121.98   28.18   18.40    5.35 
1986 6	 146.80   31.48   22.18    3.57 
1986 7	   7.78   34.95   22.49    3.91 
1986 8	  64.97   34.09   21.88    3.39 
1986 9	 123.73   31.39   22.17    4.69 
1986 10	 134.15   25.61   14.99    5.56 
1986 11	  51.52   19.97   11.14    6.70 
1986 12	 140.03   14.79    6.16    6.51 
1987 1	  49.27   15.51    4.20    5.90 
1987 2	  96.38   17.74    7.26    6.27 
1987 3	  24.45   20.90    8.02    5.67 
1987 4	   1.08   26.37   10.91    4.24 
1987 5	 261.28   28.86   19.23    4.49 
1987 6	 272.17   30.79   21.82    4.85 
1987 7	  99.50   32.85   22.50    4.12 
1987 8	 130.32   35.24   22.79    3.82 
1987 9	  88.85   30.95   19.15    4.51 
1987 10	  12.55   27.16   12.37    5.84 
1987 11	 172.83   21.21    8.80    6.75 
1987 12	  85.25   17.17    6.43    6.22 
1988 1	  18.12   13.54    2.55    7.02 
1988 2	  25.80   16.76    5.27    6.53 
1988 3	  95.38   22.00    9.66    6.43 
1988 4	  75.35   25.70   12.78    5.04 
1988 5	  28.20   28.37   16.30    4.70 
1988 6	  29.65   31.79   19.98    4.45 
1988 7	  59.35   33.88   22.62    3.86 
1988 8	  99.08   35.57   22.99    3.77 
1988 9	  43.40   32.83   19.78    5.78 
1988 10	  37.73   28.63   14.95    5.18 
1988 11	   9.87   23.98   11.24    6.93 
1988 12	  53.43   18.21    6.86    6.15 
1989 1	 182.90   18.16    8.30    5.79 
1989 2	   9.07   14.84    5.41    7.74 
1989 3	  35.70   21.07   10.04    6.53 
1989 4	  47.45   25.56   14.24    5.52 
1989 5	 155.38   29.51   19.97    5.74 
1989 6	  96.43   30.82   21.22    5.90 
1989 7	 149.15   32.78   22.09    4.08 
1989 8	  32.40   32.36   21.79    3.84 
1989 9	  44.75   30.99   17.90    5.60 
1989 10	  85.85   27.85   14.20    5.82 
1989 11	  41.05   21.97   11.14    6.51 
1989 12	  27.50   11.67   -0.23    7.27 
1990 1	  95.98   18.44    7.23    5.79 
1990 2	 108.90   20.37    8.94    6.80 
1990 3	  64.97   21.68   11.68    6.34 
1990 4	  75.95   25.10   14.64    6.32 
1990 5	  46.25   29.80   20.61    6.12 
1990 6	  32.60   35.06   22.62    4.70 
1990 7	 111.28   33.57   22.03    3.78 
1990 8	  64.12   36.05   23.15    3.14 
1990 9	  58.40   32.24   21.02    3.67 
1990 10	  38.35   27.44   13.10    5.69 
1990 11	  81.78   23.79   11.35    6.33 
1990 12	  78.93   17.34    4.91    6.23 
1991 1	 205.37   12.67    4.30    6.39 
1991 2	  62.50   18.34    7.67    6.14 
1991 3	  38.22   23.02   11.02    6.91 
1991 4	 278.67   26.31   17.08    5.97 
1991 5	  73.12   29.22   20.17    5.94 
1991 6	 132.93   32.56   23.13    4.54 
1991 7	 142.50   34.36   23.39    3.52 
1991 8	  77.82   33.67   22.78    3.13 
1991 9	 165.17   29.09   19.11    5.14 
1991 10	  34.77   28.97   14.76    5.45 
1991 11	  62.85   18.59    6.79    7.42 
1991 12	 217.70   17.10    7.13    6.84 
1992 1	 174.00   14.63    4.67    6.02 
1992 2	 226.40   19.75    8.58    5.94 
1992 3	 144.50   22.76   10.92    5.75 
1992 4	 171.75   25.30   13.73    4.74 
1992 5	 153.65   27.65   16.80    4.72 
1992 6	 110.28   32.10   21.58    3.68 
1992 7	  98.35   33.11   22.65    4.99 
1992 8	  55.78   32.62   20.45    3.19 
1992 9	  26.30   32.45   19.93    5.20 
1992 10	  25.25   29.00   14.22    5.56 
1992 11	 127.30   19.63    7.52    6.78 
1992 12	  95.05   17.92    7.66    5.36 
1993 1	 149.77   16.34    5.08    5.75 
1993 2	  54.15   18.23    6.62    6.31 
1993 3	  87.30   21.12    9.40    5.23 
1993 4	 138.68   23.87   12.10    6.18 
1993 5	 220.90   28.32   16.10    5.02 
1993 6	 320.02   30.70   21.90    6.16 
1993 7	  17.33   34.53   22.69    4.51 
1993 8	   4.25   35.62   22.75    3.31 
1993 9	  83.00   33.17   19.56    4.77 
1993 10	 117.80   27.39   13.99    6.11 
1993 11	  64.72   18.84    6.50    6.53 
1993 12	  43.85   18.86    8.07    6.35 
1994 1	  25.85   16.33    5.11    7.15 
1994 2	 119.47   18.79    6.86    6.39 
1994 3	  42.97   21.65   10.30    5.48 
1994 4	  60.32   25.79   13.91    5.68 
1994 5	 152.80   27.93   17.84    4.96 
1994 6	  57.05   32.52   22.24    4.57 
1994 7	  16.57   35.01   22.30    4.61 
1994 8	  62.90   33.19   21.73    3.65 
1994 9	  78.17   31.36   18.12    4.04 
1994 10	 350.15   26.84   15.72    5.81 
1994 11	  53.75   23.80   12.50    6.43 
1994 12	 115.70   18.46    8.48    5.98 
1995 1	  82.50   18.46    8.14    6.79 
1995 2	  47.00   21.11    8.83    5.45 
1995 3	 101.87   21.47   11.80    6.07 
1995 4	  57.30   24.89   13.82    6.43 
1995 5	 165.80   29.70   18.96    5.93 
1995 6	  59.20   32.69   19.85    4.36 
1995 7	  84.55   34.20   22.99    3.80 
1995 8	  89.68   33.99   23.16    3.52 
1995 9	  29.80   33.39   20.14    4.42 
1995 10	  42.78   28.51   14.34    7.46 
1995 11	  68.97   21.80    9.05    6.33 
1995 12	  82.95   18.26    7.62    6.83 
1996 1	  14.32   17.57    3.46    7.08 
1996 2	  33.10   19.58    7.22    6.67 
1996 3	   2.00   19.34    7.16    6.61 
1996 4	  20.15   26.43   13.00    6.24 
1996 5	   0.73   32.17   20.80    5.93 
1996 6	  57.30   33.80   21.42    4.37 
1996 7	  53.60   35.34   23.12    4.09 
1996 8	 184.05   33.49   22.73    4.26 
1996 9	 201.72   31.20   20.31    3.92 
1996 10	  43.47   27.14   15.70    6.89 
1996 11	  87.05   22.33   10.71    6.83 
1996 12	  80.37   19.64    5.46    6.05 
1997 1	 109.87   14.90    5.63    6.60 
1997 2	 130.18   16.86    7.23    6.75 
1997 3	 149.10   22.77   12.28    5.20 
1997 4	 227.78   22.78   11.69    6.76 
1997 5	 141.25   28.36   17.67    4.85 
1997 6	 129.38   31.56   21.01    4.02 
1997 7	  16.38   36.23   22.03    2.77 
1997 8	  63.23   36.66   21.52    3.62 
1997 9	 144.45   34.68   18.61    3.95 
1997 10	 174.75   27.34   13.71    6.76 
1997 11	 136.27   19.90    6.31    5.99 
1997 12	  74.22   17.15    2.77    6.50 
1998 1	  81.33   20.66    7.01    5.64 
1998 2	 144.25   20.02    6.89    5.83 
1998 3	  44.38   21.72    8.80    6.88 
1998 4	  38.50   26.40   11.91    5.65 
1998 5	   1.95   33.18   18.97    4.61 
1998 6	  17.60   37.10   23.34    6.52 
1998 7	  30.12   38.81   23.13    4.29 
1998 8	 109.97   36.79   23.20    3.33 
1998 9	 260.48   33.33   22.90    6.54 
1998 10	 342.70   27.87   17.02    7.17 
1998 11	 243.10   22.56   12.96    6.00 
1998 12	  86.47   18.20    6.83    6.37 
1999 1	  40.75   20.51    6.96    7.09 
1999 2	  17.80   23.21   10.04    5.61 
1999 3	 129.78   23.15   10.68    5.86 
1999 4	   7.15   27.98   15.84    6.63 
1999 5	 129.07   30.83   18.74    4.99 
1999 6	 111.58   32.56   22.22    4.97 
1999 7	  95.43   33.47   22.38    3.61 
1999 8	  14.50   37.66   23.01    2.92 
1999 9	  12.50   35.14   18.55    4.99 
1999 10	  26.08   30.02   13.28    6.04 
1999 11	  25.42   26.48    9.69    5.48 
1999 12	  14.05   20.89    3.96    6.78 
2000 1	  58.72   20.51    6.91    6.71 
2000 2	  65.80   23.26    9.45    6.37 
2000 3	  52.72   25.79   12.74    5.37 
2000 4	 120.75   27.27   13.28    5.33 
2000 5	 146.00   30.40   20.41    5.72 
2000 6	  66.68   32.55   21.46    5.19 
2000 7	  46.58   37.22   22.10    3.03 
2000 8	  21.80   37.00   22.19    2.85 
2000 9	  97.17   34.34   19.07    5.43 
2000 10	 130.97   27.94   16.58    6.36 
2000 11	 280.00   19.06    8.09    6.31 
2000 12	  64.88   14.18    2.51    6.84 
2001 1	 106.20   14.47    3.94    5.92 
2001 2	  66.70   20.00    8.76    5.94 
2001 3	 143.80   18.90    7.43    5.45 
2001 4	  21.90   27.18   16.46    6.98 
2001 5	 102.18   29.76   18.64    5.33 
2001 6	  84.80   32.31   21.38    4.06 
2001 7	  49.92   35.39   22.59    3.17 
2001 8	 277.80   35.56   22.41    4.10 
2001 9	 165.53   30.33   19.23    5.54 
2001 10	 117.10   26.38   13.46    6.21 
2001 11	 138.00   24.06   10.69    5.67 
2001 12	  96.78   18.93    6.81    6.00 
2002 1	  51.28   19.33    6.11    6.12 
2002 2	  24.30   18.08    3.50    6.63 
2002 3	  28.75   22.42    8.64    6.70 
2002 4	  92.97   27.69   17.81    5.91 
2002 5	  14.72   30.49   18.63    6.55 
2002 6	 104.15   33.39   21.52    4.68 
2002 7	 143.70   33.05   22.59    4.18 
2002 8	 129.02   33.68   22.64    3.76 
2002 9	 108.93   31.67   20.50    6.06 
2002 10	 231.75   25.92   16.19    5.00 
2002 11	 145.70   21.15    7.42    6.28 
2002 12	 168.07   18.18    6.04    6.93 
2003 1	  57.05   15.90    3.91    5.97 
2003 2	  73.40   16.63    6.45    6.25 
2003 3	  32.00   21.75    8.47    4.31 
2003 4	  26.95   26.65   13.64    5.40 
2003 5	   8.85   32.39   18.19    5.48 
2003 6	 120.85   34.10   19.29    3.90 
2003 7	 107.88   33.70   20.23    4.27 
2003 8	  91.40   36.41   20.77    3.47 
2003 9	 144.85   30.68   18.60    4.98 
2003 10	  90.40   28.51   14.40    5.42 
2003 11	  88.88   24.42   11.07    6.76 
2003 12	  55.90   19.86    3.29    6.38 
2004 1	 121.68   17.88    6.81    6.39 
2004 2	 126.40   16.20    4.97    6.43 
2004 3	  53.00   25.15   13.39    5.72 
2004 4	 159.97   26.07   14.19    5.97 
2004 5	 143.30   29.21   18.91    6.02 
2004 6	 342.85   31.48   21.61    4.78 
2004 7	  40.18   33.67   22.04    3.29 
2004 8	  44.40   34.23   21.06    4.25 
2004 9	  54.05   33.12   19.52    4.27 
2004 10	  97.35   30.38   18.34    5.53 
2004 11	 338.80   22.33   10.53    6.21 
2004 12	  23.65   18.20    4.21    6.67 
2005 1	 109.72   19.00    7.28    5.78 
2005 2	  90.20   18.25    8.95    5.82 
2005 3	  62.95   22.82    8.93    4.97 
2005 4	  23.50   26.71   11.69    5.64 
2005 5	 112.90   29.80   16.96    4.64 
2005 6	   7.80   34.40   21.39    4.16 
2005 7	 167.80   35.53   22.23    4.14 
2005 8	  46.88   35.96   22.19    3.37 
2005 9	  14.72   36.50   21.07    5.04 
2005 10	  69.12   29.37   12.64    6.22 
2005 11	  38.80   25.27    9.96    6.53 
2005 12	  69.78   18.09    2.25    6.68 
2006 1	  53.70   21.90    4.38    6.07 
2006 2	  52.12   18.85    4.03    6.27 
2006 3	  68.60   24.78   11.75    6.63 
2006 4	  42.72   29.83   15.64    5.74 
2006 5	  60.27   32.46   17.14    5.33 
2006 6	 114.10   34.39   19.89    3.10 
2006 7	 196.32   33.96   21.76    3.37 
2006 8	  43.07   36.95   22.05    3.53 
2006 9	  81.03   33.24   17.77    4.15 
2006 10	 180.80   28.79   13.37    5.95 
2006 11	  25.45   24.26    8.47    6.00 
2006 12	  95.02   18.72    6.03    6.62 
2007 1	 208.00   14.28    3.79    6.57 
2007 2	  10.75   18.35    5.31    5.85 
2007 3	 189.80   24.78   12.53    5.72 
2007 4	  95.08   24.25   12.04    5.87 
2007 5	 120.90   29.63   18.24    5.34 
2007 6	 169.30   32.53   21.68    4.53 
2007 7	 230.48   31.63   21.85    4.46 
2007 8	 129.38   34.27   22.53    3.50 
2007 9	  39.42   32.98   19.96    4.00 
2007 10	  96.28   29.42   13.56    6.12 
2007 11	 192.57   23.71   10.48    5.34 
2007 12	  44.60   20.87    5.45    5.14 
2008 1	  89.43   16.60    3.24    7.11 
2008 2	  68.90   21.90    6.55    6.15 
2008 3	  57.15   23.34    9.36    7.07 
2008 4	  42.92   27.03   13.51    6.18 
2008 5	  44.08   30.33   18.77    5.98 
2008 6	  37.92   35.61   22.65    4.70 
2008 7	  67.75   35.12   22.00    4.20 
2008 8	 139.42   34.75   23.03    3.62 
2008 9	 114.30   32.28   18.41    5.99 
2008 10	  82.35   28.38   12.21    5.67 
2008 11	 113.92   23.99    9.05    5.92 
2008 12	  20.55   18.13    4.76    7.25 
2009 1	  11.92   18.89    3.68    5.91 
2009 2	  14.70   23.18    8.25    6.56 
2009 3	  66.65   22.99   10.11    6.27 
2009 4	 257.88   25.73   13.05    6.56 
2009 5	  67.20   30.48   19.31    5.35 
2009 6	   0.55   35.67   22.18    3.95 
2009 7	  49.45   37.59   24.09    3.34 
2009 8	  50.72   37.16   23.67    2.48 
2009 9	 126.43   30.83   20.43    3.68 
2009 10	 216.95   26.73   15.98    6.44 
2009 11	  70.83   22.84    9.28    6.21 
2009 12	 120.05   12.77    3.68    6.81 
2010 1	  63.00   14.79    3.01    6.56 
2010 2	  93.53   13.04    3.01    6.61 
2010 3	  65.58   21.12    7.95    5.54 
2010 4	  42.75   26.01   14.00    5.82 
2010 5	  99.07   31.66   19.72    4.77 
2010 6	  84.15   33.42   23.64    4.84 
2010 7	 194.80   33.12   23.77    4.85 
2010 8	  34.53   37.12   23.87    2.97 
2010 9	 101.17   32.96   21.15    5.60 
2010 10	   2.85   30.20   13.02    5.03 
2010 11	  40.42   23.93    8.45    6.57 
2010 12	  34.67   19.34    5.25    6.75 
