1949 1	  70.30    5.29   -6.07    3.66 
1949 2	   5.50   13.58   -0.72    3.22 
1949 3	   2.92   19.73    1.41    3.90 
1949 4	  69.77   20.98    5.55    3.12 
1949 5	 106.23   27.43   12.26    3.84 
1949 6	  67.72   31.96   15.97    4.10 
1949 7	  60.20   33.76   17.91    3.11 
1949 8	  48.40   32.19   16.15    2.46 
1949 9	 109.47   28.50   12.84    2.80 
1949 10	  18.92   22.68    6.50    2.94 
1949 11	   0.00   22.58    1.24    2.52 
1949 12	   4.97   13.10   -3.57    3.11 
1950 1	   2.92   16.18   -2.50    3.28 
1950 2	   0.00   18.37   -1.49    3.07 
1950 3	   0.00   20.18   -1.27    4.18 
1950 4	  35.45   24.82    5.20    4.21 
1950 5	  17.70   28.46   10.81    3.56 
1950 6	  29.75   33.25   16.97    4.17 
1950 7	 217.60   31.47   17.67    3.66 
1950 8	  35.60   32.41   17.68    3.03 
1950 9	 181.82   26.61   13.99    2.91 
1950 10	   5.22   27.09    8.42    2.93 
1950 11	   0.30   20.65   -1.32    2.98 
1950 12	   4.90   15.93   -4.72    2.31 
1951 1	   6.95   12.66   -5.99    3.43 
1951 2	  21.75   16.20   -2.37    4.03 
1951 3	   7.12   17.60   -0.05    3.79 
1951 4	   1.40   23.02    4.27    3.85 
1951 5	 131.07   29.37   11.84    3.90 
1951 6	  21.35   34.21   17.82    4.35 
1951 7	  43.00   35.22   19.78    3.62 
1951 8	  88.77   33.70   19.20    3.40 
1951 9	  33.70   30.42   13.00    3.48 
1951 10	  36.75   25.85    7.49    3.40 
1951 11	   2.95   16.81   -1.76    3.14 
1951 12	   5.27   14.24   -2.58    3.36 
1952 1	  12.50   15.25   -1.32    3.16 
1952 2	   4.88   16.17   -2.13    3.60 
1952 3	   0.00   18.07   -0.66    4.42 
1952 4	  37.30   22.64    5.64    3.65 
1952 5	  19.85   29.21   10.86    3.72 
1952 6	  23.85   34.68   18.33    4.68 
1952 7	  56.40   32.63   18.31    3.45 
1952 8	  34.33   35.21   19.78    3.36 
1952 9	  26.23   28.85   12.99    2.46 
1952 10	   0.00   24.50    3.96    2.77 
1952 11	  21.00   14.89   -0.84    2.98 
1952 12	   0.95   13.67   -4.75    2.70 
1953 1	  14.30   18.09   -1.33    3.97 
1953 2	  15.10   15.27   -2.94    3.17 
1953 3	   7.97   21.63    3.11    3.41 
1953 4	  19.65   23.72    4.53    3.63 
1953 5	  38.17   28.60   10.25    4.16 
1953 6	   7.52   36.16   20.60    4.49 
1953 7	  57.97   34.78   18.81    3.70 
1953 8	  40.60   32.77   18.40    2.88 
1953 9	   3.25   32.01   11.84    2.59 
1953 10	  76.60   24.54    8.09    3.16 
1953 11	   5.25   18.05    0.86    2.84 
1953 12	   2.95   10.86   -4.58    3.50 
1954 1	   0.38   14.67   -4.67    2.88 
1954 2	   0.80   20.03   -0.70    3.60 
1954 3	   0.00   18.27   -0.13    3.64 
1954 4	  45.58   26.43    8.43    3.83 
1954 5	  90.55   25.07   10.42    3.61 
1954 6	  13.30   33.18   16.53    4.17 
1954 7	   9.25   35.66   19.59    3.03 
1954 8	  64.95   33.39   18.91    3.31 
1954 9	   5.05   32.28   15.69    3.05 
1954 10	  66.50   24.77    8.04    2.94 
1954 11	   0.05   19.45    0.03    2.64 
1954 12	   8.38   14.63   -3.07    3.08 
1955 1	  15.95   11.43   -3.07    3.11 
1955 2	   0.00   14.05   -5.26    3.33 
1955 3	   1.48   20.13   -0.11    3.60 
1955 4	   4.05   25.04    5.64    4.14 
1955 5	  87.70   27.82   12.29    3.45 
1955 6	  13.77   32.48   15.25    4.02 
1955 7	  59.42   32.09   17.60    3.35 
1955 8	   0.55   33.13   17.30    2.43 
1955 9	  73.08   29.59   13.77    2.93 
1955 10	 111.38   24.36    7.20    2.69 
1955 11	  10.18   17.63   -1.08    3.10 
1955 12	   0.00   15.97   -2.01    3.05 
1956 1	   0.73   14.54   -3.42    2.84 
1956 2	  29.32   11.33   -4.59    3.61 
1956 3	   0.00   21.97    0.60    3.50 
1956 4	  11.77   24.42    4.71    3.70 
1956 5	  47.65   31.35   13.35    4.22 
1956 6	  54.33   34.54   18.01    3.92 
1956 7	  38.05   34.38   18.15    3.62 
1956 8	  15.30   33.40   16.23    3.35 
1956 9	   0.15   32.85   13.45    3.11 
1956 10	  33.52   25.74    8.58    2.73 
1956 11	   0.00   17.59   -1.56    2.78 
1956 12	   6.88   15.88   -1.75    3.10 
1957 1	   1.85   13.87   -3.57    3.17 
1957 2	  21.05   17.08    2.10    3.03 
1957 3	  18.60   17.88    1.70    3.60 
1957 4	  65.82   20.96    4.50    3.85 
1957 5	 143.02   25.12   11.00    3.16 
1957 6	  59.75   31.13   16.04    3.73 
1957 7	  19.98   35.10   18.78    3.18 
1957 8	  42.48   33.14   18.43    2.98 
1957 9	  23.93   28.70   12.15    2.85 
1957 10	  70.77   21.06    7.47    2.88 
1957 11	  34.03   13.10    0.36    2.92 
1957 12	   2.17   15.87   -2.07    3.17 
1958 1	  41.53    9.87   -4.55    3.13 
1958 2	  10.85   12.43   -1.89    3.82 
1958 3	  60.07   12.11   -0.47    3.26 
1958 4	  42.02   20.93    4.98    3.67 
1958 5	  72.85   28.54   12.43    2.76 
1958 6	  31.45   34.12   17.81    3.85 
1958 7	  51.10   34.93   19.04    4.27 
1958 8	  34.05   34.24   17.88    2.47 
1958 9	 104.95   27.87   14.36    2.84 
1958 10	  35.22   20.75    8.70    2.40 
1958 11	  12.65   18.22    0.65    2.63 
1958 12	   0.98   13.30   -4.23    2.85 
1959 1	   1.62   13.41   -5.71    3.33 
1959 2	   1.32   13.27   -2.77    3.69 
1959 3	   0.28   19.68   -0.49    3.97 
1959 4	  20.18   23.24    6.21    3.72 
1959 5	  84.97   28.37   13.22    3.98 
1959 6	 165.15   32.83   16.55    3.27 
1959 7	  69.93   32.10   18.17    2.51 
1959 8	  51.33   33.28   18.42    2.93 
1959 9	  53.92   31.52   13.42    3.58 
1959 10	  49.47   23.09    5.25    2.66 
1959 11	   0.00   16.59   -1.87    2.57 
1959 12	  33.62   13.19   -1.64    3.13 
1960 1	  20.55   10.01   -4.81    2.99 
1960 2	  18.43   11.18   -5.33    4.14 
1960 3	   9.00   16.81   -0.93    3.21 
1960 4	   9.45   26.58    6.98    3.96 
1960 5	  29.90   29.95   10.33    3.51 
1960 6	 124.15   34.39   17.87    3.64 
1960 7	 274.32   31.82   18.29    2.87 
1960 8	  21.68   32.78   17.95    3.02 
1960 9	  10.30   30.72   13.35    2.60 
1960 10	 105.95   24.13    8.01    2.78 
1960 11	   0.00   19.81    0.95    2.78 
1960 12	  37.63    8.16   -3.15    3.35 
1961 1	  13.75   10.85   -6.72    2.83 
1961 2	  51.67   13.54   -2.38    3.33 
1961 3	  34.92   18.46    1.04    3.58 
1961 4	   3.78   24.83    5.37    4.09 
1961 5	  35.98   30.44   11.90    3.81 
1961 6	  85.53   31.75   15.75    3.26 
1961 7	  88.80   31.35   17.16    3.04 
1961 8	  40.70   31.96   16.15    2.39 
1961 9	  23.47   29.10   12.43    3.53 
1961 10	  25.52   25.35    6.20    3.19 
1961 11	  42.27   13.21    0.08    3.18 
1961 12	  11.97   12.40   -3.74    3.08 
1962 1	  12.07   10.92   -7.07    3.45 
1962 2	   5.18   18.98   -1.26    3.52 
1962 3	   3.05   17.72   -0.47    4.10 
1962 4	  13.50   24.54    6.69    3.58 
1962 5	  17.50   32.63   13.46    5.11 
1962 6	  40.02   32.02   15.59    3.48 
1962 7	 161.95   33.09   18.28    3.34 
1962 8	  21.95   34.36   16.70    2.69 
1962 9	 120.62   28.66   14.89    2.49 
1962 10	  94.73   25.21    8.97    2.99 
1962 11	  13.95   19.05    3.03    2.53 
1962 12	   4.12   14.67   -1.45    2.66 
1963 1	   1.95   11.46   -8.30    3.10 
1963 2	  18.27   16.84   -2.10    3.07 
1963 3	  11.25   21.19    1.73    3.95 
1963 4	  25.82   26.64    9.02    3.59 
1963 5	  76.85   29.79   13.15    3.90 
1963 6	  86.95   31.76   16.14    3.90 
1963 7	  55.58   34.34   18.47    3.66 
1963 8	  45.58   32.89   17.38    2.41 
1963 9	  40.42   29.63   14.00    2.00 
1963 10	  15.45   27.48    8.83    2.29 
1963 11	  22.05   19.22    1.80    2.64 
1963 12	   3.40   11.28   -4.39    2.53 
1964 1	   5.40   13.78   -4.55    3.37 
1964 2	  13.88   11.03   -4.93    3.46 
1964 3	   0.77   20.20   -0.33    3.68 
1964 4	   0.00   25.86    5.28    3.71 
1964 5	  19.15   30.56   12.74    3.85 
1964 6	  63.22   33.16   15.48    4.03 
1964 7	   6.43   35.22   18.49    3.07 
1964 8	  23.30   33.70   17.63    3.33 
1964 9	  67.82   27.59   13.98    2.62 
1964 10	   6.85   25.19    6.77    2.54 
1964 11	  18.12   17.67    1.65    3.10 
1964 12	  17.15   13.01   -2.52    3.09 
1965 1	   0.80   15.46   -2.53    3.46 
1965 2	   9.82   12.91   -5.12    3.45 
1965 3	   1.60   14.22   -3.61    3.64 
1965 4	   9.77   25.37    7.37    3.54 
1965 5	  37.83   28.55   12.40    3.85 
1965 6	 128.75   31.41   16.54    4.23 
1965 7	  30.58   34.01   17.97    2.94 
1965 8	  55.62   32.00   16.51    2.95 
1965 9	  54.85   29.20   12.85    3.09 
1965 10	  14.33   24.86    6.21    2.40 
1965 11	   1.77   21.37    3.82    2.29 
1965 12	  12.43   14.74   -0.99    3.34 
1966 1	   7.43    8.80   -7.23    2.87 
1966 2	   3.08   12.09   -5.55    3.33 
1966 3	   0.52   20.45    0.04    4.14 
1966 4	  71.38   22.57    5.33    3.46 
1966 5	  19.15   26.99   10.85    3.10 
1966 6	  83.15   30.94   16.35    3.93 
1966 7	   3.65   34.85   19.37    3.15 
1966 8	 254.43   29.55   16.90    2.90 
1966 9	  41.20   27.33   13.91    1.86 
1966 10	   1.70   23.28    4.48    2.38 
1966 11	   2.10   20.96    1.26    3.25 
1966 12	   1.32   13.21   -6.32    2.76 
1967 1	   0.00   15.03   -6.29    3.13 
1967 2	   0.95   15.12   -3.89    3.27 
1967 3	  15.63   23.30    2.34    4.16 
1967 4	   6.67   26.69    8.52    4.79 
1967 5	  18.62   28.60    8.28    3.59 
1967 6	 123.07   31.52   15.99    4.37 
1967 7	 104.33   31.35   17.25    3.47 
1967 8	  34.55   31.58   15.41    2.81 
1967 9	  49.33   26.97   12.35    2.67 
1967 10	  11.50   25.77    5.44    3.45 
1967 11	   4.08   18.04    0.79    3.01 
1967 12	  14.12   10.33   -5.14    3.45 
1968 1	  27.50   11.36   -3.18    3.36 
1968 2	  22.05   12.26   -3.43    2.91 
1968 3	  54.73   16.65    1.24    4.34 
1968 4	  10.58   21.72    4.46    3.92 
1968 5	  77.05   27.26    9.73    4.24 
1968 6	  44.67   32.63   14.74    3.94 
1968 7	 135.38   30.86   17.05    3.72 
1968 8	  93.10   30.56   16.79    3.76 
1968 9	  22.60   28.29   10.80    2.96 
1968 10	  15.82   25.42    7.42    3.68 
1968 11	  39.62   15.80    0.68    3.45 
1968 12	   8.40   13.99   -4.18    3.92 
1969 1	   0.03   15.75   -2.53    3.47 
1969 2	  24.37   13.81   -2.32    3.33 
1969 3	  37.85   12.18   -3.60    3.78 
1969 4	  42.50   23.67    6.87    4.23 
1969 5	 103.35   27.34   11.48    3.48 
1969 6	  74.28   31.46   14.81    3.76 
1969 7	  31.20   35.07   18.77    3.25 
1969 8	  63.93   33.84   17.98    2.79 
1969 9	 132.65   27.15   14.32    2.43 
1969 10	 138.98   19.63    6.52    3.55 
1969 11	  16.07   17.28    0.31    2.71 
1969 12	  17.77   14.52   -2.12    2.83 
1970 1	   0.15   11.06   -6.02    2.75 
1970 2	   8.40   15.63   -1.88    2.91 
1970 3	  40.90   14.82   -1.27    3.38 
1970 4	  17.12   22.82    4.47    3.52 
1970 5	  48.68   29.19    9.90    3.71 
1970 6	  42.08   31.43   14.76    3.64 
1970 7	  10.53   33.80   17.67    3.25 
1970 8	  27.63   33.41   16.71    2.93 
1970 9	 108.23   27.89   13.55    3.21 
1970 10	  29.35   20.92    4.94    2.61 
1970 11	   0.35   17.30   -0.08    3.15 
1970 12	   0.10   16.49   -2.31    2.60 
1971 1	   0.00   14.29   -4.62    3.02 
1971 2	   7.85   13.84   -4.53    3.59 
1971 3	   0.62   19.91   -1.14    3.61 
1971 4	  21.77   23.18    4.95    3.56 
1971 5	  53.75   28.43    9.54    3.82 
1971 6	  52.15   32.66   16.41    4.18 
1971 7	  38.58   33.30   17.03    2.88 
1971 8	 130.88   27.63   15.66    2.24 
1971 9	 135.68   26.57   12.64    3.17 
1971 10	  38.10   22.75    7.71    2.74 
1971 11	  18.67   17.99    1.50    3.04 
1971 12	  21.62   12.65   -1.94    3.49 
1972 1	   1.12   14.52   -5.23    3.27 
1972 2	   1.88   16.57   -3.93    3.25 
1972 3	   3.62   22.84    2.10    3.60 
1972 4	   1.42   26.66    6.78    4.15 
1972 5	  85.72   26.50   10.84    3.20 
1972 6	 131.25   31.68   15.40    2.96 
1972 7	  75.45   30.49   16.61    3.52 
1972 8	 149.38   29.42   15.87    2.88 
1972 9	 119.33   27.80   13.51    2.92 
1972 10	  59.48   22.70    6.86    2.90 
1972 11	  16.52   11.78   -2.26    2.77 
1972 12	   9.93   11.67   -5.46    3.37 
1973 1	  32.70    7.72   -5.41    3.51 
1973 2	  26.95   11.41   -3.92    3.36 
1973 3	  36.90   16.87    1.32    4.06 
1973 4	  45.53   19.38    2.51    3.34 
1973 5	  22.33   27.18    9.47    3.35 
1973 6	  14.57   32.37   13.77    3.71 
1973 7	  72.00   32.46   16.94    3.23 
1973 8	  16.40   32.95   15.71    3.09 
1973 9	  37.95   28.19   12.94    3.24 
1973 10	  21.57   26.43    7.00    2.99 
1973 11	   1.70   20.57    0.65    3.68 
1973 12	   0.17   15.42   -4.88    4.03 
1974 1	   7.85   12.87   -5.16    3.33 
1974 2	   1.05   16.96   -5.19    4.03 
1974 3	  15.18   23.40    3.19    4.25 
1974 4	  34.15   25.61    6.17    4.95 
1974 5	   9.00   31.40   12.43    3.99 
1974 6	  14.88   33.45   14.74    3.75 
1974 7	   9.90   33.54   17.40    3.32 
1974 8	 202.50   29.29   15.65    3.11 
1974 9	 174.10   22.68   10.29    3.00 
1974 10	 101.82   21.66    8.14    3.20 
1974 11	   7.55   16.19    0.94    2.91 
1974 12	  34.15   11.27   -3.78    3.19 
1975 1	  15.72   11.93   -3.93    3.68 
1975 2	  37.53   11.99   -3.56    3.44 
1975 3	   4.55   17.89   -1.28    3.95 
1975 4	  19.88   22.46    3.78    4.60 
1975 5	  32.62   27.47    9.57    3.47 
1975 6	  82.25   33.30   15.30    4.49 
1975 7	 145.97   29.32   16.89    2.87 
1975 8	  28.25   31.04   15.65    3.19 
1975 9	  71.15   25.91   10.68    3.11 
1975 10	   1.23   25.39    5.11    3.25 
1975 11	  12.72   18.73   -1.44    3.49 
1975 12	   6.25   14.38   -4.10    2.90 
1976 1	   0.00   13.26   -6.50    3.14 
1976 2	   5.47   19.43   -0.50    3.82 
1976 3	   2.85   19.40   -0.11    4.08 
1976 4	  34.95   24.40    7.23    4.38 
1976 5	  16.25   26.33    8.79    3.30 
1976 6	  26.12   32.34   14.79    3.70 
1976 7	  71.15   29.65   16.42    3.12 
1976 8	  13.42   32.88   15.46    2.66 
1976 9	  97.40   26.84   12.94    2.29 
1976 10	  36.88   19.85    2.73    2.79 
1976 11	  16.58   13.32   -2.73    2.56 
1976 12	   0.00   13.28   -5.83    2.87 
1977 1	   4.48    8.49   -7.86    2.47 
1977 2	  11.23   15.37   -2.67    3.45 
1977 3	  14.90   18.44   -0.57    4.08 
1977 4	  72.12   21.93    6.37    3.70 
1977 5	  71.30   28.45   12.98    4.26 
1977 6	  43.62   33.74   16.22    3.74 
1977 7	  24.12   33.87   17.71    3.26 
1977 8	 116.22   32.85   17.89    3.33 
1977 9	  10.03   32.25   14.10    3.02 
1977 10	  40.88   24.43    7.44    2.62 
1977 11	   1.57   19.45    0.35    2.96 
1977 12	   1.50   15.18   -2.83    3.33 
1978 1	  13.00    7.58   -6.61    3.04 
1978 2	  19.82    7.58   -4.87    3.07 
1978 3	   2.92   19.20   -0.06    3.68 
1978 4	  11.20   27.24    6.51    4.03 
1978 5	  62.08   28.32   10.88    3.52 
1978 6	  93.15   32.81   16.10    3.86 
1978 7	   8.70   35.18   17.74    3.05 
1978 8	  42.30   32.13   16.37    3.00 
1978 9	  74.80   27.46   13.86    2.65 
1978 10	  25.15   23.88    6.75    2.53 
1978 11	  48.90   14.87    2.72    3.03 
1978 12	   5.47   11.03   -5.76    3.21 
1979 1	   8.73    6.12   -7.56    3.01 
1979 2	  20.73   12.86   -4.61    2.97 
1979 3	  21.87   17.24    0.54    3.81 
1979 4	  58.48   23.20    5.21    3.44 
1979 5	  55.40   26.15    9.77    3.47 
1979 6	  79.93   30.57   14.13    3.44 
1979 7	 118.52   33.30   17.69    3.19 
1979 8	 106.38   30.59   15.39    2.95 
1979 9	   6.65   29.72   11.91    2.21 
1979 10	   8.23   26.82    5.93    3.03 
1979 11	   2.80   14.11   -2.33    2.67 
1979 12	  18.67   12.54   -3.93    2.92 
1980 1	  18.52   11.54   -4.12    3.10 
1980 2	  17.35   13.58   -3.66    3.47 
1980 3	   3.00   18.28   -2.11    4.17 
1980 4	  20.33   22.60    2.71    3.69 
1980 5	  62.73   26.76   10.19    3.29 
1980 6	  45.92   36.30   17.47    4.61 
1980 7	  25.98   36.15   18.02    3.42 
1980 8	  56.67   33.12   17.48    3.85 
1980 9	 127.72   28.69   14.64    3.01 
1980 10	  10.38   22.90    5.58    2.64 
1980 11	  33.55   14.78   -1.50    2.81 
1980 12	   7.90   15.27   -2.29    3.13 
1981 1	   5.65   12.88   -3.79    2.40 
1981 2	   6.45   16.57   -3.61    3.18 
1981 3	  10.68   16.98    1.42    3.68 
1981 4	  38.70   24.47    7.55    4.02 
1981 5	  50.03   27.17   10.88    3.61 
1981 6	  37.85   33.85   16.16    3.97 
1981 7	 122.12   32.98   18.22    3.54 
1981 8	 101.15   29.33   16.41    2.65 
1981 9	  78.57   27.53   12.92    2.84 
1981 10	 132.57   21.72    7.84    3.07 
1981 11	  15.23   19.54    1.82    2.53 
1981 12	   4.95   14.66   -2.23    2.86 
1982 1	   8.50   11.39   -5.08    3.55 
1982 2	  11.15   11.84   -4.86    3.43 
1982 3	   6.78   19.14    0.43    3.74 
1982 4	  17.50   22.21    4.80    3.88 
1982 5	  49.70   26.95   10.23    3.92 
1982 6	  73.45   30.38   14.54    4.26 
1982 7	  95.55   33.23   18.22    3.67 
1982 8	   6.15   33.20   17.69    2.98 
1982 9	  20.12   30.39   13.44    3.03 
1982 10	   2.05   23.43    4.78    2.82 
1982 11	  35.62   15.25    0.10    3.45 
1982 12	  55.25    9.14   -4.07    3.45 
1983 1	  43.82    8.36   -6.53    3.02 
1983 2	   9.70   12.34   -2.25    3.15 
1983 3	   1.42   18.02    0.07    3.94 
1983 4	  18.43   19.81    1.76    4.12 
1983 5	  64.75   27.63    7.73    3.54 
1983 6	  40.40   30.59   13.44    3.74 
1983 7	  17.75   34.28   17.44    3.68 
1983 8	  18.38   34.04   16.74    2.29 
1983 9	  17.48   31.11   13.75    3.35 
1983 10	 106.58   23.38    8.79    3.10 
1983 11	  36.60   17.39    2.70    3.11 
1983 12	   9.55    6.30   -8.08    3.13 
1984 1	   3.22   10.24   -5.88    2.79 
1984 2	   1.95   15.91   -4.27    3.65 
1984 3	   6.25   17.87   -1.77    3.54 
1984 4	   1.67   22.48    2.92    3.64 
1984 5	  45.40   29.07   10.92    3.75 
1984 6	  94.60   30.84   16.54    3.64 
1984 7	  39.60   32.44   16.57    2.72 
1984 8	 100.78   30.71   16.36    2.62 
1984 9	  24.22   27.32   10.34    3.28 
1984 10	  68.23   20.06    6.27    2.94 
1984 11	  43.00   15.84    1.02    3.21 
1984 12	  49.47   12.36   -1.46    3.18 
1985 1	  18.00    9.14   -5.92    3.05 
1985 2	   8.50   11.85   -4.47    3.28 
1985 3	  34.02   18.87    2.12    4.31 
1985 4	  13.00   25.16    6.51    3.63 
1985 5	 102.85   28.71   10.84    3.28 
1985 6	 144.53   30.11   15.36    3.58 
1985 7	  52.28   33.50   16.21    2.70 
1985 8	  21.52   34.43   17.48    2.92 
1985 9	 136.42   28.37   13.31    3.06 
1985 10	 103.50   21.74    7.13    2.91 
1985 11	  10.60   18.51    0.06    2.78 
1985 12	   7.35   11.54   -6.46    2.50 
1986 1	   0.00   15.89   -4.54    2.73 
1986 2	  26.55   14.82   -1.39    3.39 
1986 3	   6.00   20.91    1.67    3.70 
1986 4	  16.80   25.68    6.82    3.72 
1986 5	  71.62   28.21   10.13    3.34 
1986 6	 102.28   29.63   15.80    2.68 
1986 7	  53.88   33.70   17.78    3.85 
1986 8	  93.95   31.61   16.62    2.85 
1986 9	 160.03   27.68   14.06    3.07 
1986 10	  84.35   20.82    7.40    2.71 
1986 11	  61.28   15.08    0.08    3.11 
1986 12	  49.65    9.98   -2.67    2.63 
1987 1	  15.45   10.41   -5.26    3.48 
1987 2	  35.85   13.42   -1.18    3.85 
1987 3	   6.00   16.29   -1.82    3.46 
1987 4	  11.12   22.84    2.54    3.17 
1987 5	 108.52   26.96   11.07    3.29 
1987 6	  50.85   30.94   15.53    2.89 
1987 7	  40.92   33.21   17.48    3.87 
1987 8	 147.88   32.07   16.62    3.02 
1987 9	  76.10   27.31   12.71    2.18 
1987 10	  19.42   24.66    6.51    3.01 
1987 11	   8.65   17.74    0.12    2.99 
1987 12	  48.90   11.10   -4.89    3.06 
1988 1	   3.80    8.95   -6.12    3.31 
1988 2	   8.35   15.03   -4.42    3.15 
1988 3	  31.73   19.68   -1.81    3.92 
1988 4	  21.40   22.97    3.79    3.36 
1988 5	 108.45   27.28    9.71    3.89 
1988 6	  79.85   31.34   15.01    2.99 
1988 7	  80.10   31.08   17.42    2.74 
1988 8	  78.35   31.68   16.88    2.75 
1988 9	  68.93   28.81   12.01    2.78 
1988 10	   1.52   25.05    6.88    2.57 
1988 11	   3.98   20.03    0.32    3.18 
1988 12	  13.95   12.69   -4.64    2.67 
1989 1	   4.22   14.78   -3.79    3.27 
1989 2	  27.60   11.47   -4.00    3.35 
1989 3	  10.35   21.91    0.35    3.59 
1989 4	   0.47   26.42    6.10    3.86 
1989 5	  14.20   30.69   11.85    4.12 
1989 6	 109.70   30.09   14.73    3.87 
1989 7	  57.43   33.39   16.86    2.98 
1989 8	 126.05   31.01   16.78    3.48 
1989 9	  80.35   27.18   10.91    2.68 
1989 10	   0.00   26.34    5.60    3.27 
1989 11	   3.28   19.56   -1.57    2.81 
1989 12	   6.27    9.78   -7.66    2.98 
1990 1	  23.95   13.78   -4.79    3.16 
1990 2	  34.53   16.49   -3.19    3.80 
1990 3	  26.95   16.86    1.11    3.61 
1990 4	  28.50   23.08    6.04    3.90 
1990 5	  15.68   27.64    9.30    3.70 
1990 6	   5.60   37.60   17.77    4.48 
1990 7	  78.10   31.34   16.78    3.18 
1990 8	  57.42   31.55   15.67    2.71 
1990 9	  36.95   29.35   14.22    2.09 
1990 10	  40.60   24.31    5.51    2.77 
1990 11	  28.85   18.89    1.38    3.28 
1990 12	   6.07   12.43   -6.38    2.91 
1991 1	  23.95    8.80   -4.65    2.58 
1991 2	   4.95   17.35   -2.20    3.14 
1991 3	   8.98   20.39    0.57    4.37 
1991 4	   0.00   25.52    5.41    3.43 
1991 5	  38.12   31.44   12.42    4.23 
1991 6	  70.83   33.03   16.42    3.97 
1991 7	  81.53   31.88   17.42    2.88 
1991 8	  64.25   31.78   16.82    2.45 
1991 9	 141.15   24.97   12.59    2.55 
1991 10	  17.47   25.28    6.28    3.08 
1991 11	  39.62   13.26   -0.52    3.14 
1991 12	  78.37   10.98   -1.47    3.15 
1992 1	  31.93    9.45   -3.04    2.57 
1992 2	  28.62   16.14    0.08    3.66 
1992 3	  18.33   21.18    1.71    3.84 
1992 4	  33.60   23.97    6.60    3.42 
1992 5	 148.10   25.61   10.81    3.16 
1992 6	 104.35   30.66   14.84    3.04 
1992 7	  45.45   33.78   17.36    4.02 
1992 8	  85.93   31.11   16.18    3.18 
1992 9	   8.65   29.57   12.39    3.42 
1992 10	   0.00   26.38    6.42    2.57 
1992 11	  31.35   14.62   -1.16    3.14 
1992 12	  18.08   11.95   -3.37    3.12 
1993 1	  29.45   10.14   -3.78    2.85 
1993 2	  15.85   12.99   -3.39    3.40 
1993 3	  13.98   18.69    0.16    3.56 
1993 4	  20.40   23.70    4.92    3.72 
1993 5	  26.63   28.36   10.61    3.65 
1993 6	  50.22   33.26   16.25    4.02 
1993 7	  82.93   33.86   19.49    4.86 
1993 8	  40.38   33.49   17.06    3.11 
1993 9	  30.00   29.13   11.71    2.56 
1993 10	  26.27   22.80    5.04    2.79 
1993 11	  14.27   15.12   -2.22    2.99 
1993 12	   3.33   14.87   -4.25    3.15 
1994 1	   1.38   13.27   -5.57    3.19 
1994 2	   9.75   14.88   -5.01    3.24 
1994 3	   8.18   19.68    1.63    3.37 
1994 4	  28.70   23.94    4.79    3.36 
1994 5	  81.15   26.72   12.13    3.34 
1994 6	  20.92   36.05   17.61    3.76 
1994 7	  55.10   35.10   18.10    3.73 
1994 8	  19.65   32.95   17.15    3.09 
1994 9	  21.40   30.24   12.80    2.51 
1994 10	   5.85   24.55    7.13    2.83 
1994 11	  21.45   17.85    1.63    3.20 
1994 12	   2.60   15.32   -1.65    2.33 
1995 1	   8.00   12.42   -3.01    3.39 
1995 2	   4.60   17.44   -1.01    3.35 
1995 3	  10.93   18.15    0.95    3.87 
1995 4	  19.17   23.17    4.63    3.72 
1995 5	  55.05   27.30   10.93    4.17 
1995 6	  23.25   32.52   15.56    3.74 
1995 7	  28.23   35.35   17.82    3.05 
1995 8	  41.25   32.95   17.82    2.69 
1995 9	 130.77   27.18   13.62    2.49 
1995 10	  10.40   25.14    5.49    2.87 
1995 11	   2.33   19.35    0.82    2.77 
1995 12	   8.70   14.01   -2.71    2.81 
1996 1	   3.55   13.81   -5.61    3.53 
1996 2	   0.48   17.23   -1.90    3.51 
1996 3	   1.05   18.11   -1.78    3.88 
1996 4	   0.50   24.86    4.62    3.91 
1996 5	  48.00   33.15   14.25    5.04 
1996 6	 106.75   33.31   17.27    3.61 
1996 7	 112.30   32.86   18.91    3.18 
1996 8	 101.70   30.94   17.83    2.98 
1996 9	  21.82   27.61   12.53    2.20 
1996 10	  14.23   24.22    6.04    3.01 
1996 11	  13.03   18.13    0.28    3.47 
1996 12	   0.00   15.18   -3.91    3.44 
1997 1	   7.85    9.87   -4.58    3.59 
1997 2	  38.33   10.82   -2.61    3.61 
1997 3	   0.73   21.57    0.66    3.21 
1997 4	 104.20   19.31    3.64    3.76 
1997 5	  76.45   26.30   11.10    3.30 
1997 6	  62.85   31.13   15.18    3.43 
1997 7	  71.62   34.08   17.79    3.32 
1997 8	  64.22   32.26   17.07    2.88 
1997 9	  35.95   30.87   14.75    2.69 
1997 10	  32.97   23.56    7.13    3.10 
1997 11	  19.17   16.01   -0.54    2.55 
1997 12	  46.50    9.47   -4.65    3.59 
1998 1	   0.05   15.14   -2.76    2.87 
1998 2	  39.70   13.73   -1.11    3.14 
1998 3	  35.27   17.19   -1.32    3.88 
1998 4	   2.70   22.81    3.56    3.59 
1998 5	   9.90   32.74   12.00    3.72 
1998 6	   7.35   36.65   16.35    4.31 
1998 7	  16.40   37.04   19.27    3.35 
1998 8	  69.70   32.01   17.47    2.02 
1998 9	  16.02   32.88   15.25    2.68 
1998 10	  86.82   25.15    9.28    3.52 
1998 11	  17.25   18.79    2.72    2.69 
1998 12	  12.70   13.31   -2.55    2.82 
1999 1	  37.62   15.48   -2.46    3.66 
1999 2	   0.22   19.18   -1.12    3.49 
1999 3	  63.67   17.40    1.79    3.64 
1999 4	  57.95   23.24    5.29    4.05 
1999 5	 105.70   26.52   10.54    3.77 
1999 6	 154.30   31.02   15.96    4.01 
1999 7	  52.48   33.02   18.06    3.57 
1999 8	  46.45   34.47   17.83    2.36 
1999 9	  66.95   28.14   12.69    2.87 
1999 10	  17.70   24.98    5.29    2.90 
1999 11	   0.00   22.45    1.64    2.67 
1999 12	  28.00   12.94   -3.50    3.14 
2000 1	   0.05   15.73   -3.99    3.50 
2000 2	   0.15   20.12   -1.09    3.68 
2000 3	  48.48   20.60    1.32    3.76 
2000 4	  18.95   24.92    5.91    3.92 
2000 5	   6.05   32.28   12.56    4.00 
2000 6	 126.33   30.26   16.68    3.58 
2000 7	  23.75   34.89   18.03    3.31 
2000 8	  17.62   34.94   17.25    3.16 
2000 9	   0.00   33.14   12.77    2.57 
2000 10	  88.10   23.29    8.88    3.74 
2000 11	  55.58   12.59   -1.72    2.58 
2000 12	  24.90    9.59   -5.17    3.04 
2001 1	  28.68    8.53   -3.92    3.28 
2001 2	  14.17   15.33   -1.51    3.59 
2001 3	  64.50   14.77    1.58    3.00 
2001 4	   5.25   25.76    7.14    4.21 
2001 5	 105.65   29.04   12.17    3.82 
2001 6	  15.47   34.25   17.32    3.86 
2001 7	   5.40   36.53   19.99    3.46 
2001 8	  70.62   33.29   18.04    2.63 
2001 9	  48.10   29.31   13.56    2.37 
2001 10	  10.55   24.81    6.20    3.26 
2001 11	  44.97   17.67    3.78    3.36 
2001 12	   7.80   13.37   -2.63    3.07 
2002 1	  19.88   13.55   -3.05    3.27 
2002 2	  12.08   13.48   -3.90    3.42 
2002 3	  71.10   17.78   -1.85    3.52 
2002 4	  14.55   24.41    8.01    3.99 
2002 5	   1.90   29.60   11.10    4.07 
2002 6	  45.93   33.97   17.30    3.83 
2002 7	  35.23   33.00   18.52    3.10 
2002 8	  57.65   34.12   18.70    3.65 
2002 9	  45.17   29.52   13.79    2.38 
2002 10	  82.60   20.67    8.28    2.69 
2002 11	  10.07   14.86    0.79    2.81 
2002 12	  35.10   11.54   -2.05    3.19 
2003 1	   0.35   14.48   -3.57    3.07 
2003 2	   8.03   13.17   -2.41    3.48 
2003 3	   6.42   20.20    1.34    3.61 
2003 4	   0.85   26.03    6.02    4.16 
2003 5	  32.75   29.72   11.91    3.19 
2003 6	 119.05   30.64   15.37    3.55 
2003 7	   0.62   34.82   18.47    2.94 
2003 8	  23.45   34.25   18.42    2.61 
2003 9	   9.15   28.16   12.82    2.74 
2003 10	  14.82   25.76    9.40    2.66 
2003 11	  14.12   17.57    2.23    3.45 
2003 12	   0.00   14.88   -3.75    3.61 
2004 1	  31.33   12.96   -2.84    3.24 
2004 2	  62.47   12.00   -2.94    3.70 
2004 3	  37.90   19.59    5.28    3.81 
2004 4	 103.12   21.50    7.05    3.85 
2004 5	  20.85   30.18   12.22    4.33 
2004 6	  76.23   32.21   16.01    3.78 
2004 7	  61.95   31.97   17.62    3.25 
2004 8	 119.27   30.41   16.46    2.76 
2004 9	 182.15   27.37   13.39    2.90 
2004 10	  77.88   22.72    8.79    2.76 
2004 11	 132.70   12.91    1.87    3.11 
2004 12	  15.25   12.74   -3.13    3.23 
2005 1	  29.03   13.29   -1.19    3.40 
2005 2	  25.95   13.08    0.62    3.05 
2005 3	  16.27   17.27    0.59    3.46 
2005 4	   8.38   23.29    5.51    4.11 
2005 5	  91.20   26.23   11.90    3.86 
2005 6	  20.83   33.25   16.89    3.90 
2005 7	  47.18   33.13   17.61    3.16 
2005 8	 101.15   30.69   17.64    2.61 
2005 9	   5.30   31.40   14.69    2.64 
2005 10	  40.55   23.38    8.27    2.85 
2005 11	   0.55   19.93    0.50    2.88 
2005 12	   1.80   13.75   -4.35    2.98 
2006 1	   0.03   16.91   -2.19    3.87 
2006 2	   3.00   16.09   -3.15    3.45 
2006 3	  34.85   18.96    2.73    4.32 
2006 4	  29.47   26.92    7.84    4.19 
2006 5	  29.32   31.29   13.18    4.21 
2006 6	  15.55   34.35   17.52    3.18 
2006 7	  68.75   34.65   18.91    3.21 
2006 8	  82.85   32.00   18.51    2.61 
2006 9	 131.12   26.15   12.43    2.53 
2006 10	  47.45   22.72    7.68    2.98 
2006 11	   6.35   19.48    1.78    3.32 
2006 12	  57.65   12.09   -2.87    3.44 
2007 1	  44.92    6.94   -4.91    3.25 
2007 2	   7.23   15.01   -3.21    3.69 
2007 3	 108.60   20.25    3.77    3.68 
2007 4	  43.18   20.69    3.89    3.98 
2007 5	 148.15   24.77   11.81    2.96 
2007 6	  75.25   30.30   15.32    2.85 
2007 7	  20.05   31.88   17.41    2.22 
2007 8	  44.25   33.11   18.54    3.00 
2007 9	  93.97   29.68   15.38    2.63 
2007 10	   0.82   26.74    7.96    3.01 
2007 11	   9.75   18.55    0.90    2.81 
2007 12	  25.92   13.02   -2.50    3.32 
2008 1	   0.00   12.37   -5.33    3.54 
2008 2	  13.30   16.91   -2.45    3.48 
2008 3	   6.35   19.81    0.95    4.12 
2008 4	  10.07   24.23    4.24    3.92 
2008 5	  86.55   28.52   10.90    3.97 
2008 6	  64.00   35.09   17.47    4.78 
2008 7	  67.07   31.53   18.20    3.70 
2008 8	  98.15   31.63   17.08    2.42 
2008 9	  68.28   26.87   12.32    2.18 
2008 10	  72.65   23.71    6.88    3.09 
2008 11	   2.17   19.56    0.39    2.86 
2008 12	   1.62   13.87   -3.61    3.71 
2009 1	   0.50   14.92   -4.46    3.37 
2009 2	  11.95   18.67   -0.97    3.94 
2009 3	   9.80   20.94    1.99    4.10 
2009 4	  17.02   24.17    4.64    4.60 
2009 5	  30.50   28.49   11.64    3.13 
2009 6	  99.22   33.48   17.32    3.72 
2009 7	 129.70   33.20   18.73    3.05 
2009 8	  18.20   33.58   17.82    3.30 
2009 9	  14.30   28.18   12.34    2.47 
2009 10	  46.95   21.98    5.85    3.24 
2009 11	   8.60   20.07    1.35    2.58 
2009 12	  37.15    8.97   -5.61    2.88 
2010 1	  37.10   11.42   -5.14    3.46 
2010 2	  64.03    9.26   -3.14    3.33 
2010 3	  33.95   17.70    0.78    4.43 
2010 4	  47.50   23.34    6.27    4.31 
2010 5	  49.50   27.17   11.02    3.53 
2010 6	  30.12   35.02   18.20    4.41 
2010 7	 120.33   30.68   18.48    3.23 
2010 8	  34.43   33.80   17.73    3.14 
2010 9	  28.55   31.35   15.25    2.62 
2010 10	  29.80   25.25    7.42    2.61 
2010 11	  11.73   18.67   -0.67    3.26 
2010 12	   0.12   15.39   -2.41    3.07 
