1949 1	  88.70    5.07   -6.44    3.70 
1949 2	   6.20   13.10   -0.97    3.17 
1949 3	  11.55   19.11    1.48    3.74 
1949 4	  48.60   21.11    5.82    3.00 
1949 5	 125.38   27.00   12.71    3.61 
1949 6	 107.28   31.56   16.40    3.84 
1949 7	  66.28   33.77   18.61    2.97 
1949 8	  42.07   31.97   16.79    2.44 
1949 9	  84.65   28.05   13.41    2.71 
1949 10	  27.80   22.94    6.68    2.93 
1949 11	   0.00   22.66    1.67    2.59 
1949 12	   8.23   13.10   -3.04    3.14 
1950 1	   7.00   15.46   -3.13    3.37 
1950 2	  17.83   18.06   -1.43    3.09 
1950 3	   0.00   20.02   -0.90    4.16 
1950 4	  21.20   24.26    5.80    4.18 
1950 5	  25.55   28.23   10.92    3.38 
1950 6	  32.35   32.92   16.95    3.97 
1950 7	 150.48   30.74   17.24    3.52 
1950 8	  57.25   31.91   15.95    2.96 
1950 9	 116.50   26.07   13.35    2.77 
1950 10	   2.03   26.56    8.27    2.94 
1950 11	   0.73   19.30   -1.62    3.10 
1950 12	   2.38   14.62   -5.34    2.46 
1951 1	   7.58   12.31   -6.16    3.54 
1951 2	  22.48   16.00   -3.08    4.11 
1951 3	   9.68   17.49   -0.41    3.76 
1951 4	  12.48   22.85    4.01    3.82 
1951 5	 144.70   28.27   11.40    3.71 
1951 6	  75.12   32.97   16.65    4.09 
1951 7	  97.75   35.30   19.57    3.43 
1951 8	  55.50   34.33   18.54    3.25 
1951 9	  54.65   30.79   13.07    3.39 
1951 10	  30.42   25.35    8.06    3.39 
1951 11	   3.38   15.79   -0.95    3.22 
1951 12	   4.07   14.10   -2.60    3.49 
1952 1	  18.65   14.64   -1.41    3.33 
1952 2	   3.17   16.08   -1.78    3.62 
1952 3	   0.30   17.77   -0.34    4.33 
1952 4	  58.35   22.16    6.01    3.56 
1952 5	  27.35   28.50   11.51    3.68 
1952 6	  23.12   34.84   18.70    4.46 
1952 7	  61.83   32.50   18.13    3.36 
1952 8	  38.70   35.30   19.71    3.26 
1952 9	  14.78   28.99   13.04    2.34 
1952 10	   0.00   24.90    4.75    2.73 
1952 11	  14.70   14.85   -0.32    3.01 
1952 12	   2.03   13.18   -3.56    2.79 
1953 1	  13.68   17.16   -1.30    4.02 
1953 2	   5.62   15.10   -2.86    3.14 
1953 3	  13.30   21.59    3.78    3.38 
1953 4	  10.25   23.80    4.97    3.61 
1953 5	  19.55   28.27   10.20    4.07 
1953 6	  17.92   36.51   19.80    4.33 
1953 7	  63.35   34.33   18.72    3.48 
1953 8	  44.67   32.58   17.62    2.73 
1953 9	   6.45   31.94   11.93    2.50 
1953 10	  68.15   24.31    7.79    3.12 
1953 11	   1.42   17.58    1.42    2.87 
1953 12	   2.00   11.16   -4.28    3.62 
1954 1	   1.08   14.66   -4.68    3.03 
1954 2	   1.75   19.44   -0.71    3.72 
1954 3	   0.43   17.93   -0.12    3.62 
1954 4	  39.42   26.06    8.71    3.89 
1954 5	  91.30   24.46    9.95    3.49 
1954 6	  17.87   33.54   16.60    4.02 
1954 7	  11.90   36.01   18.97    2.98 
1954 8	  68.20   32.93   18.60    3.37 
1954 9	   1.25   31.89   14.47    2.96 
1954 10	  33.38   24.27    8.68    2.95 
1954 11	   0.00   19.65    0.93    2.66 
1954 12	  13.92   14.97   -2.57    3.20 
1955 1	  17.40   10.53   -2.69    3.18 
1955 2	   0.00   13.29   -5.01    3.41 
1955 3	   2.85   18.91    0.45    3.66 
1955 4	   8.95   25.07    6.09    4.13 
1955 5	 131.62   26.96   12.16    3.32 
1955 6	  36.42   31.74   15.15    3.90 
1955 7	  56.40   32.64   18.44    3.23 
1955 8	   5.40   33.37   17.44    2.36 
1955 9	  62.23   29.76   14.48    2.86 
1955 10	  89.95   24.38    7.47    2.72 
1955 11	   4.18   17.65   -0.56    3.15 
1955 12	   0.00   15.57   -2.64    3.11 
1956 1	   0.45   13.72   -3.80    2.90 
1956 2	  37.33   10.64   -4.64    3.60 
1956 3	   0.00   20.77    0.38    3.57 
1956 4	  12.00   23.74    4.89    3.66 
1956 5	  58.80   30.75   13.17    4.05 
1956 6	  65.28   34.29   17.52    3.75 
1956 7	  40.52   34.49   17.96    3.51 
1956 8	  19.07   33.95   16.70    3.35 
1956 9	   1.40   32.51   12.93    3.09 
1956 10	  23.70   26.44    8.78    2.67 
1956 11	   0.00   16.73   -1.57    2.90 
1956 12	  10.57   15.45   -1.55    3.23 
1957 1	   5.18   12.10   -4.01    3.27 
1957 2	  18.88   16.71    2.27    3.00 
1957 3	  20.97   17.33    1.14    3.55 
1957 4	  95.25   20.90    4.81    3.79 
1957 5	 160.20   24.54   11.07    3.07 
1957 6	 116.05   30.63   15.99    3.57 
1957 7	  19.88   35.53   19.11    3.00 
1957 8	  36.05   33.16   18.46    2.90 
1957 9	  21.95   28.86   11.66    2.81 
1957 10	  92.75   20.78    7.57    2.86 
1957 11	  39.78   12.38    0.28    2.92 
1957 12	   2.70   15.93   -1.95    3.35 
1958 1	  48.50    9.30   -3.93    3.18 
1958 2	   9.93   12.04   -2.39    3.80 
1958 3	  70.75   10.75   -1.04    3.12 
1958 4	  48.65   20.38    5.36    3.55 
1958 5	  47.05   28.15   12.37    2.70 
1958 6	  25.38   34.13   17.79    3.63 
1958 7	  60.42   34.78   18.61    4.13 
1958 8	  17.65   34.09   18.05    2.42 
1958 9	  91.72   29.10   14.59    2.78 
1958 10	  18.57   21.18    8.14    2.41 
1958 11	   9.02   18.49    0.68    2.72 
1958 12	   1.48   13.63   -4.78    2.96 
1959 1	   2.85   12.49   -6.09    3.48 
1959 2	   2.15   12.99   -2.58    3.67 
1959 3	   9.45   19.02   -0.15    3.99 
1959 4	  31.37   22.73    5.78    3.74 
1959 5	  53.53   28.31   12.68    3.86 
1959 6	 170.02   32.03   16.93    3.09 
1959 7	  70.55   31.87   17.76    2.47 
1959 8	  27.02   33.43   17.86    2.95 
1959 9	  11.50   31.32   13.40    3.57 
1959 10	  36.62   22.23    6.01    2.67 
1959 11	   0.55   15.53   -1.69    2.70 
1959 12	  44.13   13.17   -1.61    3.25 
1960 1	  24.32    9.58   -4.62    3.09 
1960 2	  21.95   10.17   -5.87    4.13 
1960 3	  14.88   15.51   -1.49    3.12 
1960 4	   9.20   26.19    6.72    4.01 
1960 5	  29.47   29.91   10.17    3.48 
1960 6	 106.22   33.94   17.10    3.46 
1960 7	 236.90   31.76   18.01    2.75 
1960 8	   3.35   32.71   17.92    3.01 
1960 9	  20.93   30.50   13.97    2.56 
1960 10	 115.15   24.08    8.30    2.84 
1960 11	   0.17   19.43    1.22    2.87 
1960 12	  40.43    8.42   -3.51    3.41 
1961 1	  16.70   10.40   -6.64    2.95 
1961 2	  54.50   13.04   -2.39    3.35 
1961 3	  37.18   17.96    1.20    3.60 
1961 4	   3.90   24.07    5.31    4.13 
1961 5	  97.38   28.91   11.48    3.70 
1961 6	  95.18   30.82   15.48    3.12 
1961 7	  96.53   30.91   17.31    2.98 
1961 8	  40.62   31.59   16.23    2.37 
1961 9	  19.67   28.65   12.16    3.54 
1961 10	  13.32   25.07    6.29    3.28 
1961 11	  33.40   12.81   -0.10    3.22 
1961 12	   7.80   11.89   -4.00    3.12 
1962 1	  15.52    9.48   -7.83    3.48 
1962 2	   0.60   18.80   -1.65    3.63 
1962 3	   3.28   17.13   -1.22    4.03 
1962 4	  24.92   23.84    6.49    3.52 
1962 5	  13.32   32.41   13.67    5.09 
1962 6	  51.45   31.56   15.77    3.25 
1962 7	 112.37   32.58   18.29    3.21 
1962 8	  28.55   33.83   16.79    2.72 
1962 9	 138.20   27.68   14.58    2.44 
1962 10	  68.90   24.36    8.32    3.05 
1962 11	  18.15   17.91    2.09    2.52 
1962 12	  19.02   13.36   -2.07    2.73 
1963 1	   1.93   10.43   -9.73    3.22 
1963 2	  19.67   15.43   -2.81    3.18 
1963 3	  25.15   20.65    1.59    3.95 
1963 4	   7.12   26.08    8.72    3.64 
1963 5	 100.78   28.94   13.10    3.77 
1963 6	 104.70   30.67   16.75    3.74 
1963 7	  40.53   34.08   19.17    3.55 
1963 8	  50.18   32.46   18.10    2.40 
1963 9	  31.20   29.20   14.69    2.01 
1963 10	  13.50   27.35    8.95    2.35 
1963 11	  24.28   19.02    1.76    2.75 
1963 12	   4.10   10.45   -4.58    2.60 
1964 1	   8.33   13.18   -5.12    3.50 
1964 2	  18.38   10.51   -5.27    3.47 
1964 3	   8.88   19.16   -0.70    3.70 
1964 4	   0.38   25.39    5.67    3.82 
1964 5	  33.25   29.45   12.46    3.77 
1964 6	 107.08   32.41   15.48    3.93 
1964 7	   9.12   34.80   18.91    3.02 
1964 8	  24.50   33.21   18.07    3.35 
1964 9	  58.25   27.60   14.46    2.59 
1964 10	   6.45   25.13    7.52    2.58 
1964 11	  25.55   17.40    2.30    3.19 
1964 12	  20.70   13.71   -1.69    3.22 
1965 1	   1.62   16.04   -1.69    3.58 
1965 2	   9.62   13.88   -4.18    3.52 
1965 3	   3.48   14.17   -3.04    3.68 
1965 4	  13.63   25.59    7.94    3.55 
1965 5	  36.10   28.96   12.96    3.79 
1965 6	 121.85   31.17   16.64    3.96 
1965 7	  22.70   34.17   18.83    2.83 
1965 8	  21.62   32.01   17.23    2.91 
1965 9	  89.00   29.48   13.66    3.09 
1965 10	  27.55   24.58    7.59    2.45 
1965 11	   0.15   21.26    4.48    2.31 
1965 12	  14.12   14.71   -0.30    3.43 
1966 1	  15.38    8.10   -7.18    2.86 
1966 2	   2.83   11.29   -5.10    3.35 
1966 3	   4.32   20.50    1.67    4.15 
1966 4	  73.35   22.04    6.32    3.36 
1966 5	  24.75   27.04   11.56    3.03 
1966 6	 101.22   30.98   17.23    3.72 
1966 7	  26.00   34.99   20.52    3.04 
1966 8	 216.22   29.19   17.39    2.83 
1966 9	  43.25   27.05   14.50    1.87 
1966 10	   1.90   23.05    5.98    2.43 
1966 11	   2.25   20.33    2.42    3.37 
1966 12	   2.10   12.24   -5.59    2.85 
1967 1	   0.00   14.34   -5.16    3.31 
1967 2	   2.28   14.26   -3.97    3.38 
1967 3	  28.15   21.87    3.46    4.25 
1967 4	  20.77   25.42    9.57    4.77 
1967 5	  41.12   27.38    9.69    3.53 
1967 6	 149.90   30.44   16.95    4.11 
1967 7	  83.65   31.00   18.10    3.33 
1967 8	  92.88   30.46   16.41    2.78 
1967 9	  27.87   26.60   12.83    2.63 
1967 10	   3.65   24.95    6.51    3.48 
1967 11	   2.85   17.25    1.29    2.96 
1967 12	  12.85    9.84   -4.45    3.54 
1968 1	  28.80   11.10   -2.59    3.57 
1968 2	  17.95   11.66   -3.28    2.93 
1968 3	  43.02   16.32    1.87    4.47 
1968 4	  12.07   21.02    4.90    3.88 
1968 5	  70.72   26.23   10.46    4.13 
1968 6	  70.15   31.80   15.78    3.82 
1968 7	  99.55   30.76   17.65    3.58 
1968 8	  99.38   30.53   17.19    3.69 
1968 9	  21.77   27.80   11.59    2.93 
1968 10	  18.33   24.99    7.86    3.73 
1968 11	  35.70   14.91    1.20    3.48 
1968 12	   8.30   13.02   -4.32    4.09 
1969 1	   0.00   14.91   -2.37    3.50 
1969 2	  21.93   12.98   -1.79    3.39 
1969 3	  34.77   11.73   -2.53    3.67 
1969 4	  24.83   23.77    7.41    4.18 
1969 5	 107.45   27.35   11.99    3.33 
1969 6	  91.80   31.46   15.62    3.69 
1969 7	  43.20   35.39   20.00    3.16 
1969 8	  51.23   33.48   18.63    2.69 
1969 9	 122.40   26.73   14.80    2.39 
1969 10	 143.72   19.25    6.40    3.50 
1969 11	  18.70   16.92    0.54    2.76 
1969 12	  15.32   13.92   -2.03    2.97 
1970 1	   0.15   10.74   -5.94    2.92 
1970 2	   3.05   15.43   -1.92    3.02 
1970 3	  52.75   14.80   -0.53    3.42 
1970 4	  18.98   22.50    5.61    3.51 
1970 5	  41.03   29.10   11.16    3.64 
1970 6	  32.83   31.94   15.67    3.64 
1970 7	   4.07   34.06   18.53    3.19 
1970 8	  30.83   33.55   17.64    2.92 
1970 9	  57.70   28.21   13.94    3.21 
1970 10	  23.52   21.09    4.64    2.65 
1970 11	   1.00   17.41   -0.47    3.31 
1970 12	   0.77   16.27   -2.34    2.74 
1971 1	   0.08   13.61   -4.51    3.09 
1971 2	  18.92   13.35   -4.15    3.72 
1971 3	   4.03   19.24   -0.78    3.73 
1971 4	  30.43   22.85    5.64    3.55 
1971 5	  82.70   27.85   10.41    3.77 
1971 6	  61.88   32.65   16.89    4.04 
1971 7	  34.78   33.32   17.85    2.81 
1971 8	  91.73   28.29   16.19    2.24 
1971 9	 154.35   27.19   13.28    3.12 
1971 10	  37.20   23.06    8.33    2.76 
1971 11	  16.60   17.62    2.46    3.15 
1971 12	  28.85   12.20   -1.41    3.57 
1972 1	   2.25   13.77   -5.04    3.31 
1972 2	   3.68   16.78   -3.08    3.35 
1972 3	   0.32   22.72    3.04    3.57 
1972 4	   1.70   26.54    8.10    4.13 
1972 5	 114.43   26.12   11.53    2.98 
1972 6	 137.27   31.82   16.41    2.87 
1972 7	  98.95   30.84   17.32    3.45 
1972 8	 127.60   29.75   16.58    2.83 
1972 9	  69.72   28.05   14.51    2.89 
1972 10	  51.70   22.99    7.69    2.87 
1972 11	  23.25   11.19   -1.22    2.77 
1972 12	   7.40   10.62   -5.20    3.44 
1973 1	  27.07    7.34   -5.03    3.53 
1973 2	  25.43   11.66   -3.16    3.41 
1973 3	  51.28   16.87    2.53    4.14 
1973 4	  50.08   19.09    3.76    3.36 
1973 5	  21.80   26.90   10.21    3.25 
1973 6	  14.95   32.31   15.52    3.64 
1973 7	  91.90   32.34   17.72    3.10 
1973 8	  16.62   32.71   16.90    3.07 
1973 9	  26.63   27.60   13.71    3.23 
1973 10	  24.38   25.85    8.58    3.07 
1973 11	   1.20   19.91    2.12    3.87 
1973 12	   0.03   14.60   -4.11    4.15 
1974 1	   5.48   12.40   -4.52    3.41 
1974 2	   0.48   16.30   -3.80    4.18 
1974 3	  36.38   22.59    3.76    4.38 
1974 4	  25.88   24.20    6.89    4.87 
1974 5	  21.88   30.37   13.69    3.95 
1974 6	  32.88   32.55   16.46    3.62 
1974 7	  31.15   33.69   18.70    3.19 
1974 8	 178.80   28.86   16.63    3.08 
1974 9	 144.97   22.80   10.80    2.89 
1974 10	 109.93   21.43    8.51    3.21 
1974 11	  14.12   15.51    1.34    2.99 
1974 12	  25.67   10.93   -3.45    3.23 
1975 1	  17.00   11.60   -3.86    3.81 
1975 2	  33.02   10.91   -3.83    3.51 
1975 3	   2.97   17.44   -1.46    4.04 
1975 4	  23.18   22.53    4.23    4.64 
1975 5	  41.68   27.24   10.25    3.39 
1975 6	  38.12   32.80   16.08    4.30 
1975 7	 115.62   29.59   17.24    2.72 
1975 8	  54.78   31.15   16.91    3.16 
1975 9	  55.25   26.17   11.24    3.08 
1975 10	   1.40   25.33    6.09    3.34 
1975 11	  27.33   18.26    0.35    3.68 
1975 12	   7.05   14.16   -3.52    3.06 
1976 1	   0.10   13.04   -6.13    3.31 
1976 2	   0.08   19.24   -0.03    4.00 
1976 3	   5.23   19.06    0.77    4.08 
1976 4	  39.33   23.84    8.40    4.31 
1976 5	  20.77   25.68    9.49    3.20 
1976 6	  41.30   32.25   16.14    3.56 
1976 7	 129.70   29.27   17.23    3.05 
1976 8	  40.35   32.23   16.63    2.59 
1976 9	  73.25   26.80   13.53    2.30 
1976 10	  36.67   19.42    3.36    2.81 
1976 11	  13.92   13.13   -2.34    2.68 
1976 12	   0.00   12.82   -5.20    2.98 
1977 1	   6.85    7.95   -7.57    2.50 
1977 2	   9.67   15.17   -1.73    3.49 
1977 3	  17.48   18.39    0.31    4.10 
1977 4	  79.00   21.52    7.51    3.67 
1977 5	  89.95   27.79   13.93    4.13 
1977 6	  45.95   33.70   16.99    3.59 
1977 7	  19.85   33.30   18.11    3.13 
1977 8	  83.38   32.30   18.15    3.28 
1977 9	  16.25   31.99   14.56    3.00 
1977 10	  25.15   24.25    8.20    2.62 
1977 11	   0.57   19.17    0.72    3.09 
1977 12	   1.45   14.70   -2.84    3.42 
1978 1	  16.48    6.29   -7.35    3.03 
1978 2	  24.38    5.95   -5.27    3.12 
1978 3	   5.05   18.54    0.87    3.66 
1978 4	   5.60   26.92    7.91    4.08 
1978 5	  78.10   27.56   12.02    3.44 
1978 6	  79.20   32.72   17.17    3.67 
1978 7	  25.20   35.01   18.92    2.98 
1978 8	  20.53   31.55   16.89    3.02 
1978 9	  74.72   27.57   14.16    2.65 
1978 10	  19.02   23.56    7.16    2.55 
1978 11	  48.75   14.21    2.75    2.97 
1978 12	   7.35   10.28   -5.95    3.37 
1979 1	  11.05    4.80   -8.27    3.07 
1979 2	  20.12   12.61   -4.62    3.04 
1979 3	  39.05   17.11    0.91    3.80 
1979 4	  46.07   22.88    6.25    3.37 
1979 5	  89.65   26.13   10.92    3.47 
1979 6	 126.65   30.26   15.20    3.35 
1979 7	  97.90   32.78   18.55    3.03 
1979 8	  86.98   30.11   16.29    2.89 
1979 9	  16.80   29.53   13.37    2.19 
1979 10	  19.23   26.38    7.17    3.11 
1979 11	   2.55   13.74   -1.25    2.67 
1979 12	  24.52   11.81   -3.20    3.04 
1980 1	  10.75   10.83   -3.69    3.18 
1980 2	  13.30   13.59   -3.24    3.51 
1980 3	   6.83   18.03   -1.11    4.21 
1980 4	  28.53   22.57    4.20    3.63 
1980 5	  78.98   26.30   10.83    3.17 
1980 6	  47.37   35.75   18.28    4.39 
1980 7	  14.65   36.13   19.09    3.33 
1980 8	  19.30   32.91   18.60    3.80 
1980 9	 106.82   28.39   15.20    2.99 
1980 10	  14.88   22.68    6.43    2.68 
1980 11	  44.28   14.24    0.02    2.83 
1980 12	  13.77   14.73   -1.49    3.27 
1981 1	   8.48   12.49   -3.13    2.39 
1981 2	   8.40   15.51   -3.21    3.25 
1981 3	  26.02   16.73    2.27    3.66 
1981 4	  45.95   24.26    8.23    4.02 
1981 5	  15.52   27.12   11.12    3.54 
1981 6	  24.98   33.27   16.91    3.83 
1981 7	 102.15   33.16   19.10    3.42 
1981 8	 121.85   29.41   17.46    2.64 
1981 9	  43.17   27.23   13.77    2.80 
1981 10	 112.98   21.07    8.32    3.13 
1981 11	  16.67   18.83    2.43    2.52 
1981 12	   4.43   13.90   -2.16    2.92 
1982 1	   2.72   11.81   -5.12    3.64 
1982 2	  11.12   11.70   -4.81    3.34 
1982 3	  10.43   18.80    0.97    3.73 
1982 4	  38.57   21.67    5.31    3.81 
1982 5	  87.70   26.48   11.10    3.77 
1982 6	  99.73   28.85   14.90    3.85 
1982 7	  46.88   33.01   18.76    3.49 
1982 8	  42.20   33.22   18.42    2.97 
1982 9	  39.75   30.46   14.42    3.03 
1982 10	   7.43   23.29    5.48    2.81 
1982 11	  34.95   15.09    0.51    3.49 
1982 12	  46.08    8.99   -3.50    3.46 
1983 1	  70.47    6.73   -6.78    3.05 
1983 2	   6.43   11.33   -2.20    3.12 
1983 3	   3.60   17.19    0.60    3.94 
1983 4	  16.75   19.47    2.34    4.10 
1983 5	  44.23   26.76    8.45    3.42 
1983 6	  43.05   30.03   13.89    3.51 
1983 7	  22.00   34.07   18.44    3.57 
1983 8	  24.60   34.14   18.13    2.31 
1983 9	  18.00   31.12   14.46    3.34 
1983 10	 167.60   23.03    9.49    3.14 
1983 11	  13.83   16.93    3.27    3.20 
1983 12	   6.95    5.40   -8.11    3.11 
1984 1	   2.97    9.87   -5.71    2.76 
1984 2	   3.35   15.33   -3.71    3.75 
1984 3	  10.02   17.24   -0.56    3.55 
1984 4	   4.25   21.63    3.82    3.62 
1984 5	  27.90   29.00   11.16    3.67 
1984 6	 107.00   30.82   16.87    3.62 
1984 7	  62.33   31.95   17.27    2.64 
1984 8	  81.08   31.19   17.10    2.50 
1984 9	  13.70   27.12   11.26    3.24 
1984 10	  55.77   20.37    6.74    2.94 
1984 11	  40.68   15.41    1.26    3.27 
1984 12	  36.52   11.95   -1.62    3.25 
1985 1	  15.15    8.83   -5.89    3.05 
1985 2	   7.12   11.22   -3.42    3.24 
1985 3	  29.83   18.46    2.85    4.22 
1985 4	   8.30   24.90    7.47    3.63 
1985 5	 100.90   28.64   11.97    3.23 
1985 6	 186.50   29.80   15.98    3.39 
1985 7	  70.53   33.08   17.37    2.60 
1985 8	  25.95   33.71   18.53    2.86 
1985 9	 132.48   27.93   13.80    3.08 
1985 10	  92.05   21.22    7.94    2.98 
1985 11	   7.43   17.17    0.59    2.85 
1985 12	   6.72   10.24   -5.65    2.62 
1986 1	   0.00   15.49   -2.83    2.82 
1986 2	  23.02   14.22   -0.81    3.45 
1986 3	   6.88   20.84    2.98    3.70 
1986 4	  18.97   25.01    7.88    3.70 
1986 5	  69.30   27.65   11.13    3.35 
1986 6	  92.12   29.26   16.63    2.50 
1986 7	  50.58   33.64   18.99    3.75 
1986 8	 114.07   30.71   17.61    2.88 
1986 9	 128.15   26.75   14.77    3.11 
1986 10	 105.20   20.08    7.90    2.68 
1986 11	  51.33   14.29    0.40    3.14 
1986 12	  37.98    9.59   -2.24    2.62 
1987 1	   8.82    9.31   -4.71    3.49 
1987 2	  27.42   12.41   -0.52    3.77 
1987 3	   5.90   15.48   -0.89    3.44 
1987 4	  15.30   22.51    3.94    3.16 
1987 5	  77.65   26.26   12.04    3.21 
1987 6	  61.90   30.45   16.06    2.76 
1987 7	  52.15   32.53   18.21    3.72 
1987 8	  96.45   31.49   17.37    2.96 
1987 9	  64.95   27.02   13.15    2.19 
1987 10	  12.82   24.06    7.17    3.02 
1987 11	   9.07   16.96    0.56    3.08 
1987 12	  34.62    9.88   -4.51    3.09 
1988 1	   5.20    7.70   -5.67    3.41 
1988 2	   6.07   13.79   -3.96    3.23 
1988 3	  19.65   18.29   -0.73    3.93 
1988 4	  31.23   22.34    4.68    3.36 
1988 5	  91.82   26.61   10.89    3.82 
1988 6	  83.45   30.98   16.26    2.85 
1988 7	  68.50   30.90   18.27    2.65 
1988 8	  61.45   31.64   18.10    2.67 
1988 9	  75.57   28.03   12.83    2.72 
1988 10	   0.22   23.95    7.26    2.58 
1988 11	   6.88   18.90    0.68    3.27 
1988 12	   8.32   12.08   -3.74    2.76 
1989 1	   6.98   14.44   -3.15    3.35 
1989 2	  20.25    9.66   -3.99    3.35 
1989 3	  20.85   20.90    1.21    3.67 
1989 4	   0.08   25.42    7.37    3.83 
1989 5	  25.70   29.26   12.64    4.03 
1989 6	 136.00   28.64   15.01    3.60 
1989 7	  28.17   33.16   17.76    2.84 
1989 8	 116.88   30.81   17.69    3.41 
1989 9	  83.40   26.78   11.61    2.67 
1989 10	   0.00   25.52    6.67    3.30 
1989 11	   1.00   18.79   -0.70    2.89 
1989 12	   5.32    8.99   -7.54    3.08 
1990 1	  22.15   13.31   -4.11    3.30 
1990 2	  34.35   15.59   -2.14    3.75 
1990 3	  24.48   16.08    1.93    3.58 
1990 4	  37.58   22.18    6.62    3.80 
1990 5	  20.10   27.18   10.28    3.67 
1990 6	  10.10   36.56   18.82    4.29 
1990 7	  65.47   30.94   17.85    3.09 
1990 8	  67.80   31.29   16.89    2.71 
1990 9	  29.15   28.89   14.88    2.10 
1990 10	  12.27   23.54    6.27    2.82 
1990 11	  32.00   18.17    2.41    3.39 
1990 12	   7.32   11.37   -6.14    2.99 
1991 1	  28.73    7.89   -4.53    2.62 
1991 2	   3.08   16.66   -1.37    3.19 
1991 3	   3.80   19.26    1.72    4.32 
1991 4	   0.20   25.08    6.08    3.47 
1991 5	  42.80   30.05   12.78    4.02 
1991 6	  75.83   31.66   16.74    3.65 
1991 7	  57.80   31.75   18.13    2.78 
1991 8	  68.93   31.34   17.38    2.43 
1991 9	 138.62   24.57   12.86    2.51 
1991 10	  21.25   24.41    6.25    3.17 
1991 11	  28.67   12.31   -1.00    3.24 
1991 12	  65.80   10.69   -1.33    3.25 
1992 1	  33.70    9.11   -3.31    2.63 
1992 2	  24.92   15.57   -0.00    3.68 
1992 3	  34.17   20.16    2.01    3.81 
1992 4	  28.95   22.89    7.49    3.30 
1992 5	 105.38   24.83   11.32    3.03 
1992 6	 144.40   29.18   15.11    2.89 
1992 7	  60.50   32.63   18.11    3.90 
1992 8	  58.55   30.56   16.58    3.10 
1992 9	   7.62   29.02   12.96    3.37 
1992 10	   1.40   26.00    6.53    2.59 
1992 11	  28.47   14.02   -1.05    3.22 
1992 12	  20.95   11.04   -3.62    3.23 
1993 1	  21.98    9.03   -4.03    2.81 
1993 2	  16.55   12.45   -3.64    3.35 
1993 3	  13.37   18.07    0.36    3.59 
1993 4	  20.50   23.16    5.09    3.71 
1993 5	  37.88   27.42   11.19    3.56 
1993 6	  59.10   32.33   16.80    3.83 
1993 7	  75.25   33.28   19.87    4.78 
1993 8	  41.35   32.74   17.60    3.03 
1993 9	  18.25   29.03   12.02    2.57 
1993 10	  24.83   22.46    5.37    2.83 
1993 11	   9.28   14.44   -2.13    3.10 
1993 12	   8.00   14.26   -3.97    3.29 
1994 1	   4.82   12.53   -5.40    3.28 
1994 2	  11.45   14.22   -5.20    3.35 
1994 3	  12.20   19.27    1.50    3.37 
1994 4	  44.95   23.54    4.94    3.41 
1994 5	 115.40   25.75   12.32    3.06 
1994 6	  17.33   35.26   18.11    3.52 
1994 7	  50.90   34.40   18.43    3.53 
1994 8	  23.50   32.44   17.61    3.01 
1994 9	  22.20   29.97   13.01    2.45 
1994 10	   7.00   23.97    7.25    2.81 
1994 11	  14.57   17.44    1.64    3.26 
1994 12	   2.97   14.58   -1.94    2.36 
1995 1	   7.40   12.20   -3.07    3.41 
1995 2	   2.62   16.79   -1.27    3.43 
1995 3	  10.02   17.78    1.07    3.81 
1995 4	  30.57   22.39    4.95    3.74 
1995 5	  74.05   26.33   10.60    3.99 
1995 6	  46.50   31.50   15.85    3.52 
1995 7	  37.62   34.90   18.32    2.94 
1995 8	  29.15   32.48   18.34    2.60 
1995 9	 136.33   26.62   13.70    2.47 
1995 10	  21.45   24.63    5.78    2.87 
1995 11	   0.00   19.09    0.63    2.84 
1995 12	  22.33   12.71   -2.77    2.89 
1996 1	   2.08   13.29   -6.27    3.68 
1996 2	   0.82   16.65   -2.39    3.55 
1996 3	   0.38   17.52   -1.90    3.98 
1996 4	   0.47   24.30    5.01    3.90 
1996 5	  75.12   32.35   14.77    5.06 
1996 6	  86.25   32.75   17.50    3.37 
1996 7	 110.00   32.38   19.14    3.03 
1996 8	 100.93   30.29   18.01    2.93 
1996 9	  33.60   27.00   12.66    2.15 
1996 10	   9.62   23.71    6.48    3.03 
1996 11	  16.40   17.38    0.42    3.52 
1996 12	   0.10   14.89   -4.03    3.61 
1997 1	  13.02    9.53   -4.96    3.66 
1997 2	  23.20   10.55   -2.38    3.54 
1997 3	   0.70   20.94    0.68    3.18 
1997 4	 129.25   18.42    3.76    3.62 
1997 5	  76.75   25.33   11.07    3.16 
1997 6	  87.32   29.85   15.51    3.23 
1997 7	  60.75   33.47   18.38    3.17 
1997 8	  59.63   32.13   17.71    2.85 
1997 9	  47.38   30.22   15.28    2.65 
1997 10	  26.23   23.18    7.04    3.09 
1997 11	  18.75   15.39   -0.60    2.62 
1997 12	  42.50    9.10   -4.34    3.58 
1998 1	   0.00   14.62   -2.70    3.04 
1998 2	  42.90   12.77   -0.77    3.02 
1998 3	  37.90   16.81   -0.92    3.91 
1998 4	  11.38   21.96    4.14    3.55 
1998 5	   8.07   31.86   12.81    3.67 
1998 6	  17.07   35.71   16.66    4.30 
1998 7	  19.28   36.08   19.92    3.29 
1998 8	  83.03   31.21   17.68    2.00 
1998 9	  22.48   32.24   15.47    2.65 
1998 10	 114.57   24.28    9.86    3.52 
1998 11	  17.03   18.19    2.89    2.73 
1998 12	   9.82   12.30   -3.00    2.86 
1999 1	  44.88   14.26   -2.83    3.77 
1999 2	   0.55   18.48   -0.92    3.61 
1999 3	  41.07   16.16    1.87    3.68 
1999 4	 115.88   22.33    5.81    3.95 
1999 5	  82.05   25.60   11.01    3.68 
1999 6	 123.55   30.51   16.47    3.84 
1999 7	  43.67   32.68   19.07    3.46 
1999 8	  44.65   33.70   18.56    2.34 
1999 9	  57.63   27.73   13.03    2.88 
1999 10	  15.95   24.18    5.75    2.92 
1999 11	   0.00   21.91    2.10    2.77 
1999 12	  27.50   11.72   -3.44    3.22 
2000 1	   0.32   14.63   -3.46    3.56 
2000 2	   0.38   19.13   -0.72    3.71 
2000 3	  61.45   19.85    1.98    3.80 
2000 4	  24.77   23.95    6.54    3.84 
2000 5	  16.55   31.24   13.55    3.98 
2000 6	 143.65   29.17   16.93    3.43 
2000 7	  25.95   33.95   18.66    3.19 
2000 8	   9.10   34.05   18.41    3.12 
2000 9	   0.00   32.27   13.44    2.58 
2000 10	  88.80   22.68    9.40    3.80 
2000 11	  44.20   11.92   -1.56    2.63 
2000 12	  25.40    8.45   -6.01    3.07 
2001 1	  37.60    7.41   -3.76    3.27 
2001 2	  14.35   14.11   -1.14    3.64 
2001 3	  55.80   14.00    1.75    2.88 
2001 4	   2.72   25.27    8.09    4.29 
2001 5	 102.95   28.04   12.42    3.73 
2001 6	   8.23   33.73   17.80    3.77 
2001 7	   3.50   35.90   20.76    3.33 
2001 8	  35.38   32.42   18.48    2.61 
2001 9	  46.15   29.13   13.92    2.31 
2001 10	   4.43   24.56    6.94    3.27 
2001 11	  73.33   17.29    4.13    3.46 
2001 12	   7.05   12.86   -2.21    3.16 
2002 1	  24.15   12.95   -2.76    3.45 
2002 2	  13.45   13.14   -3.46    3.45 
2002 3	  42.42   17.33   -1.63    3.72 
2002 4	  11.90   23.79    8.38    3.99 
2002 5	  10.85   29.11   11.56    4.02 
2002 6	  79.00   32.99   17.54    3.54 
2002 7	  30.10   32.84   19.01    2.88 
2002 8	  52.97   33.57   19.20    3.46 
2002 9	  21.57   29.37   14.32    2.36 
2002 10	  85.07   20.02    8.04    2.58 
2002 11	  10.05   14.25    1.10    2.88 
2002 12	  30.30   11.18   -2.09    3.33 
2003 1	   2.30   13.62   -3.18    3.13 
2003 2	   3.00   12.52   -2.79    3.50 
2003 3	  12.43   19.94    1.81    3.55 
2003 4	  16.67   25.28    6.96    4.25 
2003 5	  33.08   29.21   12.17    3.14 
2003 6	 152.50   29.77   15.66    3.28 
2003 7	   0.03   34.56   19.45    2.89 
2003 8	  16.80   34.02   19.43    2.52 
2003 9	  22.00   27.56   13.50    2.71 
2003 10	  18.52   25.38    9.86    2.66 
2003 11	  12.70   17.35    2.59    3.54 
2003 12	   0.00   14.38   -3.05    3.84 
2004 1	  51.20   12.66   -2.28    3.33 
2004 2	  60.50   11.34   -2.74    3.69 
2004 3	  46.20   19.29    5.74    3.77 
2004 4	  84.18   21.41    7.45    3.80 
2004 5	  25.85   30.03   13.08    4.27 
2004 6	  98.55   31.38   16.47    3.53 
2004 7	  71.68   31.88   18.14    3.07 
2004 8	  61.82   30.51   16.55    2.70 
2004 9	 145.15   27.75   13.78    2.84 
2004 10	  84.28   22.63    8.94    2.85 
2004 11	 156.07   12.64    2.16    3.16 
2004 12	  19.88   12.75   -3.13    3.35 
2005 1	  28.60   12.59   -1.44    3.47 
2005 2	  23.13   13.10    0.29    3.04 
2005 3	  21.02   17.00    0.61    3.46 
2005 4	  10.62   22.81    5.82    4.11 
2005 5	  69.53   26.15   12.11    3.66 
2005 6	  35.72   32.90   17.09    3.71 
2005 7	  76.25   32.69   18.05    2.94 
2005 8	 107.70   30.78   17.74    2.55 
2005 9	  23.75   31.34   15.23    2.60 
2005 10	  57.33   23.34    8.21    2.81 
2005 11	   0.68   20.21    0.57    2.99 
2005 12	   1.35   13.37   -4.37    3.10 
2006 1	   0.12   17.11   -2.15    3.98 
2006 2	   6.20   16.03   -3.52    3.45 
2006 3	  43.40   19.04    2.62    4.27 
2006 4	  23.58   26.57    8.25    4.12 
2006 5	  85.07   30.93   13.29    4.07 
2006 6	  15.75   33.97   17.39    3.04 
2006 7	  56.30   34.32   19.17    3.19 
2006 8	  98.90   32.03   18.83    2.66 
2006 9	 162.62   25.80   12.46    2.48 
2006 10	  48.65   22.35    7.69    2.95 
2006 11	   8.88   19.08    1.74    3.42 
2006 12	  51.50   11.48   -2.92    3.53 
2007 1	  32.67    6.07   -5.41    3.23 
2007 2	   4.12   13.66   -3.46    3.79 
2007 3	 127.82   19.50    4.22    3.77 
2007 4	  41.95   19.40    3.73    3.84 
2007 5	 110.28   24.47   11.82    2.82 
2007 6	 109.05   29.68   15.56    2.65 
2007 7	  29.45   31.15   17.61    2.10 
2007 8	  44.95   32.60   18.82    2.94 
2007 9	  53.95   29.60   15.44    2.55 
2007 10	   5.15   26.69    7.96    3.03 
2007 11	   8.00   18.48    1.01    2.87 
2007 12	  29.63   11.98   -2.91    3.36 
2008 1	   0.43   12.49   -5.04    3.63 
2008 2	  14.88   16.57   -2.27    3.52 
2008 3	   0.83   19.86    0.64    4.22 
2008 4	  20.97   23.63    4.63    3.99 
2008 5	  99.97   28.28   11.36    3.83 
2008 6	  65.33   34.72   17.64    4.60 
2008 7	  59.45   31.44   18.44    3.60 
2008 8	  76.63   31.42   17.57    2.37 
2008 9	 127.68   26.73   12.50    2.20 
2008 10	  67.60   23.32    7.08    3.09 
2008 11	   2.47   19.34    0.72    3.00 
2008 12	   0.75   13.47   -3.61    3.84 
2009 1	   1.55   14.49   -5.03    3.45 
2009 2	  15.00   18.30   -0.92    4.07 
2009 3	  10.65   20.95    1.97    4.22 
2009 4	  30.72   23.73    5.31    4.61 
2009 5	  29.38   27.39   11.53    3.01 
2009 6	  98.80   32.57   17.36    3.62 
2009 7	  57.00   33.46   19.00    2.88 
2009 8	   8.78   33.45   17.86    3.24 
2009 9	  30.23   27.82   12.73    2.47 
2009 10	  26.87   21.78    5.70    3.26 
2009 11	   4.68   20.16    1.47    2.68 
2009 12	  37.47    8.55   -5.73    2.96 
2010 1	  34.77   11.09   -5.35    3.50 
2010 2	  66.15    8.70   -3.41    3.34 
2010 3	  52.85   17.48    1.13    4.48 
2010 4	  85.18   22.82    6.91    4.31 
2010 5	  52.20   26.59   11.39    3.38 
2010 6	  39.97   34.09   18.59    4.19 
2010 7	 133.05   30.39   18.43    3.14 
2010 8	  52.50   33.49   18.20    3.06 
2010 9	  25.60   31.15   15.29    2.65 
2010 10	  27.02   25.46    7.54    2.62 
2010 11	   8.73   18.56   -0.04    3.43 
2010 12	   0.77   15.06   -1.99    3.18 
