1949 1	  39.05   15.52    4.81    5.36 
1949 2	  74.12   20.85   10.38    4.89 
1949 3	  45.00   25.08   11.65    4.76 
1949 4	 114.67   25.57   14.01    4.58 
1949 5	   8.65   33.08   21.26    4.20 
1949 6	 227.22   35.46   22.46    3.89 
1949 7	  38.15   37.23   23.13    3.64 
1949 8	 118.15   37.14   21.99    2.92 
1949 9	  22.00   35.68   21.49    3.04 
1949 10	  59.48   29.79   16.82    4.05 
1949 11	   0.00   27.18    8.99    3.41 
1949 12	  86.07   19.88    9.92    4.88 
1950 1	   1.05   22.79   11.84    5.71 
1950 2	  37.67   22.77   10.41    4.50 
1950 3	   2.95   26.31   11.25    4.83 
1950 4	  32.58   29.33   16.44    4.95 
1950 5	  91.30   33.77   21.61    4.65 
1950 6	  56.90   35.49   22.81    4.06 
1950 7	  25.00   38.08   23.85    4.75 
1950 8	   9.10   37.95   22.81    2.95 
1950 9	 133.55   35.39   22.32    2.93 
1950 10	   0.65   32.54   17.32    3.33 
1950 11	   0.70   25.61    9.94    4.64 
1950 12	   0.00   22.71    4.45    4.25 
1951 1	   1.30   21.52    4.53    5.44 
1951 2	  16.63   22.48    7.24    5.99 
1951 3	  68.80   26.71   12.24    5.16 
1951 4	  23.00   30.92   15.40    4.65 
1951 5	  57.30   32.89   19.94    4.05 
1951 6	  58.85   36.62   23.29    5.06 
1951 7	   0.00   39.16   24.53    4.08 
1951 8	   8.73   39.55   23.98    3.62 
1951 9	 101.17   35.22   21.90    3.45 
1951 10	  45.88   31.54   17.71    3.53 
1951 11	  16.13   23.04    9.26    5.10 
1951 12	   0.95   22.66    7.32    4.95 
1952 1	   2.30   24.21    9.97    5.44 
1952 2	  38.90   24.20    8.49    4.74 
1952 3	  49.03   25.49   11.30    4.79 
1952 4	  16.17   28.69   14.65    4.67 
1952 5	 110.78   33.12   17.93    3.99 
1952 6	  63.85   35.39   22.60    3.93 
1952 7	   2.30   38.03   23.41    3.17 
1952 8	   0.00   39.81   23.90    3.91 
1952 9	  23.27   35.17   19.96    3.00 
1952 10	   0.00   30.10   12.33    3.29 
1952 11	  28.58   22.66   11.10    4.65 
1952 12	  30.93   18.76    6.46    4.40 
1953 1	   2.30   23.92    6.61    4.56 
1953 2	  24.52   21.56    8.17    4.75 
1953 3	   1.85   29.22   16.40    4.68 
1953 4	  41.53   32.11   16.90    4.17 
1953 5	  75.05   34.35   20.29    4.47 
1953 6	  11.28   39.52   24.41    3.92 
1953 7	   1.67   39.47   24.90    3.74 
1953 8	 103.52   36.74   23.89    2.71 
1953 9	  51.25   34.40   19.72    2.84 
1953 10	 114.22   28.56   16.65    3.21 
1953 11	   0.00   23.67    9.34    3.59 
1953 12	  24.12   17.12    4.60    4.51 
1954 1	   8.57   21.25    7.87    4.56 
1954 2	   0.00   26.19    9.44    3.93 
1954 3	   0.38   26.76   11.40    4.93 
1954 4	  82.57   30.80   18.74    5.26 
1954 5	  49.13   32.61   18.85    4.14 
1954 6	  91.02   36.00   23.60    4.42 
1954 7	   6.70   37.50   23.54    3.74 
1954 8	  11.43   38.12   23.84    3.91 
1954 9	  49.38   36.73   21.89    2.72 
1954 10	  27.85   31.02   17.41    3.49 
1954 11	   6.85   25.33    9.12    3.60 
1954 12	   0.52   23.58    7.57    4.12 
1955 1	  31.43   19.12    6.53    4.97 
1955 2	  48.80   21.68    8.45    5.46 
1955 3	  12.12   27.78   12.04    5.43 
1955 4	   0.35   32.47   17.35    4.37 
1955 5	 158.70   34.87   20.97    4.51 
1955 6	  30.12   36.31   21.81    4.16 
1955 7	  22.32   37.34   23.95    3.85 
1955 8	  38.15   37.51   23.72    2.64 
1955 9	  26.62   34.39   22.65    2.85 
1955 10	  30.45   30.80   14.00    3.44 
1955 11	  31.73   23.80   10.60    4.75 
1955 12	   4.62   21.48    5.65    3.92 
1956 1	   8.35   20.67    5.30    4.21 
1956 2	   5.75   23.48    8.74    4.98 
1956 3	   1.38   27.72   11.18    4.55 
1956 4	  19.27   29.77   16.36    4.51 
1956 5	  11.95   34.53   20.53    4.26 
1956 6	  30.55   37.75   23.09    3.44 
1956 7	  38.32   38.48   22.92    3.92 
1956 8	   4.07   38.32   23.31    3.40 
1956 9	  33.17   35.92   20.87    2.65 
1956 10	  52.00   32.47   17.54    2.89 
1956 11	  13.25   22.97    8.94    4.30 
1956 12	  29.47   22.09    7.55    4.29 
1957 1	   5.82   19.15    8.17    4.85 
1957 2	  38.25   24.82   13.24    3.82 
1957 3	  34.00   26.15   12.33    4.19 
1957 4	 175.60   27.48   15.68    5.10 
1957 5	 174.55   30.70   19.82    4.58 
1957 6	  37.40   34.74   22.69    3.59 
1957 7	   0.30   39.27   23.01    3.74 
1957 8	   0.00   39.21   23.28    3.19 
1957 9	 140.15   34.10   20.36    2.80 
1957 10	  63.20   27.27   14.98    3.84 
1957 11	  95.45   20.79    8.82    4.68 
1957 12	  36.30   21.75    6.10    4.57 
1958 1	 149.60   17.30    3.95    4.57 
1958 2	 100.53   17.66    5.51    4.73 
1958 3	  15.48   20.62    8.62    4.66 
1958 4	  27.78   28.24   14.66    4.35 
1958 5	  51.75   32.09   18.03    3.17 
1958 6	  48.53   36.66   22.80    4.03 
1958 7	  38.58   38.48   23.36    3.99 
1958 8	  12.55   39.20   23.31    3.39 
1958 9	 161.13   32.95   22.71    2.83 
1958 10	 154.83   24.78   16.49    3.75 
1958 11	  18.08   22.86   11.24    3.66 
1958 12	  19.73   17.73    4.74    4.18 
1959 1	  12.80   16.86    4.47    4.80 
1959 2	  65.50   17.78    8.12    4.35 
1959 3	   0.83   24.16    8.82    4.64 
1959 4	  21.75   27.01   13.73    4.51 
1959 5	  66.47   33.94   20.12    4.31 
1959 6	  83.25   36.57   22.28    3.43 
1959 7	  20.85   37.80   22.88    3.01 
1959 8	  16.73   37.89   23.52    3.06 
1959 9	 135.57   36.39   22.13    3.57 
1959 10	  78.30   29.03   16.46    3.57 
1959 11	  26.12   21.33    6.38    4.29 
1959 12	  23.30   21.03    6.62    4.34 
1960 1	  19.27   17.05    5.91    4.69 
1960 2	  32.52   19.78    4.16    5.04 
1960 3	  12.38   21.73    8.55    4.60 
1960 4	  33.43   30.67   15.87    4.95 
1960 5	  36.55   32.82   18.21    4.60 
1960 6	  92.00   37.43   22.54    3.58 
1960 7	  54.30   37.25   23.42    3.04 
1960 8	 108.13   35.92   23.90    3.59 
1960 9	  31.80   34.46   19.62    2.50 
1960 10	 135.72   30.42   18.35    3.40 
1960 11	  76.68   23.05   12.26    3.74 
1960 12	  90.00   15.60    4.98    4.34 
1961 1	  27.67   15.75    3.37    4.34 
1961 2	  27.80   22.03    6.28    4.52 
1961 3	   2.25   27.06   11.42    4.67 
1961 4	  54.15   29.73   13.08    4.73 
1961 5	   7.62   34.87   19.69    4.66 
1961 6	  98.05   35.66   22.58    3.67 
1961 7	  85.78   35.99   22.13    3.81 
1961 8	  51.10   36.05   21.21    1.97 
1961 9	  12.17   34.97   21.17    4.19 
1961 10	  12.60   30.80   15.15    3.87 
1961 11	  25.65   22.33    9.53    4.33 
1961 12	  14.90   19.96    6.74    3.88 
1962 1	   5.28   16.64    1.26    4.85 
1962 2	   0.93   28.40   11.17    4.34 
1962 3	  13.50   25.74    8.88    4.59 
1962 4	  54.90   30.93   15.20    4.80 
1962 5	  38.75   35.13   19.86    5.11 
1962 6	  80.52   36.02   22.34    3.71 
1962 7	   0.00   39.48   23.77    3.69 
1962 8	  26.12   39.52   23.74    2.74 
1962 9	  55.88   35.58   22.17    2.67 
1962 10	   2.65   33.10   19.45    3.75 
1962 11	  34.83   24.91   10.65    3.85 
1962 12	  17.83   18.65    6.43    3.89 
1963 1	   6.18   16.25    2.09    4.41 
1963 2	  45.32   21.65    4.63    4.35 
1963 3	   1.02   28.27   12.84    4.64 
1963 4	  47.42   33.76   18.91    5.35 
1963 5	  51.17   33.77   20.58    4.11 
1963 6	 117.90   36.92   23.41    4.20 
1963 7	  26.10   37.31   23.42    3.93 
1963 8	   5.17   39.02   23.81    3.02 
1963 9	  73.70   35.07   21.55    2.34 
1963 10	  17.82   32.00   17.37    3.11 
1963 11	  40.67   25.40   12.24    4.63 
1963 12	  50.15   15.29    3.23    4.67 
1964 1	  18.42   19.61    4.44    4.21 
1964 2	  29.25   18.62    5.06    4.13 
1964 3	  34.80   25.71   10.54    4.66 
1964 4	  12.70   32.02   17.77    4.87 
1964 5	  92.28   33.65   20.80    3.99 
1964 6	  26.10   36.66   22.74    3.60 
1964 7	  15.00   38.88   24.29    3.40 
1964 8	  66.92   38.64   24.16    3.71 
1964 9	  60.45   34.14   22.32    2.79 
1964 10	  17.35   29.10   13.50    3.64 
1964 11	  30.35   26.05   12.63    4.32 
1964 12	   8.62   20.62    6.22    4.48 
1965 1	   7.30   22.66    7.06    4.16 
1965 2	  70.78   18.58    5.95    4.66 
1965 3	  17.73   22.29    8.43    5.03 
1965 4	  28.73   31.60   17.46    4.79 
1965 5	 154.78   31.57   20.65    4.95 
1965 6	  32.97   36.08   22.44    3.97 
1965 7	   8.45   38.52   22.87    3.16 
1965 8	  19.22   37.43   22.74    2.60 
1965 9	  54.80   35.81   21.83    3.30 
1965 10	  40.50   27.53   14.54    3.47 
1965 11	  33.90   25.82   14.13    2.89 
1965 12	 111.50   20.31    9.31    4.24 
1966 1	  33.05   15.05    3.34    4.64 
1966 2	  34.58   18.34    5.30    4.53 
1966 3	   9.35   24.49   10.73    4.19 
1966 4	  89.38   30.42   16.46    4.33 
1966 5	 121.80   30.11   19.35    3.68 
1966 6	  18.90   33.90   21.17    3.22 
1966 7	   9.15   37.56   23.56    3.13 
1966 8	  34.83   37.23   23.39    3.46 
1966 9	 162.90   33.94   20.91    2.21 
1966 10	  34.33   29.55   14.53    3.39 
1966 11	   0.00   27.04   11.53    3.97 
1966 12	   0.00   21.26    4.56    4.54 
1967 1	  12.05   19.84    4.96    4.67 
1967 2	  33.28   20.56    6.75    4.86 
1967 3	   4.05   29.06   14.47    4.61 
1967 4	  39.22   33.29   19.56    5.41 
1967 5	  24.03   35.02   19.61    4.86 
1967 6	   4.35   37.87   23.17    4.20 
1967 7	  37.12   38.81   23.68    3.99 
1967 8	 140.50   35.53   22.30    2.87 
1967 9	 290.35   30.05   19.66    2.95 
1967 10	  41.00   27.68   13.93    3.34 
1967 11	  74.60   23.43   11.28    3.46 
1967 12	  18.43   17.97    5.87    4.07 
1968 1	  96.38   16.61    5.92    4.70 
1968 2	  49.23   17.16    4.59    4.18 
1968 3	  19.35   22.00    9.21    5.23 
1968 4	  33.05   27.72   15.66    5.02 
1968 5	  49.92   31.92   20.05    4.54 
1968 6	 103.70   34.60   21.87    3.26 
1968 7	  32.58   35.61   22.71    3.33 
1968 8	  15.42   37.57   22.73    3.16 
1968 9	 148.23   31.70   19.81    3.04 
1968 10	  21.35   30.40   17.15    3.34 
1968 11	  67.95   23.90    8.27    4.48 
1968 12	   4.80   20.83    5.69    4.96 
1969 1	  13.45   20.09    6.87    4.54 
1969 2	  39.95   21.05    8.67    4.52 
1969 3	  15.57   22.40    8.06    4.92 
1969 4	  37.25   29.86   16.05    4.69 
1969 5	  16.88   32.41   18.66    3.46 
1969 6	  56.00   37.60   22.20    3.96 
1969 7	   2.50   39.68   24.19    3.70 
1969 8	  86.40   38.12   23.73    2.75 
1969 9	   9.68   34.66   20.98    2.64 
1969 10	 179.67   28.86   16.89    4.56 
1969 11	  47.98   22.62    9.40    4.46 
1969 12	  37.00   21.08    7.82    3.61 
1970 1	  48.42   14.60    3.63    4.39 
1970 2	  39.55   21.01    8.00    4.85 
1970 3	  11.07   23.02    8.86    4.59 
1970 4	   7.93   30.69   16.10    5.14 
1970 5	 127.88   30.69   17.28    4.40 
1970 6	  33.78   33.95   21.48    3.70 
1970 7	   8.98   36.44   22.85    2.75 
1970 8	  74.13   36.59   23.14    2.75 
1970 9	 129.92   32.85   21.29    3.56 
1970 10	   1.67   27.75   14.40    3.78 
1970 11	   4.15   25.19    6.96    4.55 
1970 12	   0.52   23.71   10.69    4.73 
1971 1	   0.88   23.80    7.68    4.82 
1971 2	   1.73   23.95    7.41    5.14 
1971 3	   0.00   28.93   10.96    4.85 
1971 4	  32.72   30.26   14.66    4.63 
1971 5	  18.23   34.36   20.00    4.75 
1971 6	 223.52   35.34   22.96    4.24 
1971 7	   0.83   36.07   22.92    3.43 
1971 8	 200.87   32.70   21.93    2.57 
1971 9	 140.87   31.57   21.48    2.95 
1971 10	 269.45   27.98   17.61    3.41 
1971 11	  13.10   24.26   10.95    3.81 
1971 12	  39.58   21.25    9.25    4.01 
1972 1	  26.88   21.02    5.61    4.61 
1972 2	   3.42   22.17    7.23    4.53 
1972 3	  11.03   28.06   12.90    4.00 
1972 4	  23.73   32.66   17.05    4.65 
1972 5	 144.27   29.57   18.11    3.43 
1972 6	  40.00   34.04   21.59    3.31 
1972 7	  71.60   35.02   22.06    3.15 
1972 8	  61.17   35.91   22.41    2.96 
1972 9	 119.20   34.77   21.97    2.49 
1972 10	   3.45   30.01   16.41    3.64 
1972 11	  34.42   20.81    7.03    4.33 
1972 12	   8.70   18.39    4.37    4.50 
1973 1	  54.72   16.75    2.73    5.01 
1973 2	  90.75   18.35    5.62    5.08 
1973 3	   2.15   27.78   12.29    4.02 
1973 4	  52.52   27.49   13.14    5.22 
1973 5	   3.65   33.60   17.82    4.56 
1973 6	 119.20   33.48   21.63    4.29 
1973 7	  80.85   35.38   22.74    3.69 
1973 8	  54.17   35.36   21.78    2.62 
1973 9	 243.57   32.33   21.49    3.09 
1973 10	 148.33   28.54   17.26    3.50 
1973 11	   0.10   26.84   13.48    4.14 
1973 12	   0.03   22.37    3.83    4.58 
1974 1	  22.25   18.57    5.84    3.92 
1974 2	   3.65   24.44    5.96    5.04 
1974 3	 136.05   28.52   14.41    5.29 
1974 4	  42.78   30.06   15.43    4.97 
1974 5	  28.42   33.09   20.37    4.16 
1974 6	  48.30   35.28   20.50    3.54 
1974 7	  39.37   37.14   21.82    3.15 
1974 8	 277.17   35.54   22.59    3.63 
1974 9	  61.60   29.80   18.41    3.73 
1974 10	  65.90   28.72   15.36    3.83 
1974 11	  19.60   22.08    9.63    3.98 
1974 12	  21.77   18.31    5.10    4.05 
1975 1	  11.22   21.73    6.28    4.25 
1975 2	  40.28   22.11    7.37    4.30 
1975 3	  23.95   27.88   11.60    4.91 
1975 4	  53.67   29.71   16.53    5.27 
1975 5	 143.70   31.96   20.47    4.37 
1975 6	  79.77   34.08   21.84    4.05 
1975 7	  48.65   34.73   22.17    3.05 
1975 8	  65.25   35.08   22.70    3.05 
1975 9	 131.95   31.76   19.15    2.67 
1975 10	  50.65   30.24   15.64    3.63 
1975 11	   0.00   25.79    9.99    4.05 
1975 12	   6.25   21.08    6.04    4.81 
1976 1	   6.95   19.46    3.43    4.56 
1976 2	   0.00   26.45    9.36    5.14 
1976 3	  24.27   26.42   13.44    5.02 
1976 4	  88.88   28.09   16.37    4.69 
1976 5	  74.18   29.74   17.69    3.77 
1976 6	  20.75   35.47   21.96    3.67 
1976 7	 159.35   32.12   22.22    3.42 
1976 8	  39.02   35.81   21.76    2.27 
1976 9	 131.57   34.01   21.35    2.73 
1976 10	 156.63   24.79   11.87    3.76 
1976 11	  80.15   18.51    7.11    4.63 
1976 12	  76.55   16.87    4.93    4.30 
1977 1	  51.70   14.26    3.09    4.29 
1977 2	   7.15   21.53    6.71    4.26 
1977 3	  12.65   26.03   11.13    4.54 
1977 4	 120.85   27.43   14.68    3.96 
1977 5	  18.45   30.81   20.39    4.53 
1977 6	  58.65   34.98   22.23    3.47 
1977 7	   8.15   37.21   23.02    3.56 
1977 8	   6.35   38.68   24.22    3.55 
1977 9	   8.32   37.52   23.10    3.20 
1977 10	  58.67   30.91   17.18    3.29 
1977 11	  22.75   26.06   10.68    3.68 
1977 12	   4.60   22.26    6.41    4.49 
1978 1	   4.28   13.86    3.02    5.05 
1978 2	  12.50   16.71    4.01    4.59 
1978 3	   0.05   27.17   10.14    4.12 
1978 4	  10.55   31.59   17.25    5.12 
1978 5	 137.57   34.75   21.52    4.36 
1978 6	 109.77   35.39   22.86    3.22 
1978 7	  38.88   38.40   23.94    3.73 
1978 8	 117.55   35.83   23.18    3.13 
1978 9	 114.27   31.31   21.90    3.29 
1978 10	  36.97   28.22   15.55    3.38 
1978 11	  26.05   23.65   13.32    4.30 
1978 12	  25.08   18.96    6.01    4.70 
1979 1	  26.95   13.75    3.27    5.22 
1979 2	  21.85   18.74    6.58    4.70 
1979 3	  19.87   25.19   12.45    4.90 
1979 4	  98.90   28.50   16.31    3.93 
1979 5	  11.40   31.24   18.34    4.46 
1979 6	  97.95   33.81   21.58    3.50 
1979 7	  25.62   37.26   24.33    3.44 
1979 8	   6.70   37.03   23.21    2.96 
1979 9	  35.88   33.96   19.38    3.30 
1979 10	   0.03   32.75   16.91    3.69 
1979 11	   5.23   22.90    8.99    4.88 
1979 12	  40.55   20.48    7.29    4.82 
1980 1	  17.93   20.56    6.86    4.31 
1980 2	   9.67   21.06    6.26    4.66 
1980 3	   6.15   26.49   11.06    4.58 
1980 4	   4.25   30.67   14.22    4.42 
1980 5	 177.42   33.44   20.53    4.44 
1980 6	   0.35   38.69   23.95    4.45 
1980 7	  25.67   39.99   23.73    3.52 
1980 8	 123.03   35.68   23.96    4.09 
1980 9	  55.17   34.64   23.15    3.00 
1980 10	   5.93   29.29   16.03    3.91 
1980 11	  65.18   21.92    9.62    4.23 
1980 12	  13.55   19.24    8.51    4.11 
1981 1	  48.65   18.38    6.92    4.22 
1981 2	  17.00   20.16    8.54    4.81 
1981 3	  42.67   24.07   11.75    4.44 
1981 4	  57.85   29.71   18.42    4.81 
1981 5	 176.93   31.18   20.17    4.58 
1981 6	 171.75   32.78   23.22    3.78 
1981 7	   5.95   35.58   23.78    3.95 
1981 8	  81.37   36.40   23.31    3.21 
1981 9	  61.70   33.38   20.66    3.44 
1981 10	  87.00   29.41   17.80    4.24 
1981 11	   0.10   27.34   10.86    3.86 
1981 12	  11.57   21.80    5.84    4.10 
1982 1	   4.82   21.51    5.14    5.06 
1982 2	  50.10   19.73    5.17    4.69 
1982 3	  11.58   26.21   12.73    5.35 
1982 4	  64.88   29.11   15.14    4.80 
1982 5	  72.95   30.57   18.95    4.91 
1982 6	  56.95   35.62   22.09    4.57 
1982 7	   0.00   38.48   22.68    4.42 
1982 8	  16.75   38.82   23.27    3.46 
1982 9	  20.70   36.26   21.19    3.14 
1982 10	  89.47   29.19   16.39    3.76 
1982 11	  56.75   24.12   11.39    4.24 
1982 12	  39.22   19.89    7.09    4.35 
1983 1	  19.62   18.02    5.04    3.72 
1983 2	  49.33   20.71    6.43    4.26 
1983 3	  27.45   25.20   10.15    4.20 
1983 4	   0.00   31.10   13.41    4.93 
1983 5	  33.60   33.81   20.05    4.45 
1983 6	  62.92   35.28   22.01    3.77 
1983 7	  68.68   36.51   23.56    3.44 
1983 8	  17.83   37.67   23.40    2.47 
1983 9	  72.05   34.19   21.09    3.50 
1983 10	  35.60   30.91   16.84    3.52 
1983 11	  30.02   27.37   12.15    4.20 
1983 12	   2.53   15.83    1.78    4.79 
1984 1	  54.38   15.95    4.80    4.73 
1984 2	   4.10   23.21    7.18    4.39 
1984 3	  18.60   28.60   12.11    4.85 
1984 4	   4.35   33.71   16.17    4.30 
1984 5	  42.45   34.41   19.85    4.52 
1984 6	  16.30   36.12   22.76    4.68 
1984 7	  15.75   37.63   22.96    3.40 
1984 8	   8.43   37.35   23.19    3.47 
1984 9	  44.20   33.30   20.22    3.91 
1984 10	 144.37   28.93   19.27    3.86 
1984 11	  11.35   24.14   11.00    4.34 
1984 12	  43.02   22.84   12.13    4.63 
1985 1	  63.30   15.19    3.13    4.48 
1985 2	  12.55   17.46    6.93    5.05 
1985 3	  44.03   25.05   13.74    4.73 
1985 4	 102.22   29.18   17.21    4.65 
1985 5	  60.50   32.07   20.02    3.95 
1985 6	  59.57   33.32   21.15    3.84 
1985 7	  51.15   35.82   22.01    3.58 
1985 8	   0.47   38.84   23.55    3.27 
1985 9	  73.97   35.38   21.73    3.65 
1985 10	 184.55   29.68   17.18    4.48 
1985 11	  59.28   25.26   14.09    4.48 
1985 12	   2.60   18.41    4.26    4.44 
1986 1	  31.72   20.81    5.41    4.22 
1986 2	  21.43   24.38    8.29    4.15 
1986 3	   3.00   27.72   10.13    4.09 
1986 4	  33.28   31.99   18.15    4.80 
1986 5	 146.90   31.94   19.26    4.51 
1986 6	  55.30   33.97   22.26    3.26 
1986 7	   2.25   38.43   22.79    4.03 
1986 8	  24.00   38.05   23.37    3.10 
1986 9	  15.65   36.09   23.44    3.65 
1986 10	 229.35   28.61   16.63    3.71 
1986 11	  30.70   22.20   10.88    4.20 
1986 12	  92.68   16.83    7.54    4.39 
1987 1	  24.30   19.01    5.23    4.14 
1987 2	  56.72   20.55    8.16    4.53 
1987 3	  23.60   22.57    8.49    4.15 
1987 4	  19.10   28.11   11.96    3.78 
1987 5	 152.50   32.15   19.80    4.23 
1987 6	 132.87   32.86   21.57    3.17 
1987 7	  33.12   35.22   23.36    3.53 
1987 8	  62.07   38.11   23.84    3.73 
1987 9	  21.42   33.96   21.08    3.47 
1987 10	   1.40   30.96   14.18    3.67 
1987 11	  45.77   24.74   10.79    4.30 
1987 12	  31.55   21.42    8.19    4.33 
1988 1	   3.60   17.12    3.48    4.93 
1988 2	  10.95   20.10    7.52    4.71 
1988 3	   6.93   27.19   11.00    4.88 
1988 4	  30.58   31.96   14.09    3.59 
1988 5	  97.15   33.37   19.17    4.14 
1988 6	  57.28   35.73   22.82    3.05 
1988 7	  31.60   35.80   24.11    3.43 
1988 8	  21.62   36.96   24.02    2.84 
1988 9	  64.45   33.85   20.75    3.57 
1988 10	  44.25   30.29   16.93    3.31 
1988 11	   0.00   25.53   10.92    4.57 
1988 12	   1.70   20.16    7.06    4.58 
1989 1	  42.35   20.34    9.43    4.26 
1989 2	   9.03   18.45    7.26    5.75 
1989 3	  19.85   26.53   10.72    4.79 
1989 4	  63.95   28.93   15.31    4.45 
1989 5	   1.40   35.83   22.12    5.09 
1989 6	  53.73   36.99   22.69    3.90 
1989 7	  41.28   38.11   22.80    3.38 
1989 8	  59.25   36.89   23.17    3.63 
1989 9	  30.90   34.56   19.77    3.65 
1989 10	  70.75   30.79   15.56    3.88 
1989 11	  25.45   23.93   11.95    4.12 
1989 12	  18.83   14.70    1.65    4.84 
1990 1	  21.95   21.66    8.48    4.65 
1990 2	  74.65   23.86    9.94    4.41 
1990 3	  94.15   23.82   12.28    5.51 
1990 4	  66.95   28.28   16.67    5.23 
1990 5	  20.10   33.62   20.94    5.17 
1990 6	   0.00   39.15   24.10    4.72 
1990 7	 163.50   36.00   22.85    3.77 
1990 8	  33.88   36.63   23.01    3.50 
1990 9	  70.88   33.92   21.15    2.70 
1990 10	  45.02   30.29   13.98    3.55 
1990 11	  42.40   25.84   12.13    4.54 
1990 12	   1.83   21.71    6.40    4.52 
1991 1	  47.42   17.54    4.95    4.38 
1991 2	  81.20   22.94    7.72    4.42 
1991 3	   2.58   29.56   11.96    4.80 
1991 4	  69.03   32.12   16.00    4.37 
1991 5	  79.70   34.07   19.78    4.41 
1991 6	  42.65   36.75   22.26    3.76 
1991 7	  23.15   36.92   22.86    3.52 
1991 8	  33.75   37.98   23.09    3.22 
1991 9	 103.08   32.92   20.01    2.92 
1991 10	  11.40   32.13   16.61    3.42 
1991 11	   1.73   21.88    8.90    5.12 
1991 12	 113.25   19.18    9.68    4.84 
1992 1	 123.10   15.58    6.61    4.22 
1992 2	  81.10   22.32    9.33    4.05 
1992 3	  37.83   25.76   11.32    4.42 
1992 4	  71.27   26.39   14.30    3.94 
1992 5	 106.75   30.08   17.34    3.83 
1992 6	  68.38   35.53   21.75    3.54 
1992 7	  37.10   37.13   23.38    4.66 
1992 8	  19.30   36.71   22.40    2.44 
1992 9	  45.02   35.36   21.45    3.40 
1992 10	   9.97   30.94   15.62    3.31 
1992 11	  74.55   23.27    9.33    4.34 
1992 12	  31.75   19.09    8.53    3.84 
1993 1	  27.30   19.12    6.37    3.85 
1993 2	  26.93   20.90    8.29    4.58 
1993 3	  26.25   24.85   11.01    3.78 
1993 4	  25.05   29.63   13.51    4.82 
1993 5	 109.07   31.07   17.78    3.77 
1993 6	 106.20   33.02   22.61    3.85 
1993 7	   0.05   36.96   23.61    4.64 
1993 8	   5.48   38.02   23.21    3.55 
1993 9	  19.58   34.49   20.41    3.15 
1993 10	   8.35   30.08   15.55    4.10 
1993 11	   9.80   22.47    7.95    4.18 
1993 12	  10.52   21.67    9.17    4.37 
1994 1	  41.60   20.37    6.56    4.96 
1994 2	  17.02   21.10    8.04    5.20 
1994 3	  94.73   26.03   11.81    4.21 
1994 4	  44.97   29.49   16.09    4.57 
1994 5	  58.95   31.05   19.44    4.05 
1994 6	 137.43   36.42   22.93    3.27 
1994 7	  12.90   38.12   23.52    4.24 
1994 8	  30.33   36.02   22.55    2.89 
1994 9	  59.45   33.41   19.34    2.30 
1994 10	  89.38   29.95   17.26    3.59 
1994 11	   4.50   26.24   13.25    4.43 
1994 12	  55.90   21.29   10.16    4.24 
1995 1	  23.00   20.31    6.50    4.78 
1995 2	  10.50   23.51    9.36    4.16 
1995 3	  40.50   24.28   11.32    4.34 
1995 4	  54.00   31.19   14.58    4.71 
1995 5	  70.43   34.18   20.54    4.86 
1995 6	  83.85   34.64   21.12    3.86 
1995 7	  33.28   37.55   23.72    3.37 
1995 8	  49.80   36.90   23.30    2.31 
1995 9	  68.28   34.85   21.44    2.71 
1995 10	  20.05   30.49   15.47    4.04 
1995 11	  87.32   23.41   10.87    3.82 
1995 12	  13.80   19.87    8.01    4.68 
1996 1	   0.00   22.00    3.85    5.02 
1996 2	   3.85   23.75    8.49    5.22 
1996 3	   6.40   23.31    8.21    4.89 
1996 4	  18.60   30.88   13.99    4.81 
1996 5	  23.80   36.22   22.33    5.55 
1996 6	  34.25   37.44   23.77    3.87 
1996 7	  50.05   38.18   24.57    4.02 
1996 8	 112.07   36.26   23.79    3.67 
1996 9	  77.47   33.78   21.77    2.97 
1996 10	  27.92   30.45   16.82    3.84 
1996 11	  63.50   25.55   11.75    4.36 
1996 12	   7.93   20.52    7.05    4.22 
1997 1	   8.47   16.82    5.37    4.82 
1997 2	  44.03   19.89    8.05    4.54 
1997 3	  98.85   26.11   13.28    3.87 
1997 4	  93.08   25.73   13.38    4.34 
1997 5	 141.88   31.22   18.80    3.43 
1997 6	 167.73   33.87   22.04    3.96 
1997 7	  16.12   37.43   23.69    3.47 
1997 8	   7.70   38.29   23.82    3.37 
1997 9	  44.80   35.79   21.98    2.41 
1997 10	  50.80   28.92   15.93    3.89 
1997 11	  42.72   21.77   10.12    3.81 
1997 12	  25.92   19.90    4.49    4.56 
1998 1	  21.18   23.19    8.69    4.30 
1998 2	  58.27   23.44    8.07    4.22 
1998 3	  39.45   25.29   10.92    5.29 
1998 4	   9.55   30.93   14.49    4.28 
1998 5	   2.30   37.46   21.27    4.39 
1998 6	   9.25   40.34   24.58    5.07 
1998 7	  35.35   40.23   24.85    3.92 
1998 8	 185.52   36.58   24.18    2.98 
1998 9	  85.65   33.98   23.35    2.75 
1998 10	 116.72   29.40   17.79    4.36 
1998 11	  67.15   24.38   14.11    3.92 
1998 12	  12.38   20.16    7.19    4.81 
1999 1	   4.53   23.16    6.25    5.12 
1999 2	   2.60   27.01   10.41    4.60 
1999 3	 110.70   27.53   13.26    4.93 
1999 4	  16.72   31.45   17.35    5.06 
1999 5	  43.68   33.58   20.41    4.25 
1999 6	  85.32   36.22   23.25    3.93 
1999 7	  37.05   36.88   23.17    3.36 
1999 8	  90.80   38.19   23.39    2.31 
1999 9	  20.95   34.48   20.46    2.92 
1999 10	  26.08   29.54   14.45    3.59 
1999 11	   0.73   27.11   11.04    3.58 
1999 12	  16.02   21.77    6.17    4.55 
2000 1	  14.38   23.15    8.05    4.56 
2000 2	  24.38   26.43   12.16    4.88 
2000 3	  58.62   28.48   15.17    4.29 
2000 4	  35.65   31.02   15.86    4.49 
2000 5	  56.48   35.18   21.87    4.84 
2000 6	  54.70   35.73   23.21    4.27 
2000 7	   1.62   39.92   23.77    3.60 
2000 8	   2.87   38.92   23.37    2.70 
2000 9	  34.08   36.99   20.38    3.01 
2000 10	  81.45   28.00   17.78    4.06 
2000 11	 106.50   21.93   10.29    4.22 
2000 12	  30.35   15.87    3.55    4.57 
2001 1	  47.50   17.54    6.15    4.50 
2001 2	   7.32   22.99    9.61    4.62 
2001 3	  47.15   21.72    9.35    3.85 
2001 4	  15.27   30.43   17.99    5.21 
2001 5	  69.25   34.48   20.01    4.10 
2001 6	  16.05   38.16   23.55    3.03 
2001 7	  27.08   39.22   24.20    3.47 
2001 8	  62.68   38.47   24.38    3.25 
2001 9	  31.30   33.89   20.51    3.34 
2001 10	   2.12   30.24   15.54    3.72 
2001 11	  57.38   25.40   13.86    3.81 
2001 12	  37.25   19.93    7.83    4.05 
2002 1	   0.10   21.57    7.38    4.48 
2002 2	   5.22   20.96    5.18    4.42 
2002 3	   4.62   25.68   11.01    5.07 
2002 4	   7.78   32.70   19.27    4.72 
2002 5	  47.98   34.04   20.68    4.99 
2002 6	 171.90   36.19   23.39    3.44 
2002 7	 279.25   33.08   23.25    3.63 
2002 8	  26.23   36.28   23.59    2.77 
2002 9	 430.50   31.79   20.52    3.05 
2002 10	 105.75   28.13   18.35    3.19 
2002 11	  31.83   21.66    8.71    3.97 
2002 12	  33.35   19.98    6.20    4.77 
2003 1	  17.65   17.97    5.01    4.06 
2003 2	  61.88   19.70    7.91    4.81 
2003 3	  34.80   23.79   11.45    3.61 
2003 4	   8.88   29.52   16.43    4.48 
2003 5	   4.08   35.39   21.95    4.23 
2003 6	 126.20   36.04   22.60    2.96 
2003 7	 142.62   33.70   22.91    3.33 
2003 8	  13.32   36.43   23.59    2.66 
2003 9	 184.52   30.77   20.56    2.64 
2003 10	 121.02   28.34   16.02    3.35 
2003 11	  43.65   24.62   11.95    4.39 
2003 12	   1.27   21.81    5.38    4.46 
2004 1	  51.67   18.82    7.55    4.92 
2004 2	  68.80   19.38    6.05    4.50 
2004 3	  66.22   25.54   14.31    4.30 
2004 4	 120.40   26.78   14.93    4.82 
2004 5	  42.23   31.11   19.35    4.74 
2004 6	 195.08   34.53   22.68    3.66 
2004 7	  20.38   34.61   22.99    3.19 
2004 8	 174.10   35.65   22.68    2.98 
2004 9	  59.60   32.45   20.94    2.14 
2004 10	  50.55   32.28   19.67    3.86 
2004 11	  83.50   24.57   11.80    4.18 
2004 12	   8.82   20.30    5.68    4.58 
2005 1	  52.97   20.97    8.73    4.60 
2005 2	  38.78   20.53   11.73    4.69 
2005 3	  47.25   26.03   10.92    3.90 
2005 4	   2.85   29.68   14.04    4.33 
2005 5	  62.35   32.29   19.08    4.21 
2005 6	   8.65   36.01   21.59    3.98 
2005 7	  55.80   37.20   23.53    3.32 
2005 8	  15.40   37.80   23.72    3.21 
2005 9	  17.00   37.24   23.01    2.88 
2005 10	  91.55   30.25   16.34    3.44 
2005 11	   3.00   28.09   10.90    4.28 
2005 12	  10.27   21.30    4.79    4.34 
2006 1	   6.12   25.19    5.98    4.38 
2006 2	   5.05   23.23    5.63    4.57 
2006 3	  11.58   29.18   13.97    4.86 
2006 4	   2.38   33.76   18.42    4.59 
2006 5	  90.65   36.14   19.70    4.45 
2006 6	   8.70   37.37   21.84    2.89 
2006 7	 105.97   36.61   23.37    3.32 
2006 8	   3.07   38.85   24.02    3.12 
2006 9	 184.80   33.79   20.89    2.88 
2006 10	  18.93   30.54   17.05    3.54 
2006 11	   1.40   26.76   11.75    4.00 
2006 12	  71.20   19.04    7.15    4.45 
2007 1	 100.98   15.37    4.75    4.73 
2007 2	   3.88   20.94    7.02    4.09 
2007 3	 109.32   25.73   14.21    4.68 
2007 4	  37.70   25.85   13.74    4.18 
2007 5	 222.85   30.54   19.72    3.99 
2007 6	 209.75   33.29   22.25    3.96 
2007 7	 259.62   32.15   22.66    3.49 
2007 8	  26.33   34.70   23.24    2.65 
2007 9	  78.65   33.28   21.46    2.17 
2007 10	  10.30   31.70   15.51    3.33 
2007 11	  12.27   25.57   11.24    3.76 
2007 12	   5.05   23.73    6.24    3.93 
2008 1	   7.47   20.22    4.67    4.89 
2008 2	   0.78   27.25    7.83    4.66 
2008 3	  17.70   28.56   10.27    5.16 
2008 4	  33.80   31.06   14.43    4.73 
2008 5	  51.95   34.62   20.29    4.47 
2008 6	   9.12   37.83   23.52    4.19 
2008 7	  99.70   34.89   22.52    3.65 
2008 8	 116.07   35.89   23.28    2.99 
2008 9	  31.35   33.15   19.70    2.93 
2008 10	  28.67   30.53   13.74    3.42 
2008 11	   0.00   26.00    9.69    3.45 
2008 12	   5.82   21.44    5.30    4.88 
2009 1	   2.60   22.48    4.90    4.12 
2009 2	   1.35   26.44    7.22    4.98 
2009 3	  11.10   27.45   11.44    4.86 
2009 4	  58.95   31.30   14.80    4.74 
2009 5	  50.83   35.21   20.37    4.13 
2009 6	   1.30   38.23   23.03    3.78 
2009 7	   7.65   40.04   24.11    3.93 
2009 8	   6.05   39.45   23.66    2.89 
2009 9	 108.75   32.60   21.20    2.37 
2009 10	  97.62   29.48   16.47    4.23 
2009 11	  62.88   24.57    9.73    4.08 
2009 12	  36.73   15.02    4.77    4.45 
2010 1	  83.60   18.16    4.10    4.95 
2010 2	  94.02   17.52    4.31    4.60 
2010 3	  26.63   24.80    7.52    4.16 
2010 4	  80.20   28.33   15.83    4.28 
2010 5	  87.38   32.80   19.89    4.09 
2010 6	  87.95   35.73   23.35    3.98 
2010 7	  60.63   34.02   23.98    3.40 
2010 8	   3.85   38.29   23.70    2.51 
2010 9	  98.25   33.12   21.94    2.95 
2010 10	   0.60   30.61   14.27    3.76 
2010 11	  16.23   26.04   10.07    4.78 
2010 12	   3.20   22.15    4.78    4.65 
