1949 1	 136.40   11.82   -0.74    4.09 
1949 2	  70.05   16.23    3.18    3.73 
1949 3	  57.90   20.07    6.74    4.24 
1949 4	  65.88   22.49   10.89    3.85 
1949 5	  94.38   29.58   17.91    3.58 
1949 6	  78.25   33.09   20.77    2.81 
1949 7	  99.07   35.32   22.18    2.50 
1949 8	  48.15   35.14   20.08    2.38 
1949 9	  19.90   33.50   17.12    2.83 
1949 10	 182.55   25.21   12.28    3.88 
1949 11	   4.07   23.36    5.13    3.46 
1949 12	  45.15   17.13    4.09    4.69 
1950 1	  65.15   16.26    5.21    4.40 
1950 2	 136.62   16.81    5.55    3.37 
1950 3	  29.35   20.21    5.50    4.48 
1950 4	 132.90   23.40   11.09    4.22 
1950 5	  78.20   28.25   17.35    3.47 
1950 6	  68.75   31.42   20.46    3.08 
1950 7	  68.15   33.48   21.92    3.01 
1950 8	  27.38   35.75   21.32    2.39 
1950 9	  51.68   30.64   18.34    2.76 
1950 10	  31.63   30.08   13.59    3.27 
1950 11	  23.28   20.90    3.83    4.20 
1950 12	  11.03   16.56    1.27    3.71 
1951 1	  61.70   16.00    0.60    4.67 
1951 2	  65.97   15.89    2.07    4.48 
1951 3	  39.40   22.23    7.04    4.33 
1951 4	  58.25   25.38   10.84    4.28 
1951 5	  46.17   29.29   16.35    3.59 
1951 6	 122.35   32.96   21.07    3.82 
1951 7	  13.55   38.03   23.93    2.48 
1951 8	  32.50   39.96   24.66    2.42 
1951 9	 124.35   33.29   19.63    2.79 
1951 10	  48.95   28.33   13.90    3.20 
1951 11	  24.52   18.97    4.80    4.46 
1951 12	  23.17   18.18    3.24    4.70 
1952 1	  31.10   19.18    6.62    4.36 
1952 2	  91.80   18.87    5.91    4.50 
1952 3	  82.22   20.08    6.00    4.11 
1952 4	 141.60   23.41   10.43    3.71 
1952 5	 138.90   28.77   15.60    2.91 
1952 6	   2.47   34.63   21.93    2.86 
1952 7	  46.65   35.84   22.77    2.17 
1952 8	   0.17   39.53   24.11    3.03 
1952 9	   7.05   34.78   18.46    3.10 
1952 10	   3.12   27.65    8.92    3.15 
1952 11	 209.45   19.91    6.98    4.14 
1952 12	 123.00   13.52    2.51    3.56 
1953 1	  17.98   18.05    4.00    4.88 
1953 2	  58.97   16.25    3.54    3.80 
1953 3	 112.10   22.71   10.27    3.69 
1953 4	  65.05   23.89   10.10    3.73 
1953 5	 175.45   28.34   16.91    3.22 
1953 6	  19.45   36.28   23.30    2.64 
1953 7	  34.62   35.21   23.18    2.39 
1953 8	  78.80   35.96   22.18    2.10 
1953 9	  56.20   34.01   17.54    2.35 
1953 10	 121.05   29.12   14.01    2.91 
1953 11	  60.42   18.48    6.19    3.55 
1953 12	 129.10   13.38    1.93    4.08 
1954 1	  56.12   14.70    2.47    4.08 
1954 2	  11.65   21.43    5.63    4.01 
1954 3	  16.67   20.02    6.33    4.39 
1954 4	  81.32   27.19   14.92    3.90 
1954 5	  96.75   26.36   15.19    3.32 
1954 6	   0.30   35.28   21.60    2.98 
1954 7	  20.93   39.55   24.64    2.87 
1954 8	  34.65   38.41   23.46    2.96 
1954 9	  54.20   36.31   19.83    2.86 
1954 10	  91.03   27.99   15.30    3.36 
1954 11	  68.70   20.26    5.95    3.67 
1954 12	  27.33   17.59    3.07    3.84 
1955 1	  63.10   13.85    2.83    3.42 
1955 2	  95.50   15.48    3.70    4.60 
1955 3	  67.55   21.16    8.10    4.58 
1955 4	  54.85   27.12   14.23    3.88 
1955 5	  93.40   30.71   18.24    3.44 
1955 6	  75.80   32.21   19.32    2.61 
1955 7	  40.70   36.29   22.96    2.61 
1955 8	 130.73   35.26   22.09    2.08 
1955 9	  79.28   34.26   20.46    2.61 
1955 10	  23.25   28.87   12.23    3.44 
1955 11	  34.62   21.36    5.16    4.83 
1955 12	   4.50   15.79    2.45    4.18 
1956 1	  86.53   14.77    1.52    4.21 
1956 2	  75.88   16.08    4.06    4.00 
1956 3	   8.95   21.67    6.93    3.66 
1956 4	  84.68   25.31   12.00    3.99 
1956 5	  95.73   31.49   19.03    3.26 
1956 6	  51.58   34.46   21.42    2.87 
1956 7	   3.58   38.48   23.75    3.34 
1956 8	  52.25   38.29   22.93    2.93 
1956 9	   7.00   34.97   18.69    3.03 
1956 10	  25.85   29.81   14.43    2.83 
1956 11	 115.00   18.80    4.68    3.88 
1956 12	  54.62   17.64    4.14    3.76 
1957 1	  92.32   12.43    2.11    3.85 
1957 2	  39.15   17.72    8.06    3.37 
1957 3	 114.23   18.42    6.39    3.57 
1957 4	 364.25   22.50   11.76    4.32 
1957 5	 186.65   27.67   17.44    3.79 
1957 6	  65.43   31.85   21.15    2.94 
1957 7	   7.07   37.50   23.59    1.96 
1957 8	  57.50   36.04   22.22    2.78 
1957 9	 128.95   31.04   17.42    3.16 
1957 10	 182.98   23.17   11.00    3.78 
1957 11	 162.80   16.92    6.72    4.24 
1957 12	  28.75   18.19    4.73    4.09 
1958 1	  60.00   13.41    0.98    4.84 
1958 2	  42.68   12.26    1.60    4.82 
1958 3	  50.45   15.60    4.95    3.96 
1958 4	 175.00   22.93   10.98    3.61 
1958 5	  71.40   29.73   16.49    2.81 
1958 6	  45.57   34.54   21.58    2.87 
1958 7	  54.33   36.22   23.27    3.25 
1958 8	 128.70   36.57   22.35    2.39 
1958 9	 112.00   30.90   20.37    3.11 
1958 10	  38.18   24.50   13.14    3.99 
1958 11	  58.17   21.60    7.17    3.47 
1958 12	  25.77   13.83    0.08    3.94 
1959 1	  10.28   12.19   -0.70    4.38 
1959 2	  95.95   14.30    3.74    4.25 
1959 3	  45.22   20.97    4.93    4.27 
1959 4	 103.85   22.99   10.52    4.16 
1959 5	 198.70   29.15   18.58    3.58 
1959 6	 245.70   32.17   20.56    2.90 
1959 7	  68.82   34.27   22.09    1.81 
1959 8	  60.88   35.89   22.29    2.38 
1959 9	  89.53   33.19   20.09    3.39 
1959 10	 176.72   26.42   13.00    3.41 
1959 11	  27.33   17.94    3.33    4.23 
1959 12	 118.27   16.69    4.80    4.27 
1960 1	  72.10   12.46    2.71    4.10 
1960 2	  62.85   12.93    0.63    4.69 
1960 3	  20.95   15.80    4.18    3.92 
1960 4	  67.25   27.10   14.02    4.24 
1960 5	  61.85   28.46   15.67    3.80 
1960 6	 171.82   34.02   21.28    3.05 
1960 7	  16.17   35.58   23.26    2.08 
1960 8	  79.50   35.33   23.13    2.57 
1960 9	  24.25   33.91   19.66    2.27 
1960 10	 139.75   27.77   15.72    2.86 
1960 11	  56.10   20.96    8.18    3.81 
1960 12	 218.38   11.99    2.49    3.96 
1961 1	 160.57   11.56    0.02    4.18 
1961 2	 112.97   17.23    5.66    3.95 
1961 3	 100.90   22.24    9.63    4.24 
1961 4	  32.03   24.59   11.09    4.43 
1961 5	  90.97   29.10   17.07    4.10 
1961 6	 176.88   30.51   20.47    2.94 
1961 7	  88.83   32.19   22.55    2.46 
1961 8	  29.00   34.59   21.41    2.04 
1961 9	 114.95   31.57   19.91    4.34 
1961 10	  57.73   26.25   13.11    3.55 
1961 11	 112.28   18.13    6.55    4.37 
1961 12	  71.78   14.01    2.98    3.74 
1962 1	  37.15   11.37   -1.99    4.57 
1962 2	  58.30   21.16    6.78    4.29 
1962 3	  32.50   18.57    5.67    4.19 
1962 4	 112.30   23.52   12.22    4.12 
1962 5	  53.42   29.87   18.22    4.36 
1962 6	 135.75   31.71   20.44    2.31 
1962 7	   3.92   34.97   22.85    2.31 
1962 8	   8.35   37.88   22.99    2.34 
1962 9	 134.60   32.49   20.08    2.51 
1962 10	 145.02   27.79   16.01    3.33 
1962 11	  72.77   19.43    7.21    4.23 
1962 12	  38.88   14.54    3.26    3.59 
1963 1	  23.75    9.62   -2.92    4.11 
1963 2	  22.70   15.85    0.27    4.65 
1963 3	  16.13   23.51    8.25    4.21 
1963 4	 134.75   27.50   15.50    4.79 
1963 5	 107.85   29.41   17.66    3.46 
1963 6	  37.38   33.86   21.71    2.73 
1963 7	  22.40   36.42   23.49    3.16 
1963 8	  17.67   37.60   23.31    2.31 
1963 9	  34.98   33.38   19.84    2.69 
1963 10	   3.95   31.42   15.07    2.02 
1963 11	  82.75   22.56    7.85    4.38 
1963 12	  33.22   10.41   -0.87    4.57 
1964 1	  76.03   14.71    0.09    4.03 
1964 2	  50.83   13.08    0.85    3.90 
1964 3	  65.85   19.89    6.35    4.03 
1964 4	  47.08   25.84   13.82    4.67 
1964 5	  56.48   29.83   18.07    3.42 
1964 6	  44.72   32.69   21.09    3.15 
1964 7	  15.27   37.43   23.29    2.64 
1964 8	  58.03   35.94   24.01    2.91 
1964 9	  89.33   31.71   20.32    2.58 
1964 10	  18.73   25.54   11.42    3.69 
1964 11	  78.48   22.03    8.46    3.70 
1964 12	  21.42   15.54    2.21    4.53 
1965 1	  88.15   16.13    2.70    4.02 
1965 2	 119.58   13.72    1.76    4.74 
1965 3	  70.20   15.98    3.60    4.39 
1965 4	  35.42   26.82   14.45    3.96 
1965 5	 272.02   27.57   18.55    4.31 
1965 6	  42.33   31.90   21.02    3.08 
1965 7	   6.72   36.02   22.93    2.24 
1965 8	  97.43   35.59   21.81    2.21 
1965 9	  84.42   31.98   19.96    3.60 
1965 10	  34.20   25.14   12.19    3.54 
1965 11	  82.95   23.47   11.17    3.43 
1965 12	  69.60   16.62    4.68    3.95 
1966 1	  51.53   11.04    0.43    4.56 
1966 2	  67.00   13.85    1.58    4.30 
1966 3	  45.50   20.35    7.43    3.99 
1966 4	 362.25   24.42   12.68    4.41 
1966 5	  65.58   27.42   16.82    3.34 
1966 6	  38.10   31.72   19.94    2.55 
1966 7	  32.12   35.78   23.51    2.30 
1966 8	 145.70   33.03   21.50    2.32 
1966 9	  81.45   29.52   18.05    2.06 
1966 10	  13.48   25.84   10.35    3.62 
1966 11	   4.10   23.26    8.28    3.83 
1966 12	  42.85   14.76    1.05    4.16 
1967 1	  10.73   15.08    1.39    4.26 
1967 2	  26.35   15.63    0.80    3.97 
1967 3	  38.60   24.75    9.65    4.26 
1967 4	 102.38   27.47   16.13    4.88 
1967 5	  76.72   27.48   15.31    4.40 
1967 6	  65.70   32.33   21.32    3.40 
1967 7	  70.87   34.44   21.32    3.30 
1967 8	  21.33   35.20   20.94    2.17 
1967 9	 279.70   28.60   17.93    3.28 
1967 10	 196.35   25.62   11.69    3.42 
1967 11	  92.00   19.02    7.29    3.59 
1967 12	 110.97   13.56    2.53    3.86 
1968 1	 113.23   10.62    3.12    4.43 
1968 2	  64.33   12.92    1.61    3.82 
1968 3	  81.40   18.06    6.96    4.32 
1968 4	 125.00   23.60   12.74    4.40 
1968 5	 247.65   27.59   16.63    3.76 
1968 6	 145.38   30.81   20.84    2.84 
1968 7	  42.37   32.43   21.76    2.42 
1968 8	  21.15   34.57   22.07    2.70 
1968 9	  81.38   30.18   17.00    2.99 
1968 10	  28.90   26.80   12.77    3.03 
1968 11	 142.07   18.86    5.55    4.21 
1968 12	  37.20   15.85    2.00    4.62 
1969 1	  43.22   14.78    2.85    4.44 
1969 2	  75.15   14.86    3.79    4.37 
1969 3	 115.67   14.95    4.35    4.30 
1969 4	 104.78   24.40   12.74    3.64 
1969 5	 155.22   27.76   16.34    2.63 
1969 6	  11.33   32.63   20.62    3.51 
1969 7	  15.40   37.34   24.30    2.64 
1969 8	  72.92   35.99   22.91    2.50 
1969 9	  47.35   31.74   18.82    2.61 
1969 10	 130.82   25.78   12.51    4.46 
1969 11	  65.40   19.34    5.58    3.55 
1969 12	 117.17   16.11    3.76    3.27 
1970 1	  41.38   10.56   -0.86    3.98 
1970 2	  95.82   14.83    2.86    4.17 
1970 3	 125.57   16.32    5.94    4.09 
1970 4	  47.03   24.95   13.76    4.39 
1970 5	  47.08   27.79   15.82    3.67 
1970 6	  10.20   32.54   20.25    2.73 
1970 7	   8.55   35.15   21.78    2.35 
1970 8	  45.90   36.39   23.01    2.59 
1970 9	 179.27   30.72   19.85    3.42 
1970 10	 118.52   23.72   11.78    3.65 
1970 11	  11.70   19.01    4.56    4.49 
1970 12	  24.43   18.94    5.80    3.84 
1971 1	   3.00   17.24    1.81    4.46 
1971 2	  64.38   17.00    2.79    4.88 
1971 3	   8.55   21.02    5.66    4.24 
1971 4	  68.57   24.98   11.26    4.05 
1971 5	  62.72   28.23   16.03    3.78 
1971 6	  43.70   34.21   22.02    3.25 
1971 7	 127.85   35.06   23.06    2.83 
1971 8	  78.72   31.50   21.34    1.91 
1971 9	  71.05   31.43   19.65    3.15 
1971 10	 110.05   26.88   15.07    2.90 
1971 11	  87.20   20.46    7.66    3.82 
1971 12	 174.35   16.57    6.48    3.84 
1972 1	  68.48   13.99    1.36    4.58 
1972 2	   5.52   17.59    3.58    4.31 
1972 3	  19.38   23.96    9.29    4.11 
1972 4	  47.98   27.05   13.51    4.58 
1972 5	  54.23   29.10   16.37    2.33 
1972 6	  87.38   33.62   21.39    3.25 
1972 7	  46.35   33.21   21.68    3.13 
1972 8	  15.10   35.52   22.26    2.41 
1972 9	  29.20   33.28   21.32    2.29 
1972 10	 177.60   26.16   12.91    3.37 
1972 11	  61.25   15.16    4.77    4.45 
1972 12	  43.52   12.11    0.11    4.10 
1973 1	 120.28   10.90    0.10    4.98 
1973 2	  47.22   13.96    2.67    4.09 
1973 3	 112.80   21.54    9.44    4.20 
1973 4	 152.72   20.76   11.19    4.44 
1973 5	  56.90   28.03   15.59    4.20 
1973 6	 257.65   30.47   20.19    3.21 
1973 7	  98.02   33.47   22.95    2.46 
1973 8	  14.73   33.96   20.69    2.40 
1973 9	 125.30   30.84   19.63    2.81 
1973 10	 191.28   26.68   15.08    3.21 
1973 11	  33.62   22.45   10.82    4.25 
1973 12	  41.35   16.78    2.12    4.33 
1974 1	  61.05   11.85    1.19    3.70 
1974 2	  34.00   17.91    3.08    4.79 
1974 3	  38.50   22.90   10.90    4.95 
1974 4	  66.20   25.93   11.96    5.02 
1974 5	  48.90   29.65   19.07    4.01 
1974 6	  46.65   32.09   19.80    3.19 
1974 7	  41.90   36.23   22.47    2.17 
1974 8	 191.30   33.39   21.77    2.69 
1974 9	 211.65   25.86   16.41    3.92 
1974 10	 241.23   26.64   13.43    3.84 
1974 11	 149.45   18.43    7.16    4.06 
1974 12	  57.85   14.06    2.78    3.69 
1975 1	  51.95   15.68    3.88    4.16 
1975 2	  51.30   14.65    2.28    3.78 
1975 3	  55.53   18.56    5.94    4.73 
1975 4	 150.85   23.08   11.65    4.97 
1975 5	 204.00   27.88   17.24    3.59 
1975 6	  65.45   31.86   21.00    3.19 
1975 7	  42.50   34.01   21.79    2.16 
1975 8	  39.33   34.30   22.37    2.40 
1975 9	  57.88   29.92   17.10    2.87 
1975 10	  36.53   26.77   12.47    3.37 
1975 11	  32.12   21.48    6.85    3.86 
1975 12	  50.50   15.47    2.13    4.11 
1976 1	  16.30   15.27   -0.21    4.44 
1976 2	  22.83   21.23    6.67    4.50 
1976 3	 124.85   21.14    8.51    4.77 
1976 4	 161.47   24.13   12.53    4.11 
1976 5	 185.35   26.07   14.61    3.12 
1976 6	  73.00   31.12   19.54    3.10 
1976 7	  96.80   31.93   21.59    2.10 
1976 8	  35.55   35.13   20.56    1.93 
1976 9	 120.88   30.25   17.84    2.34 
1976 10	 130.20   21.67    9.05    3.65 
1976 11	  28.87   15.34    3.28    4.08 
1976 12	  82.37   13.95    0.64    3.76 
1977 1	  48.10    7.93   -3.53    4.30 
1977 2	  88.10   16.93    3.11    4.28 
1977 3	 116.02   20.83    7.65    4.27 
1977 4	 150.88   24.29   12.60    3.63 
1977 5	   9.68   28.91   18.05    3.32 
1977 6	  32.65   34.04   21.77    3.08 
1977 7	  28.55   36.35   23.50    2.42 
1977 8	  79.17   35.86   23.21    2.90 
1977 9	  80.17   33.58   21.25    3.22 
1977 10	  33.90   27.54   13.03    3.06 
1977 11	  73.45   21.02    9.25    3.44 
1977 12	  12.93   16.73    2.12    4.85 
1978 1	  61.68    7.24   -3.18    5.24 
1978 2	  88.00    8.53   -1.25    4.68 
1978 3	  95.18   19.28    5.37    3.75 
1978 4	  25.43   25.99   13.64    4.24 
1978 5	 103.60   29.52   17.29    3.58 
1978 6	   6.70   34.06   21.19    2.50 
1978 7	  14.03   37.54   24.15    2.63 
1978 8	  65.62   35.40   22.71    2.56 
1978 9	  37.50   31.84   20.80    3.30 
1978 10	  42.85   27.77   12.41    2.94 
1978 11	  95.00   20.52    9.20    3.40 
1978 12	  51.00   14.42    1.31    4.39 
1979 1	  62.38    6.65   -2.35    4.97 
1979 2	  62.42   11.25    0.97    4.47 
1979 3	 121.83   20.49    8.16    4.34 
1979 4	  71.65   23.77   12.40    3.45 
1979 5	 281.30   25.97   15.24    3.70 
1979 6	  46.30   31.18   20.33    2.86 
1979 7	 132.20   32.97   22.90    2.77 
1979 8	  76.85   32.92   21.07    1.98 
1979 9	 102.85   30.32   17.49    3.36 
1979 10	  77.95   28.46   12.97    3.55 
1979 11	  22.02   18.50    4.14    4.42 
1979 12	 123.42   16.05    2.48    4.00 
1980 1	  62.88   13.64    2.46    3.53 
1980 2	  56.03   15.11    0.88    4.22 
1980 3	  62.05   19.68    4.90    4.11 
1980 4	 146.92   23.85    9.75    3.71 
1980 5	 145.32   28.27   17.44    3.02 
1980 6	   8.55   34.70   22.31    3.68 
1980 7	   6.47   38.45   23.96    2.17 
1980 8	   4.45   37.42   23.45    3.43 
1980 9	  74.75   34.00   21.06    2.71 
1980 10	  13.52   26.29   10.86    3.46 
1980 11	  51.88   19.69    6.26    3.91 
1980 12	  77.03   16.01    3.67    3.82 
1981 1	  40.35   14.79    0.84    3.64 
1981 2	  49.22   16.06    3.09    3.90 
1981 3	  74.32   19.32    7.49    3.90 
1981 4	  33.93   27.14   14.84    3.88 
1981 5	 155.48   27.39   15.42    3.94 
1981 6	 231.17   31.30   21.20    3.27 
1981 7	  44.43   34.67   22.71    2.55 
1981 8	  36.78   34.82   21.29    2.38 
1981 9	  46.10   31.13   16.98    2.72 
1981 10	 228.03   25.51   13.71    3.46 
1981 11	  49.07   21.56    7.20    3.33 
1981 12	   7.62   15.02    2.03    4.24 
1982 1	  30.88   14.56   -0.22    4.85 
1982 2	  22.40   13.81    1.48    4.33 
1982 3	  83.78   20.76    9.95    4.89 
1982 4	 112.35   22.73   11.52    4.22 
1982 5	 134.05   27.98   17.29    3.77 
1982 6	 131.85   32.06   19.94    2.72 
1982 7	  45.83   35.09   23.04    2.77 
1982 8	  37.88   36.46   23.03    2.44 
1982 9	   3.40   33.40   17.52    3.23 
1982 10	  70.60   26.11   12.16    3.89 
1982 11	 112.60   18.93    7.91    3.88 
1982 12	  88.62   16.25    4.04    4.66 
1983 1	  33.80   12.14    1.04    3.77 
1983 2	 116.15   14.86    3.46    4.43 
1983 3	  66.43   18.64    6.24    4.23 
1983 4	   0.55   22.79    9.22    4.80 
1983 5	 165.28   27.92   14.62    3.59 
1983 6	  82.40   30.15   19.15    2.74 
1983 7	  70.47   33.59   21.90    2.90 
1983 8	  93.73   34.78   22.58    1.79 
1983 9	  40.88   31.73   17.51    3.17 
1983 10	  76.23   27.12   12.73    3.05 
1983 11	  62.75   21.34    7.99    4.11 
1983 12	  42.47    8.33   -2.93    4.76 
1984 1	  42.83   11.07   -2.00    4.28 
1984 2	  68.00   18.74    2.80    4.34 
1984 3	 108.88   20.90    7.51    4.12 
1984 4	  18.00   25.75   11.10    4.30 
1984 5	  92.27   30.05   16.69    4.11 
1984 6	  63.52   32.72   20.87    3.17 
1984 7	  22.90   35.77   22.10    2.40 
1984 8	  24.17   36.77   21.92    2.52 
1984 9	  13.80   30.93   17.70    4.06 
1984 10	 189.65   25.49   14.15    3.40 
1984 11	  86.43   19.26    6.76    4.25 
1984 12	 140.02   18.08    6.59    4.56 
1985 1	  28.68   10.61   -2.58    4.21 
1985 2	  85.18   12.75    1.55    4.38 
1985 3	  77.80   21.55   10.61    4.47 
1985 4	  40.10   25.76   13.05    4.14 
1985 5	  77.62   28.80   16.60    3.29 
1985 6	  74.40   32.52   19.81    3.34 
1985 7	  60.93   34.81   21.53    2.43 
1985 8	  11.85   37.43   22.38    2.36 
1985 9	 125.48   32.51   18.33    3.71 
1985 10	 277.75   25.07   14.28    4.54 
1985 11	 134.45   19.89    8.65    4.22 
1985 12	  86.00   13.06   -0.94    3.83 
1986 1	   2.27   16.69    1.67    4.19 
1986 2	 120.88   18.06    5.09    4.26 
1986 3	  14.18   22.62    7.97    3.52 
1986 4	 109.40   24.88   13.69    4.05 
1986 5	 223.08   27.25   16.72    3.61 
1986 6	 111.27   31.56   21.47    2.17 
1986 7	  75.88   35.33   22.85    2.64 
1986 8	  65.20   34.24   21.46    2.36 
1986 9	  67.42   32.09   20.97    2.84 
1986 10	 212.62   24.75   12.90    3.29 
1986 11	 121.53   17.68    6.27    4.06 
1986 12	  92.35   12.63    2.83    3.88 
1987 1	  46.85   13.48    0.81    3.90 
1987 2	  93.08   16.08    4.88    4.45 
1987 3	  42.50   19.51    5.66    3.77 
1987 4	  21.08   25.45    9.84    2.91 
1987 5	 188.78   29.12   17.69    2.89 
1987 6	 128.00   31.34   20.22    3.10 
1987 7	  33.47   33.74   21.61    2.70 
1987 8	   4.93   36.57   23.33    2.71 
1987 9	  80.17   31.58   17.33    2.76 
1987 10	  21.58   26.50   10.38    3.48 
1987 11	 106.97   20.20    6.68    3.96 
1987 12	 125.20   14.60    2.58    3.95 
1988 1	  17.42   11.62   -1.17    4.52 
1988 2	  73.08   15.34    1.72    4.13 
1988 3	  88.12   20.55    6.18    4.26 
1988 4	  35.32   25.76    9.60    3.46 
1988 5	  82.70   28.43   14.90    3.19 
1988 6	  48.15   31.83   18.67    2.65 
1988 7	  44.03   35.13   21.52    2.80 
1988 8	  13.27   37.04   22.58    2.39 
1988 9	 182.15   33.00   18.37    3.37 
1988 10	  18.02   25.53   11.26    3.26 
1988 11	  82.00   22.42    6.42    4.53 
1988 12	  67.40   16.49    2.37    3.83 
1989 1	  64.02   15.76    2.80    4.01 
1989 2	  68.43   11.37    0.23    5.34 
1989 3	  66.57   19.61    6.36    4.71 
1989 4	  93.07   25.16   11.27    3.99 
1989 5	 272.17   28.44   17.08    4.09 
1989 6	 153.05   30.57   18.67    3.60 
1989 7	  63.60   32.92   20.87    2.64 
1989 8	  56.63   32.98   20.38    2.46 
1989 9	  56.90   30.31   15.60    3.30 
1989 10	  31.97   27.91   11.46    3.62 
1989 11	  22.68   21.53    6.81    4.09 
1989 12	  17.83   10.71   -4.74    4.45 
1990 1	 135.92   17.91    3.62    3.99 
1990 2	  97.72   18.91    4.95    4.66 
1990 3	 235.35   19.71    9.29    4.44 
1990 4	  86.60   23.71   11.74    4.20 
1990 5	 207.85   28.48   16.51    4.28 
1990 6	  26.88   33.94   21.66    3.28 
1990 7	  64.65   34.40   21.18    2.48 
1990 8	  33.85   35.61   21.65    2.35 
1990 9	  71.75   32.75   19.54    2.02 
1990 10	  95.90   26.50   10.38    3.38 
1990 11	  90.50   22.06    8.59    3.89 
1990 12	  55.90   14.28    0.03    4.06 
1991 1	 118.95   10.83    0.12    4.17 
1991 2	 148.65   18.35    4.10    3.89 
1991 3	  23.92   22.20    7.46    4.53 
1991 4	  79.20   25.69   12.98    4.05 
1991 5	  84.08   28.96   17.26    3.93 
1991 6	 100.63   32.55   19.73    2.73 
1991 7	  53.62   34.75   21.49    2.27 
1991 8	 166.65   33.42   20.54    1.91 
1991 9	 151.65   29.98   17.02    3.00 
1991 10	 106.90   27.69   11.79    3.23 
1991 11	  53.43   17.41    3.39    4.60 
1991 12	 247.80   15.40    4.13    4.30 
1992 1	 104.00   12.92    1.97    3.52 
1992 2	 132.10   18.20    4.95    3.96 
1992 3	  94.25   22.04    7.93    3.90 
1992 4	  55.88   24.69   11.18    3.19 
1992 5	 234.75   26.93   14.83    2.90 
1992 6	 107.88   31.66   19.45    2.48 
1992 7	  47.45   34.44   21.78    3.55 
1992 8	  53.55   33.01   18.44    2.46 
1992 9	  52.12   32.30   17.28    3.51 
1992 10	  62.90   28.36   10.51    3.25 
1992 11	 139.03   18.26    4.02    4.00 
1992 12	 120.07   14.65    2.42    3.56 
1993 1	  59.03   12.67    1.05    3.86 
1993 2	 110.50   15.82    3.50    4.23 
1993 3	  97.28   18.68    6.91    3.89 
1993 4	  84.75   22.74   10.18    4.35 
1993 5	  56.38   27.45   15.41    3.57 
1993 6	  81.25   31.98   21.10    3.92 
1993 7	   0.00   35.50   22.88    3.31 
1993 8	  27.80   37.20   23.19    2.50 
1993 9	 110.43   32.90   17.13    2.84 
1993 10	 270.60   24.51   11.64    3.74 
1993 11	  71.53   16.46    3.70    4.11 
1993 12	  37.40   15.88    3.29    4.22 
1994 1	  29.77   13.62    1.92    4.57 
1994 2	 197.18   15.45    1.87    3.98 
1994 3	  62.75   21.38    8.29    3.56 
1994 4	  67.35   25.76   11.37    3.95 
1994 5	 116.40   26.61   16.16    3.13 
1994 6	  98.75   33.27   21.85    3.02 
1994 7	  15.60   35.04   22.32    3.21 
1994 8	  55.72   34.92   21.47    2.08 
1994 9	  54.17   31.42   16.96    2.33 
1994 10	 168.30   25.59   13.30    3.65 
1994 11	  98.28   20.58    9.12    4.24 
1994 12	 163.43   15.37    4.12    3.74 
1995 1	  70.20   14.90    2.39    4.49 
1995 2	  40.50   18.06    3.55    3.78 
1995 3	  92.42   18.53    7.52    4.35 
1995 4	 110.07   23.63   10.29    4.28 
1995 5	 144.62   28.03   16.54    3.95 
1995 6	  77.53   31.97   18.65    2.77 
1995 7	 176.98   35.28   21.76    2.81 
1995 8	  37.63   34.85   22.34    1.98 
1995 9	  73.00   31.25   17.57    2.48 
1995 10	  11.10   28.27    9.80    4.01 
1995 11	  13.80   20.49    4.54    4.16 
1995 12	  62.00   15.47    2.46    4.43 
1996 1	  21.10   15.66   -2.26    4.62 
1996 2	  21.65   18.93    2.96    5.06 
1996 3	  35.45   19.21    2.67    4.59 
1996 4	  78.03   25.70    8.29    4.43 
1996 5	  42.58   31.62   18.81    4.56 
1996 6	  44.90   34.11   19.99    2.80 
1996 7	  68.95   36.49   22.69    2.78 
1996 8	 177.88   33.60   21.09    2.53 
1996 9	  77.22   30.02   16.35    2.27 
1996 10	  45.42   26.21   11.15    4.18 
1996 11	  93.53   18.90    6.00    4.38 
1996 12	  58.35   16.82    1.70    4.07 
1997 1	  58.05   12.64   -0.24    4.82 
1997 2	 173.80   15.11    3.29    4.42 
1997 3	 116.13   20.99    6.37    3.64 
1997 4	 197.13   21.54    8.56    4.46 
1997 5	  70.85   27.31   13.75    3.18 
1997 6	 144.05   31.34   18.63    2.56 
1997 7	  15.45   35.80   21.34    1.79 
1997 8	  49.25   34.84   20.10    2.60 
1997 9	  10.55   34.39   17.73    2.59 
1997 10	 113.88   26.50   11.54    4.05 
1997 11	  66.10   18.27    4.08    3.94 
1997 12	 159.85   14.33    0.28    4.21 
1998 1	 190.27   15.97    2.65    3.95 
1998 2	  73.45   16.94    2.28    3.90 
1998 3	  86.00   18.87    5.82    4.86 
1998 4	  30.38   24.91   10.39    3.93 
1998 5	   4.08   32.68   18.04    3.54 
1998 6	  24.30   36.45   22.92    4.74 
1998 7	  18.35   39.19   25.16    3.16 
1998 8	  78.58   36.57   23.67    1.82 
1998 9	 178.40   33.50   22.03    3.92 
1998 10	 242.02   26.90   15.24    4.03 
1998 11	 182.60   20.06    9.78    3.58 
1998 12	  76.93   15.36    4.08    4.36 
1999 1	 109.65   17.42    3.62    4.84 
1999 2	   4.68   21.33    6.03    3.98 
1999 3	  71.05   19.74    7.54    4.23 
1999 4	  60.53   26.42   13.75    4.69 
1999 5	 100.43   28.95   16.64    3.16 
1999 6	  86.95   32.88   21.88    3.26 
1999 7	  33.78   34.98   22.77    2.26 
1999 8	  13.88   38.74   23.61    2.02 
1999 9	  31.67   33.84   18.23    3.16 
1999 10	  57.50   28.47   11.84    3.33 
1999 11	   9.98   24.51    8.14    3.18 
1999 12	  70.62   17.81    2.23    4.43 
2000 1	  41.97   17.16    3.17    4.67 
2000 2	  76.00   21.25    5.59    4.43 
2000 3	  79.20   22.73    9.21    3.79 
2000 4	 106.93   24.71   10.99    3.71 
2000 5	 126.78   30.40   18.30    3.97 
2000 6	 256.83   31.72   21.65    3.38 
2000 7	  10.00   36.79   23.24    2.54 
2000 8	   0.80   38.58   23.10    2.02 
2000 9	  42.78   34.75   18.48    3.38 
2000 10	  86.65   27.11   15.58    3.81 
2000 11	 195.48   16.72    5.96    4.18 
2000 12	 113.27   11.11   -0.65    4.39 
2001 1	 111.02   12.00    0.52    4.02 
2001 2	 127.23   17.39    4.69    4.07 
2001 3	 153.40   16.75    6.00    3.56 
2001 4	  29.53   26.03   14.06    4.58 
2001 5	 100.45   29.98   17.70    3.38 
2001 6	  61.60   32.79   20.38    2.54 
2001 7	  19.42   36.44   23.58    2.29 
2001 8	  57.82   36.62   23.45    2.64 
2001 9	  70.85   30.91   18.11    3.18 
2001 10	  62.70   26.49   10.39    3.65 
2001 11	  97.00   21.92    9.79    3.19 
2001 12	 174.20   16.78    3.86    3.81 
2002 1	  26.00   16.00    1.47    3.86 
2002 2	  46.07   15.38    1.01    4.21 
2002 3	  65.10   18.76    4.99    4.63 
2002 4	  32.58   25.96   15.22    4.33 
2002 5	 108.70   29.53   16.70    4.40 
2002 6	  63.45   33.00   20.25    2.88 
2002 7	 109.12   33.78   22.62    2.62 
2002 8	  11.02   36.03   22.27    2.53 
2002 9	  69.75   33.06   19.00    3.83 
2002 10	 200.63   23.89   13.56    3.03 
2002 11	  34.95   19.45    5.36    4.02 
2002 12	 173.45   15.77    3.33    4.47 
2003 1	  10.75   13.77    0.52    4.07 
2003 2	 119.57   13.89    3.22    4.25 
2003 3	  26.05   19.41    6.77    3.15 
2003 4	  24.38   26.29   11.48    3.94 
2003 5	  65.57   30.34   18.62    3.84 
2003 6	 173.75   32.10   20.29    2.43 
2003 7	  15.47   35.91   22.58    2.55 
2003 8	  75.45   36.78   22.74    2.20 
2003 9	  55.70   30.34   17.39    2.72 
2003 10	  94.05   27.84   13.17    3.02 
2003 11	  29.75   21.49    9.26    4.22 
2003 12	  19.75   17.84    1.69    4.26 
2004 1	  57.40   16.36    3.42    4.30 
2004 2	 114.57   13.76    2.00    4.23 
2004 3	  29.95   23.41   10.45    3.75 
2004 4	 212.15   25.07   12.68    4.02 
2004 5	  37.85   29.01   17.94    4.00 
2004 6	 206.68   31.55   21.34    2.66 
2004 7	  39.30   34.15   22.13    2.14 
2004 8	  71.30   33.57   21.20    2.72 
2004 9	  13.68   32.73   17.87    2.80 
2004 10	 188.68   28.55   17.56    3.62 
2004 11	 201.43   19.82   10.04    3.96 
2004 12	  47.78   15.94    2.34    4.22 
2005 1	  87.70   16.45    5.00    4.23 
2005 2	  81.65   16.61    6.16    3.97 
2005 3	  69.33   20.32    6.66    3.62 
2005 4	  39.42   25.38   11.27    4.03 
2005 5	 102.28   28.63   16.44    3.06 
2005 6	   4.55   34.27   21.75    2.58 
2005 7	  54.98   35.41   22.47    2.35 
2005 8	 104.43   35.64   22.72    2.12 
2005 9	  36.97   35.57   20.35    2.94 
2005 10	  30.80   28.17   11.64    3.64 
2005 11	  12.85   24.13    7.74    4.07 
2005 12	  10.35   16.24    0.02    4.09 
2006 1	  74.12   21.14    3.09    4.34 
2006 2	  61.40   16.48    2.56    4.21 
2006 3	  99.85   22.82    9.55    4.54 
2006 4	  86.82   28.58   15.34    4.10 
2006 5	  38.55   30.50   17.91    3.40 
2006 6	  91.93   34.43   20.38    2.05 
2006 7	  28.02   36.42   23.12    2.19 
2006 8	   8.05   38.69   24.07    2.39 
2006 9	  43.65   33.07   17.73    2.84 
2006 10	  83.68   27.93   11.24    3.78 
2006 11	  39.50   22.10    7.21    3.91 
2006 12	  90.62   16.60    3.70    4.32 
2007 1	 156.63   11.54    0.43    4.43 
2007 2	  22.87   15.71    2.23    3.92 
2007 3	 248.68   23.50   11.19    3.87 
2007 4	  43.70   22.66    9.68    3.87 
2007 5	 245.45   28.07   17.92    3.56 
2007 6	 219.32   31.53   21.24    2.74 
2007 7	 154.43   31.98   22.46    2.57 
2007 8	  31.22   35.47   23.21    2.07 
2007 9	 133.98   32.55   20.13    2.28 
2007 10	  36.53   28.38   13.20    3.54 
2007 11	  49.40   22.40    8.36    3.53 
2007 12	  51.83   17.59    2.14    3.37 
2008 1	  24.88   14.34   -0.38    4.57 
2008 2	  56.68   19.42    2.48    4.26 
2008 3	 138.95   21.96    6.90    4.91 
2008 4	 116.15   25.37   11.59    4.01 
2008 5	 107.65   29.86   17.54    4.12 
2008 6	   9.88   35.19   22.79    3.44 
2008 7	  64.37   36.82   22.78    2.75 
2008 8	 110.30   34.77   22.38    2.35 
2008 9	  51.42   30.08   16.83    3.71 
2008 10	  53.45   26.09   10.18    3.11 
2008 11	  38.17   22.24    6.70    3.42 
2008 12	  24.05   16.63    0.29    4.80 
2009 1	  26.37   15.94   -0.47    3.98 
2009 2	  31.92   21.19    4.59    4.73 
2009 3	 162.07   21.63    7.79    4.17 
2009 4	 147.60   23.70   10.23    4.60 
2009 5	  51.33   28.44   17.10    3.33 
2009 6	  33.15   35.09   21.90    2.96 
2009 7	  84.78   35.87   23.49    2.40 
2009 8	  32.88   36.28   22.95    2.13 
2009 9	 175.45   29.62   19.23    2.41 
2009 10	 265.58   22.93   11.53    3.96 
2009 11	  50.67   21.76    8.25    3.49 
2009 12	  41.10   11.16    0.76    4.26 
2010 1	 113.00   12.23    0.44    4.16 
2010 2	  91.63    9.71    0.80    4.16 
2010 3	  81.65   18.43    5.85    3.69 
2010 4	  76.80   24.93   12.23    4.08 
2010 5	  40.33   30.45   18.35    3.26 
2010 6	 121.78   33.41   23.49    2.69 
2010 7	  47.10   34.29   24.15    2.75 
2010 8	  20.47   37.50   24.38    2.32 
2010 9	 151.67   31.55   20.45    2.97 
2010 10	  40.05   27.73   11.82    3.19 
2010 11	  64.95   20.98    8.19    4.39 
2010 12	  28.73   15.65    2.64    4.55 
