1949 1	 108.82   16.37    6.76    6.75 
1949 2	 149.48   19.43   10.96    5.84 
1949 3	 112.07   22.23   12.40    6.65 
1949 4	 137.48   24.25   14.25    6.56 
1949 5	  51.10   30.48   21.05    5.48 
1949 6	  36.38   33.13   23.36    4.54 
1949 7	 171.47   33.22   23.96    3.89 
1949 8	 125.13   33.18   22.58    3.37 
1949 9	  79.95   31.69   21.82    4.50 
1949 10	 430.82   26.41   18.43    5.91 
1949 11	   6.73   24.12   10.55    5.70 
1949 12	 226.65   18.85    9.85    7.46 
1950 1	  81.80   21.79   12.59    6.72 
1950 2	 170.17   21.58   11.57    5.53 
1950 3	  31.47   21.71   10.75    6.37 
1950 4	 131.97   24.54   15.01    6.78 
1950 5	  72.50   30.07   21.45    5.81 
1950 6	 148.62   31.83   22.64    4.24 
1950 7	  92.70   32.69   23.78    4.48 
1950 8	  23.97   34.06   23.01    3.54 
1950 9	  49.10   32.04   21.14    3.79 
1950 10	   6.35   29.80   16.77    5.75 
1950 11	  29.75   22.96    9.71    6.60 
1950 12	  29.88   19.71    6.81    5.86 
1951 1	  94.62   18.46    6.39    6.92 
1951 2	  27.00   19.23    7.80    6.98 
1951 3	 109.95   23.06   12.14    6.30 
1951 4	  16.28   24.96   14.60    5.97 
1951 5	  69.45   29.35   19.25    5.25 
1951 6	  73.62   32.44   23.53    5.63 
1951 7	  44.52   34.32   24.71    3.90 
1951 8	  59.42   35.72   24.70    3.15 
1951 9	 209.15   31.34   21.65    4.65 
1951 10	  27.30   28.04   17.32    5.58 
1951 11	  29.10   20.38    9.80    7.01 
1951 12	  43.62   20.49    9.28    7.37 
1952 1	  65.93   21.87   12.00    6.57 
1952 2	 148.55   20.20   10.47    6.72 
1952 3	  55.77   21.87   10.04    6.63 
1952 4	 130.40   24.09   13.41    5.49 
1952 5	  80.03   28.61   18.06    4.16 
1952 6	  70.80   32.33   22.99    3.94 
1952 7	 104.48   32.75   24.05    3.78 
1952 8	  11.15   34.72   24.11    3.47 
1952 9	  63.40   31.76   20.08    5.91 
1952 10	   0.17   26.40   11.31    5.68 
1952 11	 194.97   20.17   10.58    6.58 
1952 12	 146.62   17.11    7.58    5.78 
1953 1	  44.95   20.10    8.08    7.03 
1953 2	  85.90   17.96    8.52    6.46 
1953 3	   1.98   25.07   15.68    5.59 
1953 4	  44.90   26.11   15.18    6.27 
1953 5	 173.05   29.23   20.59    5.60 
1953 6	 112.70   34.09   23.90    3.71 
1953 7	  58.62   33.34   24.41    3.70 
1953 8	 240.08   32.36   23.60    2.68 
1953 9	   5.35   32.52   20.38    4.90 
1953 10	  71.48   27.86   16.67    5.59 
1953 11	 157.32   21.19   10.04    5.81 
1953 12	 151.15   15.98    6.16    7.06 
1954 1	  55.45   18.71    8.25    5.82 
1954 2	   3.28   22.84   10.20    6.22 
1954 3	  29.55   21.72   10.87    6.78 
1954 4	 103.53   26.65   17.78    5.43 
1954 5	  97.88   27.56   17.68    5.17 
1954 6	  60.50   32.39   23.13    4.38 
1954 7	 178.48   34.87   24.15    3.79 
1954 8	  35.42   34.39   24.25    4.13 
1954 9	  66.97   33.02   21.97    5.37 
1954 10	 110.00   27.80   17.77    6.27 
1954 11	  51.70   21.47    9.96    6.58 
1954 12	  51.22   20.29    8.54    5.98 
1955 1	 139.25   17.19    7.86    5.74 
1955 2	 154.82   18.59    8.61    6.47 
1955 3	  14.50   23.85   13.13    6.83 
1955 4	  53.80   26.25   17.42    5.78 
1955 5	  64.00   29.94   20.63    5.31 
1955 6	  73.62   31.77   21.31    4.02 
1955 7	 100.43   32.90   24.09    4.32 
1955 8	 194.67   32.87   23.55    3.06 
1955 9	  81.70   31.08   22.83    5.38 
1955 10	  19.00   27.73   15.58    5.80 
1955 11	  53.50   21.77   11.08    7.44 
1955 12	  36.40   18.77    8.61    6.50 
1956 1	  83.97   18.03    7.08    6.04 
1956 2	  61.05   20.15   10.15    6.69 
1956 3	  33.22   22.53   11.65    5.52 
1956 4	  43.80   24.98   14.91    6.64 
1956 5	  40.23   30.33   20.50    4.72 
1956 6	  76.30   32.44   22.08    4.12 
1956 7	  39.33   34.73   23.69    4.01 
1956 8	  20.98   34.09   23.72    3.45 
1956 9	  27.92   33.12   20.72    5.23 
1956 10	  52.35   29.34   16.81    4.49 
1956 11	  50.47   22.19    9.69    6.36 
1956 12	 139.90   21.06    9.69    5.75 
1957 1	  38.78   18.87    9.79    5.86 
1957 2	  63.52   21.70   12.91    4.88 
1957 3	 227.88   21.67   11.78    5.44 
1957 4	 258.92   24.46   16.42    6.85 
1957 5	  51.60   29.22   20.62    6.27 
1957 6	 129.38   31.30   22.95    5.51 
1957 7	  40.22   35.07   24.43    2.99 
1957 8	  47.15   34.07   23.53    4.16 
1957 9	 238.50   29.52   20.29    4.72 
1957 10	 212.55   25.09   14.82    6.25 
1957 11	 211.70   21.02   11.68    7.02 
1957 12	  55.17   19.94    8.81    6.62 
1958 1	 150.38   15.80    5.21    7.98 
1958 2	  78.70   14.73    5.74    7.31 
1958 3	  33.38   20.06    9.30    6.42 
1958 4	  99.62   25.93   15.63    5.63 
1958 5	  36.95   30.19   20.31    4.08 
1958 6	  19.10   33.25   23.89    4.73 
1958 7	  53.95   34.20   24.64    4.17 
1958 8	 128.03   34.03   24.15    3.08 
1958 9	 299.05   30.16   22.78    5.42 
1958 10	  73.75   25.16   16.62    6.79 
1958 11	  39.00   22.06   12.24    5.65 
1958 12	  18.95   16.89    6.26    6.18 
1959 1	 100.65   15.84    4.80    6.85 
1959 2	 231.67   18.00    9.17    6.50 
1959 3	  34.22   21.81   10.11    6.63 
1959 4	 172.72   23.84   14.59    5.95 
1959 5	 169.32   29.55   20.67    5.24 
1959 6	  90.90   32.34   23.18    4.45 
1959 7	 276.45   32.15   23.45    2.89 
1959 8	 166.60   32.04   23.90    3.44 
1959 9	 101.32   31.19   22.12    4.83 
1959 10	 102.47   27.39   16.95    5.29 
1959 11	  41.10   19.54    7.47    7.06 
1959 12	 160.32   17.76    8.19    6.77 
1960 1	  38.27   15.59    6.56    6.45 
1960 2	 110.55   15.13    4.90    7.03 
1960 3	   8.62   19.18    9.31    5.99 
1960 4	  60.23   25.78   16.39    6.03 
1960 5	  19.35   28.26   18.25    5.80 
1960 6	 275.40   32.94   22.84    4.31 
1960 7	 138.45   33.90   24.11    2.76 
1960 8	 213.45   31.82   23.65    4.34 
1960 9	  51.20   31.41   20.58    4.56 
1960 10	 171.88   27.54   17.53    4.91 
1960 11	 119.25   22.56   12.71    6.23 
1960 12	 182.72   16.11    6.77    6.65 
1961 1	  99.20   14.69    4.31    6.74 
1961 2	 134.40   19.49    8.75    5.54 
1961 3	  29.67   23.93   14.02    6.72 
1961 4	  83.95   24.36   14.01    6.20 
1961 5	  32.08   28.77   19.07    6.02 
1961 6	 281.62   30.39   21.83    4.55 
1961 7	 157.05   31.76   23.64    3.72 
1961 8	 119.35   32.42   22.48    3.26 
1961 9	 345.18   30.84   21.90    7.11 
1961 10	   9.72   27.62   15.78    6.19 
1961 11	 215.73   20.88   10.58    6.98 
1961 12	  74.22   19.20    8.73    6.10 
1962 1	  47.90   15.57    3.98    7.28 
1962 2	  26.20   23.40   12.49    6.52 
1962 3	  32.95   21.35    9.99    6.46 
1962 4	 144.90   25.62   15.49    6.35 
1962 5	  50.35   29.65   20.36    5.97 
1962 6	 144.05   31.35   22.76    3.74 
1962 7	  26.05   34.57   24.22    2.53 
1962 8	  74.78   35.72   24.52    2.87 
1962 9	  68.62   32.61   22.53    4.28 
1962 10	 139.40   29.16   18.59    5.50 
1962 11	 165.70   21.29   10.85    7.04 
1962 12	 120.05   17.19    7.87    5.76 
1963 1	  86.82   14.20    3.78    7.30 
1963 2	  69.98   17.81    5.62    7.38 
1963 3	  20.58   24.07   13.39    6.25 
1963 4	  28.38   28.12   18.96    6.50 
1963 5	  65.22   30.26   20.29    4.66 
1963 6	 128.30   32.73   22.85    4.23 
1963 7	  73.78   33.53   24.67    4.08 
1963 8	  32.85   34.68   24.03    2.70 
1963 9	  83.00   31.98   21.86    4.73 
1963 10	   7.22   30.38   17.96    5.17 
1963 11	 133.85   23.17   12.80    6.86 
1963 12	 119.30   14.41    3.47    7.35 
1964 1	  76.67   16.15    6.47    6.25 
1964 2	 115.60   15.20    5.77    6.37 
1964 3	  59.28   21.73   10.59    6.69 
1964 4	  66.40   25.75   17.34    6.99 
1964 5	  55.50   29.36   20.69    5.19 
1964 6	  43.10   31.59   22.87    4.51 
1964 7	  45.33   33.77   24.07    4.12 
1964 8	 101.95   33.98   24.70    3.71 
1964 9	 173.15   31.06   21.90    4.49 
1964 10	  16.45   26.57   14.14    6.52 
1964 11	 107.95   23.41   13.57    6.35 
1964 12	 146.57   18.48    8.28    7.30 
1965 1	  52.68   19.83    7.96    6.34 
1965 2	  81.02   18.20    7.73    7.72 
1965 3	  18.45   20.35    9.32    7.56 
1965 4	  28.55   27.81   18.42    6.42 
1965 5	 104.08   28.53   21.29    6.92 
1965 6	  58.30   32.31   23.53    4.75 
1965 7	  85.23   34.07   24.28    2.73 
1965 8	  67.68   33.21   23.65    2.99 
1965 9	 118.48   31.81   22.12    5.57 
1965 10	  85.47   26.27   15.21    5.87 
1965 11	 115.60   25.05   15.85    5.34 
1965 12	 183.45   19.64   10.06    6.73 
1966 1	 122.75   13.54    4.78    7.39 
1966 2	 169.48   16.41    6.67    6.56 
1966 3	  63.75   21.49   10.64    6.20 
1966 4	 182.48   25.95   16.67    6.49 
1966 5	 201.15   28.47   19.98    5.25 
1966 6	  50.40   31.84   21.82    4.17 
1966 7	  91.00   33.84   24.48    2.93 
1966 8	 145.70   32.35   23.36    3.74 
1966 9	  60.73   31.83   20.74    2.99 
1966 10	 116.02   26.44   15.16    6.13 
1966 11	  50.50   23.59   13.04    6.42 
1966 12	  48.67   17.68    6.93    6.54 
1967 1	  52.92   17.66    7.12    6.45 
1967 2	  50.05   18.72    6.49    6.57 
1967 3	  34.28   24.80   14.21    5.84 
1967 4	  94.88   28.03   19.95    6.95 
1967 5	 106.33   28.86   19.30    6.96 
1967 6	  20.45   33.12   22.73    4.89 
1967 7	 138.55   33.05   22.71    4.21 
1967 8	  44.78   32.18   22.89    3.38 
1967 9	  56.43   29.97   20.60    5.99 
1967 10	  69.03   27.70   14.71    5.98 
1967 11	  12.10   23.49   12.52    6.07 
1967 12	 117.60   17.96    8.18    6.40 
1968 1	 168.15   15.61    7.15    7.01 
1968 2	  27.78   16.02    4.66    6.20 
1968 3	  63.17   20.21    9.74    6.68 
1968 4	  68.95   25.92   17.02    6.83 
1968 5	 237.43   29.05   19.85    5.74 
1968 6	 303.80   30.68   22.92    4.64 
1968 7	  67.75   32.26   23.53    3.93 
1968 8	  36.50   33.47   24.16    3.89 
1968 9	 133.08   30.43   20.46    5.19 
1968 10	  77.90   28.13   17.22    5.43 
1968 11	 128.00   21.33    9.96    6.88 
1968 12	  51.05   18.36    7.06    7.06 
1969 1	  53.20   18.17    8.85    6.86 
1969 2	 116.12   18.48    9.36    6.97 
1969 3	  87.40   18.27    8.84    6.49 
1969 4	  96.03   25.85   16.39    5.57 
1969 5	 103.80   28.59   19.17    5.20 
1969 6	  44.97   32.19   22.35    5.13 
1969 7	  75.03   34.95   24.66    3.74 
1969 8	  70.28   34.33   24.08    3.89 
1969 9	  66.45   32.27   21.11    4.93 
1969 10	  86.28   28.05   17.52    7.75 
1969 11	  49.45   22.96    8.71    6.89 
1969 12	 107.98   20.08    7.72    5.81 
1970 1	  79.35   14.43    3.91    7.23 
1970 2	  56.25   18.86    6.86    6.64 
1970 3	 160.40   20.40    9.30    6.08 
1970 4	  90.35   26.32   16.66    6.63 
1970 5	 201.45   27.55   18.03    6.36 
1970 6	  31.05   31.67   21.39    4.26 
1970 7	  88.45   33.49   23.00    3.54 
1970 8	  82.55   34.45   23.39    3.93 
1970 9	 170.18   31.28   22.24    6.42 
1970 10	 278.98   26.20   14.28    6.58 
1970 11	  78.12   21.42    7.97    6.70 
1970 12	  21.55   22.09   10.87    5.68 
1971 1	   6.40   20.15    8.12    6.85 
1971 2	  67.30   20.41    7.27    7.52 
1971 3	  32.05   22.89    9.39    6.47 
1971 4	  40.28   25.64   14.15    6.30 
1971 5	  70.90   28.63   18.88    5.75 
1971 6	  68.45   32.61   22.21    4.67 
1971 7	  88.52   34.65   23.35    3.74 
1971 8	 169.60   32.53   22.40    3.11 
1971 9	 239.92   30.92   21.63    5.24 
1971 10	  46.67   28.50   17.51    5.22 
1971 11	  71.00   23.40   10.15    6.50 
1971 12	 168.87   21.00   11.75    5.96 
1972 1	 118.75   19.99    8.49    6.79 
1972 2	  34.35   19.93    7.31    6.60 
1972 3	  92.55   24.62   12.18    6.13 
1972 4	  84.30   28.27   16.31    6.63 
1972 5	 207.40   29.12   18.29    4.25 
1972 6	 108.00   32.86   21.88    5.89 
1972 7	  96.25   32.46   22.22    5.09 
1972 8	  90.18   33.20   22.00    3.82 
1972 9	 229.00   32.40   21.93    4.07 
1972 10	  66.35   27.55   15.61    6.04 
1972 11	 183.02   18.28    7.89    7.36 
1972 12	  67.38   18.12    5.13    6.90 
1973 1	 107.30   14.52    3.69    7.29 
1973 2	 100.67   17.51    5.00    6.74 
1973 3	 104.60   23.71   12.76    6.37 
1973 4	 187.70   23.69   13.44    7.34 
1973 5	  97.93   29.29   17.49    6.26 
1973 6	 364.73   31.13   22.02    5.11 
1973 7	 186.93   34.09   23.14    3.60 
1973 8	  86.75   31.97   22.17    4.17 
1973 9	 216.53   30.72   21.76    4.82 
1973 10	 276.83   28.30   17.36    5.96 
1973 11	  32.50   26.44   13.92    6.99 
1973 12	  71.22   19.71    5.02    7.39 
1974 1	 194.45   18.14    8.28    5.31 
1974 2	  30.55   21.14    6.80    6.81 
1974 3	 134.60   24.65   14.56    6.41 
1974 4	  65.15   26.04   14.79    7.79 
1974 5	 201.55   30.26   20.21    6.00 
1974 6	  32.20   32.62   21.28    4.97 
1974 7	  88.38   34.27   22.58    2.98 
1974 8	 157.30   32.92   23.04    3.55 
1974 9	 194.00   28.83   19.41    6.58 
1974 10	 139.00   28.30   15.86    7.33 
1974 11	 152.08   21.62   10.70    6.55 
1974 12	 103.88   18.73    6.95    5.95 
1975 1	 106.60   20.18    8.25    6.31 
1975 2	  24.93   19.89    7.15    5.40 
1975 3	  57.90   22.39   10.93    6.63 
1975 4	 120.25   25.17   15.54    7.55 
1975 5	 174.15   29.72   19.79    5.68 
1975 6	 289.03   31.93   22.17    5.13 
1975 7	 151.10   33.36   22.63    3.61 
1975 8	 158.35   32.87   22.55    3.99 
1975 9	  24.00   30.68   18.45    5.02 
1975 10	 110.85   28.31   14.33    5.90 
1975 11	  50.25   23.23    9.22    6.45 
1975 12	 102.27   17.86    6.05    6.28 
1976 1	  51.47   17.87    3.94    7.11 
1976 2	  12.00   23.05    8.92    6.11 
1976 3	  79.55   22.38   12.33    7.28 
1976 4	 100.60   26.15   14.98    6.37 
1976 5	 166.53   28.14   15.93    4.95 
1976 6	 124.00   31.64   20.58    4.80 
1976 7	 158.43   32.27   22.71    3.70 
1976 8	  79.80   34.24   21.61    3.13 
1976 9	 205.30   31.16   19.76    3.79 
1976 10	 133.38   22.43   10.46    6.38 
1976 11	 158.02   17.10    5.89    7.50 
1976 12	 160.62   15.86    4.13    6.82 
1977 1	  71.03   11.94    1.21    6.89 
1977 2	  53.92   18.96    5.94    7.08 
1977 3	  53.10   22.56   10.67    6.62 
1977 4	 106.60   26.01   13.60    6.04 
1977 5	  57.08   30.14   18.41    5.12 
1977 6	  85.33   33.74   22.14    4.71 
1977 7	  90.55   34.56   22.78    3.20 
1977 8	 110.40   34.04   23.85    4.18 
1977 9	 164.98   32.93   21.67    4.45 
1977 10	  26.80   28.19   14.74    5.09 
1977 11	 139.48   23.18   11.34    6.06 
1977 12	  62.28   18.78    6.17    7.09 
1978 1	 171.55    9.84    1.68    8.07 
1978 2	  76.38   12.86    2.33    6.98 
1978 3	  27.80   21.57    7.40    5.51 
1978 4	  17.05   25.92   14.52    5.89 
1978 5	  50.05   31.23   18.85    5.31 
1978 6	 132.03   32.84   21.87    3.98 
1978 7	  74.82   34.80   23.06    3.13 
1978 8	  92.47   34.48   22.85    4.13 
1978 9	 142.15   31.05   21.88    5.63 
1978 10	   0.05   28.48   13.55    5.58 
1978 11	 201.00   23.81   12.62    5.71 
1978 12	  43.33   18.20    5.64    7.18 
1979 1	 139.73   11.66    2.02    8.04 
1979 2	 106.10   16.01    5.66    6.38 
1979 3	 134.35   22.97   11.05    6.68 
1979 4	 242.82   25.69   15.91    5.70 
1979 5	 124.28   28.19   17.13    5.68 
1979 6	 146.18   31.66   21.56    4.67 
1979 7	 380.23   32.58   23.36    4.63 
1979 8	 123.35   32.91   22.46    3.33 
1979 9	 347.80   29.47   19.35    6.65 
1979 10	 113.20   28.93   14.53    5.29 
1979 11	  48.70   20.35    6.95    7.61 
1979 12	  58.85   17.98    4.83    6.40 
1980 1	 198.23   17.57    7.67    5.71 
1980 2	  67.95   17.19    5.21    6.48 
1980 3	 149.62   21.28   10.26    6.45 
1980 4	  68.88   24.86   12.17    5.76 
1980 5	  98.20   29.77   19.39    4.65 
1980 6	  13.80   34.45   22.60    5.08 
1980 7	  64.47   36.46   23.87    2.56 
1980 8	  36.60   34.83   23.42    5.21 
1980 9	 203.10   33.18   22.67    4.27 
1980 10	  54.95   26.37   12.89    6.16 
1980 11	  69.75   20.25    7.73    6.46 
1980 12	  47.30   18.20    6.22    5.91 
1981 1	  65.05   16.83    3.25    5.80 
1981 2	  68.25   18.63    5.89    5.98 
1981 3	  45.45   21.69    9.40    6.13 
1981 4	  63.28   27.62   17.95    5.59 
1981 5	 246.60   28.52   18.30    5.44 
1981 6	 392.05   31.79   23.07    5.57 
1981 7	 173.32   33.72   23.29    3.72 
1981 8	 216.02   33.79   23.24    3.42 
1981 9	  48.25   31.26   19.33    4.77 
1981 10	 288.20   27.12   16.16    5.62 
1981 11	  86.18   23.80   11.84    5.60 
1981 12	  60.38   19.76    6.80    6.52 
1982 1	  49.38   18.08    5.72    7.19 
1982 2	  63.73   16.45    5.77    6.51 
1982 3	  40.83   23.68   12.45    6.53 
1982 4	  78.55   24.55   14.28    6.70 
1982 5	 187.02   28.44   18.50    5.77 
1982 6	  84.90   33.15   21.47    3.65 
1982 7	  47.30   34.63   22.73    3.02 
1982 8	  83.90   34.12   23.26    2.90 
1982 9	  27.02   31.96   19.87    5.36 
1982 10	  64.75   26.39   15.01    6.38 
1982 11	 228.80   21.93   10.52    6.36 
1982 12	 153.18   18.79    8.20    7.54 
1983 1	  62.55   15.93    4.74    5.71 
1983 2	 106.65   16.94    5.90    7.17 
1983 3	  99.03   20.91    8.41    6.07 
1983 4	  10.50   23.22   12.64    7.04 
1983 5	 172.30   27.85   17.60    5.83 
1983 6	 172.12   30.40   21.23    4.31 
1983 7	 179.75   32.45   23.14    4.48 
1983 8	 275.30   33.11   22.96    3.04 
1983 9	 218.58   30.10   19.14    5.72 
1983 10	  41.83   27.21   14.90    5.30 
1983 11	  93.50   23.58   11.05    6.40 
1983 12	  78.32   14.28    2.30    7.81 
1984 1	  87.45   14.05    2.76    6.78 
1984 2	  84.75   19.30    6.28    6.57 
1984 3	  37.25   22.10   11.06    5.90 
1984 4	  10.72   25.66   14.90    6.80 
1984 5	  97.35   28.31   18.73    6.70 
1984 6	  45.45   30.17   21.41    4.81 
1984 7	 106.68   32.03   22.59    3.19 
1984 8	  95.97   32.22   22.54    3.50 
1984 9	 101.57   28.81   19.84    7.02 
1984 10	 202.35   26.52   18.29    6.25 
1984 11	  84.38   20.57   10.39    6.87 
1984 12	  83.03   21.40   12.55    6.64 
1985 1	  82.10   13.62    2.47    6.43 
1985 2	 148.03   13.75    5.07    6.62 
1985 3	 154.92   21.56   13.95    6.47 
1985 4	  41.12   25.88   16.61    6.59 
1985 5	  26.58   30.23   19.49    4.31 
1985 6	 108.90   32.91   22.77    5.18 
1985 7	  67.40   32.36   22.47    3.19 
1985 8	  56.60   34.99   23.16    3.09 
1985 9	 203.38   32.25   20.94    6.09 
1985 10	 190.40   26.65   17.95    7.43 
1985 11	 142.65   23.96   14.55    5.87 
1985 12	  63.30   16.26    4.88    6.42 
1986 1	  29.30   19.03    6.37    6.36 
1986 2	  82.57   21.35    9.75    6.60 
1986 3	  34.07   24.07   11.34    5.56 
1986 4	  64.75   27.23   16.85    5.90 
1986 5	 149.62   29.19   19.59    5.41 
1986 6	 216.58   32.31   23.06    3.48 
1986 7	   8.05   35.38   23.90    3.84 
1986 8	 122.25   33.93   22.91    3.46 
1986 9	 149.12   32.12   23.41    4.67 
1986 10	 162.25   26.13   15.90    5.79 
1986 11	 244.90   21.15   12.31    7.09 
1986 12	 182.27   15.36    6.79    6.97 
1987 1	  74.53   16.10    4.87    6.30 
1987 2	 121.68   18.56    8.29    6.49 
1987 3	  19.85   21.97    9.35    6.22 
1987 4	   7.12   27.58   12.11    4.41 
1987 5	 176.87   29.34   20.15    4.43 
1987 6	 365.45   31.77   22.50    5.07 
1987 7	 203.35   33.04   23.22    4.03 
1987 8	  70.20   35.08   24.01    3.64 
1987 9	  75.73   31.52   19.78    4.51 
1987 10	   5.15   26.81   13.01    6.24 
1987 11	  97.93   22.20    9.37    7.24 
1987 12	 105.27   18.60    7.40    6.49 
1988 1	  39.72   14.24    2.70    7.43 
1988 2	  28.27   17.73    5.95    6.77 
1988 3	 143.78   22.17    9.94    6.64 
1988 4	  51.07   26.42   12.83    5.50 
1988 5	  11.97   29.19   16.67    4.78 
1988 6	  57.20   32.59   20.37    4.46 
1988 7	 145.82   33.71   22.67    3.79 
1988 8	  72.80   34.72   23.29    3.83 
1988 9	  73.97   32.36   20.59    6.01 
1988 10	  31.32   28.16   15.94    5.33 
1988 11	  21.25   24.94   11.97    7.16 
1988 12	  39.80   19.32    6.81    6.37 
1989 1	 146.70   19.13    8.97    5.95 
1989 2	  29.23   16.08    6.29    7.78 
1989 3	  67.28   21.79    9.82    6.70 
1989 4	  27.82   25.70   14.73    5.63 
1989 5	 181.95   30.19   20.82    5.67 
1989 6	 421.53   30.27   22.69    6.16 
1989 7	  85.55   32.31   23.72    4.20 
1989 8	 108.55   32.22   22.98    3.57 
1989 9	  37.45   31.09   19.80    5.67 
1989 10	  79.28   28.32   14.32    6.06 
1989 11	  72.10   22.77   12.69    6.89 
1989 12	  14.97   12.99    1.11    7.67 
1990 1	 140.95   19.50    7.98    5.85 
1990 2	 120.28   20.69   10.31    7.18 
1990 3	 137.25   22.11   13.03    6.28 
1990 4	  91.60   25.70   15.93    6.44 
1990 5	  91.75   29.73   21.36    6.21 
1990 6	  71.55   34.49   23.93    4.40 
1990 7	  78.43   32.92   22.83    3.61 
1990 8	  70.62   34.83   23.68    2.85 
1990 9	 137.80   31.68   21.69    3.69 
1990 10	  75.77   26.86   13.87    5.92 
1990 11	  61.83   23.71   11.42    6.48 
1990 12	  97.07   17.81    6.22    6.55 
1991 1	 270.77   14.08    5.38    6.66 
1991 2	 154.60   19.25    8.59    6.55 
1991 3	  53.55   23.20   12.45    7.36 
1991 4	 260.82   26.53   17.98    6.28 
1991 5	 177.22   29.69   20.81    6.26 
1991 6	 176.70   32.32   22.92    4.53 
1991 7	  79.00   33.69   23.71    3.42 
1991 8	  45.33   33.39   23.77    2.99 
1991 9	 131.65   30.47   20.33    5.37 
1991 10	  50.55   29.34   15.89    5.75 
1991 11	 123.53   19.25    7.72    7.65 
1991 12	 185.32   17.76    9.29    7.08 
1992 1	 191.98   15.47    5.60    6.50 
1992 2	 212.97   20.37    9.22    6.31 
1992 3	 161.78   22.97   11.59    5.94 
1992 4	 103.65   25.18   14.46    4.92 
1992 5	 140.80   27.91   17.72    4.64 
1992 6	 167.07   32.62   22.24    3.72 
1992 7	  87.80   33.35   23.73    4.75 
1992 8	  79.35   32.09   20.95    3.12 
1992 9	  59.93   31.60   21.06    5.24 
1992 10	  50.30   28.47   14.63    5.84 
1992 11	 135.57   19.22    7.78    7.12 
1992 12	 111.62   18.51    8.29    5.45 
1993 1	 156.20   17.07    6.25    5.99 
1993 2	  75.20   19.91    7.15    6.61 
1993 3	 163.75   21.96    9.86    5.62 
1993 4	 115.60   24.66   13.28    6.34 
1993 5	 167.48   28.15   17.67    5.12 
1993 6	 170.98   31.01   23.06    6.38 
1993 7	  17.60   34.33   24.06    4.04 
1993 8	  23.30   35.68   23.81    2.97 
1993 9	  51.60   32.98   20.52    4.84 
1993 10	 177.70   26.55   15.59    6.21 
1993 11	 154.25   20.10    7.87    6.92 
1993 12	  71.17   18.73    6.67    6.68 
1994 1	  95.20   17.10    5.24    7.56 
1994 2	  42.75   18.64    6.73    6.53 
1994 3	  73.25   23.72   10.72    5.71 
1994 4	  78.47   26.28   15.18    5.78 
1994 5	 184.43   29.21   18.79    5.03 
1994 6	 129.73   32.75   23.36    4.86 
1994 7	  60.65   34.74   23.67    4.44 
1994 8	 154.90   33.37   22.34    3.63 
1994 9	  58.40   32.40   19.51    4.22 
1994 10	 545.73   27.97   16.71    6.06 
1994 11	  23.75   25.07   13.67    6.54 
1994 12	 163.48   19.87    9.05    6.24 
1995 1	 142.65   18.02    6.59    7.10 
1995 2	  84.13   21.42    7.52    5.85 
1995 3	 148.30   22.39   12.09    6.38 
1995 4	  92.00   26.08   14.11    6.67 
1995 5	 230.62   30.41   19.95    6.15 
1995 6	  90.40   32.50   20.72    4.50 
1995 7	  90.97   34.60   23.60    3.97 
1995 8	  97.15   34.30   24.27    3.74 
1995 9	  66.90   33.05   21.27    4.63 
1995 10	  76.15   27.62   15.00    7.96 
1995 11	 106.07   22.26    9.84    6.60 
1995 12	 150.65   18.18    8.09    7.15 
1996 1	  41.45   18.15    4.92    7.25 
1996 2	  35.53   20.61    8.52    6.72 
1996 3	   8.75   20.02    7.81    6.94 
1996 4	  46.95   26.00   13.89    6.43 
1996 5	  19.25   30.76   21.91    5.81 
1996 6	 253.52   33.21   22.16    4.20 
1996 7	  36.48   35.00   23.93    3.95 
1996 8	 163.30   33.37   23.11    4.13 
1996 9	 197.55   31.48   20.74    3.97 
1996 10	  57.30   27.00   16.43    7.32 
1996 11	  53.17   22.89   11.97    7.20 
1996 12	  88.55   20.06    9.22    6.31 
1997 1	 146.45   15.59    6.27    6.69 
1997 2	 172.05   17.92    8.94    7.19 
1997 3	 190.35   23.70   13.95    5.58 
1997 4	 253.78   23.32   13.11    7.23 
1997 5	 236.88   28.51   18.59    5.07 
1997 6	 111.30   31.83   22.31    4.13 
1997 7	  48.62   34.62   24.10    2.65 
1997 8	  86.42   34.34   23.93    3.39 
1997 9	 200.30   32.30   21.54    4.08 
1997 10	 160.12   26.00   16.44    7.19 
1997 11	  91.53   19.54    9.35    6.28 
1997 12	 141.95   17.13    5.53    6.87 
1998 1	 295.25   20.24    9.41    5.75 
1998 2	 135.27   19.10    8.46    6.18 
1998 3	  60.72   21.54   10.82    7.31 
1998 4	  18.77   25.95   13.92    5.96 
1998 5	   0.15   31.92   21.18    4.61 
1998 6	  72.12   34.50   25.21    6.58 
1998 7	  74.53   35.92   24.94    4.02 
1998 8	 123.97   34.76   24.50    3.29 
1998 9	 285.13   32.86   23.50    7.36 
1998 10	 188.77   27.86   17.53    7.47 
1998 11	 220.62   22.68   13.35    6.04 
1998 12	 153.30   18.55    8.08    6.44 
1999 1	  68.62   20.22    7.91    7.22 
1999 2	  26.35   22.62   10.75    5.60 
1999 3	  98.92   22.91   12.46    6.04 
1999 4	  18.57   27.85   17.62    6.74 
1999 5	 189.05   30.01   19.80    5.00 
1999 6	 150.07   31.68   23.68    4.97 
1999 7	 144.40   32.87   24.16    3.54 
1999 8	  26.50   36.16   25.00    3.12 
1999 9	  70.88   32.31   19.80    5.29 
1999 10	  11.43   27.89   14.54    6.39 
1999 11	  47.52   24.64   10.43    5.63 
1999 12	  72.72   19.44    6.10    7.04 
2000 1	  38.48   19.80    8.63    6.91 
2000 2	  49.85   22.49   11.01    6.41 
2000 3	  43.63   24.81   14.23    5.50 
2000 4	 137.77   26.12   14.97    5.35 
2000 5	 204.23   30.01   21.50    5.77 
2000 6	 100.45   32.18   23.58    5.04 
2000 7	  63.68   35.79   24.08    2.94 
2000 8	  29.85   35.34   23.78    2.71 
2000 9	 128.42   32.95   20.52    5.79 
2000 10	  95.65   26.89   17.12    6.66 
2000 11	 281.20   19.84   10.23    6.64 
2000 12	  64.75   14.37    4.10    7.13 
2001 1	 120.48   15.00    4.99    6.11 
2001 2	  10.58   20.26   10.71    6.25 
2001 3	 219.68   19.69    9.04    5.91 
2001 4	  20.95   26.68   17.84    7.31 
2001 5	  71.50   29.76   19.67    5.45 
2001 6	 527.65   31.59   22.42    4.35 
2001 7	 105.78   33.54   24.33    3.00 
2001 8	 244.50   33.32   24.09    4.15 
2001 9	 248.60   30.11   20.64    5.77 
2001 10	 152.32   25.83   14.31    6.66 
2001 11	 127.88   23.77   12.19    6.11 
2001 12	 195.07   19.18    8.42    6.39 
2002 1	  46.32   18.79    7.12    6.52 
2002 2	  71.65   17.54    5.20    6.98 
2002 3	  58.45   21.78   11.21    7.14 
2002 4	 125.57   27.08   18.59    6.00 
2002 5	 101.05   29.21   20.61    6.75 
2002 6	 139.62   31.69   22.95    4.84 
2002 7	 211.45   32.96   24.49    3.94 
2002 8	 219.60   33.14   24.13    3.92 
2002 9	 192.63   30.91   22.03    6.64 
2002 10	 286.93   26.04   18.40    5.22 
2002 11	  94.55   20.56    9.63    6.64 
2002 12	 156.17   17.66    7.70    7.27 
2003 1	  51.67   15.41    5.05    6.32 
2003 2	  94.90   16.82    8.01    6.46 
2003 3	  38.55   21.46   11.51    4.38 
2003 4	  35.30   25.80   16.48    5.57 
2003 5	   0.90   31.50   22.16    5.65 
2003 6	 155.00   32.55   23.17    4.08 
2003 7	 141.27   32.40   24.33    4.39 
2003 8	 186.43   33.71   24.38    3.74 
2003 9	 200.95   30.02   20.76    5.23 
2003 10	 111.70   27.47   16.32    5.66 
2003 11	 121.87   24.12   13.10    7.01 
2003 12	  88.78   18.33    5.92    6.61 
2004 1	 116.45   17.18    8.24    6.56 
2004 2	 182.55   16.44    7.44    6.79 
2004 3	  40.10   23.87   14.78    6.04 
2004 4	  92.12   25.43   15.98    6.02 
2004 5	 142.00   28.82   20.47    6.17 
2004 6	 301.50   31.12   23.34    4.88 
2004 7	  54.75   33.35   24.38    3.19 
2004 8	  62.30   33.35   23.19    4.28 
2004 9	  38.95   32.53   22.09    4.77 
2004 10	  62.65   29.82   20.74    5.63 
2004 11	 320.42   22.33   12.49    6.52 
2004 12	  57.90   18.14    7.02    7.14 
2005 1	  56.00   18.75    8.86    5.96 
2005 2	 128.33   18.92   10.89    5.94 
2005 3	  91.72   22.33   11.19    5.19 
2005 4	  19.90   25.90   14.48    5.92 
2005 5	 110.45   29.65   18.66    4.80 
2005 6	   5.15   33.69   23.49    4.10 
2005 7	 262.72   33.99   24.29    4.17 
2005 8	  87.47   34.41   24.62    3.23 
2005 9	  70.25   34.04   23.78    5.28 
2005 10	  50.22   28.50   15.72    6.68 
2005 11	  63.55   24.43   12.80    6.75 
2005 12	  96.20   18.11    5.90    6.99 
2006 1	  61.75   21.22    8.92    6.16 
2006 2	  46.77   19.11    7.43    6.48 
2006 3	  40.60   23.93   13.83    6.93 
2006 4	  45.55   28.05   18.01    5.83 
2006 5	 176.02   30.01   19.83    5.47 
2006 6	 213.40   32.45   22.19    3.16 
2006 7	 216.48   32.13   24.26    3.22 
2006 8	  52.67   33.79   24.74    3.47 
2006 9	  82.65   31.47   20.68    4.09 
2006 10	 399.88   27.87   17.28    6.17 
2006 11	  11.38   23.36   11.32    6.41 
2006 12	 156.48   18.23    8.05    7.08 
2007 1	 151.37   14.86    6.22    7.00 
2007 2	  40.25   18.24    7.34    6.09 
2007 3	 195.12   23.91   14.03    5.96 
2007 4	 106.97   24.33   14.17    6.17 
2007 5	 276.33   29.09   20.11    5.61 
2007 6	 138.60   31.99   23.65    4.52 
2007 7	 247.90   31.47   23.87    4.39 
2007 8	 144.55   33.99   25.16    3.62 
2007 9	 244.15   32.06   22.72    4.30 
2007 10	  78.80   28.77   17.05    6.65 
2007 11	 124.65   23.05   12.46    5.47 
2007 12	  51.85   21.00    8.67    5.27 
2008 1	 147.47   16.73    6.29    7.54 
2008 2	 104.50   21.84    9.61    6.25 
2008 3	  66.45   23.34   12.06    7.39 
2008 4	  32.12   26.47   15.85    6.47 
2008 5	 101.53   30.09   21.11    6.01 
2008 6	 111.05   33.78   24.06    4.65 
2008 7	 122.93   33.73   24.27    4.20 
2008 8	 240.25   32.93   24.29    3.80 
2008 9	 316.60   30.95   20.69    6.28 
2008 10	  70.30   27.14   15.01    6.00 
2008 11	 113.52   23.07   11.35    6.37 
2008 12	  31.08   18.70    7.88    7.39 
2009 1	   5.38   18.90    5.93    6.16 
2009 2	  49.25   21.74   10.49    6.76 
2009 3	  68.58   22.24   11.93    6.57 
2009 4	 267.32   25.41   15.28    7.00 
2009 5	  23.52   30.12   21.01    5.65 
2009 6	  16.98   34.38   24.02    3.89 
2009 7	  84.88   35.31   25.51    3.16 
2009 8	  64.32   34.95   24.94    2.39 
2009 9	 107.08   30.20   22.09    3.88 
2009 10	 282.53   26.81   17.11    6.66 
2009 11	  47.55   22.46   11.35    6.62 
2009 12	 208.40   14.29    5.77    7.31 
2010 1	  67.85   14.89    4.55    6.83 
2010 2	  85.53   13.89    4.35    7.04 
2010 3	  43.85   20.55    9.66    5.91 
2010 4	  24.20   25.41   15.88    6.07 
2010 5	  92.43   30.94   21.28    4.84 
2010 6	 106.60   33.09   24.98    4.68 
2010 7	 245.20   32.53   25.02    4.98 
2010 8	  45.83   35.49   25.76    3.10 
2010 9	 147.02   31.63   22.76    5.92 
2010 10	   0.30   29.35   15.91    5.07 
2010 11	  94.90   22.16   11.34    6.63 
2010 12	 105.12   18.49    7.42    7.02 
