1949 1	 109.55    4.74   -7.00    3.76 
1949 2	  13.88   12.89   -1.51    3.14 
1949 3	  17.47   18.29    0.80    3.64 
1949 4	  55.88   20.86    5.35    2.94 
1949 5	 101.20   26.88   12.43    3.45 
1949 6	  71.32   31.85   16.27    3.65 
1949 7	  45.77   34.07   18.76    2.86 
1949 8	  47.12   32.24   17.11    2.44 
1949 9	  71.17   28.26   13.76    2.67 
1949 10	  37.03   23.62    7.05    2.98 
1949 11	   0.00   23.26    1.92    2.67 
1949 12	  10.85   13.11   -3.58    3.19 
1950 1	   3.08   15.31   -3.69    3.49 
1950 2	   4.78   17.83   -1.17    3.16 
1950 3	   0.00   19.63   -0.97    4.18 
1950 4	  22.37   23.73    5.66    4.21 
1950 5	  23.20   28.13   10.41    3.25 
1950 6	  53.47   32.84   17.04    3.80 
1950 7	 144.23   30.17   17.49    3.42 
1950 8	  66.85   31.67   15.73    2.92 
1950 9	 195.80   25.81   13.67    2.70 
1950 10	   0.25   27.18    8.85    2.99 
1950 11	   0.05   19.61   -1.18    3.26 
1950 12	   1.40   14.80   -5.01    2.62 
1951 1	  13.02   12.53   -5.82    3.70 
1951 2	  22.28   15.29   -3.45    4.20 
1951 3	  14.73   17.03   -0.63    3.79 
1951 4	  28.43   22.74    4.07    3.83 
1951 5	 126.10   27.23   11.28    3.56 
1951 6	  33.38   32.33   16.28    3.88 
1951 7	  37.78   34.98   20.05    3.27 
1951 8	  45.97   33.42   18.93    3.12 
1951 9	  71.40   29.66   13.78    3.32 
1951 10	  20.53   25.55    7.58    3.41 
1951 11	  11.88   15.00   -0.84    3.31 
1951 12	   7.43   13.27   -2.96    3.60 
1952 1	  31.00   13.97   -2.66    3.50 
1952 2	   0.88   16.13   -2.60    3.69 
1952 3	   6.97   17.34   -1.08    4.27 
1952 4	  70.12   21.89    5.58    3.53 
1952 5	  23.03   28.02   11.18    3.68 
1952 6	  16.65   35.18   18.90    4.25 
1952 7	  74.47   33.20   18.16    3.29 
1952 8	  20.55   35.58   19.26    3.19 
1952 9	  20.80   29.28   12.99    2.27 
1952 10	   0.00   25.05    4.73    2.75 
1952 11	  19.27   14.96   -0.24    3.09 
1952 12	  10.55   12.64   -3.21    2.87 
1953 1	  16.90   17.18   -1.30    4.09 
1953 2	   9.43   15.05   -2.76    3.16 
1953 3	  13.07   22.00    3.60    3.35 
1953 4	  15.05   23.88    4.80    3.62 
1953 5	  31.10   28.39   10.25    4.02 
1953 6	  17.90   36.96   19.37    4.18 
1953 7	  88.05   34.01   18.97    3.31 
1953 8	  31.83   32.62   17.74    2.60 
1953 9	   0.62   32.12   12.14    2.45 
1953 10	  81.30   24.37    8.37    3.09 
1953 11	   1.38   17.45    1.58    2.89 
1953 12	   1.83   11.19   -4.29    3.74 
1954 1	   0.75   14.34   -3.84    3.19 
1954 2	   0.28   19.56   -0.39    3.84 
1954 3	   1.92   17.48    0.01    3.63 
1954 4	  57.78   26.02    8.96    3.98 
1954 5	  96.20   24.25    9.65    3.41 
1954 6	  16.75   33.34   16.59    3.90 
1954 7	   5.30   36.35   19.12    2.95 
1954 8	  45.58   33.91   18.74    3.40 
1954 9	   1.17   32.56   14.79    2.90 
1954 10	  10.00   25.35    8.46    2.99 
1954 11	   1.33   20.30    0.53    2.69 
1954 12	   9.48   16.22   -2.75    3.32 
1955 1	  16.20   11.46   -3.29    3.29 
1955 2	   2.82   14.38   -5.54    3.51 
1955 3	   2.12   20.83   -0.51    3.74 
1955 4	   4.17   26.04    5.83    4.13 
1955 5	 186.27   27.73   11.96    3.27 
1955 6	 153.97   31.78   14.82    3.82 
1955 7	  47.90   33.25   18.32    3.14 
1955 8	  18.43   34.04   17.42    2.29 
1955 9	  41.77   30.72   14.09    2.79 
1955 10	  67.70   25.15    6.47    2.78 
1955 11	   3.88   18.68   -1.65    3.22 
1955 12	   0.00   16.19   -3.65    3.18 
1956 1	   0.73   14.30   -4.65    3.01 
1956 2	  51.30   11.17   -5.37    3.60 
1956 3	   0.30   22.02   -0.09    3.69 
1956 4	   5.07   24.16    4.70    3.66 
1956 5	  50.15   31.13   13.13    3.91 
1956 6	  37.35   35.21   18.15    3.61 
1956 7	  35.78   35.55   18.38    3.43 
1956 8	   0.73   35.07   16.66    3.36 
1956 9	   0.00   33.58   13.23    3.06 
1956 10	   6.45   27.16    8.70    2.60 
1956 11	   0.57   17.89   -1.88    3.02 
1956 12	   5.93   15.86   -2.03    3.35 
1957 1	   2.95   12.71   -3.87    3.39 
1957 2	  25.52   17.20    2.14    3.04 
1957 3	  25.48   17.92    1.46    3.53 
1957 4	 114.08   21.05    5.18    3.78 
1957 5	 163.82   24.26   11.07    3.04 
1957 6	 118.07   30.40   16.16    3.44 
1957 7	   7.80   36.32   19.13    2.85 
1957 8	  73.38   33.37   18.44    2.85 
1957 9	   9.32   29.41   11.99    2.82 
1957 10	  88.15   21.51    7.81    2.87 
1957 11	  31.43   12.44    0.24    2.94 
1957 12	   5.38   15.84   -2.55    3.54 
1958 1	  41.88    9.47   -4.27    3.23 
1958 2	   8.07   11.46   -2.70    3.83 
1958 3	  58.77   10.80   -1.04    3.06 
1958 4	  76.72   20.20    5.19    3.49 
1958 5	  56.70   28.25   11.94    2.67 
1958 6	  33.23   34.14   17.27    3.43 
1958 7	  57.48   34.70   18.77    4.01 
1958 8	  12.27   34.91   18.05    2.39 
1958 9	  81.38   29.27   15.16    2.73 
1958 10	   9.72   21.79    8.33    2.45 
1958 11	   7.12   18.48    0.86    2.79 
1958 12	   1.70   13.52   -4.83    3.09 
1959 1	   2.57   12.33   -6.52    3.68 
1959 2	   0.75   13.60   -2.83    3.67 
1959 3	   0.95   19.66   -0.70    4.06 
1959 4	  31.63   23.33    5.32    3.82 
1959 5	  61.20   28.53   12.71    3.80 
1959 6	 125.52   32.25   17.05    2.95 
1959 7	  88.82   32.36   17.92    2.45 
1959 8	   9.83   34.44   18.40    2.97 
1959 9	  15.58   31.89   13.86    3.56 
1959 10	  44.25   22.13    5.42    2.69 
1959 11	   0.68   15.45   -2.57    2.85 
1959 12	  62.40   12.33   -1.49    3.35 
1960 1	  22.30    8.59   -4.66    3.18 
1960 2	  26.83    9.72   -5.91    4.20 
1960 3	  16.43   15.03   -2.19    3.10 
1960 4	   7.95   25.69    6.50    4.09 
1960 5	  36.05   29.15    9.35    3.51 
1960 6	  93.22   33.41   16.47    3.34 
1960 7	 248.70   31.86   18.09    2.68 
1960 8	  23.60   32.83   17.69    2.96 
1960 9	  70.35   29.89   14.06    2.56 
1960 10	 179.45   24.13    8.73    2.91 
1960 11	   0.05   18.91    1.41    2.98 
1960 12	  44.25    7.95   -3.08    3.49 
1961 1	  18.08    9.96   -6.81    3.09 
1961 2	  37.62   12.58   -2.43    3.41 
1961 3	  39.95   18.13    1.07    3.67 
1961 4	   9.30   24.06    4.67    4.22 
1961 5	  66.15   28.70   11.04    3.63 
1961 6	 112.80   30.00   15.15    3.02 
1961 7	 114.55   30.03   16.47    2.93 
1961 8	  36.05   31.38   15.83    2.37 
1961 9	  29.30   28.21   12.22    3.61 
1961 10	  11.40   24.56    6.13    3.36 
1961 11	  34.55   12.83   -0.08    3.30 
1961 12	   9.05   11.43   -3.53    3.19 
1962 1	  11.17    9.97   -7.51    3.54 
1962 2	   0.10   19.51   -1.20    3.76 
1962 3	   1.05   17.79   -1.02    4.00 
1962 4	  31.00   23.87    6.69    3.52 
1962 5	  83.72   32.04   13.38    5.12 
1962 6	 123.08   30.41   15.74    3.04 
1962 7	  78.05   32.75   18.63    3.12 
1962 8	  23.17   34.47   16.58    2.76 
1962 9	 113.35   27.82   14.64    2.43 
1962 10	  62.18   24.89    8.63    3.16 
1962 11	  36.17   17.63    2.59    2.56 
1962 12	  16.43   13.36   -1.73    2.82 
1963 1	   0.52   10.38   -9.64    3.36 
1963 2	  25.30   15.24   -3.63    3.33 
1963 3	  14.07   20.78    1.30    3.99 
1963 4	   6.40   26.27    8.45    3.73 
1963 5	  83.15   29.09   12.79    3.69 
1963 6	 134.58   30.41   16.66    3.63 
1963 7	  73.60   34.08   19.43    3.46 
1963 8	  65.12   32.86   18.36    2.40 
1963 9	  29.93   29.77   15.27    2.04 
1963 10	  18.50   27.81    9.70    2.40 
1963 11	  38.22   18.98    1.72    2.88 
1963 12	   6.85    9.82   -4.90    2.70 
1964 1	  14.07   12.98   -5.08    3.63 
1964 2	  19.80   10.26   -5.51    3.51 
1964 3	  13.12   18.58   -1.13    3.76 
1964 4	   1.90   25.56    5.51    3.94 
1964 5	  38.45   29.56   12.42    3.72 
1964 6	  71.38   31.81   15.50    3.87 
1964 7	  11.52   34.67   19.05    2.97 
1964 8	  67.22   33.00   17.77    3.39 
1964 9	 108.75   26.95   14.03    2.58 
1964 10	  12.95   24.21    7.03    2.62 
1964 11	  22.77   16.39    1.82    3.26 
1964 12	  28.20   12.45   -3.29    3.36 
1965 1	   1.88   14.80   -2.91    3.71 
1965 2	  10.87   12.19   -4.98    3.63 
1965 3	   4.35   12.00   -4.20    3.80 
1965 4	  23.17   25.33    8.15    3.57 
1965 5	  40.95   28.95   13.03    3.77 
1965 6	 103.80   31.34   16.58    3.74 
1965 7	   9.18   34.97   19.67    2.73 
1965 8	  24.50   32.72   17.76    2.87 
1965 9	  82.70   29.75   14.40    3.11 
1965 10	  38.30   23.80    8.15    2.52 
1965 11	   0.00   21.25    4.41    2.31 
1965 12	  11.43   14.48   -0.32    3.53 
1966 1	   9.20    6.98   -7.14    2.91 
1966 2	   4.32   10.54   -5.00    3.43 
1966 3	  11.93   20.28    2.64    4.19 
1966 4	  61.15   21.94    6.81    3.33 
1966 5	  19.27   26.89   11.76    2.99 
1966 6	  92.07   31.32   17.53    3.55 
1966 7	  30.03   35.43   21.02    2.93 
1966 8	 173.98   29.83   17.48    2.75 
1966 9	  56.30   27.11   14.56    1.92 
1966 10	   1.05   23.04    5.81    2.49 
1966 11	   1.45   20.08    3.10    3.51 
1966 12	   1.70   11.81   -5.10    2.94 
1967 1	   0.00   14.40   -4.85    3.47 
1967 2	   9.30   14.16   -3.34    3.52 
1967 3	  23.05   21.69    3.71    4.38 
1967 4	   9.15   25.33    9.47    4.76 
1967 5	  85.20   26.93    9.85    3.54 
1967 6	  97.22   30.62   17.67    3.90 
1967 7	  89.60   31.41   18.64    3.21 
1967 8	  31.20   31.30   17.35    2.76 
1967 9	  36.20   26.67   13.65    2.62 
1967 10	   7.82   25.00    7.32    3.54 
1967 11	   2.75   16.74    1.88    2.93 
1967 12	  11.55    9.86   -4.37    3.61 
1968 1	  27.67   10.31   -2.43    3.77 
1968 2	  34.60   11.06   -3.61    3.02 
1968 3	  47.72   16.10    2.42    4.64 
1968 4	  16.52   20.94    5.50    3.86 
1968 5	 102.70   25.84   11.12    4.05 
1968 6	  59.30   31.33   16.14    3.72 
1968 7	  91.55   31.16   18.27    3.46 
1968 8	  90.00   31.07   17.87    3.62 
1968 9	  28.40   27.96   12.38    2.91 
1968 10	  27.60   25.00    8.66    3.78 
1968 11	  37.00   15.05    1.54    3.56 
1968 12	  10.15   12.42   -3.88    4.21 
1969 1	   0.03   13.92   -2.78    3.55 
1969 2	  23.68   12.89   -1.56    3.48 
1969 3	  39.13   10.98   -2.49    3.64 
1969 4	  33.75   23.78    7.80    4.16 
1969 5	 150.65   26.74   12.41    3.20 
1969 6	  59.65   31.33   15.91    3.67 
1969 7	  35.62   35.90   21.01    3.09 
1969 8	  46.95   33.87   19.34    2.62 
1969 9	  93.90   26.78   15.22    2.36 
1969 10	 140.98   19.22    6.78    3.50 
1969 11	  17.65   16.83    0.77    2.81 
1969 12	  14.38   13.74   -1.95    3.11 
1970 1	   0.00   10.17   -5.71    3.10 
1970 2	   0.20   15.03   -1.81    3.16 
1970 3	  54.67   14.15   -0.61    3.49 
1970 4	  12.05   22.24    5.47    3.54 
1970 5	  35.75   28.92   11.68    3.59 
1970 6	  27.98   31.85   16.49    3.66 
1970 7	   4.57   34.26   19.51    3.15 
1970 8	  39.33   33.94   18.34    2.94 
1970 9	  62.67   27.71   14.62    3.21 
1970 10	  41.17   20.59    5.41    2.72 
1970 11	   2.55   16.93   -0.38    3.47 
1970 12	   1.05   15.82   -1.61    2.88 
1971 1	   0.00   13.80   -4.17    3.19 
1971 2	  18.67   13.53   -3.65    3.88 
1971 3	   1.62   18.56    0.14    3.90 
1971 4	  24.48   22.80    6.37    3.60 
1971 5	  86.02   27.64   10.85    3.77 
1971 6	  87.98   32.29   17.88    3.92 
1971 7	  23.83   33.26   18.80    2.76 
1971 8	  81.88   28.46   16.70    2.24 
1971 9	 169.38   27.04   13.76    3.08 
1971 10	  41.30   23.14    8.96    2.81 
1971 11	  13.30   17.46    2.37    3.27 
1971 12	  27.67   12.06   -1.72    3.66 
1972 1	   1.08   13.08   -5.14    3.38 
1972 2	   2.08   16.10   -2.98    3.49 
1972 3	   0.75   22.28    3.08    3.61 
1972 4	   5.27   26.23    7.85    4.16 
1972 5	  97.43   26.42   11.62    2.80 
1972 6	  82.77   31.85   17.24    2.81 
1972 7	  75.48   30.79   17.92    3.38 
1972 8	  88.12   29.71   17.40    2.80 
1972 9	  64.67   28.11   14.87    2.89 
1972 10	  54.80   22.85    8.16    2.88 
1972 11	  25.23   10.74   -1.03    2.78 
1972 12	   9.88    9.86   -5.48    3.53 
1973 1	  21.90    6.58   -5.11    3.61 
1973 2	  25.35   10.94   -3.34    3.48 
1973 3	  84.80   16.17    2.35    4.26 
1973 4	  46.80   18.68    4.11    3.44 
1973 5	  23.98   26.41   10.20    3.24 
1973 6	  21.80   32.04   16.11    3.60 
1973 7	  85.18   31.73   17.98    2.96 
1973 8	  49.60   32.49   17.54    3.05 
1973 9	  39.57   27.40   13.52    3.22 
1973 10	  31.15   25.61    8.86    3.15 
1973 11	   1.10   19.19    2.15    4.03 
1973 12	   0.20   14.16   -3.97    4.27 
1974 1	   2.35   11.34   -5.18    3.47 
1974 2	   0.15   16.36   -3.21    4.34 
1974 3	  41.15   22.09    3.06    4.53 
1974 4	  42.85   23.36    6.56    4.82 
1974 5	  26.67   30.35   13.67    3.95 
1974 6	  83.87   31.90   17.10    3.51 
1974 7	  29.52   33.95   19.52    3.08 
1974 8	 155.65   29.48   17.07    3.06 
1974 9	 153.23   23.65   11.13    2.82 
1974 10	 120.93   21.99    9.23    3.23 
1974 11	  19.45   15.59    1.60    3.08 
1974 12	  26.53   10.80   -3.56    3.26 
1975 1	  19.27   11.27   -4.18    3.93 
1975 2	  35.20   10.41   -4.02    3.61 
1975 3	   1.22   16.46   -1.99    4.16 
1975 4	  18.90   22.33    4.48    4.67 
1975 5	  47.20   27.54   10.79    3.34 
1975 6	 102.50   31.52   16.26    4.15 
1975 7	  83.70   30.40   17.89    2.60 
1975 8	  76.40   31.88   17.73    3.13 
1975 9	  48.50   26.71   11.63    3.09 
1975 10	   3.82   25.55    5.80    3.44 
1975 11	  42.70   17.41    0.36    3.90 
1975 12	  13.15   14.03   -3.01    3.24 
1976 1	   0.98   13.21   -5.58    3.48 
1976 2	   0.20   18.88   -0.16    4.20 
1976 3	   8.02   19.56    0.58    4.13 
1976 4	  67.38   23.64    8.06    4.26 
1976 5	  25.98   25.03    8.92    3.18 
1976 6	  33.55   32.31   15.58    3.48 
1976 7	 108.93   30.31   17.55    2.98 
1976 8	  34.20   32.60   17.22    2.51 
1976 9	  67.30   27.22   13.81    2.31 
1976 10	  36.20   19.39    3.62    2.85 
1976 11	  12.50   13.32   -2.07    2.81 
1976 12	   0.00   12.59   -4.94    3.10 
1977 1	   7.55    7.20   -7.54    2.55 
1977 2	  14.52   14.96   -1.55    3.58 
1977 3	  17.12   18.40    0.89    4.14 
1977 4	  66.28   21.23    7.69    3.69 
1977 5	 134.10   27.41   14.30    4.06 
1977 6	  54.07   33.62   17.97    3.48 
1977 7	  23.53   33.81   18.49    2.99 
1977 8	 116.33   32.37   18.79    3.23 
1977 9	   4.05   32.03   15.79    3.03 
1977 10	  28.60   24.16    8.36    2.66 
1977 11	   0.62   18.83    1.53    3.22 
1977 12	   1.30   14.44   -2.44    3.51 
1978 1	  14.12    5.61   -7.31    3.08 
1978 2	  36.58    5.00   -5.64    3.22 
1978 3	   9.27   18.07    1.15    3.71 
1978 4	   7.50   26.82    8.24    4.20 
1978 5	  93.35   26.69   12.04    3.43 
1978 6	  76.12   32.38   17.86    3.51 
1978 7	  13.63   35.83   20.07    2.92 
1978 8	  31.33   32.32   17.81    3.04 
1978 9	  72.40   28.53   15.70    2.69 
1978 10	  15.62   23.77    8.33    2.57 
1978 11	  45.55   14.71    3.45    2.96 
1978 12	   5.00   10.25   -4.56    3.52 
1979 1	  11.38    4.09   -7.49    3.20 
1979 2	  26.58   12.27   -3.67    3.15 
1979 3	  57.78   16.91    2.21    3.84 
1979 4	  25.07   22.59    6.99    3.35 
1979 5	 100.68   26.25   11.76    3.55 
1979 6	 145.77   30.14   16.33    3.29 
1979 7	 121.20   33.03   19.26    2.90 
1979 8	  59.90   30.56   17.01    2.82 
1979 9	  16.70   30.18   13.82    2.20 
1979 10	  30.53   26.78    8.12    3.21 
1979 11	   4.90   13.73   -0.99    2.71 
1979 12	  23.65   11.85   -2.23    3.17 
1980 1	  13.00   10.36   -3.15    3.33 
1980 2	  23.57   13.23   -2.54    3.58 
1980 3	  14.05   17.63   -0.27    4.29 
1980 4	  36.10   22.42    5.04    3.63 
1980 5	  85.62   26.06   11.67    3.13 
1980 6	  49.97   35.22   19.08    4.22 
1980 7	  12.05   37.01   20.47    3.24 
1980 8	  29.78   33.82   19.40    3.77 
1980 9	 104.58   28.79   15.89    2.99 
1980 10	  16.82   23.00    7.23    2.74 
1980 11	  41.35   14.50    0.43    2.87 
1980 12	  14.15   14.43   -1.21    3.42 
1981 1	   4.50   12.56   -2.81    2.44 
1981 2	  12.03   15.24   -2.36    3.37 
1981 3	  30.75   16.53    2.97    3.70 
1981 4	  72.25   24.18    9.35    4.05 
1981 5	  43.97   27.09   11.80    3.53 
1981 6	  29.67   33.36   17.77    3.71 
1981 7	  77.00   34.22   20.11    3.31 
1981 8	 127.70   30.20   17.93    2.65 
1981 9	  53.48   27.50   14.59    2.79 
1981 10	  64.45   21.21    9.20    3.21 
1981 11	  23.38   18.36    3.48    2.56 
1981 12	   4.65   13.52   -1.40    3.02 
1982 1	   3.60   12.15   -4.84    3.72 
1982 2	   9.93   11.56   -3.57    3.33 
1982 3	  20.40   18.71    1.98    3.78 
1982 4	  33.10   22.26    6.52    3.81 
1982 5	 110.53   26.32   12.32    3.66 
1982 6	 146.23   28.41   15.72    3.52 
1982 7	  35.30   33.65   19.77    3.33 
1982 8	  11.43   34.28   19.51    2.96 
1982 9	  38.57   30.78   15.52    3.06 
1982 10	   8.28   23.46    7.31    2.83 
1982 11	  39.07   15.33    1.73    3.56 
1982 12	  32.42    9.21   -2.32    3.51 
1983 1	  51.55    6.57   -5.01    3.08 
1983 2	  11.08   10.57   -1.36    3.14 
1983 3	   9.88   16.96    1.71    4.02 
1983 4	  15.98   19.56    3.98    4.18 
1983 5	  38.98   27.01    9.81    3.34 
1983 6	  40.25   30.35   14.84    3.34 
1983 7	   6.30   35.15   19.53    3.48 
1983 8	  13.48   35.26   19.65    2.32 
1983 9	  13.40   31.53   15.37    3.32 
1983 10	 172.75   23.40   10.76    3.21 
1983 11	  11.65   16.84    3.93    3.32 
1983 12	   7.03    4.27   -7.60    3.16 
1984 1	   3.08    9.27   -4.73    2.77 
1984 2	  12.95   15.21   -2.61    3.86 
1984 3	   9.20   16.62    0.61    3.63 
1984 4	  15.48   21.14    4.88    3.68 
1984 5	  17.60   29.03   12.27    3.66 
1984 6	  84.85   31.69   18.39    3.63 
1984 7	  44.88   32.88   18.64    2.57 
1984 8	 102.17   31.81   18.39    2.42 
1984 9	  27.95   27.30   12.67    3.24 
1984 10	  39.72   20.63    7.70    2.95 
1984 11	  48.78   15.83    2.34    3.34 
1984 12	  39.88   11.66   -0.50    3.35 
1985 1	  13.17    8.39   -5.18    3.10 
1985 2	   9.65   10.70   -2.57    3.28 
1985 3	  44.03   17.92    3.55    4.19 
1985 4	  33.30   24.82    8.19    3.66 
1985 5	  85.35   28.47   13.12    3.23 
1985 6	 232.70   30.02   16.74    3.21 
1985 7	  87.10   33.36   18.31    2.53 
1985 8	  28.32   34.16   19.07    2.79 
1985 9	 112.32   27.92   14.36    3.10 
1985 10	 112.12   21.09    8.81    3.09 
1985 11	   5.15   16.06    1.24    2.95 
1985 12	   5.18    9.61   -4.90    2.77 
1986 1	   0.00   15.13   -2.29    2.92 
1986 2	  28.38   13.55   -0.34    3.55 
1986 3	   5.35   20.56    3.89    3.75 
1986 4	  31.72   25.07    8.62    3.76 
1986 5	  63.83   27.63   12.12    3.44 
1986 6	 114.60   29.64   17.20    2.36 
1986 7	  52.50   34.30   19.28    3.67 
1986 8	 120.70   31.04   18.47    2.91 
1986 9	 118.10   26.54   15.39    3.15 
1986 10	 110.15   20.09    8.51    2.68 
1986 11	  55.32   14.27    1.03    3.17 
1986 12	  31.77    9.60   -1.41    2.66 
1987 1	  12.25    9.00   -3.71    3.52 
1987 2	  31.22   12.39    0.38    3.77 
1987 3	   9.60   15.04    0.32    3.49 
1987 4	  11.67   22.59    5.70    3.17 
1987 5	 102.95   26.41   12.87    3.15 
1987 6	  50.80   30.11   16.86    2.68 
1987 7	  65.68   31.70   18.73    3.58 
1987 8	  52.92   31.88   18.61    2.91 
1987 9	 100.43   27.09   14.30    2.21 
1987 10	  20.12   23.83    8.15    3.08 
1987 11	   6.17   16.77    1.96    3.19 
1987 12	  43.75    9.52   -3.32    3.12 
1988 1	   4.70    6.93   -4.91    3.53 
1988 2	   6.33   12.85   -3.10    3.36 
1988 3	  26.95   17.57    0.19    3.99 
1988 4	  47.05   22.13    5.46    3.41 
1988 5	  85.20   26.12   11.71    3.78 
1988 6	 108.62   30.82   17.29    2.76 
1988 7	 119.80   30.95   18.97    2.59 
1988 8	  54.95   31.75   18.97    2.61 
1988 9	 109.08   27.96   13.78    2.69 
1988 10	   0.75   23.37    8.06    2.62 
1988 11	   5.55   18.54    1.79    3.36 
1988 12	   6.57   11.97   -2.65    2.85 
1989 1	  14.05   14.14   -2.24    3.43 
1989 2	  22.45    8.07   -4.06    3.46 
1989 3	  19.75   20.18    1.97    3.79 
1989 4	   1.48   24.94    8.16    3.87 
1989 5	  81.15   28.12   13.21    4.03 
1989 6	 159.12   28.10   15.55    3.42 
1989 7	  21.78   32.96   18.85    2.74 
1989 8	 102.28   31.03   18.34    3.35 
1989 9	 134.85   26.59   12.78    2.69 
1989 10	   0.00   25.12    8.40    3.36 
1989 11	   0.00   18.34    0.78    3.00 
1989 12	   6.18    8.13   -7.03    3.21 
1990 1	  16.65   13.08   -3.21    3.44 
1990 2	  44.97   15.06   -1.23    3.72 
1990 3	  25.53   15.72    2.71    3.65 
1990 4	  59.85   21.48    7.07    3.77 
1990 5	  39.00   26.58   11.24    3.70 
1990 6	  19.20   35.50   19.35    4.14 
1990 7	  49.90   30.76   18.50    2.99 
1990 8	  40.93   31.37   17.89    2.72 
1990 9	  36.25   29.00   15.94    2.10 
1990 10	  16.27   23.15    6.90    2.89 
1990 11	  33.30   17.97    3.60    3.49 
1990 12	   7.17   10.40   -5.49    3.12 
1991 1	  29.15    7.71   -4.21    2.74 
1991 2	   2.88   16.46   -0.40    3.25 
1991 3	   2.53   19.16    2.69    4.30 
1991 4	   3.25   24.88    7.13    3.55 
1991 5	  64.80   29.31   13.12    3.86 
1991 6	  82.68   31.18   17.44    3.38 
1991 7	  75.50   31.63   18.85    2.71 
1991 8	  96.55   30.81   18.17    2.43 
1991 9	 137.45   24.39   13.73    2.49 
1991 10	  21.67   24.11    7.51    3.30 
1991 11	  30.45   11.66   -0.45    3.36 
1991 12	  63.12   10.41   -0.66    3.38 
1992 1	  24.77    9.09   -2.46    2.70 
1992 2	  28.60   15.26    0.90    3.73 
1992 3	  26.67   19.72    3.03    3.82 
1992 4	  76.20   22.65    8.13    3.25 
1992 5	 128.57   24.25   11.87    2.96 
1992 6	 172.48   28.91   15.97    2.79 
1992 7	  85.93   32.39   18.72    3.81 
1992 8	  50.22   30.09   17.08    3.02 
1992 9	   3.88   28.80   14.40    3.36 
1992 10	   0.00   25.29    8.07    2.65 
1992 11	  36.38   13.35    0.18    3.36 
1992 12	  19.90    9.89   -2.76    3.35 
1993 1	  14.15    7.68   -3.79    2.83 
1993 2	  22.95   11.24   -3.40    3.36 
1993 3	  13.80   16.82    0.94    3.68 
1993 4	  29.62   22.21    5.31    3.77 
1993 5	  35.55   26.44   11.74    3.55 
1993 6	  57.22   31.67   17.21    3.66 
1993 7	  68.32   33.44   20.45    4.69 
1993 8	  33.92   32.48   18.49    2.95 
1993 9	  10.90   28.81   12.98    2.57 
1993 10	  31.27   21.90    6.31    2.90 
1993 11	  13.25   13.46   -1.59    3.22 
1993 12	  12.55   12.97   -2.63    3.46 
1994 1	   9.60   11.51   -4.37    3.41 
1994 2	  13.83   12.38   -4.58    3.47 
1994 3	  17.55   18.54    2.18    3.40 
1994 4	  89.95   22.53    5.71    3.50 
1994 5	  67.85   24.99   12.45    2.87 
1994 6	  17.38   34.75   19.05    3.35 
1994 7	  72.90   34.16   18.92    3.38 
1994 8	  36.42   32.33   18.25    2.94 
1994 9	  42.67   29.25   14.02    2.43 
1994 10	  13.32   23.49    8.79    2.83 
1994 11	  18.40   17.06    2.09    3.30 
1994 12	   5.20   13.97   -1.28    2.41 
1995 1	   5.55   11.54   -2.61    3.46 
1995 2	   6.45   15.75   -0.69    3.51 
1995 3	   9.62   16.84    1.68    3.79 
1995 4	  39.15   21.88    5.37    3.83 
1995 5	 110.03   25.30   10.86    3.85 
1995 6	  60.22   30.59   15.83    3.34 
1995 7	  57.30   34.74   19.03    2.89 
1995 8	  40.38   31.93   19.26    2.52 
1995 9	 155.20   26.73   14.33    2.48 
1995 10	  23.52   24.20    7.03    2.90 
1995 11	   0.00   18.60    1.67    2.95 
1995 12	  28.87   12.46   -2.30    2.99 
1996 1	   1.15   12.25   -5.60    3.84 
1996 2	   1.42   15.85   -1.50    3.64 
1996 3	   2.05   16.20   -1.36    4.12 
1996 4	   0.12   23.84    5.81    3.94 
1996 5	  78.15   31.55   15.12    5.13 
1996 6	  78.82   32.58   17.96    3.17 
1996 7	  51.00   32.58   19.64    2.91 
1996 8	 123.65   30.79   18.45    2.90 
1996 9	  60.50   26.43   13.64    2.12 
1996 10	  16.77   23.03    7.41    3.07 
1996 11	  25.85   16.42    1.02    3.60 
1996 12	   0.40   14.12   -2.87    3.73 
1997 1	  11.93    9.09   -4.13    3.74 
1997 2	  36.98   10.19   -1.37    3.54 
1997 3	   1.80   20.17    1.76    3.20 
1997 4	 150.65   17.79    4.36    3.53 
1997 5	 111.82   24.72   11.39    3.08 
1997 6	  96.98   29.30   16.24    3.07 
1997 7	  49.60   33.35   19.66    3.02 
1997 8	  93.03   31.65   18.58    2.85 
1997 9	  55.30   29.67   16.06    2.61 
1997 10	  33.73   22.96    7.78    3.09 
1997 11	  15.68   14.44    0.07    2.73 
1997 12	  46.90    8.69   -3.48    3.59 
1998 1	   0.00   13.41   -1.95    3.23 
1998 2	  48.62   12.08    0.06    2.94 
1998 3	  39.33   15.19   -0.26    4.02 
1998 4	  11.80   21.49    5.05    3.57 
1998 5	  16.62   31.33   13.67    3.69 
1998 6	  16.63   35.36   17.91    4.33 
1998 7	  27.02   36.41   21.06    3.27 
1998 8	  84.97   32.19   18.77    1.96 
1998 9	   6.68   32.10   16.90    2.62 
1998 10	 150.82   23.90   10.61    3.56 
1998 11	  19.45   17.36    3.43    2.78 
1998 12	  11.90   11.26   -2.44    2.93 
1999 1	  49.90   12.90   -2.45    3.91 
1999 2	   0.15   17.74    0.71    3.72 
1999 3	  37.93   15.30    1.99    3.75 
1999 4	  99.50   22.08    6.52    3.89 
1999 5	  90.08   25.01   11.50    3.63 
1999 6	  64.33   30.60   16.92    3.70 
1999 7	  25.52   33.31   20.15    3.36 
1999 8	  17.40   34.97   19.96    2.35 
1999 9	  35.63   27.55   14.17    2.94 
1999 10	  18.85   23.95    7.17    2.96 
1999 11	   0.00   21.38    3.91    2.89 
1999 12	  19.17   11.98   -2.03    3.34 
2000 1	   1.85   13.79   -2.31    3.63 
2000 2	   4.20   18.29    0.53    3.77 
2000 3	  98.65   19.30    2.87    3.86 
2000 4	  20.15   23.56    7.56    3.80 
2000 5	   6.73   30.96   14.35    4.01 
2000 6	 113.37   28.65   17.48    3.30 
2000 7	  40.27   34.25   19.88    3.07 
2000 8	   0.77   34.92   19.75    3.07 
2000 9	   0.00   31.91   15.03    2.61 
2000 10	  76.82   22.15   10.40    3.88 
2000 11	  25.65   11.40   -0.62    2.70 
2000 12	  22.33    7.39   -4.84    3.12 
2001 1	  27.85    6.87   -3.24    3.27 
2001 2	  12.88   13.32   -1.06    3.72 
2001 3	  80.85   13.89    1.72    2.83 
2001 4	   8.88   24.96    8.48    4.36 
2001 5	 128.48   27.76   12.83    3.69 
2001 6	  14.00   33.43   18.35    3.69 
2001 7	  17.28   36.11   21.46    3.20 
2001 8	  46.20   32.74   19.35    2.60 
2001 9	  35.85   28.96   14.27    2.27 
2001 10	   2.20   24.31    7.76    3.31 
2001 11	  78.40   17.17    4.56    3.55 
2001 12	   6.38   12.44   -1.57    3.25 
2002 1	  21.27   12.25   -2.61    3.63 
2002 2	  13.85   12.41   -2.95    3.50 
2002 3	  40.53   16.77   -1.00    3.94 
2002 4	  29.67   23.00    8.47    4.03 
2002 5	  33.02   28.15   11.81    4.00 
2002 6	  58.05   32.45   17.99    3.26 
2002 7	  43.50   32.34   19.19    2.71 
2002 8	  68.22   33.34   19.54    3.28 
2002 9	  16.72   29.20   14.64    2.35 
2002 10	  87.95   19.51    8.08    2.53 
2002 11	  11.27   14.17    1.06    2.98 
2002 12	  29.55   10.74   -2.10    3.46 
2003 1	   0.93   12.82   -2.95    3.21 
2003 2	   0.58   12.03   -2.88    3.56 
2003 3	  15.85   19.41    2.08    3.57 
2003 4	  28.95   24.75    7.64    4.34 
2003 5	  36.97   28.69   12.70    3.15 
2003 6	 171.20   28.91   16.08    3.08 
2003 7	   0.43   34.51   20.19    2.82 
2003 8	  11.77   34.15   20.19    2.43 
2003 9	  24.35   27.86   13.85    2.68 
2003 10	  25.40   25.29    9.93    2.69 
2003 11	  10.83   16.56    2.59    3.63 
2003 12	   0.00   14.12   -2.76    4.06 
2004 1	  54.00   11.99   -2.19    3.46 
2004 2	  54.38   10.91   -2.39    3.75 
2004 3	  61.38   18.72    5.88    3.77 
2004 4	  69.70   21.27    7.74    3.78 
2004 5	   6.28   29.71   13.67    4.23 
2004 6	 133.15   30.66   17.06    3.32 
2004 7	  64.77   31.26   18.94    2.95 
2004 8	  81.90   29.96   17.50    2.67 
2004 9	  94.90   27.42   14.47    2.79 
2004 10	  68.98   22.69    9.55    2.93 
2004 11	 140.93   12.88    3.01    3.24 
2004 12	  12.90   12.32   -2.94    3.46 
2005 1	  25.05   11.85   -0.96    3.58 
2005 2	  21.10   12.59    0.89    3.05 
2005 3	  39.10   16.32    1.18    3.51 
2005 4	  14.18   22.27    6.35    4.16 
2005 5	  70.02   25.61   12.63    3.50 
2005 6	  53.78   32.34   17.59    3.54 
2005 7	  78.35   32.34   18.75    2.74 
2005 8	  89.33   30.72   18.37    2.49 
2005 9	  46.17   31.34   16.22    2.56 
2005 10	  50.33   23.00    9.12    2.81 
2005 11	   0.00   19.22    1.49    3.11 
2005 12	   0.60   12.28   -4.14    3.21 
2006 1	   0.08   16.43   -1.88    4.10 
2006 2	  12.93   14.60   -3.00    3.49 
2006 3	  42.60   18.25    3.60    4.26 
2006 4	  21.58   26.16    8.99    4.08 
2006 5	  68.60   29.91   13.73    4.01 
2006 6	  29.85   33.65   17.88    2.93 
2006 7	  13.82   34.78   20.24    3.17 
2006 8	  74.07   32.73   19.54    2.71 
2006 9	 125.37   25.91   13.15    2.47 
2006 10	  65.55   22.17    8.34    2.93 
2006 11	  12.52   18.36    2.25    3.55 
2006 12	  51.03   10.83   -2.61    3.62 
2007 1	  29.25    5.81   -4.79    3.25 
2007 2	   3.47   12.26   -3.06    3.93 
2007 3	 124.92   19.32    5.42    3.90 
2007 4	  31.70   18.54    4.67    3.77 
2007 5	 131.45   24.08   12.56    2.75 
2007 6	 105.40   29.34   16.24    2.49 
2007 7	  62.28   30.97   18.42    1.99 
2007 8	  67.85   32.62   19.73    2.87 
2007 9	  88.97   29.17   16.02    2.48 
2007 10	   2.80   26.25    8.66    3.04 
2007 11	   3.28   17.76    1.80    2.98 
2007 12	  29.45   10.84   -2.63    3.41 
2008 1	   0.90   11.66   -4.63    3.73 
2008 2	  13.70   15.61   -2.21    3.60 
2008 3	   4.60   19.03    0.92    4.34 
2008 4	  18.90   23.16    5.34    4.08 
2008 5	 103.93   28.20   11.86    3.76 
2008 6	  61.00   34.82   18.09    4.47 
2008 7	  42.92   32.24   19.36    3.54 
2008 8	  76.90   31.79   18.56    2.34 
2008 9	 139.12   26.80   13.65    2.25 
2008 10	  74.60   22.90    8.09    3.11 
2008 11	   2.12   18.71    1.89    3.13 
2008 12	   0.20   12.64   -3.54    3.96 
2009 1	   2.10   13.42   -4.75    3.55 
2009 2	  16.65   17.71   -0.59    4.23 
2009 3	   9.95   20.54    3.00    4.39 
2009 4	  44.43   23.26    5.98    4.64 
2009 5	  36.40   26.83   12.05    2.94 
2009 6	  96.92   32.68   18.36    3.57 
2009 7	  82.48   33.56   19.57    2.76 
2009 8	  42.23   33.56   18.84    3.18 
2009 9	  54.07   27.10   13.61    2.49 
2009 10	  18.48   21.12    6.09    3.31 
2009 11	   5.67   19.64    2.41    2.78 
2009 12	  33.52    7.90   -5.38    3.09 
2010 1	  32.65    9.73   -4.62    3.58 
2010 2	  58.70    7.82   -3.11    3.40 
2010 3	  53.08   16.81    1.62    4.56 
2010 4	 120.43   22.73    7.62    4.33 
2010 5	  66.40   26.59   12.41    3.26 
2010 6	  72.20   33.89   19.75    4.00 
2010 7	 182.85   30.23   19.87    3.06 
2010 8	  45.45   33.51   19.52    3.00 
2010 9	  41.55   30.56   16.10    2.68 
2010 10	  41.12   25.10    8.56    2.66 
2010 11	  10.05   17.97    0.76    3.60 
2010 12	   0.00   14.10   -1.63    3.30 
