1949 1	 106.18   12.75    1.50    5.49 
1949 2	  63.67   18.12    7.13    4.74 
1949 3	  62.95   22.17    8.89    5.06 
1949 4	 192.05   23.52   11.61    4.78 
1949 5	  20.50   31.48   19.40    4.15 
1949 6	  82.62   34.05   21.09    3.69 
1949 7	  51.45   35.57   22.63    3.21 
1949 8	  52.10   35.50   20.66    2.90 
1949 9	  69.58   33.43   19.57    3.47 
1949 10	  99.40   27.00   15.54    4.73 
1949 11	   2.22   25.41    8.24    4.29 
1949 12	 103.15   17.76    6.63    5.76 
1950 1	  21.75   18.14    7.92    6.02 
1950 2	  96.87   18.89    7.54    4.36 
1950 3	  19.40   21.92    7.72    5.29 
1950 4	 151.40   24.21   13.17    5.17 
1950 5	  83.20   29.89   18.88    4.39 
1950 6	  52.00   32.71   20.93    3.88 
1950 7	  38.43   35.22   22.38    4.22 
1950 8	  14.65   36.23   21.21    3.17 
1950 9	 121.68   31.82   18.97    3.28 
1950 10	  15.58   30.79   14.57    4.38 
1950 11	   0.95   23.39    7.07    5.32 
1950 12	   0.25   19.48    3.45    4.74 
1951 1	  13.47   18.29    2.05    6.01 
1951 2	  74.12   18.23    4.93    5.98 
1951 3	  92.95   23.30    9.34    5.11 
1951 4	  29.03   27.09   12.25    4.93 
1951 5	  73.45   30.20   17.56    4.26 
1951 6	 125.45   33.33   22.08    4.97 
1951 7	   2.10   37.41   23.59    3.57 
1951 8	  37.15   38.45   23.42    3.31 
1951 9	 157.05   32.74   19.73    3.74 
1951 10	  20.17   28.86   15.07    4.08 
1951 11	  22.55   20.28    6.88    5.63 
1951 12	  10.20   19.15    4.60    5.78 
1952 1	   9.23   21.29    8.29    5.62 
1952 2	  53.37   21.07    7.12    5.36 
1952 3	  60.35   21.48    7.88    5.04 
1952 4	 130.27   24.64   11.23    4.68 
1952 5	 102.53   29.07   16.06    3.68 
1952 6	  47.15   33.66   21.91    3.80 
1952 7	  34.17   35.09   22.47    2.98 
1952 8	   2.08   38.15   23.47    3.63 
1952 9	  73.57   33.06   18.31    4.18 
1952 10	   0.00   27.57    9.34    4.17 
1952 11	 157.10   20.38    8.29    5.35 
1952 12	  85.43   15.82    3.99    4.70 
1953 1	  19.92   21.00    5.15    5.77 
1953 2	  42.80   17.95    5.29    5.04 
1953 3	  49.95   24.81   12.55    4.69 
1953 4	 112.45   26.14   12.25    4.66 
1953 5	  54.00   29.46   17.96    4.27 
1953 6	  33.78   36.08   22.34    3.48 
1953 7	  13.70   35.69   23.29    3.26 
1953 8	  95.98   35.70   22.76    2.52 
1953 9	  74.80   33.52   18.03    3.37 
1953 10	 168.77   28.34   14.92    4.03 
1953 11	  20.45   20.57    7.45    4.31 
1953 12	 153.60   15.21    2.96    5.31 
1954 1	  25.05   17.20    4.54    5.02 
1954 2	   6.23   23.18    6.26    4.62 
1954 3	   6.73   22.07    8.06    5.54 
1954 4	  47.60   28.11   16.41    5.13 
1954 5	  64.57   28.85   16.88    4.40 
1954 6	  15.43   35.36   22.13    4.40 
1954 7	  24.05   38.04   23.74    3.44 
1954 8	  24.30   37.18   23.40    4.02 
1954 9	  31.70   35.50   20.18    4.00 
1954 10	  26.70   29.51   15.90    4.54 
1954 11	  19.18   22.52    7.41    4.66 
1954 12	  14.50   20.80    5.46    4.83 
1955 1	  56.35   16.39    4.55    4.85 
1955 2	 108.95   17.65    5.62    5.68 
1955 3	  22.15   23.48    9.74    5.61 
1955 4	  31.48   28.98   15.63    4.70 
1955 5	 120.95   32.17   18.71    4.69 
1955 6	  74.45   32.59   19.82    3.87 
1955 7	  40.72   36.00   23.00    3.86 
1955 8	  43.90   35.45   22.58    2.81 
1955 9	  27.53   34.26   21.21    4.08 
1955 10	  12.73   30.02   13.27    4.51 
1955 11	  44.88   21.82    7.79    6.13 
1955 12	  17.80   18.04    3.62    5.03 
1956 1	  47.45   16.70    3.51    4.99 
1956 2	  46.00   19.24    5.88    5.31 
1956 3	   9.52   23.46    8.11    4.52 
1956 4	  12.83   27.27   13.12    4.89 
1956 5	  73.20   32.50   19.12    4.20 
1956 6	  29.25   35.90   21.86    3.65 
1956 7	  10.07   37.93   23.04    4.04 
1956 8	  38.15   37.29   22.51    3.56 
1956 9	  10.12   35.30   19.31    3.76 
1956 10	  13.50   30.90   15.34    3.72 
1956 11	  47.82   20.81    7.05    4.95 
1956 12	  72.97   20.06    6.06    4.79 
1957 1	  22.73   15.31    4.79    4.85 
1957 2	  59.65   20.34   10.53    4.01 
1957 3	 115.15   20.99    8.80    4.44 
1957 4	 234.62   23.68   12.96    5.32 
1957 5	 146.82   27.95   18.50    5.01 
1957 6	 149.57   32.16   21.78    3.89 
1957 7	  19.83   37.08   23.20    2.88 
1957 8	  10.50   37.28   22.61    3.65 
1957 9	 163.73   31.41   18.18    3.90 
1957 10	 235.92   24.15   12.52    4.63 
1957 11	  92.80   18.72    7.76    5.41 
1957 12	  37.30   19.82    6.01    5.27 
1958 1	  76.17   15.17    2.21    5.78 
1958 2	 163.05   14.16    3.35    5.40 
1958 3	  58.98   18.06    6.46    4.90 
1958 4	  82.43   25.00   12.73    4.21 
1958 5	  82.98   30.42   17.60    3.30 
1958 6	 115.55   34.72   21.95    3.95 
1958 7	  79.72   35.68   23.10    3.97 
1958 8	  31.57   37.36   22.45    2.98 
1958 9	 226.85   31.77   21.02    3.71 
1958 10	 118.20   24.84   14.87    4.97 
1958 11	  32.22   22.17    9.14    4.30 
1958 12	  27.67   15.36    2.21    4.61 
1959 1	  10.50   14.40    1.84    5.37 
1959 2	  71.60   16.45    5.81    5.01 
1959 3	   6.73   22.68    7.20    5.09 
1959 4	 113.25   23.74   12.52    4.90 
1959 5	  50.87   30.58   19.46    4.33 
1959 6	  94.65   33.89   21.62    3.67 
1959 7	  86.25   35.41   22.42    2.43 
1959 8	 153.50   34.79   22.40    2.91 
1959 9	  86.47   32.16   20.95    4.11 
1959 10	 161.78   27.34   14.37    4.17 
1959 11	  43.62   18.24    4.12    5.26 
1959 12	  65.05   17.69    5.85    5.11 
1960 1	  40.53   14.33    4.35    5.05 
1960 2	  64.97   14.81    2.45    5.71 
1960 3	  26.23   17.61    6.56    4.81 
1960 4	  42.72   27.10   15.20    5.10 
1960 5	  22.43   29.00   17.17    4.60 
1960 6	 120.70   35.15   21.84    3.77 
1960 7	  62.68   35.13   23.09    2.65 
1960 8	  69.38   34.21   23.22    3.44 
1960 9	  49.05   33.49   19.28    3.25 
1960 10	 309.02   28.15   16.42    3.74 
1960 11	  65.35   21.36   10.72    4.66 
1960 12	 120.75   14.13    4.02    4.76 
1961 1	  46.17   13.11    1.74    5.05 
1961 2	 112.57   18.79    6.22    4.81 
1961 3	  20.20   23.76   11.14    5.26 
1961 4	  16.12   26.47   12.30    5.00 
1961 5	  30.17   30.79   18.15    5.01 
1961 6	 248.55   32.07   21.15    3.78 
1961 7	 192.47   32.89   22.24    3.49 
1961 8	  13.20   34.44   21.06    2.51 
1961 9	 119.35   31.58   20.16    5.18 
1961 10	  42.52   27.18   14.51    4.56 
1961 11	  65.97   19.18    7.88    5.30 
1961 12	  41.68   16.64    5.22    4.47 
1962 1	  21.37   13.76    0.04    5.63 
1962 2	  13.30   23.12    8.70    5.12 
1962 3	  31.98   20.71    7.13    4.98 
1962 4	  88.97   25.73   14.02    5.24 
1962 5	  84.00   30.68   19.10    5.26 
1962 6	 159.70   32.47   21.27    3.09 
1962 7	   9.43   36.15   23.21    2.96 
1962 8	  39.93   38.39   23.54    2.77 
1962 9	 199.88   32.64   20.57    3.28 
1962 10	 104.68   28.89   17.12    4.36 
1962 11	  67.28   21.15    9.13    5.15 
1962 12	 107.03   16.15    4.73    4.32 
1963 1	  16.60   12.61   -0.21    5.04 
1963 2	  66.62   18.02    2.91    5.46 
1963 3	   8.48   24.92   10.79    4.94 
1963 4	  77.25   28.75   16.80    5.64 
1963 5	   9.35   31.26   18.94    4.27 
1963 6	  61.50   35.19   21.86    3.64 
1963 7	   6.95   37.43   23.35    3.88 
1963 8	  11.70   38.26   23.46    2.86 
1963 9	  39.12   34.19   20.78    3.10 
1963 10	  14.25   31.69   16.05    3.55 
1963 11	  64.15   23.47   10.62    5.32 
1963 12	  48.47   13.75    1.21    5.56 
1964 1	  64.68   17.86    4.20    4.87 
1964 2	  41.03   16.31    2.81    4.57 
1964 3	  53.17   24.68    8.99    5.00 
1964 4	  37.97   28.66   16.05    5.49 
1964 5	  44.43   31.74   19.12    4.35 
1964 6	 147.28   34.09   21.51    3.96 
1964 7	  34.78   36.99   22.79    3.40 
1964 8	  39.90   37.54   23.66    3.57 
1964 9	 189.60   32.82   21.04    3.47 
1964 10	  56.02   27.24   12.92    4.71 
1964 11	  76.72   23.39   11.33    4.89 
1964 12	  26.50   18.48    5.79    5.52 
1965 1	 161.05   18.64    6.17    4.91 
1965 2	 119.48   15.98    4.83    5.61 
1965 3	  28.47   19.11    6.35    5.60 
1965 4	  58.55   28.11   16.69    5.00 
1965 5	 206.13   28.63   19.60    5.31 
1965 6	  37.00   33.40   21.47    3.89 
1965 7	   5.55   36.37   22.49    2.79 
1965 8	  59.55   36.33   22.17    2.76 
1965 9	  98.38   33.53   20.96    4.21 
1965 10	  97.05   25.46   13.35    4.34 
1965 11	 120.50   24.01   13.26    4.02 
1965 12	 138.52   18.97    7.75    4.96 
1966 1	  36.88   13.35    2.66    5.51 
1966 2	  80.50   16.57    4.15    5.21 
1966 3	  18.15   22.74    9.82    4.78 
1966 4	 100.83   27.13   14.93    5.10 
1966 5	  93.07   28.93   18.42    3.93 
1966 6	  23.00   32.98   20.84    3.29 
1966 7	  22.02   35.82   22.83    2.89 
1966 8	 100.40   34.42   22.41    3.24 
1966 9	 193.35   32.09   19.60    2.42 
1966 10	  16.95   28.05   13.54    4.49 
1966 11	   0.43   25.76   10.94    4.98 
1966 12	  41.12   18.51    4.28    5.19 
1967 1	   6.97   18.12    4.79    5.22 
1967 2	  41.85   18.77    3.90    5.17 
1967 3	  19.88   26.36   12.79    4.93 
1967 4	 101.75   29.68   18.73    5.91 
1967 5	  97.50   30.34   17.80    5.49 
1967 6	   0.28   34.66   21.92    4.45 
1967 7	  16.70   35.72   22.61    4.16 
1967 8	  45.78   34.79   21.26    2.97 
1967 9	 212.55   29.68   18.76    4.27 
1967 10	 100.10   27.19   13.49    4.36 
1967 11	 107.23   21.40    9.63    4.44 
1967 12	  54.60   15.94    4.42    4.80 
1968 1	 211.92   13.14    4.88    5.29 
1968 2	  48.95   14.35    3.26    4.63 
1968 3	  62.00   19.88    8.69    5.43 
1968 4	  55.62   25.81   14.73    5.44 
1968 5	 197.75   29.12   18.40    4.74 
1968 6	  98.63   31.29   21.58    3.69 
1968 7	  55.30   33.35   22.18    3.44 
1968 8	  16.15   35.43   22.35    3.65 
1968 9	 201.62   31.12   18.88    4.00 
1968 10	  16.30   28.96   16.19    4.13 
1968 11	 188.17   21.54    7.30    5.31 
1968 12	  14.47   18.06    4.85    5.80 
1969 1	  47.40   18.55    6.81    5.31 
1969 2	  86.13   17.24    6.01    5.26 
1969 3	 102.38   18.18    6.61    5.23 
1969 4	 132.85   26.30   14.26    4.61 
1969 5	  84.37   28.75   17.46    3.80 
1969 6	  44.30   33.17   21.24    4.50 
1969 7	   5.08   36.27   23.39    3.64 
1969 8	  89.22   36.17   22.93    3.23 
1969 9	  84.60   32.82   20.07    3.64 
1969 10	 104.00   27.13   14.37    5.80 
1969 11	  25.37   22.23    7.89    4.81 
1969 12	 113.42   19.25    6.17    4.16 
1970 1	  50.80   13.53    1.69    4.97 
1970 2	 118.92   18.64    6.24    5.37 
1970 3	 101.50   19.73    7.69    4.95 
1970 4	  74.50   26.71   15.47    5.40 
1970 5	 257.32   28.09   16.75    5.00 
1970 6	   0.65   32.39   20.60    3.59 
1970 7	   5.88   35.17   22.26    2.99 
1970 8	  14.95   36.45   22.78    3.26 
1970 9	 125.18   31.50   21.05    4.67 
1970 10	 115.00   25.95   13.29    4.96 
1970 11	   0.15   22.61    7.06    5.46 
1970 12	  23.95   21.75    9.39    5.04 
1971 1	   0.22   21.55    6.40    5.43 
1971 2	  33.28   20.57    5.85    5.91 
1971 3	  10.65   25.97    8.88    5.18 
1971 4	  26.00   27.29   13.40    5.02 
1971 5	  42.60   30.94   18.48    5.00 
1971 6	  17.12   35.00   22.43    4.21 
1971 7	   9.95   37.53   22.89    3.65 
1971 8	 118.38   33.05   21.83    2.81 
1971 9	  79.23   31.46   20.95    3.91 
1971 10	 105.85   28.44   17.33    4.02 
1971 11	  58.53   22.67   10.04    4.74 
1971 12	 107.12   19.25    9.36    4.71 
1972 1	  51.88   18.03    5.41    5.53 
1972 2	   9.20   20.89    6.35    5.23 
1972 3	   4.25   26.52   12.77    4.97 
1972 4	  32.83   29.92   16.20    5.38 
1972 5	 145.40   29.20   17.53    3.27 
1972 6	 105.30   33.32   21.23    4.27 
1972 7	 117.80   33.50   21.81    4.04 
1972 8	  85.63   34.45   22.19    3.30 
1972 9	 104.33   34.52   21.82    3.10 
1972 10	  86.22   28.38   15.39    4.48 
1972 11	  56.70   17.92    6.65    5.41 
1972 12	  33.38   15.73    3.40    5.35 
1973 1	 125.40   13.76    2.70    5.99 
1973 2	  58.02   16.64    5.02    5.24 
1973 3	  64.42   24.50   12.01    4.69 
1973 4	  75.28   23.07   12.51    5.54 
1973 5	  49.43   29.63   16.89    5.13 
1973 6	 128.52   31.59   20.78    4.31 
1973 7	 101.38   34.91   22.61    3.37 
1973 8	  17.33   34.76   21.17    3.18 
1973 9	 159.22   32.08   20.75    3.48 
1973 10	 269.98   27.84   16.31    4.34 
1973 11	  58.67   26.13   13.22    5.36 
1973 12	  38.33   20.41    4.50    5.50 
1974 1	 135.62   16.12    4.26    4.48 
1974 2	   6.80   21.57    6.16    5.74 
1974 3	  54.38   26.43   13.63    5.70 
1974 4	  95.60   27.28   13.93    6.00 
1974 5	 120.38   31.32   19.82    4.65 
1974 6	  11.65   33.53   20.18    4.09 
1974 7	  13.80   36.23   21.97    2.86 
1974 8	 218.63   33.20   22.32    3.49 
1974 9	  94.40   28.45   17.73    5.03 
1974 10	 106.67   28.01   14.44    5.00 
1974 11	 172.62   20.38    8.76    4.90 
1974 12	  62.58   16.93    4.56    4.51 
1975 1	  33.23   19.37    6.16    4.93 
1975 2	  82.73   18.85    4.70    4.62 
1975 3	  13.82   23.16    9.70    5.41 
1975 4	 114.70   25.96   14.26    5.71 
1975 5	 214.32   29.13   18.21    4.41 
1975 6	 223.40   32.21   21.38    4.24 
1975 7	  68.05   33.97   22.04    2.98 
1975 8	  58.22   33.90   22.17    3.34 
1975 9	  72.52   31.07   17.96    3.66 
1975 10	  62.47   28.49   14.03    4.48 
1975 11	  40.65   24.02    9.10    4.93 
1975 12	  51.70   18.10    4.99    5.35 
1976 1	  27.35   18.16    3.22    5.37 
1976 2	  12.10   23.76    8.92    5.55 
1976 3	  82.12   24.16   10.06    5.69 
1976 4	 232.60   25.73   14.77    5.13 
1976 5	 128.57   27.92   15.72    3.89 
1976 6	 110.12   32.30   20.55    4.22 
1976 7	 134.55   31.90   22.01    3.32 
1976 8	  52.65   35.34   21.91    2.54 
1976 9	 102.10   32.12   19.23    3.08 
1976 10	 132.55   22.97   10.55    4.41 
1976 11	  97.02   17.57    5.35    5.39 
1976 12	  79.50   16.18    3.57    4.80 
1977 1	  46.52   11.66    0.14    5.15 
1977 2	  61.00   19.86    5.51    5.14 
1977 3	  57.65   23.13   10.23    4.98 
1977 4	 120.63   25.95   13.78    4.34 
1977 5	  33.47   29.31   19.20    4.13 
1977 6	  47.20   33.96   21.98    3.83 
1977 7	   5.53   36.24   22.91    3.36 
1977 8	   6.95   37.45   23.61    3.60 
1977 9	  40.68   35.66   22.32    3.80 
1977 10	  76.20   29.62   15.28    3.86 
1977 11	  66.35   23.82   10.38    4.47 
1977 12	  11.55   20.20    6.11    5.70 
1978 1	  46.63   10.40    0.74    6.21 
1978 2	  75.10   12.79    1.84    5.27 
1978 3	  49.60   22.45    7.66    4.51 
1978 4	  36.35   27.27   14.94    5.05 
1978 5	  86.40   31.48   19.74    4.32 
1978 6	 112.28   34.26   21.36    3.40 
1978 7	  37.97   37.20   22.74    3.40 
1978 8	  30.10   35.46   23.18    3.45 
1978 9	 111.30   31.53   21.09    4.35 
1978 10	  22.12   28.56   14.43    4.02 
1978 11	 193.97   22.06   11.22    4.70 
1978 12	  69.38   16.96    4.57    5.58 
1979 1	  61.48    9.68    0.58    6.00 
1979 2	  67.25   15.26    4.61    5.35 
1979 3	  98.90   22.97   10.58    5.13 
1979 4	  71.75   25.75   14.42    4.17 
1979 5	 182.30   27.81   16.28    4.67 
1979 6	  51.38   32.28   20.77    3.73 
1979 7	 158.77   33.26   22.87    3.68 
1979 8	  36.78   34.34   21.69    3.00 
1979 9	  55.35   31.18   18.22    4.39 
1979 10	  41.33   30.57   15.60    4.33 
1979 11	  22.15   20.65    7.35    5.87 
1979 12	  72.45   18.28    5.46    5.17 
1980 1	  47.78   16.93    5.60    4.54 
1980 2	  49.97   18.67    5.05    5.24 
1980 3	  95.25   23.38    8.66    4.76 
1980 4	  63.78   26.66   11.64    4.75 
1980 5	 132.73   29.39   18.14    3.88 
1980 6	  17.88   35.81   22.47    4.53 
1980 7	   2.00   38.80   23.42    2.79 
1980 8	  16.33   37.05   23.21    4.44 
1980 9	  85.28   34.10   21.93    3.32 
1980 10	  32.25   28.22   13.19    4.60 
1980 11	  78.88   21.14    7.95    4.87 
1980 12	  18.02   18.05    6.44    4.60 
1981 1	  48.88   16.72    4.14    4.64 
1981 2	  44.15   19.06    6.80    5.11 
1981 3	  68.68   21.84    9.58    4.78 
1981 4	  26.82   28.45   16.95    4.92 
1981 5	 189.65   29.99   17.81    4.61 
1981 6	 328.02   32.24   22.31    4.11 
1981 7	  43.93   34.67   23.29    3.47 
1981 8	  36.28   35.54   22.51    3.12 
1981 9	  30.15   32.54   19.82    3.77 
1981 10	 148.98   27.80   16.96    4.55 
1981 11	  30.45   24.12   10.81    4.51 
1981 12	  14.27   18.69    5.47    5.11 
1982 1	  31.65   18.18    3.94    5.96 
1982 2	  24.82   16.69    4.28    5.14 
1982 3	  48.97   23.31   12.66    5.76 
1982 4	  90.20   26.10   13.95    5.11 
1982 5	 160.75   29.65   19.01    4.76 
1982 6	  58.15   34.06   21.27    3.78 
1982 7	   8.38   37.19   23.58    3.82 
1982 8	  22.92   37.84   23.53    3.31 
1982 9	  81.62   34.21   19.83    4.11 
1982 10	  84.78   27.10   15.26    4.81 
1982 11	 102.53   20.36   10.03    4.72 
1982 12	  38.95   17.99    6.45    5.62 
1983 1	  46.72   15.41    3.60    4.48 
1983 2	 105.88   17.45    5.49    5.29 
1983 3	 139.45   21.07    8.96    4.81 
1983 4	   3.93   25.55   11.95    5.58 
1983 5	 181.25   29.33   17.16    4.48 
1983 6	  94.62   31.72   20.41    3.47 
1983 7	  99.45   33.60   22.67    3.81 
1983 8	  77.03   35.03   22.82    2.42 
1983 9	 100.72   31.98   19.09    4.15 
1983 10	  53.60   28.48   16.12    3.98 
1983 11	  42.83   23.73   11.30    5.11 
1983 12	  23.25   12.49    0.71    5.86 
1984 1	  36.68   14.09    2.87    5.24 
1984 2	  34.05   21.02    6.51    5.28 
1984 3	  50.80   24.87   11.10    4.99 
1984 4	   1.27   29.81   13.81    5.04 
1984 5	  35.68   32.22   18.20    5.27 
1984 6	  34.00   34.68   21.71    4.36 
1984 7	  69.70   36.55   21.89    3.28 
1984 8	  28.02   36.61   22.35    3.27 
1984 9	  21.38   31.70   19.09    5.12 
1984 10	 279.55   27.01   17.11    4.50 
1984 11	  44.10   21.78    9.85    5.26 
1984 12	 122.80   21.10   10.34    5.57 
1985 1	  31.12   14.16    1.38    5.07 
1985 2	  66.75   15.53    4.92    5.43 
1985 3	  62.20   23.99   13.74    5.26 
1985 4	  59.72   27.12   15.71    5.30 
1985 5	  57.68   30.40   18.63    3.97 
1985 6	 168.33   32.87   21.68    4.33 
1985 7	  37.90   34.89   22.53    3.29 
1985 8	   2.30   37.82   23.56    3.05 
1985 9	 148.48   32.57   20.27    4.72 
1985 10	 138.17   27.05   17.24    5.71 
1985 11	 206.15   22.56   12.17    5.28 
1985 12	  22.23   15.55    3.05    4.97 
1986 1	  17.55   18.61    5.34    4.98 
1986 2	  52.83   21.35    7.90    4.95 
1986 3	  11.63   24.79   10.42    4.48 
1986 4	  39.72   27.97   16.48    4.98 
1986 5	 118.33   28.17   18.37    4.55 
1986 6	 127.23   32.55   22.24    3.02 
1986 7	   2.85   36.11   23.07    3.57 
1986 8	  89.30   35.25   22.50    2.97 
1986 9	  93.48   32.39   23.17    3.86 
1986 10	 194.53   25.65   14.81    4.40 
1986 11	  53.65   20.37    9.58    5.20 
1986 12	 139.72   14.67    5.77    4.97 
1987 1	  20.98   15.88    4.39    4.76 
1987 2	  98.62   18.18    7.42    5.24 
1987 3	  23.20   21.28    7.23    4.35 
1987 4	  18.58   27.40   11.47    3.57 
1987 5	 204.22   29.68   18.88    3.89 
1987 6	 287.20   31.25   21.34    3.79 
1987 7	  63.27   33.39   22.60    3.50 
1987 8	   5.85   35.53   23.38    3.48 
1987 9	 107.82   31.96   19.22    3.72 
1987 10	   9.68   27.88   13.36    4.48 
1987 11	  79.60   21.89    9.07    5.08 
1987 12	  42.95   17.56    5.80    5.00 
1988 1	  16.45   14.30    1.83    5.58 
1988 2	  15.98   18.40    5.00    5.28 
1988 3	  61.08   22.91    8.97    5.31 
1988 4	  57.80   27.76   12.85    3.95 
1988 5	  62.92   29.90   16.56    4.04 
1988 6	  90.65   33.02   20.06    3.59 
1988 7	  30.70   35.55   22.89    3.39 
1988 8	  22.40   37.12   23.58    3.12 
1988 9	  91.38   33.77   20.58    4.46 
1988 10	  22.53   28.90   15.29    4.15 
1988 11	  17.38   25.08   11.28    5.57 
1988 12	  29.15   18.54    6.69    4.92 
1989 1	 109.93   18.27    7.31    4.82 
1989 2	  15.22   14.68    4.38    6.66 
1989 3	  54.08   22.97    8.90    5.53 
1989 4	  45.65   26.49   14.46    4.77 
1989 5	 140.50   31.16   20.17    5.06 
1989 6	  85.45   32.23   21.44    4.52 
1989 7	  30.73   35.20   22.49    3.33 
1989 8	  23.80   35.24   22.32    3.52 
1989 9	  10.33   32.47   17.96    4.47 
1989 10	  41.17   29.05   14.15    4.66 
1989 11	  34.92   22.63   10.98    5.09 
1989 12	   3.32   13.07   -0.12    5.62 
1990 1	  46.73   20.01    7.74    5.01 
1990 2	  92.13   20.57    8.79    5.44 
1990 3	  59.42   21.39   11.06    5.59 
1990 4	  77.95   26.24   14.87    5.29 
1990 5	  85.47   31.38   19.64    5.17 
1990 6	  17.83   36.49   23.04    4.38 
1990 7	  76.00   34.42   22.06    3.46 
1990 8	  27.52   36.42   22.73    3.17 
1990 9	  32.78   32.86   20.98    2.89 
1990 10	  60.70   27.80   13.35    4.43 
1990 11	  73.60   23.66   11.26    5.20 
1990 12	  27.15   17.04    3.94    5.13 
1991 1	 302.73   13.37    3.73    5.15 
1991 2	  64.35   19.13    7.44    4.83 
1991 3	  36.35   24.55   10.87    5.47 
1991 4	 135.07   27.38   16.16    4.93 
1991 5	 103.50   29.36   19.62    4.71 
1991 6	  79.65   32.88   21.68    3.75 
1991 7	  46.98   34.32   22.73    3.12 
1991 8	  98.72   34.87   22.70    2.89 
1991 9	  68.75   30.33   18.96    3.93 
1991 10	  89.20   29.04   15.22    4.25 
1991 11	  27.33   19.65    7.01    5.99 
1991 12	 316.88   16.78    7.66    5.56 
1992 1	 127.80   14.03    5.48    4.59 
1992 2	 184.05   19.76    8.40    4.69 
1992 3	 120.60   23.42   10.93    4.77 
1992 4	  55.53   25.95   14.31    3.87 
1992 5	 232.75   27.95   17.51    3.99 
1992 6	 109.10   33.07   21.40    3.11 
1992 7	   7.48   34.13   23.18    4.50 
1992 8	  30.93   33.56   20.63    2.84 
1992 9	  87.38   32.60   20.32    4.29 
1992 10	  63.52   28.94   14.61    4.32 
1992 11	 104.50   19.48    7.76    5.23 
1992 12	  69.53   17.92    7.08    4.54 
1993 1	  93.27   14.67    4.15    4.69 
1993 2	  55.90   17.96    6.72    5.17 
1993 3	  71.68   21.92    9.31    4.24 
1993 4	  66.78   24.72   12.37    5.37 
1993 5	 156.00   28.55   16.91    4.16 
1993 6	  92.80   31.76   22.26    4.83 
1993 7	   0.00   34.63   23.72    4.38 
1993 8	   2.38   36.89   23.52    3.27 
1993 9	  22.02   33.94   19.63    3.85 
1993 10	  91.95   27.18   14.33    4.99 
1993 11	  30.42   18.83    6.43    5.05 
1993 12	  31.35   17.66    6.93    5.16 
1994 1	  24.00   16.55    5.05    5.71 
1994 2	  69.72   19.19    6.02    5.29 
1994 3	  33.95   23.82   10.49    4.46 
1994 4	  59.30   27.15   14.27    4.86 
1994 5	 120.28   28.63   17.74    4.00 
1994 6	  51.25   34.28   22.66    3.52 
1994 7	   0.55   37.12   23.48    4.07 
1994 8	 169.65   34.73   22.37    2.99 
1994 9	  58.28   31.68   18.56    3.00 
1994 10	 197.25   27.37   16.19    4.53 
1994 11	  83.10   23.00   12.28    5.38 
1994 12	 183.22   17.95    7.20    4.76 
1995 1	  41.45   17.51    5.83    5.57 
1995 2	  33.80   19.77    7.21    4.30 
1995 3	  84.67   21.07   10.48    5.15 
1995 4	  89.97   26.27   13.28    5.23 
1995 5	 234.40   30.37   19.24    4.81 
1995 6	  90.90   32.54   20.49    3.63 
1995 7	  28.33   35.89   23.30    3.32 
1995 8	 103.60   35.37   23.24    2.73 
1995 9	  66.03   33.12   20.05    3.36 
1995 10	  66.35   28.52   13.94    5.48 
1995 11	  65.57   21.22    8.87    5.05 
1995 12	  20.58   18.16    7.23    5.45 
1996 1	   0.10   18.08    3.20    5.90 
1996 2	  17.08   21.54    7.49    5.91 
1996 3	  33.65   20.94    6.45    5.46 
1996 4	  36.28   28.69   12.42    5.30 
1996 5	  40.53   33.35   21.47    5.32 
1996 6	  60.93   34.64   21.98    3.81 
1996 7	  11.05   37.66   23.79    3.68 
1996 8	 138.82   34.92   22.93    3.70 
1996 9	 213.93   31.57   19.65    3.09 
1996 10	  38.20   27.51   15.64    5.29 
1996 11	  78.50   21.97   10.02    5.52 
1996 12	  52.53   19.22    6.76    4.91 
1997 1	  42.98   15.25    4.13    5.73 
1997 2	 105.00   16.70    7.52    5.33 
1997 3	  45.48   23.83   11.62    4.24 
1997 4	  89.45   23.10   11.82    5.23 
1997 5	 185.20   28.32   17.60    3.87 
1997 6	 162.95   31.47   21.15    3.27 
1997 7	  32.50   34.99   23.18    2.60 
1997 8	  33.12   35.03   22.88    3.39 
1997 9	  25.38   34.04   20.72    3.14 
1997 10	  86.12   27.30   15.30    5.11 
1997 11	  80.80   18.83    8.41    4.84 
1997 12	  88.33   16.49    3.79    5.21 
1998 1	  56.10   20.00    7.47    4.98 
1998 2	  77.50   18.85    6.79    4.82 
1998 3	  60.85   21.28    9.11    5.73 
1998 4	  20.75   26.06   12.44    4.59 
1998 5	  11.68   33.30   19.92    4.18 
1998 6	  12.90   36.22   23.83    5.51 
1998 7	  35.55   37.92   24.40    3.92 
1998 8	  45.60   36.45   23.66    2.80 
1998 9	 147.55   33.21   22.85    4.48 
1998 10	 284.02   27.35   17.33    5.51 
1998 11	 102.68   21.74   12.64    4.87 
1998 12	  65.53   17.00    6.63    5.50 
1999 1	  27.35   20.39    7.24    6.10 
1999 2	   0.00   23.17    9.74    4.94 
1999 3	 136.40   23.26   11.00    5.12 
1999 4	  20.52   28.41   16.48    5.62 
1999 5	  84.95   31.02   19.13    4.10 
1999 6	  71.25   32.80   22.67    4.07 
1999 7	 142.88   34.29   22.94    3.11 
1999 8	   2.97   38.01   23.87    2.29 
1999 9	   9.12   34.75   19.41    3.80 
1999 10	  32.38   29.17   13.67    4.55 
1999 11	   3.72   25.36   10.50    4.42 
1999 12	  43.15   20.25    5.66    5.49 
2000 1	 110.85   19.31    6.71    5.62 
2000 2	  36.15   23.19   10.34    5.57 
2000 3	  56.00   25.42   12.94    4.55 
2000 4	 105.10   27.18   14.14    4.65 
2000 5	  67.05   31.24   20.58    4.91 
2000 6	  95.58   32.72   22.48    4.48 
2000 7	  12.83   37.71   23.43    3.00 
2000 8	   5.72   38.19   22.94    2.53 
2000 9	  50.18   35.25   20.22    4.12 
2000 10	 194.47   27.14   17.16    4.98 
2000 11	 257.73   18.94    8.85    5.21 
2000 12	  76.23   13.08    2.87    5.55 
2001 1	  89.12   14.44    3.79    4.94 
2001 2	  32.55   19.89    8.86    4.94 
2001 3	 135.80   18.22    7.85    4.28 
2001 4	  13.73   27.08   16.17    5.69 
2001 5	 150.38   31.03   19.43    4.38 
2001 6	  73.32   33.40   22.20    3.10 
2001 7	  20.23   36.14   23.53    3.01 
2001 8	 193.62   35.98   23.46    3.41 
2001 9	  94.02   30.97   19.34    4.27 
2001 10	  80.85   27.39   13.55    4.72 
2001 11	 201.07   23.38   11.89    4.43 
2001 12	 137.60   18.21    7.08    4.81 
2002 1	  38.98   18.24    5.74    4.90 
2002 2	  30.38   17.85    4.18    5.20 
2002 3	  34.73   21.80    9.16    5.55 
2002 4	  34.60   28.67   17.78    5.12 
2002 5	  25.60   31.45   18.88    5.39 
2002 6	 116.68   33.68   21.42    3.71 
2002 7	  71.97   33.10   23.29    3.72 
2002 8	  13.05   35.61   22.96    3.04 
2002 9	 145.80   32.16   20.29    4.47 
2002 10	 184.95   25.31   16.16    3.86 
2002 11	 128.28   20.50    7.89    4.95 
2002 12	 136.18   17.84    6.56    5.56 
2003 1	  42.63   16.15    4.28    4.85 
2003 2	 143.45   16.61    6.74    5.18 
2003 3	  37.30   22.02    9.90    3.72 
2003 4	  11.45   27.97   15.16    4.61 
2003 5	  26.27   31.93   20.22    4.53 
2003 6	  90.68   33.72   21.81    3.13 
2003 7	  54.45   34.22   23.25    3.33 
2003 8	  40.03   35.85   23.15    2.64 
2003 9	  60.15   30.04   19.35    3.69 
2003 10	  47.50   27.97   15.55    4.17 
2003 11	  20.77   22.90   11.11    5.44 
2003 12	  17.60   18.35    3.69    5.28 
2004 1	  89.00   17.90    6.72    5.42 
2004 2	 110.02   15.17    2.39    5.15 
2004 3	  33.32   24.27   13.12    4.59 
2004 4	 110.15   25.88   14.26    5.07 
2004 5	  45.38   29.86   19.27    4.96 
2004 6	 219.55   32.66   21.70    3.77 
2004 7	  28.73   34.39   22.50    2.76 
2004 8	 165.38   34.56   21.83    3.45 
2004 9	  25.47   32.44   20.10    3.10 
2004 10	 176.75   29.83   19.02    4.69 
2004 11	 241.85   21.45   10.55    4.99 
2004 12	  17.35   17.14    4.42    5.32 
2005 1	  77.73   17.93    7.43    4.98 
2005 2	  70.20   17.22    8.64    4.93 
2005 3	  96.30   21.79    9.31    4.20 
2005 4	  20.20   26.57   12.84    4.64 
2005 5	 150.03   28.77   17.44    3.88 
2005 6	   2.47   34.23   22.23    3.65 
2005 7	  58.67   35.41   23.15    3.33 
2005 8	 108.50   35.32   23.25    3.00 
2005 9	  15.40   35.74   22.29    3.90 
2005 10	  36.25   28.18   13.98    4.64 
2005 11	  10.65   25.19   11.44    5.26 
2005 12	   5.20   17.45    4.20    5.27 
2006 1	  27.95   21.67    6.59    5.29 
2006 2	  35.65   17.94    5.41    5.23 
2006 3	  81.32   24.28   12.07    5.44 
2006 4	  49.40   30.16   17.33    4.93 
2006 5	  76.90   32.14   18.71    4.37 
2006 6	 106.78   34.06   21.08    2.64 
2006 7	  89.25   35.32   23.51    2.94 
2006 8	  12.35   37.45   24.05    3.13 
2006 9	  65.88   33.23   19.81    3.50 
2006 10	 186.62   28.87   15.23    4.75 
2006 11	  17.23   24.20   10.79    4.91 
2006 12	 105.50   17.71    6.38    5.32 
2007 1	 152.18   12.24    2.79    5.33 
2007 2	   5.47   18.09    4.50    4.76 
2007 3	 190.50   24.09   13.13    4.79 
2007 4	  66.07   23.57   12.60    4.73 
2007 5	 201.38   28.49   18.95    4.29 
2007 6	 233.48   31.59   21.95    3.76 
2007 7	 222.27   31.16   22.28    3.62 
2007 8	  54.33   34.34   23.39    2.80 
2007 9	  35.75   32.27   20.60    2.96 
2007 10	  59.05   29.11   15.07    4.57 
2007 11	  57.53   22.71   10.42    4.43 
2007 12	  25.98   19.73    5.27    4.31 
2008 1	  24.15   15.53    3.64    5.69 
2008 2	  32.58   21.61    6.96    5.37 
2008 3	  85.75   22.67   10.05    5.85 
2008 4	 115.62   26.58   13.59    4.97 
2008 5	  75.75   30.58   19.26    5.05 
2008 6	   5.93   36.44   23.11    4.17 
2008 7	  31.90   36.03   22.22    3.59 
2008 8	  59.95   35.76   23.18    2.89 
2008 9	   2.48   32.56   18.87    4.54 
2008 10	  28.20   28.56   13.52    4.28 
2008 11	   6.77   23.69    9.55    4.38 
2008 12	  14.08   17.59    4.04    6.03 
2009 1	  13.43   17.52    3.19    4.85 
2009 2	  32.42   22.71    8.03    5.64 
2009 3	  93.67   23.65   10.41    5.20 
2009 4	  90.72   25.74   13.26    5.30 
2009 5	  40.42   30.70   18.97    4.23 
2009 6	  18.25   36.83   23.03    3.55 
2009 7	  18.42   37.91   24.43    3.25 
2009 8	  27.77   37.73   23.84    2.48 
2009 9	 145.35   29.90   20.09    2.90 
2009 10	 179.90   24.98   14.32    5.13 
2009 11	  92.57   21.75    9.90    4.73 
2009 12	  66.30   11.96    2.97    5.27 
2010 1	  97.35   14.62    2.89    5.40 
2010 2	  86.28   12.02    2.74    5.18 
2010 3	  83.55   20.79    8.16    4.42 
2010 4	  43.15   25.51   14.08    4.91 
2010 5	  54.78   31.92   17.57    4.10 
2010 6	 130.65   33.65   23.20    4.07 
2010 7	  72.90   33.62   23.81    3.81 
2010 8	   2.20   37.34   24.15    2.57 
2010 9	 159.30   32.26   21.24    4.17 
2010 10	   2.20   28.77   13.54    4.24 
2010 11	  15.20   22.98    9.77    5.60 
2010 12	  21.80   17.81    5.46    5.53 
