1949 1	  24.25   18.43    7.45    6.54 
1949 2	  58.47   22.36   12.27    6.18 
1949 3	  22.28   26.39   14.26    6.15 
1949 4	 152.80   27.28   16.06    6.11 
1949 5	  19.35   32.70   22.00    5.45 
1949 6	  37.33   35.74   23.29    4.95 
1949 7	  39.28   36.47   23.41    4.65 
1949 8	   8.12   37.14   22.37    3.75 
1949 9	  15.35   34.93   22.52    3.76 
1949 10	 143.73   30.22   18.60    5.08 
1949 11	   0.33   27.56   10.74    4.40 
1949 12	   4.53   23.00   12.82    5.99 
1950 1	   4.25   26.67   14.51    6.68 
1950 2	  16.20   26.16   13.09    5.57 
1950 3	  26.90   26.93   12.94    5.94 
1950 4	  13.10   30.59   18.65    6.44 
1950 5	  78.05   34.76   22.45    6.09 
1950 6	  32.67   34.99   22.92    4.81 
1950 7	   0.72   37.36   23.84    5.57 
1950 8	   4.38   38.34   22.68    3.32 
1950 9	  10.80   36.24   22.36    3.01 
1950 10	   0.73   33.64   17.72    3.90 
1950 11	   6.15   26.89   11.65    5.76 
1950 12	   0.03   24.31    7.15    5.53 
1951 1	   1.05   23.75    7.31    6.72 
1951 2	   1.73   23.37    7.98    7.48 
1951 3	 174.55   27.18   13.58    6.42 
1951 4	  12.73   31.12   16.68    5.74 
1951 5	  52.45   32.52   20.63    5.14 
1951 6	  80.45   35.97   23.67    6.11 
1951 7	   9.68   37.62   23.43    4.84 
1951 8	  19.43   37.55   23.31    4.20 
1951 9	 237.22   34.23   22.31    4.43 
1951 10	  20.88   31.36   18.06    4.33 
1951 11	   5.80   24.11   11.62    6.50 
1951 12	   0.40   24.35    9.98    6.39 
1952 1	   5.82   25.71   12.13    6.56 
1952 2	  13.55   26.06   10.03    5.81 
1952 3	  66.55   27.61   13.79    6.09 
1952 4	   6.55   29.88   16.01    6.07 
1952 5	  66.07   33.21   18.54    5.12 
1952 6	 142.62   33.80   22.17    4.52 
1952 7	  66.15   35.80   22.34    3.65 
1952 8	   0.18   38.21   22.95    4.23 
1952 9	  51.40   34.38   19.91    3.70 
1952 10	   0.00   30.25   11.68    4.21 
1952 11	  17.08   23.63   12.56    6.17 
1952 12	  16.70   20.42    8.06    5.64 
1953 1	   7.10   24.86    7.19    5.75 
1953 2	  23.25   22.77    9.00    6.34 
1953 3	  25.58   30.36   17.55    5.91 
1953 4	  25.07   32.59   17.76    5.47 
1953 5	  25.20   34.29   20.76    5.64 
1953 6	   1.98   38.38   23.40    4.46 
1953 7	  21.55   38.30   23.75    4.16 
1953 8	 270.62   36.29   23.15    3.40 
1953 9	  50.05   33.92   19.54    3.98 
1953 10	  66.85   29.13   16.58    4.35 
1953 11	   5.48   24.61   10.56    4.79 
1953 12	  10.55   19.13    7.00    5.81 
1954 1	   1.45   23.29    9.38    5.50 
1954 2	   1.23   27.46   10.25    4.94 
1954 3	  22.60   27.00   12.44    6.14 
1954 4	  59.82   30.65   18.90    5.92 
1954 5	  54.38   32.13   18.90    5.29 
1954 6	 162.20   35.03   22.70    5.07 
1954 7	  33.12   36.32   22.65    4.46 
1954 8	  59.23   36.65   22.80    4.26 
1954 9	  26.72   35.16   21.65    3.33 
1954 10	 106.93   30.34   17.70    4.55 
1954 11	  54.38   25.17   10.35    4.72 
1954 12	   0.67   24.29    8.71    5.05 
1955 1	  19.05   21.41    7.44    6.12 
1955 2	  10.60   23.10    9.00    6.84 
1955 3	   1.37   28.67   14.24    6.72 
1955 4	   4.03   32.76   18.27    5.50 
1955 5	   9.55   34.84   21.74    5.57 
1955 6	  20.47   35.90   21.65    4.93 
1955 7	  40.58   35.39   22.86    4.35 
1955 8	  20.58   36.49   23.00    3.26 
1955 9	 199.90   31.72   22.34    3.40 
1955 10	   7.93   29.66   15.16    4.45 
1955 11	  83.95   23.63   12.41    5.69 
1955 12	   2.27   21.40    8.36    5.09 
1956 1	   0.20   23.08    7.19    5.06 
1956 2	   4.60   24.20   10.67    6.40 
1956 3	   2.22   27.26   12.58    5.72 
1956 4	  52.33   29.28   17.02    5.67 
1956 5	  51.22   32.65   20.16    5.21 
1956 6	  54.42   35.39   21.88    4.15 
1956 7	   3.02   36.73   22.73    4.35 
1956 8	  16.10   37.02   22.91    3.85 
1956 9	   3.17   34.88   20.58    3.37 
1956 10	  83.30   32.17   17.62    3.48 
1956 11	   1.73   24.09    9.37    5.77 
1956 12	  17.95   23.19    9.32    5.40 
1957 1	   1.35   23.04   10.69    5.92 
1957 2	  77.35   26.38   14.41    4.38 
1957 3	 100.82   27.02   12.65    5.28 
1957 4	  73.80   28.84   17.52    6.40 
1957 5	  15.52   32.44   21.02    5.99 
1957 6	  85.25   33.85   22.78    4.69 
1957 7	   0.75   37.54   23.01    4.35 
1957 8	  19.15   37.77   22.75    3.65 
1957 9	  82.45   33.99   20.81    3.46 
1957 10	  86.45   29.54   16.31    5.13 
1957 11	  54.45   23.39   11.62    6.33 
1957 12	  24.80   23.63    8.93    5.83 
1958 1	 218.62   18.88    6.34    6.15 
1958 2	  87.72   20.87    8.39    5.90 
1958 3	  12.55   22.73   10.47    6.10 
1958 4	   1.25   30.47   16.60    5.42 
1958 5	  54.40   32.01   19.48    3.71 
1958 6	  56.45   35.50   22.95    4.79 
1958 7	  13.70   35.52   23.50    4.51 
1958 8	  15.65   37.97   22.86    4.04 
1958 9	 180.88   33.14   22.90    3.73 
1958 10	 248.77   26.13   17.89    4.68 
1958 11	  11.55   24.25   13.34    4.73 
1958 12	  22.62   19.13    6.87    5.69 
1959 1	  24.95   18.17    6.31    6.15 
1959 2	  63.10   19.44    9.94    5.38 
1959 3	   0.60   24.19   10.57    6.03 
1959 4	  24.05   27.47   15.33    5.59 
1959 5	  10.05   33.42   21.61    4.92 
1959 6	  36.62   34.43   22.78    4.11 
1959 7	  49.45   36.47   22.99    3.56 
1959 8	  81.65   36.56   23.28    3.51 
1959 9	  45.83   35.91   21.94    4.51 
1959 10	  46.65   30.74   18.10    4.64 
1959 11	  24.97   22.86    7.78    5.78 
1959 12	   8.28   22.91    7.59    5.25 
1960 1	  49.38   19.96    8.69    5.62 
1960 2	  23.15   22.22    5.26    6.16 
1960 3	  20.47   22.66   10.44    5.70 
1960 4	  36.62   30.15   17.02    5.85 
1960 5	  33.53   32.26   19.15    5.54 
1960 6	 125.50   36.02   22.37    4.18 
1960 7	  98.82   37.41   23.39    3.38 
1960 8	 171.05   35.73   24.06    4.24 
1960 9	  44.55   32.62   19.84    3.22 
1960 10	 107.65   31.35   19.69    4.50 
1960 11	  57.68   24.78   13.86    4.61 
1960 12	  88.52   17.79    8.32    5.61 
1961 1	  26.12   16.41    5.36    5.66 
1961 2	  18.90   23.35    8.72    5.65 
1961 3	   0.00   28.98   14.05    5.72 
1961 4	  42.60   29.87   15.59    5.61 
1961 5	  14.03   33.58   20.57    5.42 
1961 6	 103.50   34.26   22.66    4.61 
1961 7	  42.90   35.59   22.66    4.41 
1961 8	  63.88   35.56   21.88    2.24 
1961 9	 143.32   32.97   21.43    5.25 
1961 10	  20.92   30.46   15.53    4.95 
1961 11	  43.90   23.80   11.48    5.57 
1961 12	  13.65   22.12    9.24    5.06 
1962 1	   7.67   18.49    4.25    6.32 
1962 2	   0.12   29.36   13.13    5.25 
1962 3	  23.73   25.62   10.63    5.92 
1962 4	  31.73   30.47   16.17    6.00 
1962 5	  14.70   33.12   19.95    5.99 
1962 6	 127.47   34.26   22.31    4.91 
1962 7	   0.32   37.65   23.06    4.11 
1962 8	  54.07   38.37   22.79    3.10 
1962 9	 186.47   34.88   21.74    3.30 
1962 10	  11.70   33.09   18.78    4.58 
1962 11	  10.32   25.72   10.24    5.14 
1962 12	  52.35   19.03    7.44    5.37 
1963 1	   2.03   17.61    3.80    5.68 
1963 2	  20.27   22.32    5.08    5.45 
1963 3	   0.08   28.21   13.39    5.50 
1963 4	  20.20   33.62   19.69    6.14 
1963 5	  56.30   32.36   20.67    4.82 
1963 6	  51.23   35.55   22.75    5.07 
1963 7	  10.20   35.27   22.90    4.50 
1963 8	  27.85   37.17   22.50    3.36 
1963 9	  62.95   34.09   21.12    3.04 
1963 10	  75.70   30.10   16.85    4.37 
1963 11	  49.22   26.45   12.45    5.86 
1963 12	  37.35   16.28    3.87    6.32 
1964 1	  27.85   20.41    5.76    5.18 
1964 2	  46.10   20.26    5.51    5.30 
1964 3	   4.43   26.65   11.37    5.64 
1964 4	   1.12   31.73   18.82    5.72 
1964 5	 120.25   33.19   21.39    4.64 
1964 6	   7.85   34.53   21.81    4.29 
1964 7	  23.15   36.99   22.85    3.78 
1964 8	   2.93   38.66   23.40    4.26 
1964 9	 171.82   35.10   21.71    3.31 
1964 10	  26.92   29.51   12.85    5.01 
1964 11	   2.67   27.50   13.42    5.67 
1964 12	  14.82   20.74    7.07    5.82 
1965 1	  19.00   23.42    7.90    5.39 
1965 2	  56.20   20.61    6.44    6.22 
1965 3	  29.58   23.94    9.27    6.37 
1965 4	  15.50   31.16   17.94    5.81 
1965 5	 125.88   31.55   20.84    6.35 
1965 6	  27.40   34.51   21.76    4.73 
1965 7	   6.32   36.94   21.71    3.63 
1965 8	  44.18   35.40   21.71    3.17 
1965 9	 101.08   34.65   21.03    4.14 
1965 10	 102.47   27.35   14.03    4.82 
1965 11	  47.47   27.39   15.43    3.68 
1965 12	  74.65   21.88   10.64    5.68 
1966 1	  61.80   15.75    4.45    6.30 
1966 2	  32.77   18.70    6.04    5.81 
1966 3	  15.85   25.05   12.00    5.15 
1966 4	  79.88   30.70   17.59    5.38 
1966 5	 200.90   30.09   20.00    4.50 
1966 6	 108.75   32.61   21.29    4.17 
1966 7	  28.05   35.24   22.67    3.69 
1966 8	  23.52   36.83   23.53    4.22 
1966 9	  43.17   35.29   20.65    2.80 
1966 10	  63.03   29.82   14.87    4.58 
1966 11	   0.80   27.08   11.01    4.99 
1966 12	  16.15   22.04    6.21    5.84 
1967 1	  54.10   20.08    6.00    6.16 
1967 2	  31.02   22.26    7.07    6.22 
1967 3	  10.12   28.64   14.93    5.27 
1967 4	  38.25   33.37   20.43    6.31 
1967 5	  37.00   33.85   19.49    6.02 
1967 6	  13.65   36.05   21.93    5.00 
1967 7	  25.90   37.11   22.67    4.60 
1967 8	 191.15   34.72   21.35    3.76 
1967 9	 589.85   30.01   20.18    4.24 
1967 10	  52.98   27.75   14.83    4.44 
1967 11	  48.47   24.17   12.86    4.47 
1967 12	  48.20   20.04    7.39    5.48 
1968 1	  55.55   17.00    6.33    5.98 
1968 2	  50.65   18.63    5.66    5.34 
1968 3	  25.75   22.54    9.55    6.43 
1968 4	  44.85   28.38   17.11    6.33 
1968 5	 108.97   30.84   20.29    5.46 
1968 6	 134.07   32.85   21.57    4.24 
1968 7	 104.85   33.23   21.93    4.06 
1968 8	  22.45   35.03   21.09    3.54 
1968 9	  70.75   32.94   19.09    3.90 
1968 10	  79.47   30.68   16.60    4.44 
1968 11	  21.88   24.36    9.26    6.05 
1968 12	   3.92   22.02    6.33    6.38 
1969 1	  15.32   22.04    8.63    5.67 
1969 2	  51.05   22.30   10.07    5.95 
1969 3	  24.18   22.86    8.62    6.55 
1969 4	  32.80   29.93   16.27    5.74 
1969 5	 103.70   31.24   18.36    4.61 
1969 6	  16.12   35.01   21.46    4.84 
1969 7	   4.88   37.43   23.62    4.39 
1969 8	  66.03   36.24   22.54    3.47 
1969 9	  70.45   33.20   20.62    3.65 
1969 10	  49.82   30.22   16.11    6.13 
1969 11	  53.25   24.23    9.61    6.23 
1969 12	  19.83   23.11    7.80    4.94 
1970 1	  56.65   16.39    4.52    6.12 
1970 2	  29.50   22.71    7.29    6.18 
1970 3	  26.15   24.34    8.84    5.96 
1970 4	  20.83   30.63   17.02    6.22 
1970 5	 145.95   29.43   16.35    5.68 
1970 6	  60.92   32.94   20.64    4.96 
1970 7	  46.13   34.34   21.35    3.53 
1970 8	  25.52   35.55   21.33    3.46 
1970 9	 131.50   31.40   20.18    4.82 
1970 10	  23.15   27.67   14.03    5.44 
1970 11	   0.50   24.83    6.61    5.96 
1970 12	   2.83   25.70   12.18    5.63 
1971 1	   7.53   24.03    8.67    6.07 
1971 2	  11.35   25.34    7.79    6.15 
1971 3	   1.08   29.70   10.73    6.04 
1971 4	  65.38   29.31   14.78    5.71 
1971 5	  51.60   32.64   19.67    5.72 
1971 6	 105.05   34.09   22.15    5.42 
1971 7	  24.77   35.05   21.86    4.05 
1971 8	 117.60   34.03   21.13    3.45 
1971 9	 262.30   31.37   20.81    3.98 
1971 10	 104.07   29.41   18.04    4.88 
1971 11	   8.40   26.02   10.86    5.24 
1971 12	  32.58   22.99   10.22    5.03 
1972 1	  21.95   24.01    8.28    5.75 
1972 2	  50.18   22.71    8.01    5.73 
1972 3	  21.50   28.42   13.80    4.81 
1972 4	  23.55   31.58   17.61    5.47 
1972 5	 103.23   30.21   17.79    4.61 
1972 6	 129.35   32.72   21.16    4.33 
1972 7	  65.17   33.98   21.10    3.89 
1972 8	   4.52   35.46   20.44    3.95 
1972 9	  85.20   35.32   19.92    3.35 
1972 10	  16.32   31.23   16.26    4.93 
1972 11	  56.80   21.64    8.14    5.85 
1972 12	  19.98   20.99    5.18    5.62 
1973 1	  63.10   16.65    3.04    6.17 
1973 2	  95.02   18.95    5.74    6.74 
1973 3	   5.63   27.67   13.75    5.24 
1973 4	  30.78   27.80   14.40    6.78 
1973 5	  23.17   32.45   17.75    5.63 
1973 6	 288.22   32.99   21.47    5.30 
1973 7	  15.42   35.23   22.48    4.52 
1973 8	 154.78   33.39   21.07    3.61 
1973 9	 233.08   33.11   20.59    3.95 
1973 10	 115.45   29.40   16.87    4.83 
1973 11	   7.93   28.42   14.44    5.30 
1973 12	   9.03   23.24    5.78    6.16 
1974 1	  32.77   20.61    7.81    4.73 
1974 2	   0.75   25.14    6.17    6.19 
1974 3	  62.90   28.41   14.47    6.03 
1974 4	  25.70   30.02   15.23    5.96 
1974 5	  38.65   32.99   19.96    4.90 
1974 6	  45.88   34.36   19.32    4.80 
1974 7	  38.83   35.21   20.72    3.97 
1974 8	  34.30   37.22   21.79    4.05 
1974 9	 127.53   32.09   18.10    5.18 
1974 10	  93.38   29.23   14.94    5.33 
1974 11	  16.90   23.97   10.20    5.35 
1974 12	  32.90   19.17    6.67    5.53 
1975 1	  37.35   22.10    6.27    5.06 
1975 2	  10.70   23.19    7.52    5.25 
1975 3	  10.10   28.51   12.45    5.77 
1975 4	   8.35   31.11   16.58    5.99 
1975 5	 104.70   32.60   20.85    5.34 
1975 6	  72.88   33.85   22.02    5.00 
1975 7	 141.15   34.26   21.59    3.85 
1975 8	 151.40   34.00   21.66    3.59 
1975 9	  47.83   31.64   19.09    3.66 
1975 10	  41.12   30.08   15.23    4.76 
1975 11	   1.60   25.78   10.21    5.34 
1975 12	  12.67   21.89    6.63    5.95 
1976 1	  16.32   20.65    5.09    5.90 
1976 2	   0.52   26.33    8.64    5.93 
1976 3	  33.70   26.71   13.91    6.18 
1976 4	  94.25   28.74   17.35    5.94 
1976 5	  45.05   29.69   17.50    4.97 
1976 6	  14.65   34.54   20.76    4.39 
1976 7	 228.45   32.28   21.67    4.46 
1976 8	  22.10   34.69   20.63    2.80 
1976 9	  54.75   33.40   20.21    3.59 
1976 10	 146.80   25.37   12.20    5.31 
1976 11	 104.50   19.05    7.98    6.56 
1976 12	  47.67   17.03    5.86    5.96 
1977 1	  52.12   15.13    4.12    5.39 
1977 2	  21.82   20.95    7.11    5.49 
1977 3	   5.80   25.55   11.17    5.46 
1977 4	  27.23   28.16   15.09    4.76 
1977 5	  57.52   30.91   20.44    5.22 
1977 6	 103.82   33.72   21.77    4.14 
1977 7	   4.47   35.44   21.88    3.89 
1977 8	  48.88   37.24   22.29    4.01 
1977 9	  76.72   34.74   22.59    3.76 
1977 10	  58.38   30.37   16.74    4.29 
1977 11	  16.25   27.27   11.95    4.95 
1977 12	   6.50   23.61    7.27    5.53 
1978 1	  22.60   15.82    3.70    6.13 
1978 2	  13.25   17.53    4.54    6.13 
1978 3	   0.05   27.17    9.76    5.26 
1978 4	  30.50   30.12   17.06    6.04 
1978 5	  37.97   33.90   21.02    5.16 
1978 6	  79.82   35.10   21.96    3.83 
1978 7	  46.85   37.05   22.79    4.22 
1978 8	  43.22   35.80   22.08    3.83 
1978 9	 133.77   32.09   21.91    4.37 
1978 10	  47.72   28.18   15.87    4.74 
1978 11	  22.48   24.02   14.27    5.48 
1978 12	  51.00   20.71    7.97    5.93 
1979 1	  24.15   16.77    4.44    6.58 
1979 2	  13.45   19.75    7.20    5.75 
1979 3	  14.17   26.10   13.75    6.14 
1979 4	 112.07   29.94   18.01    5.12 
1979 5	  38.23   30.59   18.31    5.74 
1979 6	  93.12   33.36   21.21    4.45 
1979 7	  37.92   36.38   23.44    4.16 
1979 8	  33.75   36.23   22.50    3.54 
1979 9	 151.90   31.38   18.97    4.79 
1979 10	   5.03   31.97   16.13    4.44 
1979 11	   3.35   24.68    9.86    6.68 
1979 12	  47.75   20.00    7.98    6.19 
1980 1	   5.80   21.79    8.05    5.25 
1980 2	  28.65   20.64    7.74    5.78 
1980 3	   2.88   26.86   12.20    5.78 
1980 4	   1.92   30.03   14.01    5.58 
1980 5	 102.33   32.64   21.14    5.48 
1980 6	   0.98   37.08   23.36    4.84 
1980 7	  27.38   38.65   23.35    3.95 
1980 8	 191.23   34.77   23.25    4.80 
1980 9	  68.47   34.37   22.22    3.77 
1980 10	  31.47   27.89   15.72    5.36 
1980 11	  67.03   22.02    8.48    5.54 
1980 12	   6.65   20.20    8.51    5.17 
1981 1	  52.88   18.84    6.50    5.24 
1981 2	  22.55   20.75    8.69    5.67 
1981 3	  53.95   24.56   11.40    5.55 
1981 4	  53.72   29.49   18.94    5.76 
1981 5	 106.90   31.39   19.72    5.68 
1981 6	 174.48   33.28   22.90    5.01 
1981 7	  52.60   34.91   22.63    4.67 
1981 8	 145.90   35.53   22.63    3.74 
1981 9	  24.55   33.52   20.33    4.31 
1981 10	 102.10   29.79   17.15    5.39 
1981 11	   0.17   27.42   12.00    5.23 
1981 12	  11.02   22.48    8.00    5.59 
1982 1	   0.90   22.61    6.84    6.31 
1982 2	  81.33   20.06    6.73    5.71 
1982 3	   6.70   26.54   13.40    6.21 
1982 4	  43.60   29.03   16.59    5.85 
1982 5	 182.00   29.98   20.33    6.22 
1982 6	  12.03   34.98   22.63    5.28 
1982 7	   0.00   37.11   22.88    4.74 
1982 8	  14.78   37.29   22.74    3.80 
1982 9	  14.85   35.98   20.84    3.89 
1982 10	  58.95   29.49   16.63    4.83 
1982 11	  33.65   24.58   12.30    5.26 
1982 12	  23.38   21.42    8.33    5.42 
1983 1	  19.92   18.53    6.26    4.78 
1983 2	 101.48   22.30    8.12    5.48 
1983 3	  31.10   25.98   11.26    5.00 
1983 4	   0.00   29.83   13.74    6.36 
1983 5	  58.38   31.75   20.36    5.87 
1983 6	  53.42   34.70   22.24    4.52 
1983 7	  99.55   34.28   23.38    4.10 
1983 8	  62.17   36.12   23.02    3.34 
1983 9	  56.73   33.26   20.91    4.71 
1983 10	  83.20   29.98   17.17    4.44 
1983 11	  24.92   27.40   12.69    5.43 
1983 12	   9.88   16.80    3.55    6.11 
1984 1	  80.72   15.87    5.69    6.11 
1984 2	   4.70   22.97    8.71    5.58 
1984 3	   1.47   27.65   12.83    5.73 
1984 4	   0.47   33.29   15.99    5.48 
1984 5	  83.85   32.50   19.20    5.56 
1984 6	  48.67   34.19   21.56    5.55 
1984 7	  23.05   35.98   22.29    4.19 
1984 8	   8.22   36.63   22.25    4.16 
1984 9	  42.98   31.69   20.46    5.08 
1984 10	  81.48   29.97   19.85    5.24 
1984 11	  17.30   25.06   12.01    5.82 
1984 12	  31.25   24.21   13.50    5.43 
1985 1	  42.17   16.02    4.05    5.59 
1985 2	  56.97   18.29    7.65    6.05 
1985 3	  45.35   25.83   15.65    5.78 
1985 4	  30.45   29.73   17.29    5.57 
1985 5	 162.18   32.34   20.25    4.71 
1985 6	  92.38   33.26   22.12    4.64 
1985 7	  29.68   35.02   22.24    4.30 
1985 8	  24.33   37.64   22.85    3.72 
1985 9	  93.50   34.95   21.71    4.17 
1985 10	 133.25   29.29   18.19    5.72 
1985 11	  14.33   26.71   15.03    5.56 
1985 12	   9.75   19.10    6.85    5.79 
1986 1	  15.68   21.73    6.64    5.40 
1986 2	  21.67   24.94    9.52    5.31 
1986 3	   4.30   27.70   11.09    5.05 
1986 4	  35.53   31.16   18.73    5.53 
1986 5	  70.10   31.55   19.96    5.56 
1986 6	  72.38   33.80   22.71    4.39 
1986 7	  22.95   36.63   22.65    4.50 
1986 8	  27.62   36.80   22.82    3.54 
1986 9	  61.12   34.19   22.73    4.68 
1986 10	  65.55   29.32   17.05    5.22 
1986 11	  34.73   22.86   12.23    5.64 
1986 12	  90.80   17.58    7.79    5.85 
1987 1	  22.20   19.07    5.99    5.26 
1987 2	  82.55   21.61    9.21    5.37 
1987 3	  17.05   23.32    9.32    5.56 
1987 4	  35.80   28.30   11.74    4.92 
1987 5	 126.23   31.44   20.10    5.32 
1987 6	 140.25   32.54   22.10    4.10 
1987 7	  55.65   34.84   22.76    4.44 
1987 8	  57.05   37.05   23.03    4.42 
1987 9	  46.25   34.51   21.18    4.49 
1987 10	  20.00   30.44   15.37    4.86 
1987 11	  33.02   24.70   11.12    5.72 
1987 12	  20.25   21.65    9.64    5.79 
1988 1	  25.28   16.61    5.70    6.28 
1988 2	  25.00   20.35    8.39    5.91 
1988 3	  19.93   26.00   11.92    6.17 
1988 4	   8.07   30.21   15.31    4.56 
1988 5	  24.57   32.12   19.45    5.30 
1988 6	  27.35   35.29   21.30    3.88 
1988 7	  57.02   36.62   23.75    4.48 
1988 8	  37.78   36.02   23.43    3.43 
1988 9	 133.03   33.27   20.82    4.75 
1988 10	  68.85   30.68   17.21    4.37 
1988 11	   0.20   27.65   13.87    6.11 
1988 12	   1.68   22.84    9.13    6.18 
1989 1	  17.90   22.24   11.50    5.28 
1989 2	   9.05   20.05    9.18    6.86 
1989 3	   0.12   27.80   10.77    5.91 
1989 4	  55.12   30.16   16.09    5.34 
1989 5	  10.65   34.43   22.70    5.98 
1989 6	  66.80   35.62   23.26    4.99 
1989 7	  48.02   36.83   23.20    4.10 
1989 8	  10.83   36.18   23.23    4.14 
1989 9	  57.65   33.90   19.80    4.62 
1989 10	  23.10   31.15   15.79    4.82 
1989 11	  13.10   26.24   13.75    5.31 
1989 12	  44.97   15.10    2.61    6.57 
1990 1	   7.65   22.50   10.12    5.58 
1990 2	  87.27   24.04   11.23    5.20 
1990 3	   9.88   25.52   13.80    6.52 
1990 4	  65.90   28.26   17.61    6.48 
1990 5	  40.70   32.30   22.11    6.20 
1990 6	   4.28   36.93   23.50    5.35 
1990 7	  35.60   35.18   22.85    4.35 
1990 8	  24.05   36.77   23.08    4.04 
1990 9	  71.25   33.02   21.38    3.50 
1990 10	  23.85   30.28   15.15    4.82 
1990 11	  50.88   26.13   13.38    5.79 
1990 12	  12.03   21.50    7.95    5.53 
1991 1	  18.72   17.45    6.45    5.27 
1991 2	  34.55   22.58    9.86    5.65 
1991 3	  14.68   29.27   13.89    5.98 
1991 4	  28.60   30.64   19.57    5.38 
1991 5	 152.18   32.29   21.67    5.05 
1991 6	 110.18   35.29   23.58    4.64 
1991 7	  30.42   34.68   23.45    4.10 
1991 8	  29.42   37.48   23.61    3.88 
1991 9	  87.60   31.46   20.54    3.75 
1991 10	  35.03   31.77   17.85    4.45 
1991 11	   3.35   22.21    9.98    6.77 
1991 12	 112.05   20.58   11.89    5.97 
1992 1	  87.97   16.39    8.54    5.77 
1992 2	  74.53   22.73   11.84    5.16 
1992 3	  31.27   26.43   14.15    5.69 
1992 4	  59.33   27.17   16.14    5.09 
1992 5	  98.78   28.86   19.13    4.89 
1992 6	  74.77   34.81   22.84    4.15 
1992 7	  35.70   36.11   23.81    5.42 
1992 8	  63.77   35.37   22.32    2.82 
1992 9	  54.42   33.58   21.83    4.14 
1992 10	  28.38   30.44   16.78    4.36 
1992 11	  34.50   23.30   11.33    5.92 
1992 12	  43.77   20.46   10.64    4.30 
1993 1	  25.03   19.02    7.87    4.67 
1993 2	  40.98   21.78   10.93    5.66 
1993 3	  60.40   24.54   12.72    4.57 
1993 4	  53.90   28.93   15.22    6.02 
1993 5	  62.58   30.55   18.73    4.70 
1993 6	 276.90   32.64   23.00    4.91 
1993 7	   0.82   35.23   23.63    5.16 
1993 8	   3.22   36.99   22.82    4.01 
1993 9	  71.78   34.31   21.20    3.95 
1993 10	  19.50   30.26   16.10    5.44 
1993 11	  16.37   22.53    9.90    5.57 
1993 12	  41.22   22.15    9.70    5.17 
1994 1	  31.70   21.08    8.25    6.10 
1994 2	   9.85   21.82    9.49    6.45 
1994 3	  61.27   26.06   13.39    5.18 
1994 4	  40.90   28.95   16.94    5.39 
1994 5	  37.17   31.46   20.26    4.99 
1994 6	  86.80   36.60   23.21    4.30 
1994 7	  17.02   37.73   23.62    4.83 
1994 8	  22.60   35.91   22.68    3.57 
1994 9	  38.88   33.42   19.60    3.10 
1994 10	  88.60   29.66   18.23    4.84 
1994 11	   0.12   28.48   16.36    5.25 
1994 12	  43.28   22.14   11.54    5.34 
1995 1	   9.90   20.60    8.26    6.07 
1995 2	  22.72   24.64   10.06    5.40 
1995 3	  50.55   24.38   12.46    5.03 
1995 4	  24.00   29.70   16.22    5.97 
1995 5	  56.42   34.24   22.08    5.79 
1995 6	  36.83   34.29   22.28    4.73 
1995 7	  21.73   36.29   23.74    3.88 
1995 8	  97.52   35.14   23.69    2.93 
1995 9	 109.55   34.23   21.33    3.52 
1995 10	 104.50   29.90   16.30    5.87 
1995 11	  82.80   23.69   12.28    4.91 
1995 12	  17.35   20.50   10.69    6.35 
1996 1	   5.60   22.70    5.17    6.23 
1996 2	   1.50   23.73    9.51    6.44 
1996 3	   4.85   24.39    8.98    6.21 
1996 4	  16.85   30.89   14.63    6.01 
1996 5	  25.25   34.36   22.43    6.22 
1996 6	  28.88   36.56   23.05    4.68 
1996 7	   8.85   38.11   23.92    4.60 
1996 8	 138.45   35.49   23.62    4.51 
1996 9	  33.70   34.25   22.26    4.16 
1996 10	  28.20   30.34   17.69    4.85 
1996 11	  14.58   26.77   13.56    5.51 
1996 12	  12.00   22.54    9.11    5.46 
1997 1	   8.32   17.87    7.13    5.95 
1997 2	  25.95   21.61    9.86    5.78 
1997 3	  74.75   25.87   14.79    4.48 
1997 4	  77.70   25.96   15.09    5.43 
1997 5	 144.88   31.34   19.63    4.23 
1997 6	  80.82   35.03   22.52    4.73 
1997 7	   4.02   38.10   23.97    3.88 
1997 8	   3.28   38.79   24.07    3.62 
1997 9	  45.47   35.36   21.81    3.19 
1997 10	 105.88   28.75   17.35    5.34 
1997 11	  45.75   21.95   11.75    5.02 
1997 12	   9.50   21.85    6.20    5.87 
1998 1	   8.80   25.15   10.43    5.19 
1998 2	  74.47   24.45    9.56    5.35 
1998 3	  36.25   25.46   12.53    6.71 
1998 4	   0.88   30.67   15.37    5.54 
1998 5	   0.00   36.15   21.28    4.95 
1998 6	  12.27   39.49   24.97    5.76 
1998 7	  10.90   39.74   24.71    4.17 
1998 8	  65.65   38.69   24.31    3.68 
1998 9	 185.02   33.48   23.20    3.29 
1998 10	 132.80   29.82   18.51    5.89 
1998 11	  45.68   25.30   15.75    4.93 
1998 12	   8.70   21.44    8.95    5.96 
1999 1	   1.55   24.48    8.11    6.16 
1999 2	   2.67   27.35   12.29    5.58 
1999 3	  46.83   28.40   14.82    5.96 
1999 4	   0.38   32.76   19.35    6.24 
1999 5	  42.85   34.25   20.96    5.07 
1999 6	  66.77   35.58   23.67    4.59 
1999 7	  93.35   35.55   23.18    3.99 
1999 8	 116.05   37.30   23.12    2.83 
1999 9	 139.40   33.46   20.59    3.77 
1999 10	  48.35   29.13   15.07    4.95 
1999 11	  15.93   27.15   11.93    4.64 
1999 12	   6.00   22.51    7.24    5.79 
2000 1	  16.80   24.62    9.85    5.43 
2000 2	  11.82   27.00   12.96    5.74 
2000 3	  43.30   29.42   16.46    5.22 
2000 4	  10.43   31.24   16.87    5.53 
2000 5	  67.75   34.29   22.24    5.94 
2000 6	  41.45   35.18   23.03    5.19 
2000 7	   8.35   38.92   23.08    4.09 
2000 8	  23.40   37.52   22.49    3.20 
2000 9	  38.33   36.56   20.13    3.94 
2000 10	 111.97   29.27   17.14    5.05 
2000 11	  26.10   23.93   11.81    5.39 
2000 12	  15.35   17.82    5.05    5.80 
2001 1	  17.93   19.44    6.90    5.67 
2001 2	  32.25   24.31   11.84    5.76 
2001 3	  31.90   24.87   10.32    5.06 
2001 4	  12.00   31.64   18.84    6.29 
2001 5	  40.35   34.27   20.35    4.80 
2001 6	  28.73   37.37   23.27    3.84 
2001 7	  12.52   38.32   23.58    4.06 
2001 8	  95.40   37.43   23.63    4.05 
2001 9	  57.20   33.04   21.05    4.53 
2001 10	   2.40   30.82   16.01    4.83 
2001 11	  72.77   26.34   13.93    4.93 
2001 12	  36.80   21.38    8.44    5.08 
2002 1	   3.58   22.38    9.15    5.76 
2002 2	  10.52   21.25    6.78    5.83 
2002 3	   0.68   26.68   12.82    6.08 
2002 4	  10.20   31.80   19.97    5.12 
2002 5	  47.95   34.24   21.68    5.74 
2002 6	  37.88   35.99   23.11    4.01 
2002 7	  95.13   34.90   24.00    4.40 
2002 8	  16.05   37.01   24.34    3.52 
2002 9	 148.90   32.76   21.38    4.03 
2002 10	 105.75   29.91   19.50    4.31 
2002 11	  61.92   22.80   10.51    5.39 
2002 12	  11.23   21.09    8.26    6.02 
2003 1	  24.27   18.31    6.73    5.18 
2003 2	  70.10   20.84   10.06    5.95 
2003 3	  35.95   24.53   12.93    4.49 
2003 4	  18.35   29.10   17.67    5.52 
2003 5	  14.50   35.10   22.64    5.24 
2003 6	  46.60   36.13   23.82    3.60 
2003 7	 130.62   34.81   23.54    4.40 
2003 8	  83.60   36.63   23.70    3.30 
2003 9	 188.87   31.50   21.56    3.61 
2003 10	 208.75   28.66   17.19    4.52 
2003 11	  31.97   25.85   13.31    5.49 
2003 12	   0.60   22.45    7.19    5.53 
2004 1	  32.68   20.38    9.43    5.82 
2004 2	   9.97   21.85    8.72    5.53 
2004 3	  72.52   26.84   15.99    5.15 
2004 4	  75.55   27.60   16.91    5.92 
2004 5	  48.92   31.25   20.36    5.87 
2004 6	 134.82   34.91   23.33    4.85 
2004 7	   8.55   35.68   23.50    4.15 
2004 8	  63.33   36.29   23.27    3.54 
2004 9	  55.08   32.84   21.70    2.63 
2004 10	  67.05   32.55   20.26    4.79 
2004 11	  37.80   26.66   13.46    5.19 
2004 12	  10.75   20.54    7.08    5.65 
2005 1	  30.45   22.05   10.25    5.46 
2005 2	  36.12   21.26   12.28    5.73 
2005 3	  20.15   26.99   12.86    4.75 
2005 4	   3.40   30.48   14.69    5.00 
2005 5	  27.95   32.50   20.23    5.05 
2005 6	   3.40   36.78   23.09    4.64 
2005 7	 110.00   36.60   23.48    3.86 
2005 8	  12.43   37.44   23.65    3.78 
2005 9	  36.45   36.58   23.10    3.64 
2005 10	  57.60   30.83   16.33    4.71 
2005 11	  26.45   27.71   12.05    5.61 
2005 12	   9.27   21.20    7.16    5.71 
2006 1	   1.00   24.87    7.97    5.20 
2006 2	   4.70   23.92    6.92    5.71 
2006 3	  18.57   29.17   15.97    6.08 
2006 4	  13.82   33.74   19.21    5.45 
2006 5	  39.65   35.19   20.39    5.45 
2006 6	  95.95   35.59   21.98    3.27 
2006 7	 153.60   35.14   23.35    4.09 
2006 8	   2.03   36.93   23.69    3.43 
2006 9	 161.60   33.28   21.32    3.80 
2006 10	  90.77   29.58   18.18    4.56 
2006 11	   0.25   27.13   12.25    4.88 
2006 12	  88.55   20.32    8.29    5.52 
2007 1	  82.60   16.88    6.64    5.82 
2007 2	   4.15   22.08    8.66    5.35 
2007 3	  35.42   27.12   14.92    5.80 
2007 4	  23.20   27.41   14.90    5.04 
2007 5	  79.57   31.43   19.44    4.84 
2007 6	 128.65   34.65   22.66    4.93 
2007 7	 182.98   33.34   23.30    4.69 
2007 8	  96.00   34.67   22.93    3.51 
2007 9	  53.00   33.06   21.48    2.54 
2007 10	  22.20   31.72   15.34    4.58 
2007 11	   7.15   26.42   12.56    4.88 
2007 12	   1.00   24.92    9.00    4.66 
2008 1	  27.03   20.99    6.12    6.24 
2008 2	   2.12   27.88   10.39    5.61 
2008 3	   0.82   29.24   11.64    6.41 
2008 4	  22.58   31.97   16.27    5.88 
2008 5	  34.00   35.13   21.35    5.36 
2008 6	  11.47   37.02   23.32    4.92 
2008 7	 304.82   33.38   22.75    4.63 
2008 8	 123.00   34.49   23.65    3.92 
2008 9	  71.88   31.89   19.89    4.00 
2008 10	  30.90   29.97   14.11    4.53 
2008 11	  10.53   26.36   10.39    4.87 
2008 12	  11.05   22.04    7.21    5.98 
2009 1	   4.65   23.89    7.29    5.14 
2009 2	   8.62   26.76    9.82    6.10 
2009 3	  13.55   27.53   12.49    5.77 
2009 4	   6.07   31.92   15.96    5.91 
2009 5	  43.30   34.76   21.46    5.21 
2009 6	  28.35   37.11   23.42    4.29 
2009 7	   2.95   39.85   24.44    4.46 
2009 8	  14.70   39.45   23.91    3.17 
2009 9	 130.78   33.12   21.42    3.00 
2009 10	  32.25   30.70   17.81    5.80 
2009 11	  83.05   25.73   10.11    5.78 
2009 12	  76.18   16.73    5.91    5.79 
2010 1	  45.83   19.73    5.74    6.26 
2010 2	  79.12   18.51    5.50    5.90 
2010 3	  12.05   25.52    9.24    5.35 
2010 4	 134.98   28.56   15.95    5.27 
2010 5	 147.43   33.25   20.42    5.05 
2010 6	 178.25   35.51   23.47    4.68 
2010 7	 144.07   33.47   23.62    4.42 
2010 8	   9.48   36.99   23.58    3.09 
2010 9	 194.95   33.01   21.78    4.11 
2010 10	   2.25   30.60   14.28    4.97 
2010 11	   2.15   26.89   10.36    5.86 
2010 12	   2.38   23.36    6.89    5.90 
