1949 1	  67.37    5.90   -4.75    3.51 
1949 2	   6.75   15.68    0.31    3.21 
1949 3	   7.67   21.27    2.89    4.02 
1949 4	  54.15   21.45    6.92    3.36 
1949 5	  38.15   29.05   13.84    4.39 
1949 6	  59.92   32.45   17.25    4.64 
1949 7	  77.40   33.98   19.13    3.37 
1949 8	  31.23   32.53   17.43    2.51 
1949 9	 185.70   28.06   14.75    3.01 
1949 10	  10.40   23.34    6.96    2.95 
1949 11	   0.00   23.16    3.10    2.31 
1949 12	  10.10   14.32   -2.02    3.09 
1950 1	   2.72   17.04   -1.17    3.09 
1950 2	   0.57   19.46    0.58    3.13 
1950 3	   0.38   21.18    1.25    4.09 
1950 4	  29.42   25.26    6.66    4.21 
1950 5	  16.25   29.22   12.11    3.78 
1950 6	  87.35   33.05   17.11    4.44 
1950 7	 104.15   31.12   17.79    3.90 
1950 8	  50.05   32.83   16.55    3.15 
1950 9	 149.93   28.55   14.35    3.09 
1950 10	   6.90   28.57   10.06    2.95 
1950 11	   0.00   21.69    0.09    2.78 
1950 12	   0.00   17.68   -3.26    2.05 
1951 1	   3.00   14.15   -4.96    3.21 
1951 2	   2.22   17.00   -1.49    3.82 
1951 3	  15.70   19.10    1.57    3.75 
1951 4	   3.43   24.36    5.54    3.86 
1951 5	  78.13   29.37   11.98    4.19 
1951 6	  14.68   34.68   16.62    4.68 
1951 7	  32.30   36.09   19.92    3.87 
1951 8	  51.65   35.02   19.16    3.60 
1951 9	   4.15   32.32   14.65    3.52 
1951 10	   8.18   27.07   10.13    3.32 
1951 11	   1.33   17.62    0.60    3.02 
1951 12	   0.00   15.95   -1.17    2.95 
1952 1	   1.80   17.00    0.46    2.85 
1952 2	   8.70   17.09   -0.71    3.38 
1952 3	   2.55   18.38    1.13    4.27 
1952 4	   9.10   23.83    6.93    3.75 
1952 5	  47.47   29.21   11.84    3.62 
1952 6	   1.05   35.00   18.93    4.87 
1952 7	  52.48   33.01   18.24    3.62 
1952 8	   8.32   36.36   20.46    3.47 
1952 9	  35.50   30.24   13.78    2.61 
1952 10	   0.00   26.58    6.60    2.81 
1952 11	  24.83   15.30    1.07    2.94 
1952 12	   0.00   14.56   -2.39    2.44 
1953 1	   0.43   18.87    0.92    3.63 
1953 2	   8.10   15.41   -1.83    3.08 
1953 3	   8.18   22.38    5.23    3.16 
1953 4	  13.70   24.75    7.07    3.58 
1953 5	  32.12   28.77   11.70    4.13 
1953 6	   8.07   36.57   19.72    4.64 
1953 7	  25.18   35.49   19.72    4.06 
1953 8	  24.65   34.04   18.43    2.93 
1953 9	  20.05   32.45   13.72    2.53 
1953 10	 102.17   25.06    9.38    3.09 
1953 11	   0.93   19.23    2.65    2.58 
1953 12	   4.00   11.83   -3.50    3.11 
1954 1	   0.00   16.55   -1.78    2.63 
1954 2	   0.00   20.42    1.61    3.20 
1954 3	   0.00   19.51    2.64    3.46 
1954 4	  50.42   27.13   10.48    3.63 
1954 5	 134.95   26.67   10.97    3.81 
1954 6	  12.35   32.91   17.19    4.33 
1954 7	   3.17   35.73   19.52    3.11 
1954 8	  90.25   33.43   19.08    3.14 
1954 9	  19.57   32.51   15.95    3.07 
1954 10	  65.32   25.49   10.10    2.87 
1954 11	   1.65   20.20    2.50    2.46 
1954 12	   3.03   16.48   -1.22    2.77 
1955 1	   8.40   12.02   -2.18    2.96 
1955 2	   0.05   15.43   -3.52    3.11 
1955 3	   2.70   21.08    3.17    3.30 
1955 4	   9.20   26.55    8.47    3.87 
1955 5	  72.15   28.80   13.02    3.52 
1955 6	   7.12   33.88   16.63    4.10 
1955 7	  53.68   32.97   18.85    3.58 
1955 8	  15.30   33.35   18.00    2.39 
1955 9	  65.28   31.32   15.30    2.83 
1955 10	  65.38   25.78    8.26    2.57 
1955 11	   6.95   18.71    1.20    2.91 
1955 12	   0.00   17.07   -0.88    2.83 
1956 1	   0.28   15.58   -2.06    2.61 
1956 2	  22.15   13.67   -2.71    3.50 
1956 3	   0.00   21.98    2.19    3.30 
1956 4	   4.07   24.05    6.46    3.66 
1956 5	  41.03   31.87   14.13    4.47 
1956 6	  13.98   35.33   18.82    4.11 
1956 7	   8.62   35.18   19.35    3.86 
1956 8	  22.40   34.28   17.96    3.36 
1956 9	  10.50   32.96   14.25    3.03 
1956 10	  60.72   27.02    9.84    2.71 
1956 11	   0.00   17.80    0.30    2.54 
1956 12	   6.80   15.80   -0.35    2.71 
1957 1	   2.08   13.78   -1.54    2.90 
1957 2	  18.52   18.03    4.67    3.15 
1957 3	   8.82   19.46    3.74    3.55 
1957 4	  29.95   22.97    6.43    3.91 
1957 5	  99.15   26.94   12.23    3.30 
1957 6	  22.40   32.64   16.91    3.86 
1957 7	  30.12   35.44   19.68    3.42 
1957 8	  81.55   33.46   18.53    3.05 
1957 9	  31.17   29.85   13.25    2.84 
1957 10	  77.77   21.66    9.02    2.82 
1957 11	  24.77   13.40    1.76    2.76 
1957 12	   0.00   16.58    0.07    2.79 
1958 1	  38.75   10.98   -2.02    2.96 
1958 2	  23.22   13.94   -0.27    3.80 
1958 3	  42.72   13.59    1.10    3.49 
1958 4	  15.12   21.96    7.19    3.73 
1958 5	  19.57   29.53   13.07    2.75 
1958 6	  25.67   34.64   18.72    4.07 
1958 7	  30.62   35.85   19.78    4.35 
1958 8	  66.03   34.40   18.77    2.48 
1958 9	 117.18   28.59   16.01    2.88 
1958 10	  73.75   20.59    9.84    2.40 
1958 11	  20.05   18.90    3.24    2.37 
1958 12	   0.10   15.04   -2.57    2.55 
1959 1	   0.30   15.54   -3.35    3.10 
1959 2	   1.43   15.14   -0.44    3.65 
1959 3	   0.33   21.18    1.38    3.79 
1959 4	  16.35   23.94    6.82    3.71 
1959 5	  65.78   29.18   13.43    4.17 
1959 6	  63.03   33.34   17.28    3.63 
1959 7	  66.18   33.04   18.35    2.62 
1959 8	  42.05   34.37   19.10    2.86 
1959 9	  13.05   32.25   15.44    3.43 
1959 10	  52.40   24.39    8.00    2.55 
1959 11	   0.98   16.28   -0.14    2.34 
1959 12	  25.20   13.74    0.08    2.86 
1960 1	  11.85   11.72   -2.15    2.78 
1960 2	   8.62   12.23   -2.73    4.13 
1960 3	   6.88   18.24    2.03    3.30 
1960 4	   2.55   26.36    8.50    3.80 
1960 5	  16.02   29.98   12.30    3.62 
1960 6	  51.93   35.46   18.63    3.97 
1960 7	 223.60   32.25   18.91    3.06 
1960 8	  51.40   32.15   18.94    2.92 
1960 9	   7.35   31.14   15.36    2.58 
1960 10	  91.68   25.50   10.23    2.64 
1960 11	   0.35   19.43    3.01    2.64 
1960 12	  47.38    8.67   -2.52    3.13 
1961 1	  29.55   11.89   -4.31    2.54 
1961 2	  11.88   16.14   -0.61    3.27 
1961 3	  31.30   19.63    2.77    3.54 
1961 4	   0.70   26.02    6.55    3.90 
1961 5	  21.57   30.26   12.09    3.97 
1961 6	  28.08   32.90   16.29    3.49 
1961 7	  69.22   32.69   16.83    3.15 
1961 8	  21.85   33.10   16.63    2.37 
1961 9	  26.08   29.90   13.30    3.49 
1961 10	   3.95   26.32    8.73    3.01 
1961 11	  28.77   14.38    1.62    3.03 
1961 12	   3.90   14.11   -0.86    2.91 
1962 1	  10.52   12.27   -5.13    3.32 
1962 2	   3.33   19.73    1.95    3.27 
1962 3	   4.55   18.05    1.81    4.01 
1962 4	  11.17   25.22    8.27    3.62 
1962 5	   5.97   32.56   14.38    5.08 
1962 6	  90.60   32.37   16.17    3.84 
1962 7	  63.85   33.64   18.94    3.57 
1962 8	  50.85   34.86   17.91    2.65 
1962 9	  93.43   28.84   15.70    2.57 
1962 10	  26.15   25.24    9.66    2.93 
1962 11	   3.08   19.14    3.62    2.52 
1962 12	   9.40   14.71   -1.37    2.52 
1963 1	   0.00   12.27   -7.31    2.81 
1963 2	   6.03   18.03   -1.47    2.91 
1963 3	   3.48   22.40    2.35    3.86 
1963 4	  24.85   27.23    9.96    3.47 
1963 5	  88.62   30.61   13.68    4.10 
1963 6	  52.22   32.68   17.30    4.17 
1963 7	  40.77   34.24   19.59    3.83 
1963 8	  71.45   33.40   18.80    2.47 
1963 9	  12.88   30.59   15.00    1.97 
1963 10	   5.83   27.95    9.89    2.19 
1963 11	   4.95   20.23    2.15    2.41 
1963 12	   6.98   12.01   -3.64    2.40 
1964 1	   2.28   14.12   -4.45    3.12 
1964 2	   3.83   13.77   -5.64    3.38 
1964 3	  10.75   20.83    1.32    3.54 
1964 4	   0.03   26.48    7.61    3.44 
1964 5	  34.15   31.12   14.30    3.92 
1964 6	  37.15   34.03   17.33    4.19 
1964 7	  14.48   35.74   20.11    3.16 
1964 8	  13.52   35.28   19.48    3.31 
1964 9	  40.67   29.15   15.47    2.65 
1964 10	   6.87   26.67    8.07    2.38 
1964 11	   4.95   19.55    2.99    2.88 
1964 12	  13.07   15.51   -0.94    2.83 
1965 1	   0.00   17.33   -0.40    3.16 
1965 2	   5.20   15.06   -2.98    3.25 
1965 3	   0.47   17.24   -0.93    3.53 
1965 4	  13.17   26.90   10.01    3.48 
1965 5	  15.00   28.71   14.00    3.98 
1965 6	  56.35   32.68   17.87    4.58 
1965 7	  49.05   34.70   19.88    3.13 
1965 8	  49.35   32.17   18.10    2.99 
1965 9	  26.20   30.71   15.11    3.08 
1965 10	   8.52   26.31    7.96    2.21 
1965 11	   0.85   22.10    5.78    2.17 
1965 12	  14.15   16.16    1.51    3.14 
1966 1	   5.60   10.89   -3.99    2.88 
1966 2	   3.00   14.24   -3.00    3.27 
1966 3	  18.17   21.80    3.97    4.03 
1966 4	  49.15   24.55    7.91    3.50 
1966 5	  19.07   29.01   12.67    3.13 
1966 6	  47.72   32.54   17.32    4.19 
1966 7	  10.27   35.66   21.01    3.27 
1966 8	 186.05   31.91   18.16    2.93 
1966 9	  50.95   30.14   15.60    1.81 
1966 10	   0.03   25.50    7.19    2.30 
1966 11	   0.75   22.87    4.45    3.03 
1966 12	   0.35   15.55   -3.02    2.57 
1967 1	   0.00   17.02   -2.89    2.74 
1967 2	   1.22   16.41   -0.87    3.18 
1967 3	   6.97   24.05    5.88    4.00 
1967 4	  18.12   27.57   11.45    4.73 
1967 5	   2.00   30.05   11.83    3.63 
1967 6	  28.23   32.48   18.31    4.75 
1967 7	  59.12   32.96   19.27    3.69 
1967 8	  23.55   31.76   17.78    2.77 
1967 9	  28.85   27.91   14.26    2.72 
1967 10	   1.08   25.99    8.34    3.32 
1967 11	  11.47   18.29    3.73    2.96 
1967 12	  16.20   11.06   -2.51    3.13 
1968 1	  23.50   13.17   -0.17    2.95 
1968 2	  23.77   13.45   -0.09    2.91 
1968 3	  46.25   17.58    3.66    4.13 
1968 4	  14.05   22.99    7.44    3.75 
1968 5	  57.15   28.40   12.65    4.32 
1968 6	  27.38   33.35   16.95    4.09 
1968 7	 146.32   30.80   18.53    3.91 
1968 8	  81.53   31.36   18.48    3.80 
1968 9	   3.00   29.56   12.55    2.88 
1968 10	  13.35   26.64    9.43    3.51 
1968 11	  42.65   16.01    2.47    3.34 
1968 12	   6.42   14.64   -2.46    3.43 
1969 1	   0.45   16.94   -0.09    3.21 
1969 2	  26.43   15.79    0.35    3.17 
1969 3	  38.78   14.40   -0.65    3.99 
1969 4	  25.87   25.41    9.07    4.21 
1969 5	  78.52   28.93   13.02    3.56 
1969 6	  19.98   32.79   17.03    3.92 
1969 7	  43.67   35.39   20.92    3.44 
1969 8	  20.60   34.44   19.64    2.94 
1969 9	  88.65   29.02   15.80    2.43 
1969 10	 161.85   21.04    8.48    3.56 
1969 11	   5.30   18.34    2.73    2.50 
1969 12	  17.60   16.22    0.23    2.49 
1970 1	   0.00   14.13   -2.85    2.52 
1970 2	   9.47   17.43    0.49    2.71 
1970 3	  45.57   18.34    1.79    3.21 
1970 4	  12.12   25.45    7.88    3.33 
1970 5	  15.00   30.05   11.44    3.73 
1970 6	  62.72   32.49   16.39    3.66 
1970 7	  30.30   34.27   19.14    3.33 
1970 8	  13.15   34.34   18.66    2.93 
1970 9	  68.45   29.50   15.72    3.15 
1970 10	  15.45   22.91    6.39    2.48 
1970 11	   0.00   19.74    2.28    2.81 
1970 12	   0.38   18.36    0.19    2.31 
1971 1	   0.70   16.58   -1.26    2.78 
1971 2	   1.27   17.39   -1.22    3.28 
1971 3	   1.30   23.04    2.21    3.35 
1971 4	  27.22   25.25    7.28    3.55 
1971 5	  27.08   29.79   12.36    3.86 
1971 6	   4.70   33.51   17.94    4.31 
1971 7	  18.68   34.52   19.15    2.99 
1971 8	 196.65   28.91   17.13    2.23 
1971 9	 116.77   28.83   14.88    3.11 
1971 10	  32.85   24.30    9.96    2.65 
1971 11	   4.48   19.95    3.97    2.84 
1971 12	  23.98   14.77    0.46    3.24 
1972 1	   4.07   16.31   -2.11    3.08 
1972 2	   0.65   19.87   -0.37    3.05 
1972 3	   7.68   25.27    5.54    3.49 
1972 4	   0.38   28.56    9.20    4.11 
1972 5	  32.40   27.75   12.16    3.45 
1972 6	  80.77   32.45   16.58    3.03 
1972 7	  48.92   32.06   17.92    3.59 
1972 8	  98.28   30.53   17.11    3.04 
1972 9	 140.78   29.03   15.27    2.95 
1972 10	  70.75   24.38    9.29    2.93 
1972 11	  14.05   14.92    0.11    2.69 
1972 12	   2.47   14.45   -2.86    3.14 
1973 1	  31.57   10.03   -3.15    3.45 
1973 2	  53.27   13.04   -1.31    3.23 
1973 3	  18.43   18.96    3.17    3.74 
1973 4	  14.20   22.44    4.76    3.35 
1973 5	  31.50   27.97   11.22    3.44 
1973 6	  36.83   31.95   15.08    3.77 
1973 7	  69.07   32.22   17.67    3.37 
1973 8	  18.83   33.15   17.10    2.97 
1973 9	  23.57   29.64   14.11    3.03 
1973 10	  22.35   27.74    8.86    2.79 
1973 11	   0.55   22.58    3.06    3.19 
1973 12	   0.00   17.70   -2.43    3.63 
1974 1	   1.07   16.15   -2.81    2.97 
1974 2	   1.05   18.78   -2.04    3.61 
1974 3	  10.27   25.64    5.65    3.86 
1974 4	  27.18   26.74    8.15    4.95 
1974 5	  39.30   32.05   13.80    4.04 
1974 6	  42.25   33.94   16.13    3.82 
1974 7	  10.25   34.17   18.74    3.54 
1974 8	 173.28   30.58   16.94    3.13 
1974 9	 203.62   24.92   11.85    3.06 
1974 10	 133.73   22.80    9.75    3.16 
1974 11	  10.70   17.61    2.71    2.72 
1974 12	  12.10   13.36   -1.79    2.92 
1975 1	  12.25   14.61   -1.73    3.32 
1975 2	  30.27   15.97   -0.66    3.15 
1975 3	   1.28   20.89    1.89    3.70 
1975 4	   7.48   24.42    5.96    4.35 
1975 5	  96.80   28.17   10.58    3.53 
1975 6	  40.07   33.64   15.66    4.71 
1975 7	 193.20   30.40   17.02    3.12 
1975 8	  38.70   32.12   15.95    3.14 
1975 9	  57.80   27.05   11.94    3.10 
1975 10	   4.10   26.61    7.40    3.09 
1975 11	   2.15   20.08    1.26    3.14 
1975 12	   7.48   16.48   -2.09    2.57 
1976 1	   4.53   15.13   -3.52    2.84 
1976 2	   7.70   21.55    2.41    3.42 
1976 3	   0.98   21.62    3.18    3.96 
1976 4	  40.02   26.09    8.78    4.39 
1976 5	  33.00   27.21   10.57    3.46 
1976 6	  13.27   32.69   16.17    4.01 
1976 7	  98.03   30.33   17.00    3.19 
1976 8	  20.17   32.78   16.66    2.61 
1976 9	  51.12   28.39   13.55    2.24 
1976 10	  38.83   22.13    4.84    2.75 
1976 11	  32.03   14.88   -1.14    2.30 
1976 12	   0.00   15.00   -3.55    2.58 
1977 1	   4.75   11.53   -4.97    2.45 
1977 2	   3.25   17.85    0.25    3.28 
1977 3	  26.75   20.11    1.60    3.94 
1977 4	  45.67   24.12    7.47    3.77 
1977 5	  51.45   29.80   14.26    4.49 
1977 6	  82.45   34.16   17.21    3.96 
1977 7	  36.93   34.21   18.34    3.40 
1977 8	  21.18   34.80   19.07    3.37 
1977 9	  11.48   33.55   16.23    2.98 
1977 10	  23.80   25.59    9.69    2.61 
1977 11	   1.82   20.92    2.38    2.64 
1977 12	   0.32   17.80   -0.06    3.08 
1978 1	   9.97   10.78   -4.38    3.05 
1978 2	  15.80   12.99   -2.41    3.00 
1978 3	  10.60   21.65    3.57    3.68 
1978 4	  10.45   28.04    9.78    3.98 
1978 5	  54.70   30.00   13.20    3.67 
1978 6	  75.97   33.16   17.14    4.08 
1978 7	  13.10   34.78   19.06    3.16 
1978 8	  21.40   32.96   18.42    2.85 
1978 9	 158.53   27.33   15.13    2.65 
1978 10	  35.60   24.93    8.15    2.47 
1978 11	  89.78   16.55    4.21    3.04 
1978 12	   6.10   12.94   -2.49    2.77 
1979 1	   6.57    9.07   -4.35    3.04 
1979 2	  11.65   15.89   -1.54    2.83 
1979 3	  11.83   19.28    3.20    3.74 
1979 4	   7.75   24.84    8.00    3.51 
1979 5	  57.85   27.87   11.40    3.49 
1979 6	 125.50   30.68   15.25    3.54 
1979 7	  50.85   33.54   18.85    3.41 
1979 8	  69.07   31.12   16.69    3.03 
1979 9	  10.90   30.19   14.33    2.22 
1979 10	   2.35   28.83    8.50    2.86 
1979 11	   5.97   16.46   -0.31    2.73 
1979 12	  19.23   14.76   -1.37    2.64 
1980 1	  27.02   13.21   -1.42    2.96 
1980 2	   9.50   16.98   -0.14    3.27 
1980 3	   0.75   20.53    2.21    3.93 
1980 4	   9.25   24.81    5.19    3.73 
1980 5	  95.50   28.62   12.66    3.59 
1980 6	  29.32   36.60   19.12    4.93 
1980 7	   3.97   36.55   20.41    3.56 
1980 8	  74.50   34.15   19.27    3.82 
1980 9	 170.62   29.61   16.52    3.10 
1980 10	   0.95   24.23    8.09    2.48 
1980 11	  38.00   15.65    1.29    2.69 
1980 12	   3.30   16.95    0.01    2.85 
1981 1	   6.85   13.35   -0.12    2.51 
1981 2	  10.23   17.38   -0.49    3.16 
1981 3	  10.18   18.44    4.54    3.69 
1981 4	  73.47   25.24    9.61    3.97 
1981 5	  57.95   28.16   12.42    3.74 
1981 6	  50.80   34.45   17.26    4.11 
1981 7	 154.60   34.24   19.49    3.71 
1981 8	  73.70   31.31   18.09    2.69 
1981 9	  61.85   29.22   15.05    2.88 
1981 10	  69.35   24.33   10.49    2.96 
1981 11	   5.15   22.25    3.69    2.42 
1981 12	   5.78   18.13   -0.88    2.71 
1982 1	  11.45   14.11   -2.58    3.19 
1982 2	   1.67   15.30   -1.24    3.60 
1982 3	  27.40   21.92    3.94    3.59 
1982 4	  31.18   24.14    8.19    3.89 
1982 5	 104.78   27.88   12.40    4.13 
1982 6	  44.20   32.56   16.34    4.93 
1982 7	  97.20   34.19   19.53    3.88 
1982 8	  19.53   34.13   19.77    2.95 
1982 9	  47.70   30.83   16.34    2.97 
1982 10	  15.12   24.81    8.05    2.82 
1982 11	  35.72   16.86    2.80    3.27 
1982 12	  55.20   10.95   -1.26    3.39 
1983 1	  36.27   11.96   -2.68    2.83 
1983 2	   9.55   15.35    0.52    3.12 
1983 3	   5.60   20.25    3.90    3.95 
1983 4	  14.72   22.26    4.97    4.04 
1983 5	  46.33   29.08   10.26    3.68 
1983 6	  17.07   33.44   15.80    4.07 
1983 7	  17.10   35.40   19.29    3.75 
1983 8	  26.85   35.22   19.38    2.26 
1983 9	  31.70   32.36   16.41    3.25 
1983 10	  64.55   25.29   11.45    3.08 
1983 11	  61.25   19.36    4.35    2.91 
1983 12	   5.90   10.84   -5.52    3.12 
1984 1	   2.48   11.43   -3.30    2.87 
1984 2	   0.35   18.02   -0.84    3.37 
1984 3	   0.23   21.69    2.08    3.50 
1984 4	   2.03   26.18    6.69    3.62 
1984 5	  92.62   31.35   14.26    3.82 
1984 6	  82.57   32.10   18.79    3.71 
1984 7	  60.30   34.08   19.36    2.83 
1984 8	 203.32   31.72   18.11    2.86 
1984 9	  38.50   28.65   13.00    3.27 
1984 10	  61.75   21.85    8.46    2.84 
1984 11	  52.57   17.70    3.17    3.08 
1984 12	  51.52   14.68    0.29    2.98 
1985 1	   5.15   10.36   -4.95    3.03 
1985 2	  12.45   14.44   -1.39    3.34 
1985 3	  18.07   21.25    4.81    4.33 
1985 4	  25.02   26.75    8.81    3.49 
1985 5	  44.75   30.61   13.41    3.40 
1985 6	 127.05   32.18   16.85    3.74 
1985 7	  61.32   34.16   18.21    2.86 
1985 8	  42.38   34.79   18.95    2.86 
1985 9	 104.42   28.98   14.57    2.97 
1985 10	 174.15   23.10    9.95    2.83 
1985 11	   1.90   20.53    2.66    2.56 
1985 12	   0.32   14.86   -4.13    2.24 
1986 1	   3.45   17.80   -1.41    2.51 
1986 2	  19.48   18.69    1.67    3.21 
1986 3	   2.22   23.54    5.54    3.60 
1986 4	   0.47   28.33   10.23    3.74 
1986 5	  48.97   29.81   12.76    3.34 
1986 6	 151.52   30.44   16.43    2.96 
1986 7	  52.78   33.84   19.54    3.95 
1986 8	  71.73   32.80   18.98    2.89 
1986 9	  70.32   29.01   15.58    3.03 
1986 10	  37.30   22.71    9.94    2.74 
1986 11	  43.20   17.32    2.53    2.93 
1986 12	 105.38   11.09   -0.79    2.68 
1987 1	   4.00   12.81   -2.46    3.26 
1987 2	  37.80   14.36    0.93    3.91 
1987 3	  15.23   17.24    0.62    3.42 
1987 4	  18.75   23.71    5.10    3.08 
1987 5	 155.22   28.08   10.68    3.27 
1987 6	  89.45   32.50   16.43    2.97 
1987 7	  14.15   33.92   18.36    3.91 
1987 8	  87.75   32.72   18.49    3.05 
1987 9	  52.00   28.42   13.95    2.12 
1987 10	   5.93   25.09    8.56    2.92 
1987 11	   7.15   17.92    1.98    2.81 
1987 12	  20.27   13.09   -1.75    2.85 
1988 1	   8.77   10.25   -3.77    3.09 
1988 2	  38.25   15.98   -1.24    2.98 
1988 3	   8.05   21.21    1.06    3.78 
1988 4	  18.33   25.41    6.60    3.23 
1988 5	  54.67   28.18   11.30    3.95 
1988 6	  18.17   33.25   16.24    3.22 
1988 7	 203.83   31.94   17.13    2.85 
1988 8	  40.65   31.37   17.74    2.85 
1988 9	  73.43   28.63   12.80    2.80 
1988 10	   0.03   23.44    7.42    2.50 
1988 11	   0.08   19.50    2.39    2.90 
1988 12	  12.30   13.33   -2.60    2.46 
1989 1	   2.65   15.86   -1.38    2.96 
1989 2	  35.12   14.62   -1.10    3.41 
1989 3	  17.67   23.45    3.24    3.38 
1989 4	   0.00   27.49    8.30    3.82 
1989 5	   7.55   33.03   13.33    4.26 
1989 6	  23.83   33.66   16.36    4.16 
1989 7	  41.23   34.44   18.38    3.18 
1989 8	  98.75   32.12   17.79    3.53 
1989 9	  23.88   28.95   13.08    2.67 
1989 10	   0.00   27.10    9.32    3.08 
1989 11	   0.00   20.13    2.50    2.61 
1989 12	  12.48   12.11   -4.57    2.71 
1990 1	  12.22   15.90   -0.76    2.78 
1990 2	  24.30   17.37    0.14    3.71 
1990 3	  17.52   19.75    3.15    3.70 
1990 4	  25.60   24.97    8.45    4.03 
1990 5	  25.30   29.61   12.12    3.70 
1990 6	   0.28   37.73   19.82    4.76 
1990 7	  82.38   31.13   17.78    3.28 
1990 8	  45.55   31.21   17.29    2.71 
1990 9	  56.58   29.25   15.97    2.05 
1990 10	  10.33   25.67    7.94    2.58 
1990 11	  28.33   19.83    3.50    3.04 
1990 12	  14.75   14.11   -3.16    2.67 
1991 1	  18.07   10.51   -2.39    2.52 
1991 2	   2.17   17.49    0.53    2.97 
1991 3	   2.65   21.47    3.08    4.29 
1991 4	   0.00   26.43    7.46    3.21 
1991 5	   8.70   31.79   13.65    4.50 
1991 6	  56.30   33.82   16.86    4.39 
1991 7	 118.93   31.81   17.95    3.07 
1991 8	  73.27   31.63   17.66    2.47 
1991 9	 242.22   25.03   13.55    2.56 
1991 10	   3.38   26.16    8.44    2.85 
1991 11	  23.65   15.46    0.83    2.96 
1991 12	  88.02   12.57   -0.08    2.99 
1992 1	  33.12   10.75   -1.27    2.40 
1992 2	  43.50   16.71    1.56    3.41 
1992 3	  11.62   21.24    4.15    3.71 
1992 4	  13.62   26.16    8.28    3.56 
1992 5	 282.18   26.81   11.74    3.38 
1992 6	  70.07   31.74   15.80    3.36 
1992 7	  35.65   33.52   17.85    4.20 
1992 8	  58.25   31.75   16.93    3.17 
1992 9	  31.35   31.24   14.21    3.41 
1992 10	   0.57   26.86    8.96    2.47 
1992 11	  28.45   15.90    0.43    2.94 
1992 12	  34.78   13.92   -0.96    2.91 
1993 1	  41.65   12.29   -1.32    2.83 
1993 2	  16.62   14.69   -0.79    3.41 
1993 3	   6.30   20.66    2.09    3.45 
1993 4	  48.40   25.47    6.32    3.68 
1993 5	  19.05   29.60   11.35    3.75 
1993 6	  15.73   33.65   16.29    4.15 
1993 7	  73.95   34.80   19.67    4.86 
1993 8	  14.67   33.68   18.10    3.18 
1993 9	  23.30   30.11   13.31    2.44 
1993 10	  31.23   24.77    7.01    2.64 
1993 11	   6.60   17.11    0.22    2.78 
1993 12	   0.68   15.33   -1.37    2.86 
1994 1	   5.82   14.01   -3.05    3.08 
1994 2	   0.03   16.32   -2.32    3.01 
1994 3	   4.95   21.16    3.35    3.29 
1994 4	   6.72   25.46    6.66    3.27 
1994 5	 130.55   28.20   12.95    3.88 
1994 6	   3.05   36.35   18.81    4.04 
1994 7	  33.88   35.65   19.55    4.03 
1994 8	   3.10   33.96   18.61    3.19 
1994 9	   7.90   30.51   14.32    2.58 
1994 10	  21.80   24.91    9.43    2.78 
1994 11	  30.90   19.18    4.09    2.98 
1994 12	   0.03   15.91    1.21    2.33 
1995 1	  24.70   13.39   -0.99    3.27 
1995 2	  11.77   19.06    2.36    3.07 
1995 3	   6.00   19.37    3.38    3.83 
1995 4	   3.10   25.37    6.63    3.60 
1995 5	  40.02   29.04   13.00    4.35 
1995 6	  64.12   32.56   15.40    4.06 
1995 7	   8.48   35.38   19.31    3.19 
1995 8	  42.92   33.57   19.55    2.83 
1995 9	 288.75   28.53   15.00    2.51 
1995 10	   9.82   25.99    8.35    2.77 
1995 11	   0.08   19.94    3.59    2.61 
1995 12	   1.38   14.50   -0.19    2.58 
1996 1	   4.40   15.21   -2.17    3.17 
1996 2	   0.03   18.64    1.01    3.30 
1996 3	   0.17   19.47    0.65    3.64 
1996 4	  20.00   26.02    7.31    3.79 
1996 5	  53.17   34.21   15.60    5.02 
1996 6	  84.38   34.06   17.53    3.98 
1996 7	  73.23   33.79   19.92    3.38 
1996 8	  85.12   31.37   18.62    3.04 
1996 9	  26.27   28.45   14.07    2.22 
1996 10	   6.00   25.64    8.63    2.85 
1996 11	  16.98   18.81    3.20    3.31 
1996 12	   0.00   16.11   -0.50    3.00 
1997 1	  14.52   11.52   -2.45    3.34 
1997 2	  45.92   12.51   -0.53    3.74 
1997 3	  10.52   22.63    2.92    3.22 
1997 4	  71.17   21.87    6.07    3.93 
1997 5	  98.95   29.20   13.10    3.46 
1997 6	  57.70   32.72   16.40    3.63 
1997 7	  28.35   35.15   19.18    3.49 
1997 8	  43.45   33.38   18.69    2.94 
1997 9	  26.38   31.39   16.73    2.65 
1997 10	  45.88   24.40   10.42    2.99 
1997 11	   4.85   16.76    1.62    2.47 
1997 12	  37.25   10.80   -2.31    3.40 
1998 1	   1.35   14.46   -0.10    2.55 
1998 2	  10.60   14.77    1.34    3.22 
1998 3	  19.03   19.10    2.15    3.76 
1998 4	   1.27   24.29    6.29    3.60 
1998 5	   4.32   34.06   14.43    3.74 
1998 6	   2.67   37.98   18.51    4.29 
1998 7	   8.65   38.14   20.68    3.51 
1998 8	  52.82   33.47   18.71    1.98 
1998 9	  33.23   32.97   17.09    2.60 
1998 10	  56.60   25.59   10.60    3.43 
1998 11	   7.85   19.00    4.48    2.53 
1998 12	   7.80   13.67   -1.47    2.74 
1999 1	  16.42   16.59   -0.68    3.30 
1999 2	   0.00   20.50    0.74    3.05 
1999 3	  37.70   19.72    3.29    3.51 
1999 4	  64.50   25.75    7.60    4.02 
1999 5	  67.10   29.54   11.93    3.92 
1999 6	  86.73   33.34   16.82    4.21 
1999 7	  24.92   35.64   19.61    3.67 
1999 8	  53.05   35.18   19.60    2.37 
1999 9	  47.18   29.33   14.43    2.87 
1999 10	   2.97   25.39    6.87    2.80 
1999 11	   0.00   20.73    3.50    2.45 
1999 12	   2.20   12.50   -2.49    2.99 
2000 1	   2.45   15.45   -1.41    3.24 
2000 2	   7.30   20.58    2.09    3.45 
2000 3	  72.43   21.67    4.03    3.52 
2000 4	   1.00   26.86    8.84    3.89 
2000 5	  16.90   34.12   15.61    3.89 
2000 6	 133.32   32.77   17.55    3.72 
2000 7	  10.28   34.76   19.40    3.42 
2000 8	   6.02   35.33   19.18    3.13 
2000 9	   0.32   32.51   13.99    2.47 
2000 10	  65.95   23.85   10.25    3.61 
2000 11	  49.65   13.44    0.14    2.50 
2000 12	   5.72   10.51   -3.06    2.88 
2001 1	  29.07   10.44   -2.22    3.21 
2001 2	   5.03   16.44    0.23    3.46 
2001 3	  51.40   17.14    2.93    3.14 
2001 4	   6.62   26.89    8.20    3.97 
2001 5	  50.28   31.98   13.61    3.84 
2001 6	  27.97   35.28   18.08    3.94 
2001 7	   7.17   37.56   20.80    3.67 
2001 8	  34.95   34.57   19.24    2.74 
2001 9	  67.25   31.75   15.28    2.41 
2001 10	   3.25   25.82    8.14    3.21 
2001 11	  33.90   17.63    4.59    3.10 
2001 12	   0.68   14.36   -1.28    2.78 
2002 1	  14.45   14.45   -1.54    2.84 
2002 2	  14.48   13.57   -2.89    3.31 
2002 3	  82.58   19.95    0.62    3.22 
2002 4	  34.78   26.94   10.39    3.93 
2002 5	  11.02   30.83   12.47    4.19 
2002 6	  33.70   36.02   18.58    4.18 
2002 7	  26.68   34.68   19.82    3.40 
2002 8	  21.73   35.80   20.02    3.72 
2002 9	  11.43   30.81   14.80    2.30 
2002 10	  84.03   21.98    9.62    2.84 
2002 11	   3.75   15.36    2.05    2.66 
2002 12	  37.45   12.37   -0.79    2.88 
2003 1	   0.00   15.01   -2.14    2.82 
2003 2	  14.60   14.93   -0.56    3.33 
2003 3	   3.85   21.44    3.32    3.54 
2003 4	   0.70   26.95    8.34    3.90 
2003 5	  42.15   30.22   12.69    3.16 
2003 6	  66.45   31.44   16.04    3.85 
2003 7	  14.65   34.16   18.05    2.91 
2003 8	  23.63   34.27   18.23    2.57 
2003 9	  36.95   28.83   14.08    2.54 
2003 10	  13.27   26.23   10.00    2.57 
2003 11	  16.97   18.62    4.00    3.21 
2003 12	   0.00   15.61   -2.46    3.18 
2004 1	  20.20   13.39   -1.60    3.13 
2004 2	  69.27   12.81   -2.10    3.68 
2004 3	  28.73   21.36    6.65    3.80 
2004 4	 128.07   22.33    7.48    3.80 
2004 5	  11.35   30.17   12.42    4.33 
2004 6	  40.45   32.73   17.03    4.09 
2004 7	  75.20   32.60   17.96    3.44 
2004 8	  71.62   31.39   16.85    2.79 
2004 9	 347.90   29.34   15.04    2.83 
2004 10	  69.45   23.77    9.39    2.48 
2004 11	 124.92   14.40    2.50    3.00 
2004 12	  21.73   12.68   -2.78    2.93 
2005 1	  33.12   14.03   -0.49    3.24 
2005 2	  44.23   13.25    1.02    3.05 
2005 3	  14.57   18.80    2.00    3.33 
2005 4	   9.93   23.71    5.29    4.01 
2005 5	  64.02   26.90   12.57    4.04 
2005 6	   4.15   33.66   16.33    4.08 
2005 7	  68.30   33.57   17.59    3.43 
2005 8	 136.85   31.22   17.57    2.62 
2005 9	   9.85   31.93   15.01    2.60 
2005 10	  48.58   23.80    8.72    2.90 
2005 11	   0.00   20.43    0.68    2.63 
2005 12	   0.38   11.41   -3.71    2.70 
2006 1	   0.00   17.60   -1.99    3.53 
2006 2	   0.88   16.36   -1.00    3.35 
2006 3	  37.45   19.17    2.99    4.28 
2006 4	  17.80   26.94    9.62    4.09 
2006 5	  12.15   32.16   13.81    4.33 
2006 6	  24.05   35.20   17.48    3.36 
2006 7	  47.43   35.92   19.85    3.15 
2006 8	 126.95   31.90   18.82    2.50 
2006 9	 107.85   27.41   13.29    2.57 
2006 10	  30.05   23.51    8.70    2.90 
2006 11	   2.12   19.80    2.77    3.08 
2006 12	  12.38   11.82   -2.39    3.07 
2007 1	  40.90    9.07   -3.21    3.26 
2007 2	   9.52   15.37   -2.45    3.36 
2007 3	  80.18   22.26    5.83    3.56 
2007 4	  40.32   22.84    4.64    4.17 
2007 5	 117.95   26.11   12.23    3.31 
2007 6	  48.80   30.57   15.58    3.16 
2007 7	  48.40   32.43   18.20    2.35 
2007 8	  38.10   32.85   18.33    2.96 
2007 9	  80.90   30.36   16.16    2.65 
2007 10	   0.00   26.61    9.12    2.85 
2007 11	   6.20   18.17    2.34    2.74 
2007 12	  20.77   13.88   -1.89    3.08 
2008 1	   0.08   12.67   -2.28    3.29 
2008 2	   3.40   18.11   -1.99    3.28 
2008 3	   2.05   18.83    0.35    3.78 
2008 4	   9.50   25.07    4.49    3.64 
2008 5	  13.57   29.70   11.04    4.09 
2008 6	  46.92   36.74   19.21    5.01 
2008 7	  76.90   32.73   18.57    3.88 
2008 8	  93.18   32.60   17.90    2.48 
2008 9	 142.52   28.09   13.36    2.08 
2008 10	  64.35   24.35    7.43    3.02 
2008 11	   3.23   18.92    1.72    2.52 
2008 12	   3.27   14.88   -3.22    3.34 
2009 1	   0.90   15.95   -3.47    3.04 
2009 2	  14.20   19.15   -0.13    3.67 
2009 3	   5.47   20.97    3.42    3.82 
2009 4	  19.68   24.24    7.37    4.34 
2009 5	  22.53   29.63   12.99    3.33 
2009 6	  96.38   34.67   18.33    3.91 
2009 7	  86.30   34.65   19.60    3.33 
2009 8	  25.75   35.02   19.29    3.34 
2009 9	  20.52   28.60   13.82    2.35 
2009 10	  34.33   23.95    6.72    3.07 
2009 11	   2.00   19.52    2.30    2.37 
2009 12	  12.97    9.14   -3.95    2.74 
2010 1	  26.62   11.32   -3.69    3.40 
2010 2	  63.17   10.98   -1.60    3.29 
2010 3	   8.48   18.84    2.64    4.18 
2010 4	  57.72   24.04    7.14    4.19 
2010 5	   3.25   27.90   11.81    3.74 
2010 6	  61.12   35.71   18.85    4.69 
2010 7	 216.93   31.35   19.26    3.38 
2010 8	   5.80   35.06   19.05    3.13 
2010 9	  44.67   31.49   16.27    2.57 
2010 10	  17.00   25.99    8.80    2.51 
2010 11	   0.17   18.89    0.59    3.02 
2010 12	   0.00   15.39   -1.18    2.79 
