1949 1	 100.10    9.01   -2.93    3.18 
1949 2	  43.85   14.54    1.10    2.58 
1949 3	  79.62   19.48    5.70    2.90 
1949 4	  45.68   22.30   10.48    2.66 
1949 5	 198.55   28.68   17.08    2.67 
1949 6	 128.90   32.28   20.51    2.51 
1949 7	   2.78   35.64   22.57    2.11 
1949 8	  51.35   35.01   19.98    1.91 
1949 9	  60.33   30.01   15.97    2.05 
1949 10	 129.45   24.31   10.86    3.01 
1949 11	   0.00   23.47    4.41    2.49 
1949 12	  22.13   15.50    2.30    3.11 
1950 1	  60.38   15.15    1.77    3.19 
1950 2	  43.98   17.64    4.00    2.88 
1950 3	  15.43   20.16    4.21    3.39 
1950 4	 157.95   23.68    9.68    3.38 
1950 5	  88.65   27.62   16.24    2.56 
1950 6	  68.03   31.59   19.93    2.70 
1950 7	 163.57   31.63   21.07    2.50 
1950 8	 125.57   33.58   19.97    2.25 
1950 9	 217.95   29.13   17.07    2.27 
1950 10	   1.08   29.31   12.48    2.54 
1950 11	   0.10   20.43    2.63    3.14 
1950 12	   0.00   15.07   -0.89    2.64 
1951 1	   0.62   14.91   -1.06    3.27 
1951 2	  42.83   15.37    0.76    3.30 
1951 3	  27.33   20.67    4.67    3.43 
1951 4	  46.05   25.39    9.48    3.32 
1951 5	  93.75   28.17   15.17    2.86 
1951 6	 148.27   32.40   20.28    3.10 
1951 7	  83.92   36.57   22.79    2.32 
1951 8	  11.38   39.11   22.98    2.32 
1951 9	  48.22   33.29   17.36    2.19 
1951 10	  63.05   27.68   12.07    2.44 
1951 11	  23.15   16.84    2.99    3.19 
1951 12	   0.73   16.40    0.89    3.31 
1952 1	  15.30   18.35    3.97    3.21 
1952 2	  10.30   18.81    4.82    3.47 
1952 3	  34.82   19.62    4.65    3.06 
1952 4	 135.00   23.78    9.51    3.02 
1952 5	  83.07   28.78   15.07    2.68 
1952 6	   1.28   35.88   21.55    2.72 
1952 7	   4.65   36.71   22.06    2.06 
1952 8	  21.62   40.04   23.85    2.70 
1952 9	  42.60   33.06   16.75    1.99 
1952 10	   0.03   26.25    7.46    2.37 
1952 11	 134.55   17.82    5.79    2.91 
1952 12	  43.58   12.80    0.53    2.50 
1953 1	   0.43   18.28    2.18    3.70 
1953 2	  20.32   16.61    2.05    2.64 
1953 3	  51.00   22.38    8.45    2.59 
1953 4	  39.55   23.63    8.53    2.83 
1953 5	  94.53   28.56   14.92    2.89 
1953 6	  31.95   37.78   22.59    2.51 
1953 7	  13.78   35.34   22.38    2.11 
1953 8	  38.88   35.11   21.00    1.92 
1953 9	  23.73   34.34   16.39    1.49 
1953 10	 170.85   26.17   12.84    2.06 
1953 11	  36.58   17.34    4.98    2.17 
1953 12	  18.73   13.07    0.21    2.98 
1954 1	  19.18   13.56    0.30    3.15 
1954 2	   9.02   21.33    4.19    3.13 
1954 3	  10.62   19.67    4.72    3.24 
1954 4	  83.50   27.66   13.99    3.48 
1954 5	  99.50   25.73   13.54    2.51 
1954 6	  30.37   35.24   20.58    2.68 
1954 7	  74.95   39.09   23.90    2.46 
1954 8	   3.50   37.84   23.23    2.61 
1954 9	  28.40   35.49   18.64    2.07 
1954 10	  29.55   27.23   13.52    2.22 
1954 11	  39.60   19.53    5.08    2.43 
1954 12	  35.47   16.90    1.46    2.82 
1955 1	  32.28   12.73    1.01    2.75 
1955 2	  40.85   14.66    0.86    3.61 
1955 3	  25.30   21.10    5.73    3.27 
1955 4	  58.00   27.51   13.35    3.20 
1955 5	 127.83   31.01   17.23    2.73 
1955 6	 131.00   31.33   18.39    2.25 
1955 7	 100.32   36.05   22.45    2.07 
1955 8	  50.58   36.12   21.40    1.68 
1955 9	  70.82   33.38   19.67    1.73 
1955 10	   7.75   27.63   10.90    2.56 
1955 11	   5.32   20.10    3.24    3.23 
1955 12	  16.08   14.02    0.37    2.74 
1956 1	  52.95   12.55   -0.55    3.32 
1956 2	  47.83   14.49    1.91    2.94 
1956 3	   2.90   21.47    5.41    3.13 
1956 4	  70.65   24.68   10.12    3.03 
1956 5	  68.65   31.29   17.85    2.89 
1956 6	  48.88   35.55   21.31    2.51 
1956 7	  30.20   38.51   23.11    2.97 
1956 8	   3.28   38.55   22.48    2.81 
1956 9	   0.80   35.02   18.41    2.19 
1956 10	  52.07   28.42   13.75    2.03 
1956 11	  38.60   17.89    3.25    2.77 
1956 12	  99.70   16.43    2.43    2.78 
1957 1	  31.23   11.63   -0.17    2.98 
1957 2	  96.90   15.82    6.36    2.62 
1957 3	  62.95   16.83    4.91    2.83 
1957 4	 222.30   21.11   10.23    3.11 
1957 5	 354.42   25.96   15.48    2.68 
1957 6	  63.30   31.53   19.93    2.13 
1957 7	  26.97   37.58   22.91    1.61 
1957 8	  15.43   36.38   21.96    2.21 
1957 9	  84.55   30.09   16.09    2.39 
1957 10	 110.88   21.90    9.80    2.58 
1957 11	 120.55   15.41    4.15    2.99 
1957 12	  29.40   16.53    2.38    3.16 
1958 1	  51.40   12.40   -0.48    3.05 
1958 2	  16.02   11.01   -0.46    3.40 
1958 3	  92.50   13.28    2.81    2.79 
1958 4	 146.82   21.68    9.54    2.74 
1958 5	  64.05   27.93   15.49    2.26 
1958 6	  35.52   33.94   20.47    2.35 
1958 7	  88.47   35.25   22.34    2.96 
1958 8	  72.10   35.80   21.50    1.95 
1958 9	  72.60   30.01   18.90    2.12 
1958 10	  19.77   23.76   11.58    2.46 
1958 11	  45.70   20.13    5.12    2.34 
1958 12	  21.00   12.55   -1.41    2.80 
1959 1	   1.65   11.28   -2.87    3.38 
1959 2	  14.70   14.03    1.15    2.87 
1959 3	  20.93   21.11    3.30    3.35 
1959 4	  36.90   23.44    9.04    3.24 
1959 5	  60.28   29.19   17.08    2.93 
1959 6	 164.65   32.55   19.70    2.29 
1959 7	  80.77   32.91   20.83    1.58 
1959 8	  44.38   35.39   21.11    2.05 
1959 9	  94.65   32.05   18.33    2.66 
1959 10	 244.57   23.68   10.02    2.28 
1959 11	  20.18   15.00    1.24    2.79 
1959 12	  57.90   15.10    3.02    2.87 
1960 1	  70.22   11.33    0.09    2.87 
1960 2	  37.10   11.19   -1.37    3.43 
1960 3	  20.48   14.51    1.85    2.87 
1960 4	  47.45   25.32   11.57    3.56 
1960 5	  66.30   27.65   13.91    3.09 
1960 6	  55.97   34.14   20.09    2.55 
1960 7	  76.80   34.92   21.63    1.83 
1960 8	  46.25   34.57   21.42    2.00 
1960 9	  65.45   32.74   17.66    1.81 
1960 10	  47.05   26.23   13.36    2.18 
1960 11	   4.82   20.39    5.72    2.61 
1960 12	 100.15   10.19   -0.40    2.75 
1961 1	  99.87   10.43   -2.87    2.78 
1961 2	  57.28   15.52    2.46    3.25 
1961 3	  75.02   20.85    6.95    3.27 
1961 4	  25.93   24.07    9.12    3.66 
1961 5	  39.88   28.24   15.53    3.26 
1961 6	 166.72   30.42   18.68    2.43 
1961 7	  56.25   33.04   20.48    2.29 
1961 8	  27.82   34.34   19.89    1.85 
1961 9	  64.90   30.21   17.27    3.17 
1961 10	  51.62   25.35   12.24    2.58 
1961 11	  65.25   16.33    4.50    2.88 
1961 12	  47.15   12.25    0.76    2.96 
1962 1	   5.00   10.01   -4.44    3.19 
1962 2	  16.45   19.57    3.10    3.11 
1962 3	  46.15   17.51    4.09    3.23 
1962 4	  95.90   22.25   10.58    3.11 
1962 5	  27.02   31.06   17.45    3.95 
1962 6	 160.35   31.33   19.06    1.87 
1962 7	 230.73   35.13   21.91    2.23 
1962 8	  73.85   35.55   21.47    2.13 
1962 9	 184.15   30.06   18.15    1.94 
1962 10	  83.32   26.41   14.41    2.64 
1962 11	  77.40   17.64    6.07    2.80 
1962 12	  26.25   13.59    1.78    2.49 
1963 1	   3.60    9.21   -5.22    2.94 
1963 2	   1.42   15.55   -0.91    3.14 
1963 3	  13.97   22.52    7.44    3.44 
1963 4	 125.00   27.36   13.80    3.96 
1963 5	  89.05   28.75   16.66    2.99 
1963 6	  46.90   33.03   20.34    2.29 
1963 7	  23.52   37.20   22.56    2.80 
1963 8	  52.68   37.31   21.84    2.13 
1963 9	  24.60   31.77   18.32    2.03 
1963 10	  31.60   30.40   14.27    1.65 
1963 11	  45.70   20.16    6.08    2.97 
1963 12	  21.90    9.41   -2.68    2.84 
1964 1	  88.22   13.19   -1.66    3.21 
1964 2	  34.35   12.10   -1.09    3.01 
1964 3	  63.00   19.19    4.05    3.04 
1964 4	  66.55   25.60   12.19    3.71 
1964 5	  81.67   28.81   16.21    2.91 
1964 6	  39.33   32.61   19.49    2.91 
1964 7	  13.88   38.01   21.86    2.31 
1964 8	 105.75   35.62   22.16    2.65 
1964 9	 180.97   30.24   18.11    1.94 
1964 10	  13.30   24.36    9.33    2.31 
1964 11	 158.47   19.72    6.71    2.59 
1964 12	  28.98   14.17   -0.01    3.00 
1965 1	  73.82   14.34    0.71    2.95 
1965 2	  66.72   13.19   -0.32    3.18 
1965 3	  23.00   13.29    0.88    3.20 
1965 4	  60.22   25.78   12.38    3.05 
1965 5	 164.05   26.69   16.71    3.12 
1965 6	  28.55   32.30   19.61    2.44 
1965 7	  12.90   36.94   21.86    2.02 
1965 8	  76.55   35.45   20.44    2.12 
1965 9	 127.18   32.25   18.25    2.61 
1965 10	  50.82   23.98   10.58    2.39 
1965 11	  24.65   21.67    8.67    2.26 
1965 12	  51.15   15.30    3.30    2.86 
1966 1	  34.90    8.97   -2.24    3.02 
1966 2	  75.15   12.55   -0.01    3.21 
1966 3	  12.43   19.92    5.71    3.24 
1966 4	 207.05   23.86    9.97    3.45 
1966 5	  29.17   27.24   14.31    2.61 
1966 6	 113.90   31.90   18.81    2.20 
1966 7	  17.25   35.95   22.53    2.21 
1966 8	 106.95   32.99   20.05    2.00 
1966 9	 162.63   28.57   16.39    1.70 
1966 10	  21.50   24.65    8.85    2.40 
1966 11	  10.45   21.93    6.76    3.03 
1966 12	  15.85   13.14   -0.98    2.86 
1967 1	   1.10   15.70   -0.93    3.39 
1967 2	  20.65   15.32   -1.00    3.22 
1967 3	  47.30   24.25    8.12    3.77 
1967 4	  69.17   27.13   14.32    3.98 
1967 5	 137.27   28.23   13.69    3.34 
1967 6	  65.20   32.84   20.33    2.72 
1967 7	  41.30   34.29   20.93    2.55 
1967 8	  12.25   35.49   19.61    1.91 
1967 9	 160.75   27.81   16.08    2.29 
1967 10	  53.75   25.51    9.88    2.65 
1967 11	  37.22   18.11    4.77    2.33 
1967 12	  41.85   12.68    0.12    2.63 
1968 1	 129.88    9.78    0.71    3.24 
1968 2	  40.90   11.74   -0.69    2.34 
1968 3	 133.68   17.35    4.97    3.63 
1968 4	 108.23   22.98   10.05    3.24 
1968 5	 110.40   27.17   14.69    3.00 
1968 6	 103.78   30.99   19.04    2.32 
1968 7	  74.80   33.03   20.25    2.15 
1968 8	  59.28   34.69   20.86    2.49 
1968 9	 106.27   30.12   15.13    2.08 
1968 10	  16.58   26.23   11.56    2.43 
1968 11	  92.33   17.58    3.49    3.03 
1968 12	  16.95   14.29   -0.66    3.28 
1969 1	  40.50   14.25    0.60    3.20 
1969 2	  65.53   13.80    1.98    3.08 
1969 3	 137.65   13.39    1.83    3.24 
1969 4	 104.42   23.92   11.02    2.95 
1969 5	 114.72   27.76   14.81    2.00 
1969 6	  77.57   32.20   18.42    3.11 
1969 7	  17.92   37.93   22.39    2.21 
1969 8	 102.50   35.35   20.86    2.12 
1969 9	 133.35   30.25   17.23    1.76 
1969 10	 135.20   22.96   10.65    3.20 
1969 11	  21.85   18.92    3.81    2.45 
1969 12	  94.50   15.13    1.60    2.46 
1970 1	  17.50    9.88   -3.48    2.52 
1970 2	  95.42   14.71    1.41    3.07 
1970 3	  86.72   15.64    3.75    3.04 
1970 4	  89.88   24.48   11.83    3.39 
1970 5	  53.67   27.81   14.42    2.54 
1970 6	   6.07   32.34   18.91    2.47 
1970 7	  36.23   35.59   20.45    2.22 
1970 8	  47.05   36.35   21.02    2.18 
1970 9	 183.63   30.96   18.50    2.45 
1970 10	  30.65   23.51    9.87    2.36 
1970 11	   7.78   18.09    2.37    3.30 
1970 12	  13.08   18.38    2.44    2.74 
1971 1	   5.93   15.34   -1.35    3.17 
1971 2	  27.22   16.02    1.01    3.58 
1971 3	  11.33   20.90    4.01    3.51 
1971 4	  34.55   24.82   10.63    3.10 
1971 5	  77.10   29.15   14.39    3.09 
1971 6	  35.43   34.50   20.67    2.82 
1971 7	  86.80   35.90   21.65    2.36 
1971 8	  88.32   31.51   19.22    1.67 
1971 9	  65.20   30.14   16.93    2.35 
1971 10	 119.12   25.72   12.91    2.30 
1971 11	  44.92   18.71    5.20    2.76 
1971 12	 104.65   14.73    3.25    3.01 
1972 1	  11.40   12.37   -1.75    3.15 
1972 2	   9.07   16.87    0.69    2.98 
1972 3	  14.30   23.65    7.06    3.32 
1972 4	  76.20   27.41   12.13    3.74 
1972 5	  52.75   28.56   14.63    1.88 
1972 6	  41.40   34.83   19.40    2.30 
1972 7	  24.35   34.55   20.29    2.51 
1972 8	  72.85   35.45   20.55    2.10 
1972 9	  44.17   32.11   18.89    1.92 
1972 10	 108.40   24.91   11.02    2.39 
1972 11	  49.63   13.64    2.05    2.70 
1972 12	  17.20   11.42   -2.23    3.03 
1973 1	  87.12    9.05   -2.65    3.60 
1973 2	  52.72   13.33    0.44    2.85 
1973 3	  65.95   20.70    6.79    3.20 
1973 4	 101.03   20.56    8.51    3.16 
1973 5	  98.35   28.52   13.56    3.09 
1973 6	 154.55   31.07   18.03    2.63 
1973 7	 182.00   34.07   20.83    2.06 
1973 8	   3.97   34.30   19.18    2.06 
1973 9	 113.50   29.67   17.40    2.43 
1973 10	 137.88   25.94   12.09    2.22 
1973 11	  49.98   20.78    7.84    3.28 
1973 12	   4.40   16.10   -0.88    3.12 
1974 1	  15.55   11.88   -2.60    2.90 
1974 2	  31.30   18.25    0.99    3.71 
1974 3	  21.48   22.56    7.89    4.22 
1974 4	  77.45   25.31    8.96    3.78 
1974 5	  49.10   30.06   16.16    3.08 
1974 6	  60.75   32.73   16.96    2.81 
1974 7	  37.08   37.21   20.20    2.05 
1974 8	 158.30   32.57   19.01    2.37 
1974 9	 156.35   25.01   13.75    2.61 
1974 10	 227.10   25.02   11.11    2.48 
1974 11	  49.62   17.39    4.13    2.78 
1974 12	  41.33   12.27   -0.64    2.54 
1975 1	  53.43   14.90    1.02    3.18 
1975 2	  49.00   13.13   -0.76    3.05 
1975 3	  59.60   17.69    3.86    3.54 
1975 4	  73.90   22.57    9.99    3.85 
1975 5	 121.40   27.28   14.30    2.70 
1975 6	 143.07   31.44   18.42    2.60 
1975 7	  93.58   33.22   19.79    1.63 
1975 8	  70.02   34.20   20.12    2.06 
1975 9	  42.37   29.43   14.07    2.28 
1975 10	  12.30   26.61   10.11    2.72 
1975 11	  15.73   20.68    4.87    3.13 
1975 12	  40.05   15.59   -0.24    3.05 
1976 1	   1.47   15.04   -2.62    3.09 
1976 2	  15.48   21.97    4.83    4.01 
1976 3	  35.12   22.00    6.64    3.79 
1976 4	 122.85   24.11   10.80    3.29 
1976 5	 167.05   25.97   12.33    2.48 
1976 6	  46.73   31.34   17.55    2.49 
1976 7	  74.40   32.33   19.44    1.85 
1976 8	  68.85   36.02   19.13    1.67 
1976 9	  73.67   29.90   16.35    1.68 
1976 10	 143.05   21.05    6.73    2.58 
1976 11	  14.65   14.71    0.76    2.56 
1976 12	  32.15   14.21   -1.46    2.67 
1977 1	  57.30    7.59   -5.02    2.67 
1977 2	  40.45   16.86    2.07    2.88 
1977 3	 171.88   21.03    6.05    3.25 
1977 4	  41.90   24.31   10.77    2.99 
1977 5	  56.35   28.38   17.08    2.74 
1977 6	  34.20   34.45   20.05    2.61 
1977 7	  62.42   37.10   22.22    2.19 
1977 8	  37.35   35.91   21.67    2.36 
1977 9	  11.25   35.29   19.57    2.62 
1977 10	  40.52   26.84   11.88    2.26 
1977 11	  37.40   20.22    6.80    2.77 
1977 12	   9.78   16.20    0.44    3.28 
1978 1	  36.30    6.03   -5.48    3.24 
1978 2	  64.28    6.98   -3.49    3.14 
1978 3	  43.20   19.26    3.48    3.13 
1978 4	 105.62   27.15   12.12    3.68 
1978 5	 120.10   29.59   16.03    2.99 
1978 6	  38.35   34.04   20.47    2.23 
1978 7	  16.75   38.55   23.56    2.37 
1978 8	  40.58   35.21   21.14    2.34 
1978 9	  31.02   31.93   19.46    2.31 
1978 10	  21.88   27.60   10.81    2.06 
1978 11	  90.70   19.27    6.68    2.21 
1978 12	   9.52   14.45   -0.60    2.89 
1979 1	  72.33    5.57   -3.85    3.25 
1979 2	  37.15   11.20   -1.28    3.22 
1979 3	 131.97   20.12    6.36    3.48 
1979 4	 118.82   23.50   10.68    2.78 
1979 5	 148.50   26.33   13.87    3.02 
1979 6	  35.97   31.69   19.07    2.34 
1979 7	  40.23   34.56   21.80    2.08 
1979 8	 115.15   33.52   19.97    1.69 
1979 9	  17.30   31.20   15.68    2.11 
1979 10	  78.77   28.96   11.94    2.76 
1979 11	   9.65   17.44    2.31    2.65 
1979 12	  88.18   15.69    1.07    2.95 
1980 1	  45.60   12.60    0.22    2.97 
1980 2	  48.68   14.82   -0.94    2.94 
1980 3	  29.82   19.88    2.87    3.11 
1980 4	  54.30   24.94    8.07    3.23 
1980 5	 105.35   28.71   15.16    2.51 
1980 6	   2.80   36.93   21.87    3.12 
1980 7	  18.60   39.52   22.95    2.21 
1980 8	  18.22   37.58   22.23    2.89 
1980 9	 197.50   32.69   19.44    2.26 
1980 10	  55.17   25.45    9.63    2.29 
1980 11	  32.12   18.47    4.42    2.63 
1980 12	  52.60   15.99    1.95    3.02 
1981 1	   7.03   13.51   -0.67    2.49 
1981 2	  34.43   15.89    1.74    2.90 
1981 3	  94.75   18.94    6.28    3.06 
1981 4	  55.17   27.01   13.55    3.26 
1981 5	 146.62   27.54   14.11    3.19 
1981 6	  75.22   31.93   20.01    2.45 
1981 7	  21.50   36.69   22.70    2.20 
1981 8	  57.77   35.30   20.54    1.90 
1981 9	  83.78   31.36   17.06    1.96 
1981 10	 467.92   24.24   12.25    2.66 
1981 11	  21.03   20.81    5.88    2.39 
1981 12	   3.40   15.23    0.47    2.99 
1982 1	  55.50   15.35   -2.16    3.51 
1982 2	  42.32   13.09   -1.01    3.12 
1982 3	  38.45   21.14    7.06    3.78 
1982 4	  36.40   23.32    9.73    3.25 
1982 5	 306.40   27.42   15.45    2.94 
1982 6	 222.43   30.72   17.91    2.30 
1982 7	 136.43   34.12   21.23    2.43 
1982 8	   9.65   36.41   21.35    2.31 
1982 9	  17.40   32.86   15.94    2.34 
1982 10	  48.52   26.39   10.03    2.61 
1982 11	  65.43   18.75    4.89    2.84 
1982 12	  70.57   14.99    1.55    3.55 
1983 1	  23.33   11.26   -1.33    2.46 
1983 2	  29.73   14.41    1.83    2.94 
1983 3	  96.30   17.78    5.23    3.44 
1983 4	   8.23   22.06    6.99    3.88 
1983 5	 195.53   27.11   12.99    2.95 
1983 6	  75.55   29.53   16.91    2.27 
1983 7	  48.65   34.50   20.70    2.23 
1983 8	  40.28   36.18   21.67    1.42 
1983 9	   1.10   32.56   16.63    2.08 
1983 10	  37.23   26.65   11.13    2.32 
1983 11	  80.03   20.39    5.46    2.95 
1983 12	  11.07    6.21   -6.36    3.14 
1984 1	  16.92   10.43   -4.53    2.63 
1984 2	  53.53   18.23    0.48    3.36 
1984 3	  94.85   19.60    4.63    3.46 
1984 4	  28.07   24.54    7.66    3.14 
1984 5	  62.23   30.39   15.46    3.19 
1984 6	  96.07   34.42   20.14    2.70 
1984 7	  44.50   36.57   21.22    2.18 
1984 8	  59.95   36.72   20.88    2.02 
1984 9	   8.87   30.43   16.11    2.87 
1984 10	 208.80   23.69   11.01    2.50 
1984 11	  46.17   18.15    4.03    2.93 
1984 12	 109.18   16.15    2.80    3.28 
1985 1	  18.95   10.08   -4.53    3.03 
1985 2	  59.70   11.73   -0.32    3.26 
1985 3	  94.22   20.71    8.69    3.40 
1985 4	  67.05   25.26   11.98    3.15 
1985 5	  91.65   28.84   15.96    2.77 
1985 6	 153.47   32.07   19.00    2.46 
1985 7	  57.05   34.31   21.01    2.00 
1985 8	   9.70   38.08   21.60    2.05 
1985 9	 100.40   31.86   17.35    2.58 
1985 10	 119.58   24.35   12.73    3.36 
1985 11	  39.62   18.76    5.65    3.10 
1985 12	   8.05   12.91   -3.39    2.70 
1986 1	   0.12   16.94   -0.12    2.95 
1986 2	 109.30   17.06    3.15    3.15 
1986 3	  36.93   22.73    6.84    3.09 
1986 4	  95.80   25.47   12.90    3.31 
1986 5	 170.50   27.59   15.59    3.13 
1986 6	  99.80   32.23   19.36    1.69 
1986 7	  37.58   36.34   22.14    2.38 
1986 8	  82.60   34.40   21.00    2.19 
1986 9	  70.25   31.16   20.17    2.38 
1986 10	  77.65   24.41   11.30    2.38 
1986 11	  91.42   16.89    3.61    2.74 
1986 12	  61.50   11.90    1.18    2.54 
1987 1	  38.75   12.52   -1.76    2.77 
1987 2	 119.47   15.51    3.37    3.39 
1987 3	  36.15   18.88    2.98    2.97 
1987 4	  15.35   27.07    8.05    2.57 
1987 5	 201.63   28.74   16.35    2.36 
1987 6	 148.12   30.82   19.23    2.17 
1987 7	  28.02   33.49   20.84    2.28 
1987 8	  47.12   36.46   22.39    2.37 
1987 9	  55.07   30.92   16.21    1.96 
1987 10	  19.60   26.06    9.69    2.54 
1987 11	  91.50   19.40    5.64    2.61 
1987 12	  72.38   13.34    0.77    2.72 
1988 1	   9.38   10.71   -2.54    3.17 
1988 2	  29.00   14.71   -0.42    3.06 
1988 3	  23.77   20.54    3.68    3.44 
1988 4	  31.67   25.50    8.25    2.73 
1988 5	 157.18   28.80   13.95    2.79 
1988 6	  47.55   31.77   18.14    1.91 
1988 7	  61.92   34.39   21.29    2.20 
1988 8	  13.05   36.52   21.73    1.83 
1988 9	 115.27   31.50   16.75    2.27 
1988 10	  32.00   24.59    9.80    2.26 
1988 11	  51.90   20.94    4.81    3.02 
1988 12	  68.70   14.84    0.50    2.82 
1989 1	  70.00   15.66    1.74    2.80 
1989 2	 106.10    9.78   -1.56    3.77 
1989 3	  71.18   20.16    4.65    3.59 
1989 4	  43.53   25.21   10.98    3.30 
1989 5	 257.78   28.25   16.36    3.47 
1989 6	 237.15   30.13   17.66    2.64 
1989 7	  24.80   33.89   20.52    1.91 
1989 8	  69.05   32.89   20.41    2.32 
1989 9	  93.85   29.50   14.38    2.32 
1989 10	  27.60   27.32   11.11    2.74 
1989 11	   5.15   21.36    4.85    2.72 
1989 12	   5.83   11.43   -6.01    3.23 
1990 1	  75.32   17.48    1.52    3.00 
1990 2	  62.75   18.16    2.85    3.25 
1990 3	 135.12   19.58    6.42    3.55 
1990 4	 255.00   23.39   10.03    3.25 
1990 5	 161.60   28.74   15.01    3.44 
1990 6	  48.80   34.40   21.21    2.88 
1990 7	  83.00   33.05   20.28    2.08 
1990 8	  69.00   34.39   20.69    2.15 
1990 9	  39.40   31.65   18.81    1.57 
1990 10	  44.47   26.18    9.70    2.46 
1990 11	  99.12   21.96    7.53    2.89 
1990 12	  28.55   12.59   -1.45    2.89 
1991 1	  54.55   10.38   -0.76    2.68 
1991 2	  19.90   18.79    2.82    2.76 
1991 3	  21.00   22.20    6.73    3.43 
1991 4	  22.48   26.50   11.89    2.97 
1991 5	 125.88   28.92   17.69    2.65 
1991 6	 132.73   32.38   20.02    2.03 
1991 7	 126.85   35.32   21.45    1.91 
1991 8	 122.13   32.52   20.57    1.69 
1991 9	  77.70   28.39   16.65    1.99 
1991 10	 205.00   26.64   11.20    2.39 
1991 11	  28.02   16.61    3.64    3.01 
1991 12	 230.15   14.34    3.50    2.93 
1992 1	  56.47   13.31    0.92    2.39 
1992 2	  77.50   17.19    4.33    2.92 
1992 3	  60.37   21.48    6.82    2.94 
1992 4	  31.00   24.56   10.89    2.60 
1992 5	 151.38   26.41   14.36    2.30 
1992 6	 117.58   31.17   19.19    1.87 
1992 7	  40.85   33.72   21.58    2.94 
1992 8	  86.57   31.74   18.68    2.03 
1992 9	  54.10   30.78   17.24    2.71 
1992 10	  38.75   27.25   11.27    2.30 
1992 11	  98.40   16.69    4.72    2.72 
1992 12	  80.70   14.50    2.30    2.58 
1993 1	  46.97   11.09    0.39    2.64 
1993 2	 107.92   14.13    1.81    3.08 
1993 3	  36.95   18.47    5.49    3.18 
1993 4	  68.50   23.55    9.22    3.59 
1993 5	  62.50   27.34   14.58    2.88 
1993 6	 113.17   32.59   20.35    2.89 
1993 7	   0.05   36.60   23.07    3.24 
1993 8	  26.92   36.77   22.16    2.28 
1993 9	 119.10   31.62   16.01    1.96 
1993 10	 208.80   23.33    9.93    2.60 
1993 11	  25.85   16.57    2.52    2.79 
1993 12	  40.85   14.95    2.35    2.95 
1994 1	  35.90   12.68    0.27    3.13 
1994 2	  45.97   15.12    0.28    2.92 
1994 3	  24.38   21.86    6.04    3.06 
1994 4	  60.45   25.78   10.38    3.25 
1994 5	 179.57   26.46   15.23    2.33 
1994 6	  28.77   34.51   21.41    2.31 
1994 7	  68.80   34.82   20.98    2.66 
1994 8	  90.92   35.62   20.95    1.87 
1994 9	 103.93   29.53   16.49    1.77 
1994 10	 140.20   24.82   12.08    2.43 
1994 11	 175.22   19.67    7.84    2.82 
1994 12	  48.00   15.06    3.15    2.35 
1995 1	  16.45   14.33    1.16    3.16 
1995 2	  25.92   17.62    3.80    2.91 
1995 3	  71.10   18.63    6.17    3.31 
1995 4	  61.30   24.41   10.19    3.33 
1995 5	 158.83   27.34   15.73    2.91 
1995 6	  56.02   31.33   18.23    2.22 
1995 7	 161.20   35.46   21.56    2.27 
1995 8	  50.77   34.48   22.05    1.49 
1995 9	 129.75   29.78   17.83    1.93 
1995 10	  32.42   27.27   10.58    2.40 
1995 11	   3.03   20.63    4.67    2.79 
1995 12	  34.23   14.08    1.92    3.02 
1996 1	  11.75   13.29   -2.42    3.24 
1996 2	   3.70   19.08    2.15    3.93 
1996 3	  44.38   19.07    3.18    3.63 
1996 4	  56.32   25.66    8.48    3.65 
1996 5	  82.52   32.49   19.19    4.07 
1996 6	  44.25   34.23   20.55    2.17 
1996 7	  98.93   35.82   23.03    2.34 
1996 8	 198.77   32.57   21.62    2.10 
1996 9	 110.05   28.76   16.74    1.45 
1996 10	  70.60   25.15   11.42    2.83 
1996 11	 176.17   18.51    5.88    2.93 
1996 12	   0.88   16.64    1.59    2.93 
1997 1	  10.35   12.91   -0.01    3.43 
1997 2	 226.65   14.38    3.48    3.07 
1997 3	  67.72   21.28    7.24    2.87 
1997 4	 119.82   21.03    9.17    3.20 
1997 5	  97.93   26.82   14.49    2.52 
1997 6	 120.35   30.98   19.51    1.97 
1997 7	  72.40   34.48   22.19    1.71 
1997 8	  71.97   34.15   21.29    2.17 
1997 9	  21.08   33.23   18.87    2.06 
1997 10	  94.57   25.94   12.34    2.63 
1997 11	  29.65   16.81    4.25    2.68 
1997 12	 106.22   12.42    0.10    3.06 
1998 1	  74.57   15.18    2.49    3.03 
1998 2	  64.07   15.80    3.70    2.74 
1998 3	 109.77   18.04    4.69    3.91 
1998 4	  24.50   24.51    8.76    3.07 
1998 5	  65.75   32.10   17.24    3.11 
1998 6	  48.12   35.05   21.71    3.74 
1998 7	  15.70   38.70   23.87    2.62 
1998 8	  59.10   36.08   21.56    1.35 
1998 9	  28.83   34.03   20.40    2.02 
1998 10	 145.90   26.00   13.64    2.73 
1998 11	  56.55   19.23    8.24    2.59 
1998 12	  66.63   13.48    0.86    3.14 
1999 1	  33.78   16.17    0.41    3.63 
1999 2	   6.32   20.37    4.12    3.00 
1999 3	 107.63   18.39    5.86    3.37 
1999 4	  64.38   25.77   11.60    3.57 
1999 5	 153.65   28.05   15.30    2.51 
1999 6	  76.80   31.19   20.58    2.54 
1999 7	  15.02   35.32   21.70    2.00 
1999 8	   4.03   38.57   22.44    1.73 
1999 9	  31.97   32.24   17.22    2.41 
1999 10	  58.57   27.37   10.33    2.26 
1999 11	   0.00   23.53    7.39    2.42 
1999 12	  51.85   16.34    0.73    3.18 
2000 1	  30.15   15.80    1.40    3.48 
2000 2	  19.10   20.22    4.61    3.27 
2000 3	  84.42   21.82    7.60    2.98 
2000 4	  56.88   24.74   10.15    3.14 
2000 5	  43.50   31.21   17.25    3.38 
2000 6	 258.33   30.50   20.29    2.56 
2000 7	   4.25   36.15   21.40    2.16 
2000 8	   0.00   38.46   22.39    2.06 
2000 9	   5.40   34.06   16.67    2.27 
2000 10	 108.23   25.22   14.27    2.80 
2000 11	 142.45   14.28    3.47    2.87 
2000 12	  56.10    8.68   -2.43    2.81 
2001 1	  77.65   11.01   -1.43    2.66 
2001 2	 178.82   14.64    1.73    3.18 
2001 3	  95.68   15.34    4.31    2.67 
2001 4	  33.90   24.53   12.35    3.56 
2001 5	  63.95   28.63   16.39    2.60 
2001 6	  24.10   33.00   19.40    2.23 
2001 7	   3.67   37.36   23.24    2.20 
2001 8	  99.05   34.76   22.16    2.19 
2001 9	  46.07   29.35   16.22    1.88 
2001 10	  46.90   24.83    9.32    2.47 
2001 11	  48.33   19.64    8.02    2.55 
2001 12	  56.72   14.75    1.15    2.79 
2002 1	  29.05   14.86   -0.18    2.84 
2002 2	  35.73   14.33   -0.93    2.95 
2002 3	 124.38   18.41    4.04    3.85 
2002 4	  76.55   25.09   13.71    3.64 
2002 5	 103.97   27.10   14.99    3.32 
2002 6	 102.62   30.94   19.22    1.98 
2002 7	  60.20   32.63   21.29    2.06 
2002 8	   7.78   35.22   21.27    1.99 
2002 9	  42.85   32.24   16.96    2.41 
2002 10	 189.45   21.60   11.96    2.26 
2002 11	  16.60   17.52    3.48    3.02 
2002 12	 108.98   14.23    0.49    3.17 
2003 1	   6.92   12.53   -1.65    2.77 
2003 2	  63.82   12.33    0.56    3.08 
2003 3	  24.88   19.28    4.98    2.66 
2003 4	  20.33   25.46   10.42    3.37 
2003 5	  73.03   29.39   16.12    2.99 
2003 6	 147.62   30.38   18.46    1.91 
2003 7	   4.05   35.65   21.85    2.00 
2003 8	  77.32   35.55   21.47    1.73 
2003 9	  79.05   28.48   16.30    1.67 
2003 10	  29.70   26.27   11.08    2.09 
2003 11	  80.12   19.55    7.14    3.08 
2003 12	  16.98   16.22    0.35    3.26 
2004 1	  41.95   14.82    1.20    3.12 
2004 2	 126.50   11.91   -0.24    3.18 
2004 3	  37.10   21.55    8.58    3.02 
2004 4	  91.62   23.87   11.08    3.26 
2004 5	  43.42   27.86   16.33    3.17 
2004 6	 348.00   29.73   19.42    1.87 
2004 7	  41.50   32.45   20.59    1.99 
2004 8	  61.60   31.35   19.32    1.86 
2004 9	  32.28   30.86   16.12    1.80 
2004 10	  80.92   26.35   13.06    2.67 
2004 11	 140.10   17.51    6.87    2.86 
2004 12	  14.90   14.60   -0.35    2.86 
2005 1	  45.65   14.52    1.51    3.31 
2005 2	  52.55   15.07    3.04    2.81 
2005 3	  58.62   18.88    4.34    2.83 
2005 4	   1.95   24.39    9.04    3.37 
2005 5	  88.65   26.82   14.86    2.49 
2005 6	  32.93   32.94   19.73    2.14 
2005 7	  41.62   34.12   20.85    1.75 
2005 8	  47.10   34.38   20.99    1.70 
2005 9	  17.05   34.46   18.52    2.04 
2005 10	  36.75   25.69   10.05    2.44 
2005 11	   0.08   22.36    5.17    2.72 
2005 12	   4.78   14.43   -1.76    2.70 
2006 1	  36.20   19.39    1.62    3.57 
2006 2	  80.20   14.37   -0.19    3.19 
2006 3	  75.05   21.51    8.29    3.48 
2006 4	  86.50   27.72   12.99    3.34 
2006 5	  72.17   29.66   16.11    2.80 
2006 6	  44.30   33.55   18.77    1.86 
2006 7	  31.83   35.82   22.33    2.03 
2006 8	  47.25   37.20   23.18    2.19 
2006 9	  91.97   29.85   15.40    2.19 
2006 10	  57.97   25.41   10.60    2.51 
2006 11	  69.15   20.04    5.54    2.98 
2006 12	  37.22   14.95    0.94    3.01 
2007 1	  65.22    9.47   -1.47    3.10 
2007 2	  10.75   14.35    0.56    3.02 
2007 3	 181.03   22.30    9.37    3.26 
2007 4	 108.67   21.40    8.70    2.96 
2007 5	 171.40   26.35   16.67    2.57 
2007 6	 261.05   29.60   19.65    2.10 
2007 7	  45.52   31.07   20.32    1.53 
2007 8	  24.45   34.30   21.84    1.64 
2007 9	 124.97   30.70   18.15    1.60 
2007 10	  29.78   26.93   11.38    2.39 
2007 11	  44.83   20.30    6.36    2.76 
2007 12	  26.23   14.00   -1.14    2.49 
2008 1	   4.15   13.18   -2.00    2.88 
2008 2	  18.62   17.83    0.90    3.20 
2008 3	 149.00   20.66    5.11    3.83 
2008 4	  86.50   24.31    9.19    3.27 
2008 5	  62.78   28.88   15.10    3.14 
2008 6	  24.32   34.48   21.49    3.13 
2008 7	  39.65   35.85   21.79    2.48 
2008 8	 113.57   33.48   21.01    1.76 
2008 9	  36.88   29.01   15.14    2.18 
2008 10	  37.50   25.67    9.54    2.22 
2008 11	  37.55   20.35    4.38    2.37 
2008 12	   5.62   14.73   -1.58    3.37 
2009 1	  13.95   15.55   -1.70    3.03 
2009 2	  24.88   19.76    3.43    3.75 
2009 3	  68.17   20.97    7.15    3.54 
2009 4	  63.87   24.41    9.40    3.60 
2009 5	  58.23   27.47   14.88    2.38 
2009 6	  91.83   33.35   20.54    2.63 
2009 7	 120.22   35.64   21.98    2.06 
2009 8	  30.12   34.95   21.42    2.24 
2009 9	 174.65   28.24   16.82    1.76 
2009 10	 208.12   20.87    9.38    2.71 
2009 11	  14.38   20.73    6.15    2.28 
2009 12	  28.12   10.45   -2.10    2.79 
2010 1	  64.60   11.17   -1.78    3.03 
2010 2	 131.55    8.53   -0.95    2.85 
2010 3	  78.88   18.34    3.84    3.18 
2010 4	 101.98   23.92   10.84    3.34 
2010 5	  72.53   28.46   15.92    2.67 
2010 6	  37.97   34.13   22.24    2.41 
2010 7	 112.18   33.38   22.59    2.14 
2010 8	   8.05   36.95   22.95    2.04 
2010 9	 211.50   30.67   19.14    2.07 
2010 10	  19.45   26.40    9.80    2.28 
2010 11	   9.00   20.35    5.03    3.29 
2010 12	  33.53   15.34    0.33    3.12 
