1949 1	  32.50    2.33   -8.46    3.94 
1949 2	  20.38   11.25   -2.50    3.59 
1949 3	   7.03   17.57    0.61    4.19 
1949 4	  14.20   19.29    5.68    3.22 
1949 5	 117.47   25.37   11.18    3.80 
1949 6	 148.40   29.92   14.29    4.00 
1949 7	  88.83   31.79   16.39    3.19 
1949 8	 113.32   30.14   14.68    2.65 
1949 9	  53.25   26.71   12.20    2.95 
1949 10	  32.52   21.29    4.63    3.07 
1949 11	   5.33   19.86    0.94    2.69 
1949 12	  11.98   10.73   -5.40    3.27 
1950 1	   0.00   14.84   -3.97    3.61 
1950 2	   0.23   17.24   -3.02    3.13 
1950 3	   0.00   18.91   -3.21    4.31 
1950 4	   4.55   22.83    3.05    4.21 
1950 5	  22.45   26.43    8.17    3.71 
1950 6	  42.08   32.73   14.29    4.44 
1950 7	 232.62   29.21   15.69    3.64 
1950 8	  60.73   30.97   13.92    2.99 
1950 9	  39.85   25.73   11.57    2.91 
1950 10	  23.03   26.22    7.57    2.96 
1950 11	   0.00   17.47   -1.90    2.80 
1950 12	   2.00   14.06   -4.86    2.37 
1951 1	  19.05    9.81   -6.55    3.47 
1951 2	  25.08   13.36   -4.45    4.15 
1951 3	   6.00   16.39   -2.25    3.96 
1951 4	   5.97   21.85    1.32    3.97 
1951 5	  58.75   26.53    8.16    4.14 
1951 6	  19.92   31.65   12.77    4.33 
1951 7	 104.83   33.63   16.62    3.85 
1951 8	  20.57   32.65   15.59    3.56 
1951 9	   2.85   29.85   10.46    3.77 
1951 10	  51.18   23.86    4.43    3.47 
1951 11	   3.58   14.53   -2.99    3.18 
1951 12	  11.47   11.26   -4.90    3.72 
1952 1	   6.70   11.93   -5.13    3.42 
1952 2	   3.23   14.12   -3.44    3.72 
1952 3	   6.63   15.31   -2.34    4.77 
1952 4	  68.62   20.67    3.92    3.75 
1952 5	  11.50   27.85    8.41    3.80 
1952 6	  37.25   33.93   16.35    5.07 
1952 7	  19.00   32.45   16.38    3.59 
1952 8	  32.63   34.34   17.32    3.26 
1952 9	  21.82   28.06   11.37    2.53 
1952 10	   0.00   24.09    4.22    2.66 
1952 11	  31.20   12.76   -2.74    2.92 
1952 12	  14.05    9.71   -5.04    2.94 
1953 1	  15.35   15.62   -1.58    4.02 
1953 2	   8.12   13.21   -5.20    3.34 
1953 3	  13.95   19.81    1.17    3.83 
1953 4	   9.30   22.85    2.34    3.88 
1953 5	  21.25   26.53    7.10    4.30 
1953 6	   2.10   35.96   15.91    4.79 
1953 7	  80.42   33.24   16.91    3.73 
1953 8	  56.10   31.94   15.32    3.15 
1953 9	   0.45   31.13   10.38    2.75 
1953 10	  43.88   22.60    6.27    3.32 
1953 11	   8.18   17.10   -0.46    3.10 
1953 12	   7.58    9.67   -5.57    3.65 
1954 1	   5.97   13.27   -4.74    3.01 
1954 2	   9.88   18.80   -1.04    3.79 
1954 3	   2.28   17.45   -1.80    3.89 
1954 4	  22.12   25.80    6.16    3.80 
1954 5	  27.27   25.24    8.45    3.66 
1954 6	  18.97   32.87   14.65    4.31 
1954 7	  27.00   35.11   17.92    3.08 
1954 8	 106.28   31.83   17.15    3.48 
1954 9	   6.52   30.23   13.86    3.26 
1954 10	  73.05   23.35    7.31    3.04 
1954 11	   0.00   18.38   -0.19    2.85 
1954 12	   3.88   13.66   -3.17    3.36 
1955 1	   4.95   10.40   -4.79    3.22 
1955 2	   0.00   13.60   -6.60    3.53 
1955 3	   0.85   19.07   -1.50    3.77 
1955 4	  21.98   23.32    3.98    4.41 
1955 5	  43.40   26.36    9.24    3.50 
1955 6	  43.67   31.21   12.69    4.01 
1955 7	 126.35   31.12   16.45    3.31 
1955 8	  51.97   31.50   15.79    2.67 
1955 9	  59.65   29.33   13.30    3.17 
1955 10	  12.40   23.71    6.75    2.83 
1955 11	   0.22   16.51   -1.48    3.26 
1955 12	   1.77   14.37   -2.06    3.29 
1956 1	   1.55   13.05   -3.73    2.80 
1956 2	  28.40    9.87   -5.71    3.85 
1956 3	   0.00   20.42   -0.74    3.70 
1956 4	   6.70   22.72    2.05    3.73 
1956 5	  40.68   30.20    9.55    4.37 
1956 6	  56.37   33.55   14.95    4.08 
1956 7	  69.12   33.18   15.54    3.63 
1956 8	  33.57   32.55   14.43    3.40 
1956 9	   5.08   32.06   10.55    3.41 
1956 10	  61.17   24.83    6.18    3.02 
1956 11	   0.00   15.64   -2.43    3.02 
1956 12	   0.00   13.57   -3.24    3.25 
1957 1	   1.02   12.57   -4.74    3.53 
1957 2	  12.43   17.43    1.45    3.04 
1957 3	  29.70   16.97    0.36    3.82 
1957 4	  28.00   20.20    2.52    3.92 
1957 5	 114.30   23.73    8.28    3.14 
1957 6	  16.67   30.75   12.91    3.92 
1957 7	  91.53   34.37   17.28    3.28 
1957 8	  99.45   30.86   16.52    3.06 
1957 9	  25.85   28.01   10.20    2.89 
1957 10	  70.22   19.61    6.64    3.09 
1957 11	  13.62   11.19   -0.78    3.20 
1957 12	   0.43   14.72   -3.28    3.33 
1958 1	  33.88    8.45   -5.44    3.32 
1958 2	   7.30   13.66   -3.60    3.84 
1958 3	  46.10   11.36   -2.82    3.34 
1958 4	  31.90   19.07    2.31    3.82 
1958 5	  47.62   27.05    9.74    2.96 
1958 6	  34.65   33.63   15.49    4.10 
1958 7	  51.17   34.59   16.83    4.40 
1958 8	  75.50   32.92   16.40    2.60 
1958 9	 133.88   27.54   13.17    3.10 
1958 10	  17.77   20.39    6.14    2.56 
1958 11	   6.98   17.53   -0.02    2.94 
1958 12	   7.72   13.96   -5.41    2.95 
1959 1	   1.77   12.04   -5.42    3.31 
1959 2	   2.90   13.05   -3.38    3.97 
1959 3	   9.83   18.18   -0.88    4.08 
1959 4	   6.15   22.32    4.87    3.84 
1959 5	  53.77   27.42   10.19    4.05 
1959 6	 148.88   31.01   15.32    3.31 
1959 7	  92.12   31.52   15.82    2.62 
1959 8	 113.92   31.58   16.45    3.21 
1959 9	   8.15   30.74   11.37    3.86 
1959 10	  37.92   22.38    4.24    2.86 
1959 11	   0.55   16.50   -2.87    2.75 
1959 12	  48.50   11.08   -2.37    3.47 
1960 1	  31.97    7.80   -6.03    3.21 
1960 2	  24.30    9.25   -5.96    4.19 
1960 3	   7.33   17.10   -1.52    3.37 
1960 4	   7.40   24.64    4.40    4.03 
1960 5	  12.50   28.21    7.45    3.63 
1960 6	  98.70   32.73   15.43    3.63 
1960 7	 292.10   30.92   15.84    2.91 
1960 8	  61.60   32.18   15.81    3.43 
1960 9	  34.03   29.04   12.09    2.67 
1960 10	 111.95   22.81    5.69    2.90 
1960 11	   0.00   17.88    0.16    2.90 
1960 12	  45.55    6.80   -4.75    3.47 
1961 1	  13.53   10.08   -6.63    2.95 
1961 2	   4.47   14.23   -2.96    3.35 
1961 3	  71.93   16.91    0.72    3.77 
1961 4	   1.45   23.37    3.14    4.08 
1961 5	  32.70   28.81    9.06    4.07 
1961 6	  67.88   32.21   14.31    3.34 
1961 7	  90.12   31.13   15.31    3.14 
1961 8	  70.30   30.93   15.08    2.54 
1961 9	  60.85   27.54   10.34    3.52 
1961 10	  20.58   24.74    4.61    3.33 
1961 11	  43.05   10.98   -1.46    3.26 
1961 12	  18.38   10.19   -4.98    3.17 
1962 1	  14.08    9.83   -7.74    3.53 
1962 2	  14.62   18.16   -2.52    3.73 
1962 3	  13.30   16.63   -2.87    4.33 
1962 4	  32.92   23.78    4.39    3.66 
1962 5	   7.85   30.85    9.56    5.03 
1962 6	  33.58   32.14   13.04    3.71 
1962 7	  91.47   31.89   16.49    3.36 
1962 8	  16.00   34.42   15.37    2.81 
1962 9	  70.25   28.28   12.52    2.58 
1962 10	  23.68   24.49    6.99    3.00 
1962 11	   9.70   17.47    0.59    2.55 
1962 12	   9.87   13.22   -2.96    2.77 
1963 1	   2.50   10.85   -9.38    3.33 
1963 2	  17.10   14.90   -2.90    3.22 
1963 3	   0.00   19.74   -0.25    4.07 
1963 4	   4.90   25.41    7.97    3.66 
1963 5	  53.60   28.24   10.44    4.01 
1963 6	 202.50   30.20   13.79    4.01 
1963 7	  83.02   34.16   17.15    3.80 
1963 8	  90.60   31.89   16.29    2.48 
1963 9	  20.98   29.34   13.21    2.14 
1963 10	   4.93   26.61    8.23    2.46 
1963 11	  16.03   18.54    0.33    2.79 
1963 12	   4.18   11.00   -6.18    2.63 
1964 1	   0.15   12.27   -5.94    3.56 
1964 2	  24.98    8.47   -6.56    3.46 
1964 3	   7.12   17.96   -2.82    3.89 
1964 4	   0.00   24.25    3.27    3.92 
1964 5	  31.90   28.87    9.61    4.09 
1964 6	  45.75   32.15   12.99    4.06 
1964 7	   5.10   35.19   16.66    3.29 
1964 8	  31.47   33.24   15.42    3.29 
1964 9	  93.98   27.38   11.92    2.88 
1964 10	   0.15   25.77    5.08    2.77 
1964 11	  31.30   16.19   -0.46    3.27 
1964 12	   9.12   12.50   -4.04    3.26 
1965 1	   2.55   14.80   -3.61    3.57 
1965 2	  15.07   13.12   -5.63    3.45 
1965 3	  16.30   13.90   -4.90    3.75 
1965 4	  12.82   24.17    5.05    3.86 
1965 5	  41.20   27.10    9.35    3.94 
1965 6	  75.15   30.58   13.77    4.42 
1965 7	  21.90   33.61   16.32    3.09 
1965 8	  48.53   31.31   15.01    3.08 
1965 9	  32.65   28.71   11.06    3.31 
1965 10	  12.27   24.49    4.91    2.44 
1965 11	   0.20   20.58    2.58    2.62 
1965 12	  10.55   14.09   -1.99    3.53 
1966 1	  10.07    8.79   -8.23    2.91 
1966 2	   3.88   11.78   -6.27    3.30 
1966 3	   0.00   20.82   -0.10    4.24 
1966 4	   9.65   23.50    3.99    3.52 
1966 5	  28.80   28.50    8.58    3.28 
1966 6	 111.30   30.48   14.24    4.14 
1966 7	  41.42   35.25   18.31    3.31 
1966 8	  85.85   30.29   15.39    3.13 
1966 9	  21.27   29.13   12.48    2.01 
1966 10	   0.30   23.61    4.60    2.58 
1966 11	   9.52   20.25    1.17    3.38 
1966 12	   6.83   13.87   -6.37    3.01 
1967 1	   0.00   15.39   -5.27    3.33 
1967 2	   2.82   15.48   -4.02    3.35 
1967 3	   4.72   22.81    2.62    4.04 
1967 4	  16.62   25.89    6.02    4.99 
1967 5	  10.82   28.33    6.98    3.69 
1967 6	  95.70   31.06   14.15    4.46 
1967 7	 121.10   31.93   16.33    3.64 
1967 8	  40.57   30.70   14.42    2.96 
1967 9	  31.35   28.02   11.77    2.76 
1967 10	   2.10   26.18    5.62    3.62 
1967 11	   4.10   18.00    0.33    3.23 
1967 12	  16.00    8.95   -5.66    3.84 
1968 1	  36.17   11.78   -3.46    3.55 
1968 2	   8.23   13.74   -3.54    3.19 
1968 3	  21.85   16.95    0.12    4.37 
1968 4	  15.32   21.79    3.47    4.35 
1968 5	  22.20   27.61    8.37    4.33 
1968 6	  16.40   34.44   14.09    4.17 
1968 7	  30.77   32.25   16.28    3.92 
1968 8	  67.50   31.81   15.79    3.98 
1968 9	  36.43   29.22   10.77    3.31 
1968 10	  13.90   26.19    6.61    3.90 
1968 11	  12.48   15.12    0.43    3.58 
1968 12	   5.55   13.86   -4.45    4.42 
1969 1	   0.00   16.26   -2.08    3.69 
1969 2	  22.38   13.51   -2.68    3.61 
1969 3	  20.33   13.07   -3.91    3.68 
1969 4	  26.27   23.59    6.07    4.29 
1969 5	 151.38   26.89   10.03    3.78 
1969 6	  47.12   30.60   13.23    3.67 
1969 7	  64.97   34.60   18.01    3.44 
1969 8	  49.30   33.14   17.36    2.88 
1969 9	  55.38   28.00   13.61    2.69 
1969 10	 114.75   20.45    5.07    3.62 
1969 11	   7.55   16.38   -0.55    2.85 
1969 12	  23.40   13.34   -2.87    2.91 
1970 1	   0.20   10.08   -6.20    2.80 
1970 2	   2.65   16.43   -2.03    2.89 
1970 3	  16.77   15.67   -2.73    3.51 
1970 4	   6.18   22.32    1.93    3.78 
1970 5	   5.55   29.16    8.46    3.94 
1970 6	  90.57   31.04   12.76    3.79 
1970 7	  50.08   33.09   16.81    3.45 
1970 8	  37.60   33.33   15.95    2.92 
1970 9	  89.42   28.91   11.26    3.35 
1970 10	  16.15   20.59    3.73    2.78 
1970 11	   0.00   18.01   -0.75    3.43 
1970 12	   0.45   15.38   -0.53    2.73 
1971 1	   0.50   14.13   -4.05    2.97 
1971 2	   1.75   14.54   -4.69    3.69 
1971 3	   2.40   20.42   -1.84    3.76 
1971 4	  29.65   23.56    3.57    3.69 
1971 5	  13.97   27.66    7.79    3.97 
1971 6	  25.38   33.33   14.68    4.38 
1971 7	  60.90   33.22   16.09    3.01 
1971 8	  79.70   28.46   14.66    2.38 
1971 9	  62.68   27.33   10.97    3.41 
1971 10	  34.70   22.93    6.60    2.81 
1971 11	  60.42   17.14    0.64    3.15 
1971 12	  14.27   10.99   -2.77    3.57 
1972 1	   3.00   14.37   -6.00    3.40 
1972 2	   4.17   17.58   -4.88    3.26 
1972 3	   0.22   23.10    1.61    3.58 
1972 4	   0.00   26.82    4.44    4.27 
1972 5	  27.02   26.77    9.28    3.50 
1972 6	  93.80   32.11   14.19    2.95 
1972 7	 144.82   31.16   15.94    3.85 
1972 8	  95.75   29.74   14.79    2.94 
1972 9	  94.35   27.80   12.66    2.98 
1972 10	  71.40   22.18    6.30    3.07 
1972 11	  26.22   10.93   -3.03    3.01 
1972 12	  12.25   11.54   -5.44    3.62 
1973 1	  13.35    8.09   -5.87    3.64 
1973 2	  25.85   11.86   -3.90    3.40 
1973 3	  47.85   16.18   -0.41    4.18 
1973 4	  61.45   19.13    0.38    3.36 
1973 5	  33.00   26.32    7.67    3.30 
1973 6	  19.68   31.51   12.09    3.77 
1973 7	 131.20   31.84   15.77    3.47 
1973 8	  19.57   32.44   14.75    3.37 
1973 9	  42.47   28.11   11.26    3.67 
1973 10	  15.65   25.45    6.07    3.29 
1973 11	   1.90   20.09    0.88    4.14 
1973 12	   2.77   14.42   -4.40    4.38 
1974 1	  16.35   13.31   -5.36    3.98 
1974 2	   4.80   15.99   -4.84    4.24 
1974 3	   2.18   22.97    1.46    4.42 
1974 4	   0.05   24.33    3.72    5.27 
1974 5	   2.33   31.73   11.06    4.10 
1974 6	  30.05   33.78   14.10    4.04 
1974 7	  40.23   33.80   16.17    3.45 
1974 8	 172.95   30.77   15.00    3.34 
1974 9	  56.73   24.45    9.55    3.19 
1974 10	 130.60   21.87    7.13    3.40 
1974 11	   3.48   14.47   -0.07    3.20 
1974 12	  15.02   10.80   -5.06    3.57 
1975 1	   6.28   12.07   -4.95    3.90 
1975 2	  21.08   11.66   -4.24    3.53 
1975 3	   9.43   18.42   -1.89    4.12 
1975 4	  37.78   21.83    2.21    4.99 
1975 5	  17.53   26.75    6.96    3.70 
1975 6	  21.85   32.60   12.54    4.62 
1975 7	  87.57   30.39   14.65    2.99 
1975 8	   9.35   32.88   14.03    3.39 
1975 9	  30.10   27.36    9.07    3.17 
1975 10	   0.05   26.09    4.61    3.42 
1975 11	  25.92   17.72   -1.28    3.50 
1975 12	   2.75   14.46   -4.07    3.13 
1976 1	   0.10   13.04   -6.32    3.23 
1976 2	   4.68   18.86   -1.86    3.96 
1976 3	   5.05   17.80   -1.92    4.08 
1976 4	   7.35   22.78    4.14    4.70 
1976 5	  15.80   24.94    6.77    3.24 
1976 6	  36.17   31.95   12.36    3.81 
1976 7	  32.40   30.61   15.11    3.38 
1976 8	  71.40   31.48   14.16    3.08 
1976 9	  69.78   26.92   12.02    2.50 
1976 10	  13.70   20.39    2.61    2.87 
1976 11	  10.10   13.96   -2.50    2.70 
1976 12	   0.00   13.25   -5.86    3.00 
1977 1	   2.95    9.73   -8.31    2.66 
1977 2	  11.73   15.40   -3.26    3.48 
1977 3	   8.75   17.46   -1.89    4.35 
1977 4	  44.53   22.07    5.44    3.74 
1977 5	  95.02   27.43   10.78    4.23 
1977 6	  43.47   33.41   14.12    3.87 
1977 7	  54.10   33.28   16.13    3.55 
1977 8	  89.35   32.53   16.21    3.53 
1977 9	  17.95   31.31   11.77    3.00 
1977 10	  17.15   24.40    5.82    2.76 
1977 11	   5.48   18.55   -0.48    3.11 
1977 12	   1.12   15.10   -2.99    3.55 
1978 1	  12.75    8.17   -7.42    3.12 
1978 2	  13.82    8.41   -4.88    3.00 
1978 3	   8.43   18.67   -0.19    3.57 
1978 4	  22.62   25.93    6.16    3.90 
1978 5	  41.15   27.03    9.16    3.46 
1978 6	  51.32   32.45   15.02    4.04 
1978 7	   9.20   35.25   16.88    3.28 
1978 8	  54.50   31.92   14.81    3.20 
1978 9	  84.05   27.13   11.94    2.65 
1978 10	  16.15   23.46    4.90    2.78 
1978 11	  35.30   13.90    1.33    3.07 
1978 12	   8.35   10.61   -6.14    3.57 
1979 1	  12.75    6.23   -7.58    3.08 
1979 2	   0.05   13.86   -4.19    3.02 
1979 3	   7.22   17.40   -0.31    3.88 
1979 4	  35.05   21.08    3.99    3.61 
1979 5	  76.30   25.12    8.15    3.46 
1979 6	 127.08   29.10   12.76    3.49 
1979 7	 114.78   32.83   16.50    3.39 
1979 8	  77.03   30.41   14.69    3.22 
1979 9	  54.25   28.54   11.79    2.30 
1979 10	   5.68   26.56    6.30    3.12 
1979 11	   4.60   13.46   -2.72    2.76 
1979 12	   5.58   12.36   -3.92    3.02 
1980 1	   8.88   11.14   -4.58    3.06 
1980 2	  11.50   13.68   -3.10    3.68 
1980 3	  11.18   17.87   -2.17    4.42 
1980 4	   4.10   21.66    2.01    3.68 
1980 5	  59.55   25.17    8.73    3.29 
1980 6	   3.35   35.12   15.91    4.68 
1980 7	   4.65   35.32   17.30    3.70 
1980 8	  48.83   31.99   16.48    4.04 
1980 9	  52.85   28.06   13.32    2.99 
1980 10	   9.87   21.87    4.84    2.78 
1980 11	   7.00   14.08   -0.79    3.06 
1980 12	   6.57   15.86   -1.31    3.31 
1981 1	   4.28   12.42   -3.63    2.58 
1981 2	   9.12   16.61   -3.66    3.14 
1981 3	  23.22   16.46    1.45    3.85 
1981 4	  23.32   24.77    6.33    4.13 
1981 5	  31.20   26.15    9.43    3.61 
1981 6	  65.00   32.81   15.18    4.20 
1981 7	 127.78   31.40   17.25    3.73 
1981 8	 245.62   28.82   15.93    2.69 
1981 9	  62.73   27.37   12.57    2.86 
1981 10	  55.72   21.29    6.63    3.12 
1981 11	  14.30   17.79    2.84    2.83 
1981 12	   0.43   13.93   -2.80    2.91 
1982 1	   1.00   12.26   -4.71    3.89 
1982 2	   5.60   11.06   -5.46    3.49 
1982 3	   4.70   17.66    0.20    3.87 
1982 4	   6.62   20.91    3.96    3.96 
1982 5	  48.10   25.14    9.08    4.05 
1982 6	  59.50   29.79   13.36    4.20 
1982 7	 107.10   31.67   16.87    3.82 
1982 8	  42.15   32.08   16.80    3.11 
1982 9	  25.10   29.37   13.39    3.24 
1982 10	  20.22   22.70    6.31    2.99 
1982 11	   9.85   14.28   -0.57    3.64 
1982 12	  24.00    8.94   -3.99    3.58 
1983 1	  18.52    9.04   -5.02    3.23 
1983 2	   5.80   11.74   -2.04    3.28 
1983 3	  13.72   16.93    0.07    3.87 
1983 4	  21.22   19.20    1.31    4.11 
1983 5	  60.08   25.93    6.20    3.72 
1983 6	  50.48   29.84   11.70    3.90 
1983 7	  23.18   31.47   15.61    3.88 
1983 8	  12.90   33.09   15.79    2.49 
1983 9	  12.77   31.01   13.10    3.61 
1983 10	  99.50   22.70    8.41    3.12 
1983 11	   5.10   17.68    2.84    3.34 
1983 12	   6.45    6.73   -7.87    3.23 
1984 1	   3.90    9.15   -4.95    2.97 
1984 2	   3.43   16.33   -2.24    3.96 
1984 3	   9.47   18.24   -0.38    3.52 
1984 4	  33.92   21.20    4.51    3.85 
1984 5	  69.20   28.12   11.04    3.75 
1984 6	 118.50   31.02   15.16    3.64 
1984 7	  64.82   31.90   16.99    2.89 
1984 8	 140.12   29.75   17.09    2.48 
1984 9	   5.00   28.38   10.80    3.44 
1984 10	  82.30   19.16    5.79    3.17 
1984 11	  39.40   15.30    1.50    3.41 
1984 12	  23.60   10.55   -2.13    3.31 
1985 1	  11.25    8.13   -6.06    3.09 
1985 2	   0.68   12.12   -4.72    3.32 
1985 3	  67.45   17.29    1.52    4.28 
1985 4	  40.83   23.66    5.70    3.89 
1985 5	  62.60   26.36   10.07    3.31 
1985 6	  69.90   31.41   14.19    3.94 
1985 7	  50.42   33.35   16.34    2.75 
1985 8	  43.00   33.49   16.91    3.25 
1985 9	 127.83   28.16   12.42    3.30 
1985 10	  67.28   21.82    6.62    2.90 
1985 11	   4.75   18.04    0.42    2.91 
1985 12	   3.95   11.32   -5.91    2.52 
1986 1	   0.00   16.99   -2.31    3.00 
1986 2	  20.82   12.88   -1.56    3.54 
1986 3	   9.80   20.76    2.26    3.62 
1986 4	  22.68   25.70    5.35    3.90 
1986 5	  87.70   27.43    9.52    3.26 
1986 6	  72.73   29.38   15.71    2.77 
1986 7	  25.95   33.62   16.97    4.01 
1986 8	 143.18   30.73   16.05    2.99 
1986 9	  98.25   27.33   12.96    3.18 
1986 10	  74.42   20.25    6.54    2.86 
1986 11	  62.85   13.87   -0.99    3.32 
1986 12	  28.43    8.35   -2.97    2.61 
1987 1	   7.60    8.95   -5.05    3.75 
1987 2	  33.95   12.24   -1.04    3.75 
1987 3	   5.70   15.95   -1.44    3.43 
1987 4	   7.07   22.58    3.12    3.30 
1987 5	  95.77   25.84    9.90    3.49 
1987 6	  55.15   31.01   14.63    3.01 
1987 7	   9.57   33.89   16.41    4.28 
1987 8	 228.35   31.11   16.01    3.12 
1987 9	  48.17   27.12   12.57    2.38 
1987 10	  19.67   24.09    6.45    3.02 
1987 11	   6.70   15.64   -0.14    3.09 
1987 12	  38.40    9.36   -5.26    3.31 
1988 1	   1.52    8.73   -6.27    3.44 
1988 2	   0.77   15.22   -3.80    3.10 
1988 3	   3.42   18.68   -2.14    4.08 
1988 4	  30.98   21.58    3.27    3.41 
1988 5	 273.00   25.47    8.69    4.13 
1988 6	 166.28   29.29   14.16    3.04 
1988 7	  71.85   30.35   16.53    2.84 
1988 8	  46.62   30.89   17.11    2.88 
1988 9	  54.42   27.79   11.80    2.95 
1988 10	   0.12   25.59    6.93    2.62 
1988 11	   1.08   19.16    0.39    3.52 
1988 12	   6.17   11.78   -4.85    2.94 
1989 1	   5.65   14.24   -3.41    3.44 
1989 2	  13.53   10.69   -4.26    3.23 
1989 3	   1.53   23.36    1.26    3.70 
1989 4	  10.00   25.47    5.56    3.85 
1989 5	  57.80   29.70   11.59    3.89 
1989 6	  78.35   30.08   13.64    4.07 
1989 7	  46.45   32.26   16.19    3.01 
1989 8	  83.10   30.54   16.58    3.57 
1989 9	  38.45   27.09   11.31    2.84 
1989 10	   1.50   24.72    6.00    3.37 
1989 11	   0.55   17.47   -0.30    2.95 
1989 12	  15.05    9.89   -6.49    3.05 
1990 1	  28.75   10.75   -4.70    3.49 
1990 2	  19.07   14.69   -2.95    4.07 
1990 3	   3.85   17.26    0.50    3.51 
1990 4	  33.42   22.23    4.66    3.84 
1990 5	   3.35   26.99    8.32    3.78 
1990 6	   0.00   37.29   16.25    4.52 
1990 7	  50.03   31.43   16.65    3.49 
1990 8	  61.33   30.21   15.61    2.82 
1990 9	  66.50   28.00   14.25    2.18 
1990 10	  13.85   23.97    5.83    2.98 
1990 11	  18.80   18.14    0.89    3.47 
1990 12	   7.25   10.78   -6.47    3.16 
1991 1	  17.20    8.45   -5.67    2.56 
1991 2	   0.90   16.77   -2.05    3.44 
1991 3	  16.35   20.05   -0.15    4.57 
1991 4	   0.00   24.56    4.06    3.75 
1991 5	  22.65   29.54   10.33    4.49 
1991 6	  13.90   32.50   14.19    4.18 
1991 7	 286.18   30.15   16.36    2.96 
1991 8	  77.22   29.75   16.56    2.56 
1991 9	  77.23   24.70   11.95    2.68 
1991 10	  10.53   24.22    5.29    3.14 
1991 11	  33.95   14.36   -1.35    3.29 
1991 12	  70.97   10.76   -2.49    3.17 
1992 1	  18.80    9.35   -3.71    2.77 
1992 2	  11.30   15.40   -0.85    3.76 
1992 3	  35.05   19.99    0.51    3.95 
1992 4	  14.02   23.97    5.24    3.43 
1992 5	  73.45   25.56    9.15    3.24 
1992 6	 103.55   30.68   13.15    3.02 
1992 7	  33.55   33.41   16.00    4.12 
1992 8	  70.40   31.14   15.04    3.46 
1992 9	  79.05   29.49   13.13    3.46 
1992 10	   1.70   25.77    6.41    2.74 
1992 11	   6.93   15.02   -2.54    3.18 
1992 12	   7.35    8.99   -3.91    3.21 
1993 1	   9.18   11.27   -3.98    3.00 
1993 2	   2.32   11.16   -4.36    3.71 
1993 3	   7.73   19.00   -0.50    3.62 
1993 4	  12.75   25.58    3.31    3.92 
1993 5	  23.00   27.74    8.70    3.71 
1993 6	  60.43   32.90   13.94    4.32 
1993 7	  74.35   34.50   17.85    5.08 
1993 8	  65.35   32.80   15.79    3.34 
1993 9	  31.90   30.11   10.10    3.00 
1993 10	  50.08   23.84    4.37    2.89 
1993 11	  10.50   15.73   -1.86    3.14 
1993 12	   3.00   14.14   -4.24    3.31 
1994 1	   1.68   10.43   -6.66    3.09 
1994 2	   4.60   14.03   -5.19    3.47 
1994 3	  33.92   16.91    0.53    3.50 
1994 4	  17.83   22.01    3.57    3.50 
1994 5	  87.65   25.42   10.72    3.36 
1994 6	  37.52   35.48   16.32    3.73 
1994 7	  57.70   34.80   16.62    3.79 
1994 8	  52.00   33.46   16.28    3.24 
1994 9	  17.57   30.46   12.46    2.63 
1994 10	  29.05   22.64    5.93    2.89 
1994 11	   8.35   17.26    0.26    3.62 
1994 12	   7.80   12.97   -2.30    2.43 
1995 1	  15.10   11.88   -2.22    3.65 
1995 2	   0.08   18.01   -1.81    3.48 
1995 3	  17.40   17.14    0.82    4.21 
1995 4	  10.57   22.93    2.54    3.69 
1995 5	  65.65   26.43    8.04    4.41 
1995 6	  54.43   31.30   12.35    3.89 
1995 7	  32.55   35.61   15.65    3.12 
1995 8	  47.65   33.46   16.93    3.07 
1995 9	  88.08   29.08   12.78    2.52 
1995 10	  34.67   26.29    5.08    3.01 
1995 11	   0.88   19.78    1.33    2.94 
1995 12	  22.72   13.29   -1.82    3.04 
1996 1	   0.45   15.36   -5.65    3.81 
1996 2	   1.58   16.79   -1.10    3.65 
1996 3	   0.00   17.96   -1.33    3.87 
1996 4	   0.00   25.87    4.45    4.01 
1996 5	   4.07   33.91   11.02    4.85 
1996 6	  67.18   33.49   15.62    3.76 
1996 7	  69.08   33.72   17.78    3.33 
1996 8	 140.93   31.69   16.67    3.08 
1996 9	  77.05   27.19   11.35    2.44 
1996 10	  37.35   24.52    6.52    3.25 
1996 11	  15.05   18.16    0.95    3.52 
1996 12	   0.00   14.66   -3.02    3.82 
1997 1	  13.75    8.76   -5.10    3.83 
1997 2	  12.47   11.67   -3.45    3.76 
1997 3	   0.05   21.76    0.45    3.34 
1997 4	 127.77   17.63    2.19    3.94 
1997 5	  47.88   26.71    9.28    3.45 
1997 6	  95.65   32.00   14.20    3.71 
1997 7	  48.43   35.29   17.00    3.67 
1997 8	  68.25   32.91   16.90    2.84 
1997 9	  45.00   31.42   14.18    2.90 
1997 10	  33.63   23.94    7.13    3.28 
1997 11	  13.85   14.70   -0.32    2.79 
1997 12	  43.78    9.51   -4.28    3.72 
1998 1	   0.00   12.81   -0.97    2.95 
1998 2	  26.45   15.20    0.32    3.31 
1998 3	  36.50   18.00   -0.66    3.96 
1998 4	  34.45   23.79    3.75    3.67 
1998 5	   0.32   32.34   11.19    3.63 
1998 6	   4.05   35.59   16.40    4.46 
1998 7	  42.03   34.97   17.95    3.37 
1998 8	  33.20   31.43   16.16    2.35 
1998 9	  14.70   32.51   14.91    2.81 
1998 10	 221.73   24.62    9.63    3.54 
1998 11	  10.82   17.08    2.81    2.95 
1998 12	   3.40   13.03   -2.15    2.92 
1999 1	  40.62   15.13   -1.70    3.76 
1999 2	   0.00   17.65   -0.91    3.90 
1999 3	  28.90   19.24    1.29    3.80 
1999 4	  59.02   22.38    3.18    4.41 
1999 5	  56.80   27.30    9.89    3.80 
1999 6	  37.90   31.76   14.74    4.19 
1999 7	  64.15   33.30   16.76    3.88 
1999 8	 102.10   32.74   16.54    2.36 
1999 9	  63.08   28.13   11.65    2.83 
1999 10	   9.62   24.16    5.23    3.04 
1999 11	   0.25   20.92    1.37    2.81 
1999 12	  12.92   11.59   -3.22    3.24 
2000 1	   2.73   16.68   -3.28    3.69 
2000 2	   0.23   20.32    0.23    3.96 
2000 3	  66.85   19.81    0.58    3.89 
2000 4	   6.47   25.16    5.48    4.09 
2000 5	   4.18   31.96   12.09    4.06 
2000 6	 141.08   32.06   15.43    3.79 
2000 7	 125.50   33.98   17.37    3.60 
2000 8	   0.00   34.53   16.82    3.44 
2000 9	   0.00   33.22   12.88    2.83 
2000 10	 186.27   21.14    7.86    3.69 
2000 11	  22.58   11.54   -1.62    2.66 
2000 12	  10.95   10.15   -5.84    3.20 
2001 1	  21.15    7.24   -4.39    3.38 
2001 2	   6.68   14.94   -1.96    3.72 
2001 3	  61.80   16.38    0.83    3.21 
2001 4	   1.12   24.26    6.65    4.57 
2001 5	  52.90   25.51    8.49    3.91 
2001 6	   3.58   31.53   11.30    4.16 
2001 7	  21.93   36.08   18.77    3.70 
2001 8	  49.55   33.33   17.36    2.65 
2001 9	  23.92   30.07   13.55    2.53 
2001 10	  13.92   25.39    8.62    3.35 
2001 11	  72.50   17.11    2.67    3.54 
2001 12	   3.80   11.64   -4.00    3.30 
2002 1	  10.97   13.41   -2.38    3.42 
2002 2	   1.00   12.75   -4.52    3.67 
2002 3	  31.10   19.74   -1.60    3.66 
2002 4	   6.80   27.95    9.04    4.12 
2002 5	   7.72   29.81   10.06    4.25 
2002 6	  29.15   35.24   17.09    4.30 
2002 7	  25.58   32.35   17.86    3.17 
2002 8	  91.45   33.48   18.67    3.95 
2002 9	  15.25   27.81   14.54    2.71 
2002 10	  49.57   19.62    5.78    2.82 
2002 11	  15.65   14.90    0.29    2.91 
2002 12	  20.20    8.25   -4.26    3.47 
2003 1	   0.00   13.70   -3.62    3.25 
2003 2	   5.40   13.00   -4.55    3.61 
2003 3	  16.08   19.23    1.01    3.73 
2003 4	   1.52   25.60    3.47    4.42 
2003 5	  41.20   30.98    9.08    3.36 
2003 6	 123.67   30.54   13.94    3.72 
2003 7	   0.00   35.32   17.10    3.32 
2003 8	  42.40   34.19   15.91    2.89 
2003 9	  35.70   29.30   11.40    3.08 
2003 10	  56.80   25.40    7.65    2.75 
2003 11	   4.35   17.50    1.09    3.82 
2003 12	   0.10   14.38   -4.23    3.84 
2004 1	   3.57   11.90   -3.80    3.33 
2004 2	  44.22   10.54   -4.68    3.70 
2004 3	  34.27   18.14    3.26    3.84 
2004 4	  70.98   19.55    5.06    3.92 
2004 5	   9.25   28.37   10.32    4.61 
2004 6	 120.10   31.48   14.48    3.96 
2004 7	 123.30   31.36   16.46    3.37 
2004 8	 131.52   29.32   14.82    2.96 
2004 9	 131.50   27.28   12.32    3.14 
2004 10	 106.25   20.90    7.36    3.01 
2004 11	  66.90   11.88    0.73    3.18 
2004 12	  13.83   11.11   -3.09    3.48 
2005 1	  38.93   12.49   -1.58    3.51 
2005 2	  19.65   11.84   -0.16    3.25 
2005 3	  23.82   15.36   -0.16    3.58 
2005 4	  19.43   21.33    4.04    4.29 
2005 5	  42.30   25.50   10.22    4.02 
2005 6	  12.50   33.16   14.86    4.26 
2005 7	  32.85   33.62   16.64    3.46 
2005 8	 126.30   30.43   16.29    2.77 
2005 9	  46.95   30.13   13.98    2.90 
2005 10	  37.25   22.05    7.21    3.10 
2005 11	   0.00   19.02    0.60    3.06 
2005 12	   0.00   13.03   -4.61    3.28 
2006 1	   0.08   15.59   -2.93    4.10 
2006 2	   2.25   14.48   -4.22    3.68 
2006 3	  16.33   17.41    0.89    4.50 
2006 4	   6.55   24.97    6.05    4.52 
2006 5	  13.88   30.06   10.85    4.13 
2006 6	  35.92   33.92   15.15    3.47 
2006 7	  20.62   34.11   16.71    3.40 
2006 8	 122.78   30.38   15.59    2.65 
2006 9	  48.08   25.61    9.11    2.61 
2006 10	  44.50   21.57    4.20    3.25 
2006 11	   1.77   17.95   -0.69    3.48 
2006 12	  31.50    9.62   -4.47    3.74 
2007 1	  23.70    4.88   -7.02    3.28 
2007 2	   5.25   12.90   -3.68    3.87 
2007 3	  88.95   18.53    1.18    3.53 
2007 4	   5.07   19.00    1.92    4.05 
2007 5	  56.53   24.04    8.32    2.97 
2007 6	  96.30   29.74   13.13    3.04 
2007 7	  25.05   32.08   15.86    2.49 
2007 8	  27.93   33.65   16.86    3.34 
2007 9	 102.05   29.41   13.40    2.86 
2007 10	   3.92   25.70    6.30    3.30 
2007 11	   3.20   17.52   -1.20    2.65 
2007 12	  20.35   11.00   -4.62    3.49 
2008 1	   0.88   10.79   -7.89    3.82 
2008 2	   5.35   15.31   -4.80    3.64 
2008 3	   2.47   18.21   -1.61    4.33 
2008 4	  18.33   22.42    1.66    4.12 
2008 5	  39.18   27.07    7.65    4.04 
2008 6	  98.25   34.63   14.02    4.83 
2008 7	 119.45   30.18   15.96    3.62 
2008 8	  90.73   31.24   14.86    2.51 
2008 9	  27.05   27.04   10.45    2.38 
2008 10	 114.62   21.88    5.55    3.22 
2008 11	   2.55   18.05   -0.58    2.99 
2008 12	   0.70   12.10   -5.73    4.03 
2009 1	   0.00   13.92   -6.17    3.52 
2009 2	   7.22   17.54   -3.68    4.09 
2009 3	   8.57   18.92   -0.53    4.18 
2009 4	  20.83   21.76    1.78    4.77 
2009 5	   5.57   26.23    7.83    3.21 
2009 6	  34.40   32.51   13.12    3.74 
2009 7	 164.85   32.55   15.25    3.11 
2009 8	 104.52   32.80   14.27    3.48 
2009 9	  23.35   26.68    9.19    2.66 
2009 10	  60.35   20.13    2.52    3.47 
2009 11	   4.07   17.70   -1.73    2.81 
2009 12	   6.92    7.04   -6.29    2.93 
2010 1	  30.20   10.54   -5.47    3.45 
2010 2	  29.30    6.90   -3.82    3.29 
2010 3	  41.63   15.45    0.49    4.52 
2010 4	  39.55   21.91    5.24    4.68 
2010 5	  52.00   25.60    9.10    3.66 
2010 6	  73.48   34.19   16.76    4.62 
2010 7	  60.45   31.43   17.77    3.42 
2010 8	 169.10   32.65   17.20    3.27 
2010 9	  35.00   31.01   14.75    2.81 
2010 10	  21.30   24.22    6.95    2.86 
2010 11	   8.27   16.82   -1.30    3.40 
2010 12	   0.88   13.07   -1.94    3.32 
