1949 1	 108.32   10.71   -1.64    3.40 
1949 2	 101.28   15.89    2.92    2.88 
1949 3	 100.25   20.64    7.02    3.13 
1949 4	  88.38   23.20   10.69    2.90 
1949 5	 234.65   29.90   17.45    2.81 
1949 6	 115.80   32.79   20.12    2.55 
1949 7	  14.18   36.20   22.36    2.13 
1949 8	  67.12   35.33   21.59    1.95 
1949 9	  15.50   31.11   18.25    2.16 
1949 10	 156.35   24.82   13.54    3.12 
1949 11	   2.80   24.36    7.03    2.60 
1949 12	  41.58   16.49    4.69    3.43 
1950 1	  83.35   16.49    4.80    3.51 
1950 2	  60.63   18.91    6.38    2.94 
1950 3	  12.82   21.60    6.50    3.65 
1950 4	 104.53   24.68   11.34    3.48 
1950 5	  95.63   28.97   17.50    2.71 
1950 6	  62.42   31.98   20.91    2.74 
1950 7	 173.45   32.70   22.15    2.65 
1950 8	  39.60   35.02   21.48    2.27 
1950 9	 168.08   29.58   18.88    2.33 
1950 10	   6.20   29.97   14.69    2.62 
1950 11	   1.05   22.29    5.13    3.36 
1950 12	   0.00   17.08    0.50    2.82 
1951 1	   9.10   16.05    0.38    3.52 
1951 2	  40.30   17.31    2.97    3.63 
1951 3	  26.27   22.21    7.09    3.62 
1951 4	  63.15   26.68   11.00    3.47 
1951 5	  81.30   29.43   16.46    2.99 
1951 6	 166.35   33.06   21.14    3.29 
1951 7	  39.48   37.49   23.22    2.37 
1951 8	  18.45   39.45   23.61    2.39 
1951 9	  30.22   34.15   18.73    2.27 
1951 10	  55.35   28.93   13.69    2.53 
1951 11	  10.20   19.15    4.77    3.44 
1951 12	   1.35   18.58    3.23    3.54 
1952 1	  10.73   20.22    5.56    3.51 
1952 2	  22.32   21.06    5.15    3.70 
1952 3	  52.08   21.29    5.88    3.30 
1952 4	 146.93   24.27   10.30    3.18 
1952 5	 166.00   29.42   15.35    2.65 
1952 6	   2.92   35.17   21.37    2.73 
1952 7	   8.60   36.29   22.07    2.03 
1952 8	   6.58   39.33   23.39    2.75 
1952 9	  48.60   33.26   17.14    2.13 
1952 10	   2.10   27.83    8.91    2.41 
1952 11	 138.90   18.94    6.86    3.14 
1952 12	  53.42   14.21    1.99    2.69 
1953 1	   2.95   19.83    3.93    3.94 
1953 2	  11.45   18.17    3.07    2.85 
1953 3	  62.82   24.02    9.79    2.86 
1953 4	  70.25   25.62    9.83    2.92 
1953 5	  91.22   28.88   15.58    2.91 
1953 6	   9.77   37.24   22.54    2.51 
1953 7	  61.23   35.32   22.56    2.18 
1953 8	  69.65   34.88   21.95    1.94 
1953 9	  34.77   34.62   17.64    1.58 
1953 10	 127.88   27.31   14.37    2.23 
1953 11	  46.25   18.52    5.82    2.36 
1953 12	  10.83   14.66    1.37    3.17 
1954 1	  19.77   15.37    1.98    3.36 
1954 2	   9.75   22.41    5.31    3.26 
1954 3	  22.12   20.88    6.46    3.51 
1954 4	 138.57   28.34   15.38    3.63 
1954 5	  66.78   26.62   14.78    2.69 
1954 6	  44.77   35.08   21.53    2.81 
1954 7	  54.50   38.76   24.83    2.48 
1954 8	   6.23   37.43   23.73    2.70 
1954 9	  36.53   35.41   19.95    2.16 
1954 10	  46.22   27.52   14.43    2.40 
1954 11	  68.07   19.95    5.96    2.63 
1954 12	  24.40   17.71    2.80    3.01 
1955 1	  27.92   13.69    2.50    2.88 
1955 2	  39.48   15.12    2.96    3.84 
1955 3	  32.47   22.10    6.98    3.58 
1955 4	  56.80   27.97   14.48    3.28 
1955 5	 204.32   30.79   17.87    2.93 
1955 6	  85.57   31.42   19.19    2.36 
1955 7	  48.48   35.70   22.73    2.22 
1955 8	  26.30   35.32   21.89    1.72 
1955 9	 164.03   32.97   20.39    1.92 
1955 10	  11.77   27.73   11.36    2.67 
1955 11	  21.20   20.77    4.58    3.53 
1955 12	   0.00   16.04    1.50    3.00 
1956 1	  32.30   14.14    0.65    3.47 
1956 2	  57.85   15.83    3.43    3.23 
1956 3	   4.45   22.84    6.41    3.13 
1956 4	 110.78   24.84   11.38    3.13 
1956 5	  95.67   31.09   17.93    2.91 
1956 6	  11.77   35.43   21.71    2.54 
1956 7	   0.80   38.05   23.43    3.03 
1956 8	  34.58   37.90   22.70    2.79 
1956 9	   3.40   34.70   19.10    2.24 
1956 10	  66.32   29.09   14.78    2.16 
1956 11	  43.03   19.25    4.00    2.95 
1956 12	  68.10   18.29    2.70    2.99 
1957 1	  28.80   13.76    0.98    3.17 
1957 2	  39.83   17.63    7.46    2.78 
1957 3	  77.38   18.26    6.07    2.99 
1957 4	 253.50   22.12   11.26    3.32 
1957 5	 273.20   26.45   16.37    2.90 
1957 6	  57.10   31.86   20.57    2.19 
1957 7	   4.68   37.47   22.99    1.73 
1957 8	   0.43   37.20   22.61    2.29 
1957 9	  78.30   30.80   16.93    2.50 
1957 10	 147.80   22.64   10.86    2.75 
1957 11	 112.40   16.50    5.26    3.20 
1957 12	  38.83   18.03    3.31    3.32 
1958 1	  54.28   13.71    1.00    3.43 
1958 2	  37.82   11.83    1.10    3.67 
1958 3	  75.55   14.93    3.88    3.03 
1958 4	 137.15   23.24   11.06    2.86 
1958 5	  47.23   29.15   16.65    2.32 
1958 6	  76.78   34.45   21.42    2.42 
1958 7	  60.95   35.84   23.43    2.97 
1958 8	  62.67   37.19   22.60    2.06 
1958 9	 131.40   30.54   20.09    2.21 
1958 10	  44.38   24.55   13.32    2.73 
1958 11	  62.43   21.23    6.90    2.52 
1958 12	  24.23   14.85   -0.12    2.99 
1959 1	   0.50   14.45   -0.81    3.53 
1959 2	  30.17   16.10    2.98    3.18 
1959 3	   7.92   23.14    5.41    3.46 
1959 4	  74.57   24.59   10.46    3.41 
1959 5	  35.47   30.46   17.99    3.05 
1959 6	 162.92   33.45   20.35    2.41 
1959 7	  82.85   33.79   21.01    1.62 
1959 8	  56.95   35.33   21.39    2.09 
1959 9	 111.40   32.31   19.32    2.77 
1959 10	 217.30   25.10   11.03    2.47 
1959 11	  36.40   16.86    2.14    3.04 
1959 12	  74.28   16.39    4.50    3.15 
1960 1	  54.93   12.85    1.09    3.11 
1960 2	  42.48   13.01   -0.47    3.70 
1960 3	  12.98   16.19    3.43    3.10 
1960 4	  71.08   26.44   12.08    3.69 
1960 5	  96.05   28.55   14.58    3.18 
1960 6	  55.60   34.61   20.73    2.62 
1960 7	  72.73   35.01   21.80    1.83 
1960 8	  37.80   34.63   21.52    2.06 
1960 9	  47.82   32.99   17.63    1.84 
1960 10	  43.78   27.14   14.03    2.26 
1960 11	   6.13   21.04    6.73    2.77 
1960 12	  98.78   11.37    0.57    2.94 
1961 1	 136.95   11.29   -1.38    2.96 
1961 2	  77.48   16.64    3.00    3.45 
1961 3	  55.05   21.50    7.23    3.46 
1961 4	  13.85   25.10    9.73    3.76 
1961 5	  44.57   28.98   15.74    3.42 
1961 6	 220.90   30.74   18.71    2.47 
1961 7	  83.85   32.18   20.64    2.26 
1961 8	  21.72   34.19   19.54    1.80 
1961 9	  84.93   30.41   17.67    3.28 
1961 10	 151.50   25.62   12.33    2.73 
1961 11	  70.18   16.97    4.79    3.11 
1961 12	  39.87   13.76    1.66    3.03 
1962 1	   5.55   12.23   -3.56    3.47 
1962 2	  23.90   21.28    4.05    3.36 
1962 3	  35.90   18.49    3.82    3.36 
1962 4	  78.10   23.39   10.93    3.33 
1962 5	  25.83   30.45   17.60    4.00 
1962 6	 106.68   32.11   19.33    1.90 
1962 7	  76.40   35.67   22.03    2.28 
1962 8	  51.53   37.59   21.62    2.11 
1962 9	 130.35   32.05   18.57    2.00 
1962 10	 167.00   27.29   14.53    2.73 
1962 11	  61.88   19.19    6.92    3.04 
1962 12	  17.40   15.40    2.58    2.63 
1963 1	   6.38   12.04   -3.92    3.11 
1963 2	   4.50   17.85    0.11    3.41 
1963 3	  11.60   23.92    7.88    3.55 
1963 4	  94.60   29.32   14.35    4.18 
1963 5	 124.93   29.88   17.03    3.07 
1963 6	  54.90   33.48   21.01    2.35 
1963 7	  12.53   37.06   23.22    2.84 
1963 8	  33.88   37.52   22.36    2.16 
1963 9	  51.93   32.75   18.60    2.06 
1963 10	  21.70   30.91   13.95    1.64 
1963 11	  98.28   21.40    7.35    3.27 
1963 12	  28.02   11.82   -1.98    3.15 
1964 1	  95.42   15.56   -1.54    3.35 
1964 2	  33.90   14.40   -0.25    3.16 
1964 3	  86.22   22.73    5.89    3.26 
1964 4	 106.32   27.14   13.18    3.89 
1964 5	  31.32   29.96   17.07    3.03 
1964 6	  44.83   33.91   19.72    2.90 
1964 7	  26.45   37.92   22.25    2.31 
1964 8	  56.17   37.29   22.85    2.70 
1964 9	 128.47   31.63   19.19    2.06 
1964 10	  41.75   25.88    9.30    2.52 
1964 11	 102.52   21.65    7.36    2.81 
1964 12	  22.62   17.26    1.46    3.28 
1965 1	  74.72   17.29    2.37    3.13 
1965 2	 100.82   14.90    1.07    3.43 
1965 3	  11.38   16.48    2.46    3.41 
1965 4	  14.00   28.05   13.27    3.20 
1965 5	 217.50   27.73   17.74    3.35 
1965 6	  21.40   32.98   20.47    2.53 
1965 7	   6.65   36.87   21.98    2.04 
1965 8	  37.15   36.29   20.53    2.10 
1965 9	  39.30   33.28   18.55    2.67 
1965 10	  71.10   25.98   10.32    2.52 
1965 11	  56.07   23.08    9.58    2.47 
1965 12	  62.85   17.26    4.41    3.06 
1966 1	  27.90   11.12   -0.95    3.30 
1966 2	  56.10   15.49    0.51    3.45 
1966 3	  25.12   21.99    6.81    3.35 
1966 4	 151.93   26.86   11.11    3.62 
1966 5	  29.05   28.35   15.16    2.64 
1966 6	 109.28   32.22   19.09    2.18 
1966 7	  15.10   36.17   22.60    2.23 
1966 8	 110.52   33.40   20.37    1.99 
1966 9	  98.05   30.12   16.88    1.65 
1966 10	  30.42   26.00    9.25    2.54 
1966 11	   9.87   23.51    7.24    3.14 
1966 12	  19.75   15.50   -0.06    3.13 
1967 1	   6.75   18.09    0.13    3.57 
1967 2	  18.25   18.09    0.19    3.28 
1967 3	  51.67   26.51    9.20    3.81 
1967 4	  71.32   29.02   16.04    4.20 
1967 5	  94.67   30.15   14.46    3.50 
1967 6	  85.55   34.21   21.15    2.87 
1967 7	 127.98   34.88   21.12    2.75 
1967 8	  12.93   36.08   19.41    1.92 
1967 9	 145.07   29.40   16.43    2.42 
1967 10	  62.10   26.90   10.39    2.67 
1967 11	  46.03   20.22    5.50    2.56 
1967 12	  56.90   14.74    1.12    2.86 
1968 1	 140.52   11.90    1.74    3.46 
1968 2	  54.00   14.52   -0.16    2.60 
1968 3	  95.47   19.76    5.96    3.71 
1968 4	  79.50   25.78   11.43    3.47 
1968 5	 230.80   28.77   15.71    3.15 
1968 6	  64.60   31.81   19.73    2.41 
1968 7	  90.45   33.32   20.51    2.18 
1968 8	  66.20   34.81   21.05    2.53 
1968 9	  47.38   31.56   15.58    2.19 
1968 10	  19.17   28.18   12.09    2.47 
1968 11	 109.38   19.54    4.44    3.19 
1968 12	   9.25   16.39    0.49    3.59 
1969 1	  10.05   17.98    2.91    3.40 
1969 2	  51.48   16.44    2.25    3.29 
1969 3	 112.00   17.05    2.72    3.39 
1969 4	 150.12   25.51   11.72    3.05 
1969 5	 138.82   28.96   15.17    2.13 
1969 6	  57.65   33.86   19.69    3.17 
1969 7	  34.27   38.09   22.67    2.33 
1969 8	 101.55   35.89   21.34    2.16 
1969 9	  34.15   32.20   17.74    1.90 
1969 10	 157.70   25.57   11.69    3.43 
1969 11	  35.12   20.80    3.80    2.58 
1969 12	  68.45   17.45    1.81    2.52 
1970 1	  29.30   12.49   -2.13    2.78 
1970 2	 105.23   17.32    3.06    3.32 
1970 3	 102.35   18.29    4.66    3.21 
1970 4	  86.22   25.92   12.37    3.60 
1970 5	  89.88   28.49   14.51    2.77 
1970 6	  24.77   32.71   19.12    2.45 
1970 7	  18.02   35.99   21.07    2.13 
1970 8	  50.00   36.95   21.32    2.20 
1970 9	 135.20   31.33   19.37    2.57 
1970 10	  46.68   24.65   10.59    2.50 
1970 11	   2.42   20.18    4.11    3.51 
1970 12	  11.95   20.54    4.60    3.01 
1971 1	   2.85   18.98   -0.66    3.45 
1971 2	  42.55   19.38    1.97    3.87 
1971 3	   0.93   23.36    4.73    3.64 
1971 4	  60.50   26.46   10.96    3.30 
1971 5	  99.77   30.69   15.12    3.29 
1971 6	  28.02   35.09   20.69    2.85 
1971 7	 156.77   36.76   21.98    2.42 
1971 8	  78.45   32.02   19.79    1.74 
1971 9	  81.95   31.17   17.79    2.47 
1971 10	 199.58   26.84   13.70    2.37 
1971 11	  55.43   20.19    6.58    2.91 
1971 12	 134.32   17.02    4.89    3.13 
1972 1	  18.35   14.84   -0.23    3.47 
1972 2	   8.55   19.69    1.51    3.25 
1972 3	   8.32   25.44    8.43    3.43 
1972 4	  97.95   28.90   13.25    3.85 
1972 5	 100.25   29.09   14.79    1.96 
1972 6	  52.70   34.44   20.14    2.46 
1972 7	  48.95   34.60   20.66    2.58 
1972 8	  49.85   35.55   20.72    2.14 
1972 9	 121.18   32.84   19.90    1.95 
1972 10	 113.03   26.47   11.99    2.52 
1972 11	  53.42   15.55    3.14    3.04 
1972 12	  11.40   14.59   -0.85    3.18 
1973 1	  91.55   11.70   -1.34    3.92 
1973 2	  58.25   15.57    1.40    3.13 
1973 3	  65.45   22.89    7.82    3.29 
1973 4	 185.10   22.32    9.68    3.39 
1973 5	  56.65   30.17   14.23    3.30 
1973 6	 179.40   31.59   18.38    2.70 
1973 7	 167.80   33.94   21.21    2.19 
1973 8	   3.40   34.87   19.21    2.05 
1973 9	  91.88   31.54   17.95    2.38 
1973 10	 120.20   27.00   13.02    2.36 
1973 11	  44.45   22.95    8.92    3.40 
1973 12	   5.88   17.95    0.10    3.36 
1974 1	  42.42   13.94   -0.81    3.06 
1974 2	  32.62   20.11    1.85    3.95 
1974 3	  10.20   24.65    9.75    4.40 
1974 4	  23.55   26.91   11.02    4.01 
1974 5	  50.17   31.28   17.52    3.22 
1974 6	  43.65   33.92   18.15    2.82 
1974 7	  21.58   37.33   20.60    2.07 
1974 8	 122.28   33.65   20.07    2.46 
1974 9	 156.75   26.48   14.84    2.83 
1974 10	 175.92   26.19   11.94    2.70 
1974 11	  39.57   18.93    5.21    2.97 
1974 12	  37.48   14.29    0.41    2.77 
1975 1	  54.33   16.10    1.04    3.38 
1975 2	  60.40   15.94    0.72    3.23 
1975 3	  57.30   19.44    5.05    3.80 
1975 4	  84.65   23.99   11.21    4.03 
1975 5	 103.33   28.69   15.37    2.88 
1975 6	  53.12   32.39   19.68    2.71 
1975 7	  68.38   34.32   20.13    1.71 
1975 8	  21.50   35.19   21.17    2.11 
1975 9	  81.82   30.76   15.71    2.30 
1975 10	   8.45   28.01   10.81    2.79 
1975 11	  18.70   21.94    5.76    3.17 
1975 12	  30.75   17.20    1.16    3.28 
1976 1	   3.67   16.78   -1.65    3.31 
1976 2	  14.40   23.42    4.92    4.19 
1976 3	  50.70   23.41    8.33    3.95 
1976 4	 150.28   24.61   11.99    3.47 
1976 5	 131.62   27.39   13.41    2.49 
1976 6	  49.23   31.87   18.64    2.64 
1976 7	  93.67   31.77   20.64    1.95 
1976 8	  68.50   36.15   19.29    1.71 
1976 9	  94.55   30.90   17.11    1.76 
1976 10	 114.80   22.09    7.95    2.70 
1976 11	  16.80   15.79    1.66    2.79 
1976 12	  68.53   15.02   -0.66    2.79 
1977 1	  49.45    9.97   -4.12    2.99 
1977 2	  35.95   18.44    1.74    3.08 
1977 3	 165.22   21.71    6.11    3.41 
1977 4	 114.20   25.12   11.40    3.11 
1977 5	  58.90   28.65   17.52    2.85 
1977 6	  29.08   34.54   20.47    2.63 
1977 7	  38.37   37.24   22.08    2.28 
1977 8	  57.62   36.40   22.24    2.43 
1977 9	  26.65   35.97   20.63    2.65 
1977 10	  33.72   28.46   12.23    2.34 
1977 11	  39.38   21.60    6.73    2.77 
1977 12	   6.03   17.97    2.13    3.62 
1978 1	  36.10    7.87   -3.97    3.71 
1978 2	  67.40    9.32   -2.06    3.43 
1978 3	  27.05   20.90    4.14    3.26 
1978 4	  40.33   27.91   12.32    3.76 
1978 5	 132.98   30.49   16.53    3.08 
1978 6	  14.90   35.13   20.45    2.24 
1978 7	  15.20   39.65   23.70    2.46 
1978 8	  34.27   36.56   21.36    2.34 
1978 9	  66.53   32.12   20.05    2.47 
1978 10	  15.55   28.73   10.94    2.15 
1978 11	  92.38   20.58    7.38    2.48 
1978 12	  13.88   15.89    0.13    3.11 
1979 1	  87.47    7.21   -2.79    3.57 
1979 2	  72.02   12.98   -0.29    3.52 
1979 3	 154.60   21.21    6.99    3.65 
1979 4	 102.28   24.61   11.05    2.83 
1979 5	 168.07   26.73   14.32    3.13 
1979 6	  66.75   31.81   19.33    2.37 
1979 7	  60.60   34.65   21.64    2.14 
1979 8	  50.17   33.66   20.09    1.77 
1979 9	  50.33   31.54   15.49    2.29 
1979 10	  65.45   30.01   12.19    2.83 
1979 11	   7.30   18.58    2.49    3.02 
1979 12	  94.90   17.35    2.50    3.09 
1980 1	  35.47   14.09    0.92    3.06 
1980 2	  31.58   17.41    0.39    3.17 
1980 3	  39.60   21.78    3.94    3.27 
1980 4	  64.45   26.36    8.56    3.33 
1980 5	 163.85   29.02   15.87    2.61 
1980 6	  20.95   35.73   21.71    3.20 
1980 7	   7.12   39.04   22.66    2.25 
1980 8	  14.73   37.74   22.09    3.01 
1980 9	 148.53   32.63   19.58    2.29 
1980 10	   6.05   26.64    9.78    2.39 
1980 11	  44.22   20.03    3.90    2.84 
1980 12	  58.40   17.75    2.42    3.13 
1981 1	  16.85   15.33    0.09    2.75 
1981 2	  35.97   17.09    2.67    3.21 
1981 3	  67.72   20.42    6.59    3.21 
1981 4	  46.53   27.69   13.60    3.42 
1981 5	  79.25   29.06   14.99    3.32 
1981 6	 150.77   31.97   20.38    2.52 
1981 7	  37.90   35.70   21.92    2.27 
1981 8	  63.45   35.33   20.35    1.98 
1981 9	  48.27   32.00   16.49    2.09 
1981 10	 206.70   25.91   13.12    2.79 
1981 11	  47.22   21.90    6.35    2.58 
1981 12	   8.85   16.33    0.88    3.20 
1982 1	  35.20   17.32   -1.43    3.84 
1982 2	  61.20   14.65   -0.23    3.40 
1982 3	  68.42   22.78    8.44    4.08 
1982 4	  90.17   23.84   10.93    3.39 
1982 5	 217.05   28.12   16.51    3.13 
1982 6	 131.93   31.99   18.94    2.48 
1982 7	  63.50   34.56   21.41    2.64 
1982 8	  17.52   36.66   21.40    2.39 
1982 9	   6.75   33.41   16.17    2.44 
1982 10	  52.62   27.08   11.13    2.82 
1982 11	 104.37   19.33    6.72    2.97 
1982 12	  62.55   15.63    1.88    3.76 
1983 1	  22.37   13.36   -0.92    2.67 
1983 2	  14.75   16.39    1.72    3.23 
1983 3	  66.45   19.39    5.01    3.55 
1983 4	  12.27   24.26    7.84    3.97 
1983 5	 167.45   28.29   13.32    3.10 
1983 6	  37.10   31.13   17.59    2.34 
1983 7	  14.57   35.24   20.88    2.33 
1983 8	  46.65   36.92   21.43    1.41 
1983 9	  30.88   33.00   16.87    2.23 
1983 10	  45.75   27.33   12.16    2.38 
1983 11	  29.38   22.27    7.09    3.14 
1983 12	  16.70    8.32   -5.06    3.47 
1984 1	  27.05   12.16   -3.26    3.01 
1984 2	  39.92   19.40    0.36    3.57 
1984 3	 132.47   22.15    5.59    3.67 
1984 4	  19.55   26.48    8.23    3.34 
1984 5	  61.35   31.61   15.45    3.35 
1984 6	  57.75   34.85   19.19    2.80 
1984 7	  35.28   37.10   20.61    2.18 
1984 8	  26.10   37.83   20.51    2.14 
1984 9	  21.37   31.58   15.93    3.03 
1984 10	 169.73   24.87   12.98    2.61 
1984 11	  47.15   18.98    5.57    3.16 
1984 12	 107.38   17.41    5.26    3.58 
1985 1	  16.85   11.56   -3.38    3.28 
1985 2	  49.73   13.71    1.01    3.53 
1985 3	  55.05   22.12    8.80    3.61 
1985 4	  98.78   26.72   11.77    3.33 
1985 5	  64.35   29.82   15.94    2.84 
1985 6	  66.65   32.84   18.96    2.59 
1985 7	  24.62   36.00   20.49    2.13 
1985 8	  13.65   38.74   21.66    2.12 
1985 9	  54.60   32.17   17.67    2.77 
1985 10	 109.98   25.43   13.58    3.54 
1985 11	  46.28   20.33    7.57    3.40 
1985 12	  14.22   14.44   -2.45    2.86 
1986 1	   0.00   18.32   -0.37    3.20 
1986 2	  53.25   18.63    3.41    3.32 
1986 3	  20.87   24.23    6.25    3.16 
1986 4	  40.62   26.80   13.01    3.50 
1986 5	 204.87   28.28   15.68    3.23 
1986 6	 205.43   32.41   20.03    1.75 
1986 7	  59.62   36.45   21.35    2.47 
1986 8	  39.45   34.81   20.72    2.16 
1986 9	 274.18   31.41   20.58    2.43 
1986 10	  85.45   24.66   11.38    2.50 
1986 11	  52.77   18.17    4.86    2.93 
1986 12	  99.28   12.68    1.94    2.80 
1987 1	  42.00   14.21   -1.44    3.02 
1987 2	 106.62   16.23    3.74    3.64 
1987 3	  28.98   19.83    3.51    3.03 
1987 4	   8.12   27.07    7.11    2.57 
1987 5	 214.90   28.92   16.20    2.53 
1987 6	 124.58   31.10   18.47    2.27 
1987 7	  15.43   34.23   19.82    2.31 
1987 8	  24.83   36.64   20.94    2.43 
1987 9	  48.78   31.55   17.11    2.09 
1987 10	  22.30   27.10   10.77    2.65 
1987 11	  55.90   19.87    4.45    2.79 
1987 12	  44.60   14.72    0.21    3.01 
1988 1	  14.80   12.16   -2.51    3.44 
1988 2	  17.60   16.65    0.42    3.21 
1988 3	  28.00   22.67    5.15    3.60 
1988 4	  39.32   27.65    7.81    2.78 
1988 5	 120.10   29.92   12.92    2.84 
1988 6	 124.75   32.32   17.81    2.02 
1988 7	  67.25   35.01   19.50    2.30 
1988 8	  16.32   37.81   19.65    1.91 
1988 9	 129.93   33.48   14.79    2.49 
1988 10	  44.35   25.82   11.81    2.40 
1988 11	  20.12   22.37    6.61    3.23 
1988 12	  43.40   16.27   -1.25    3.00 
1989 1	  59.72   16.79   -0.06    3.00 
1989 2	 108.72   11.74    0.20    4.20 
1989 3	 167.78   21.99    5.45    3.76 
1989 4	  62.72   26.67   11.36    3.41 
1989 5	 237.35   29.87   16.81    3.61 
1989 6	 215.50   31.00   17.66    2.71 
1989 7	  13.32   34.65   19.67    2.00 
1989 8	 119.40   33.43   19.67    2.37 
1989 9	  81.62   29.87   13.03    2.49 
1989 10	  35.48   28.15    9.35    2.83 
1989 11	  14.35   22.21    4.26    2.94 
1989 12	  10.52   11.46   -6.56    3.44 
1990 1	  95.95   18.46    1.01    3.21 
1990 2	  59.35   19.01    1.67    3.56 
1990 3	 115.03   19.95    7.03    3.80 
1990 4	 178.10   24.71   11.27    3.49 
1990 5	 164.93   29.16   15.76    3.59 
1990 6	  74.85   34.92   21.02    3.00 
1990 7	  57.25   33.80   19.52    2.23 
1990 8	 116.78   34.62   18.86    2.24 
1990 9	  65.58   31.62   16.85    1.60 
1990 10	  61.85   26.32    7.44    2.57 
1990 11	  75.88   22.03    5.08    3.04 
1990 12	  19.75   13.32   -3.56    3.13 
1991 1	  80.28   11.18   -2.54    2.99 
1991 2	  34.43   18.95    1.09    2.99 
1991 3	  11.90   23.24    6.54    3.63 
1991 4	  73.25   27.09   12.09    3.22 
1991 5	 119.15   29.11   17.43    2.90 
1991 6	 126.48   32.64   19.62    2.18 
1991 7	  20.53   35.61   20.36    1.99 
1991 8	 124.85   33.47   19.74    1.79 
1991 9	  91.70   28.86   15.52    2.15 
1991 10	 228.70   26.55    9.88    2.49 
1991 11	  30.95   17.39    2.40    3.31 
1991 12	 247.55   14.98    2.75    3.19 
1992 1	  68.05   13.57   -0.19    2.55 
1992 2	 136.65   17.82    3.21    3.10 
1992 3	  43.37   22.33    5.64    3.15 
1992 4	  49.35   24.85    9.62    2.72 
1992 5	 155.35   26.83   13.40    2.40 
1992 6	  93.45   31.93   17.90    1.95 
1992 7	  46.28   34.09   20.24    3.10 
1992 8	  85.65   32.42   16.42    2.06 
1992 9	  18.75   31.46   15.43    2.79 
1992 10	  31.05   28.68    8.86    2.45 
1992 11	  63.75   17.49    2.12    2.90 
1992 12	  90.98   15.44    0.44    2.78 
1993 1	  52.73   12.18   -1.83    2.89 
1993 2	  94.38   15.42    0.46    3.31 
1993 3	  62.45   19.37    3.58    3.21 
1993 4	  68.58   23.75    7.28    3.75 
1993 5	  59.87   28.02   11.91    2.95 
1993 6	  90.85   32.76   18.67    3.03 
1993 7	   0.00   36.35   20.39    3.29 
1993 8	  26.57   37.34   19.49    2.37 
1993 9	  75.78   32.50   13.15    2.11 
1993 10	 150.35   23.85    7.34    2.81 
1993 11	  33.17   16.96   -0.12    2.98 
1993 12	  49.17   15.33   -1.02    3.17 
1994 1	  40.45   13.59   -1.71    3.42 
1994 2	  55.08   16.42   -1.67    3.16 
1994 3	  32.70   22.30    3.20    3.16 
1994 4	  68.53   26.04    7.47    3.43 
1994 5	 139.92   27.24   11.89    2.48 
1994 6	  45.83   34.88   18.07    2.33 
1994 7	  56.35   35.87   18.50    2.78 
1994 8	 109.95   36.04   17.68    1.86 
1994 9	 106.40   29.55   14.58    1.76 
1994 10	 152.10   25.17   12.50    2.57 
1994 11	 114.78   19.97    7.05    3.18 
1994 12	  67.53   15.47    2.96    2.64 
1995 1	  31.00   15.66    1.25    3.42 
1995 2	  15.42   18.33    2.89    3.05 
1995 3	 112.95   18.63    6.08    3.56 
1995 4	  65.80   24.84   10.07    3.47 
1995 5	 156.77   28.13   16.05    3.11 
1995 6	  98.57   31.34   17.55    2.35 
1995 7	 226.57   35.50   20.60    2.30 
1995 8	  46.85   33.83   20.59    1.55 
1995 9	  75.72   29.89   16.58    1.93 
1995 10	  36.70   27.49    8.36    2.67 
1995 11	  10.75   20.85    3.06    3.00 
1995 12	  25.60   15.69   -0.04    3.27 
1996 1	  13.60   14.95   -4.34    3.50 
1996 2	   7.57   19.41    0.46    4.22 
1996 3	  31.65   19.86    1.43    3.77 
1996 4	  60.22   26.27    6.06    3.78 
1996 5	  42.40   33.07   17.93    4.14 
1996 6	  76.50   33.99   18.33    2.34 
1996 7	  75.53   36.46   20.76    2.47 
1996 8	 239.93   32.69   18.83    2.24 
1996 9	 113.00   28.61   16.95    1.50 
1996 10	  62.75   25.32   12.04    3.06 
1996 11	  89.58   19.67    3.60    3.16 
1996 12	   7.88   17.40   -1.78    3.10 
1997 1	  23.90   13.52    0.57    3.73 
1997 2	 224.18   14.98    0.67    3.35 
1997 3	  75.65   22.00    4.53    2.99 
1997 4	 132.38   21.83    6.24    3.38 
1997 5	  77.00   27.33   12.19    2.59 
1997 6	 121.65   30.87   19.66    2.02 
1997 7	  39.05   35.20   21.24    1.76 
1997 8	  31.45   34.81   20.24    2.31 
1997 9	  20.78   32.29   17.77    2.09 
1997 10	 128.35   24.56   11.54    2.85 
1997 11	  31.50   15.60    4.11    2.89 
1997 12	 108.83   11.73   -0.02    3.29 
1998 1	  44.82   14.67    2.32    3.28 
1998 2	 117.00   15.33    3.08    3.00 
1998 3	 127.55   17.64    5.28    4.01 
1998 4	  14.88   24.50    7.77    3.15 
1998 5	  49.60   32.84   16.71    3.20 
1998 6	  55.43   34.94   21.30    3.89 
1998 7	  25.42   37.24   22.97    2.75 
1998 8	  28.62   35.10   19.37    1.46 
1998 9	  42.10   31.54   17.30    2.26 
1998 10	 119.58   25.17   11.14    2.94 
1998 11	  90.92   18.52    5.59    2.75 
1998 12	  60.20   12.67   -1.86    3.38 
1999 1	  63.35   16.04    1.70    3.92 
1999 2	   5.45   19.65    5.24    3.25 
1999 3	  56.27   17.99    7.18    3.55 
1999 4	  48.92   25.61   12.52    3.81 
1999 5	  65.62   27.84   12.41    2.61 
1999 6	 115.33   31.94   17.35    2.63 
1999 7	  26.45   35.84   17.80    1.98 
1999 8	   2.08   39.89   17.34    1.67 
1999 9	  27.45   33.99   12.60    2.46 
1999 10	  46.33   28.65   11.18    2.40 
1999 11	   4.50   23.90    0.59    2.50 
1999 12	  50.03   17.29    1.69    3.37 
2000 1	  36.62   17.06    2.83    3.71 
2000 2	  25.35   20.59    5.15    3.63 
2000 3	  53.05   23.13    8.41    3.14 
2000 4	  58.40   25.97   11.35    3.22 
2000 5	  54.85   32.02   18.06    3.47 
2000 6	 241.52   31.04   21.08    2.72 
2000 7	   0.80   37.01   22.57    2.23 
2000 8	   0.00   38.66   22.94    1.98 
2000 9	  24.77   34.33   17.44    2.44 
2000 10	 102.78   25.30   15.31    2.98 
2000 11	 136.88   14.93    5.18    3.13 
2000 12	  48.25   10.34   -0.63    3.14 
2001 1	  74.78   11.77   -0.28    2.95 
2001 2	 137.38   15.79    3.42    3.38 
2001 3	  83.62   16.00    5.42    2.81 
2001 4	  15.25   25.38   13.08    3.78 
2001 5	  80.65   29.49   17.44    2.77 
2001 6	  30.27   33.54   20.50    2.10 
2001 7	   4.03   37.59   23.58    2.21 
2001 8	  95.93   35.89   22.95    2.24 
2001 9	  60.98   29.70   17.01    2.15 
2001 10	  32.62   25.24   10.36    2.62 
2001 11	 106.95   20.45    8.88    2.64 
2001 12	  40.50   15.92    2.85    3.00 
2002 1	  52.92   15.81    0.84    2.97 
2002 2	  36.47   14.83   -0.29    3.18 
2002 3	 151.85   19.01    4.66    3.98 
2002 4	  79.00   26.02   14.95    3.82 
2002 5	 166.95   28.78   16.70    3.56 
2002 6	  77.02   32.39   20.26    2.16 
2002 7	  60.53   32.65   21.96    2.24 
2002 8	   4.25   36.12   22.10    2.04 
2002 9	  47.88   32.47   17.21    2.60 
2002 10	 140.33   22.77   13.13    2.36 
2002 11	  14.72   18.20    4.71    3.12 
2002 12	  91.92   14.49    1.91    3.37 
2003 1	  15.65   13.09    0.12    3.03 
2003 2	  92.35   13.56    1.61    3.26 
2003 3	  36.25   19.88    6.23    2.67 
2003 4	  61.52   26.33   10.25    3.45 
2003 5	  58.88   29.72   18.05    3.11 
2003 6	 148.57   31.30   19.47    1.96 
2003 7	  16.83   35.59   22.13    1.97 
2003 8	  65.35   36.37   21.99    1.73 
2003 9	  97.23   29.68   16.98    1.77 
2003 10	  53.73   26.50   12.42    2.19 
2003 11	  28.05   20.45    8.20    3.26 
2003 12	  12.88   17.54    1.68    3.40 
2004 1	  38.25   16.25    2.93    3.39 
2004 2	 154.65   13.32    1.07    3.34 
2004 3	  31.90   22.65   10.18    3.15 
2004 4	 186.82   24.34   12.18    3.44 
2004 5	  44.60   28.76   17.42    3.27 
2004 6	 219.50   31.30   20.58    2.01 
2004 7	  37.85   33.62   21.32    1.88 
2004 8	  92.15   32.52   20.37    1.98 
2004 9	  29.93   31.29   17.26    1.88 
2004 10	 104.20   27.28   15.27    2.87 
2004 11	 189.67   19.12    8.43    3.04 
2004 12	   9.75   15.47    0.95    3.15 
2005 1	  49.58   16.03    3.16    3.51 
2005 2	  66.15   16.07    4.51    3.07 
2005 3	  53.15   19.68    6.05    2.99 
2005 4	   0.77   25.64   10.17    3.43 
2005 5	 102.08   27.83   15.93    2.61 
2005 6	  12.93   33.59   20.39    2.30 
2005 7	  36.43   35.01   21.82    1.84 
2005 8	  88.53   34.51   21.59    1.84 
2005 9	  31.32   34.50   19.03    2.14 
2005 10	  21.35   26.77   10.92    2.60 
2005 11	   0.00   23.46    6.33    2.93 
2005 12	   5.40   15.57   -1.41    2.94 
2006 1	  62.17   20.64    2.25    3.74 
2006 2	  60.45   15.62    1.19    3.40 
2006 3	 144.60   22.30    9.29    3.67 
2006 4	  72.88   28.99   13.93    3.45 
2006 5	  72.88   31.05   16.69    2.85 
2006 6	  67.75   34.80   19.74    1.85 
2006 7	  15.90   36.63   22.36    1.96 
2006 8	  78.42   38.12   23.75    2.22 
2006 9	  38.90   31.29   16.47    2.21 
2006 10	  90.03   27.43   11.85    2.75 
2006 11	  50.53   21.60    7.17    3.12 
2006 12	  47.05   16.32    1.78    3.25 
2007 1	  91.40   10.71   -0.75    3.39 
2007 2	   8.83   15.90    1.23    3.14 
2007 3	 182.15   22.74   10.18    3.40 
2007 4	 133.52   22.38    9.56    3.13 
2007 5	 182.10   27.17   17.22    2.78 
2007 6	 342.77   30.56   20.31    2.21 
2007 7	 126.35   31.24   21.30    1.73 
2007 8	  49.65   34.57   22.30    1.65 
2007 9	  88.57   31.28   19.22    1.67 
2007 10	  62.15   27.77   12.31    2.54 
2007 11	  48.08   20.89    7.99    2.89 
2007 12	  24.28   16.01    0.28    2.66 
2008 1	  19.07   13.99   -0.51    3.21 
2008 2	  32.92   18.92    1.79    3.44 
2008 3	  99.45   21.43    5.76    4.04 
2008 4	 125.43   25.42    9.91    3.35 
2008 5	  42.47   29.63   16.27    3.30 
2008 6	  33.88   35.33   22.16    3.11 
2008 7	  27.15   35.97   22.08    2.52 
2008 8	 122.32   34.06   21.42    1.78 
2008 9	  40.80   30.24   16.14    2.39 
2008 10	  40.05   26.65   10.58    2.33 
2008 11	  60.08   21.50    6.05    2.44 
2008 12	   3.05   15.72   -0.05    3.67 
2009 1	  17.65   16.43   -0.67    3.17 
2009 2	  20.62   20.78    4.13    3.97 
2009 3	  89.43   21.71    8.13    3.61 
2009 4	  94.50   24.64    9.97    3.73 
2009 5	  92.90   28.27   16.29    2.55 
2009 6	  39.88   34.34   21.21    2.65 
2009 7	  98.67   35.69   22.65    2.14 
2009 8	  32.50   35.69   22.25    2.17 
2009 9	 207.43   28.55   17.88    1.76 
2009 10	 181.00   22.10   10.76    2.92 
2009 11	  42.33   21.24    7.55    2.46 
2009 12	  33.35   11.57   -0.68    3.01 
2010 1	  78.85   12.24   -0.38    3.30 
2010 2	  65.90    9.41    0.04    3.07 
2010 3	  75.62   18.83    5.00    3.18 
2010 4	  76.18   24.55   11.77    3.48 
2010 5	  70.97   29.43   17.25    2.79 
2010 6	  48.15   34.52   22.79    2.48 
2010 7	  58.90   33.77   23.29    2.21 
2010 8	  23.75   37.49   23.57    1.99 
2010 9	 195.62   31.40   19.83    2.19 
2010 10	  37.17   27.32   10.65    2.41 
2010 11	  17.95   21.18    5.97    3.56 
2010 12	  31.90   16.42    1.07    3.36 
