1949 1	  35.72   19.77    8.77    7.00 
1949 2	  66.22   23.28   13.67    6.65 
1949 3	  15.45   27.28   15.62    6.72 
1949 4	  92.75   28.58   17.22    6.79 
1949 5	  18.20   33.17   22.48    5.94 
1949 6	  20.77   35.69   23.30    5.41 
1949 7	  25.98   36.51   23.49    5.05 
1949 8	  16.50   37.00   22.57    4.04 
1949 9	  99.23   34.39   22.52    4.06 
1949 10	  51.90   30.93   19.37    5.54 
1949 11	   6.82   28.08   11.77    4.88 
1949 12	  33.02   23.90   14.28    6.45 
1950 1	  26.05   27.12   15.67    7.04 
1950 2	  31.33   27.19   14.65    6.03 
1950 3	  23.57   27.03   14.01    6.44 
1950 4	  24.03   30.68   19.94    7.11 
1950 5	 111.00   34.20   22.75    6.63 
1950 6	  30.08   34.70   23.08    5.05 
1950 7	   8.80   36.42   23.77    5.85 
1950 8	  11.15   37.21   22.76    3.43 
1950 9	  20.52   36.01   22.59    3.06 
1950 10	  33.70   32.81   18.52    4.19 
1950 11	   4.60   26.98   12.86    6.19 
1950 12	   0.00   24.80    9.18    6.11 
1951 1	   2.22   24.21    9.43    7.23 
1951 2	   8.93   24.50    9.74    8.10 
1951 3	  43.35   27.18   14.78    7.03 
1951 4	  27.20   30.61   17.81    6.26 
1951 5	  67.15   32.30   21.36    5.58 
1951 6	 138.95   34.56   23.98    6.45 
1951 7	   9.45   36.15   23.54    5.12 
1951 8	  38.65   36.07   23.35    4.41 
1951 9	 286.05   33.68   22.22    4.84 
1951 10	  32.95   31.47   18.64    4.69 
1951 11	  43.65   24.71   13.05    7.06 
1951 12	   0.40   25.81   12.39    6.98 
1952 1	   6.40   26.23   14.19    7.01 
1952 2	  12.18   26.85   12.35    6.39 
1952 3	   6.78   27.95   15.58    6.65 
1952 4	  11.92   29.72   16.92    6.69 
1952 5	  82.57   32.49   18.90    5.60 
1952 6	 110.87   32.91   22.40    4.73 
1952 7	  37.47   34.58   22.71    3.83 
1952 8	   1.20   37.10   23.41    4.27 
1952 9	  74.40   33.92   20.76    3.96 
1952 10	   0.00   30.31   12.63    4.69 
1952 11	  65.95   23.95   13.77    6.84 
1952 12	  14.48   21.37   10.07    6.20 
1953 1	   9.75   25.68    9.61    6.30 
1953 2	  30.35   23.73   11.53    6.92 
1953 3	  16.05   30.80   19.12    6.40 
1953 4	   8.53   32.85   18.86    6.06 
1953 5	  39.00   33.89   21.56    6.10 
1953 6	   4.93   37.73   23.63    4.60 
1953 7	   7.05   37.67   24.08    4.21 
1953 8	 130.90   35.97   23.90    3.60 
1953 9	  11.05   34.24   20.26    4.58 
1953 10	  99.22   29.79   17.80    4.87 
1953 11	  36.90   25.50   12.58    5.32 
1953 12	  20.95   19.83    8.91    6.40 
1954 1	   4.45   24.58   12.14    5.94 
1954 2	   3.55   27.55   12.43    5.41 
1954 3	   8.40   27.15   14.08    6.62 
1954 4	 141.82   30.31   19.84    6.12 
1954 5	  16.90   31.99   19.50    5.76 
1954 6	 120.33   34.35   22.96    5.28 
1954 7	  34.98   35.54   22.81    4.68 
1954 8	  22.30   35.89   23.09    4.33 
1954 9	 108.55   34.57   21.93    3.58 
1954 10	 107.73   30.01   18.56    5.00 
1954 11	  37.77   25.96   12.70    5.24 
1954 12	   0.33   24.88   10.47    5.47 
1955 1	  18.25   22.50    9.55    6.52 
1955 2	   8.20   23.88   11.06    7.41 
1955 3	   2.00   28.44   15.49    7.30 
1955 4	   3.45   32.27   19.03    6.02 
1955 5	  26.38   33.96   22.17    6.01 
1955 6	   7.62   34.56   21.63    5.22 
1955 7	  59.95   34.07   22.61    4.56 
1955 8	  36.68   35.86   22.66    3.61 
1955 9	 186.72   31.82   22.58    3.66 
1955 10	  36.42   29.84   16.11    4.94 
1955 11	  42.33   24.12   14.11    6.10 
1955 12	   4.60   22.85   10.51    5.65 
1956 1	   1.77   23.76    9.19    5.57 
1956 2	  19.70   24.69   12.70    7.02 
1956 3	  13.20   27.69   14.01    6.23 
1956 4	  60.93   29.46   18.01    6.16 
1956 5	  36.45   32.44   20.23    5.55 
1956 6	  36.35   34.46   21.55    4.48 
1956 7	  48.18   35.77   22.34    4.52 
1956 8	   8.65   36.71   22.80    4.01 
1956 9	  30.82   34.39   20.64    3.67 
1956 10	  29.67   32.82   18.29    3.73 
1956 11	  12.50   24.98   11.35    6.45 
1956 12	   7.68   24.61   11.74    5.79 
1957 1	   4.05   24.59   13.10    6.31 
1957 2	  68.55   27.01   15.38    4.60 
1957 3	  63.00   27.38   14.66    5.82 
1957 4	 111.10   29.23   18.76    6.89 
1957 5	  43.55   32.61   21.63    6.65 
1957 6	  95.97   33.61   22.86    5.21 
1957 7	   2.53   36.85   22.81    4.49 
1957 8	   6.32   37.19   22.66    3.78 
1957 9	  57.58   33.98   20.54    3.84 
1957 10	   7.40   30.37   17.03    5.67 
1957 11	  79.67   24.11   12.69    7.02 
1957 12	  51.98   24.45   10.65    6.38 
1958 1	 152.55   19.77    7.56    6.86 
1958 2	  74.88   21.69    9.52    6.38 
1958 3	  15.17   23.26   11.77    6.68 
1958 4	   3.17   30.92   17.92    5.88 
1958 5	  32.50   32.19   19.93    3.96 
1958 6	  57.42   34.90   23.14    5.08 
1958 7	  43.60   34.94   23.65    4.67 
1958 8	   1.93   37.38   23.36    4.21 
1958 9	 208.75   33.51   23.12    4.16 
1958 10	 246.97   26.58   18.58    5.06 
1958 11	  37.60   25.05   14.52    5.18 
1958 12	  24.20   19.99    7.89    6.32 
1959 1	  34.65   18.94    7.74    6.73 
1959 2	  57.83   20.55   11.08    5.73 
1959 3	   4.95   24.27   12.30    6.58 
1959 4	  51.10   27.92   16.56    6.03 
1959 5	  13.10   33.06   22.05    5.18 
1959 6	  33.50   33.72   23.03    4.41 
1959 7	  21.50   35.89   23.39    3.72 
1959 8	  12.25   36.36   23.32    3.66 
1959 9	  13.30   35.71   22.55    4.97 
1959 10	  75.40   30.79   18.84    5.14 
1959 11	  39.80   23.39    9.28    6.50 
1959 12	   6.20   23.52    9.46    5.70 
1960 1	  23.25   20.94   10.06    5.98 
1960 2	  38.75   22.81    6.92    6.69 
1960 3	  18.93   23.59   11.76    6.15 
1960 4	  49.88   29.71   17.94    6.23 
1960 5	  31.60   31.58   19.83    5.93 
1960 6	  28.15   34.99   22.43    4.42 
1960 7	   5.28   36.68   23.21    3.43 
1960 8	 120.70   35.04   23.55    4.39 
1960 9	  91.50   32.33   20.31    3.56 
1960 10	  87.62   31.26   20.10    4.96 
1960 11	  55.47   25.90   14.83    4.93 
1960 12	  65.90   18.84    8.77    6.11 
1961 1	  26.17   17.33    6.25    6.22 
1961 2	   7.90   23.81    9.46    6.10 
1961 3	   0.03   29.63   15.49    6.20 
1961 4	  67.90   29.80   16.75    5.94 
1961 5	  11.30   33.37   21.10    5.73 
1961 6	  72.88   33.99   22.75    4.97 
1961 7	  52.90   34.87   22.55    4.57 
1961 8	  79.55   35.23   21.92    2.39 
1961 9	 188.20   32.76   21.77    5.71 
1961 10	  21.58   30.60   16.15    5.46 
1961 11	  17.40   24.50   12.68    6.11 
1961 12	   8.77   23.01   10.59    5.53 
1962 1	  14.27   19.27    4.83    7.03 
1962 2	   0.15   29.28   14.75    5.67 
1962 3	  10.27   26.46   12.25    6.50 
1962 4	  14.80   30.68   17.09    6.59 
1962 5	  28.00   31.97   20.55    6.35 
1962 6	 138.15   33.84   22.87    5.37 
1962 7	   0.00   35.91   23.35    4.24 
1962 8	  16.25   37.38   23.43    3.26 
1962 9	  65.62   34.89   22.68    3.58 
1962 10	  22.65   33.10   19.97    4.92 
1962 11	  35.92   26.07   12.36    5.71 
1962 12	  54.80   19.77    9.13    5.93 
1963 1	   4.60   18.87    5.67    6.21 
1963 2	  12.10   22.60    7.19    5.95 
1963 3	   0.30   27.89   15.21    5.82 
1963 4	   1.70   32.83   20.28    6.51 
1963 5	  95.50   31.41   21.16    5.11 
1963 6	  48.18   34.62   23.21    5.38 
1963 7	  63.60   34.53   22.98    4.71 
1963 8	  12.48   36.68   22.51    3.43 
1963 9	 130.98   34.13   21.33    3.39 
1963 10	  78.60   30.07   17.50    4.89 
1963 11	  60.03   26.39   12.97    6.40 
1963 12	  55.25   17.11    5.18    7.00 
1964 1	  13.85   20.69    7.61    5.66 
1964 2	  26.75   20.75    6.71    5.78 
1964 3	   3.35   26.64   12.88    6.04 
1964 4	  27.00   31.16   19.66    6.12 
1964 5	 108.88   32.23   21.63    4.97 
1964 6	  24.35   33.29   22.02    4.61 
1964 7	  24.67   36.21   22.94    3.86 
1964 8	   0.08   37.57   23.94    4.46 
1964 9	 118.37   34.64   22.29    3.50 
1964 10	  12.70   29.57   14.34    5.67 
1964 11	  25.42   27.89   14.73    6.31 
1964 12	  33.92   21.23    8.58    6.42 
1965 1	   8.42   23.95    9.86    5.94 
1965 2	  50.85   20.99    8.73    6.88 
1965 3	  14.12   24.46   11.22    6.95 
1965 4	  10.20   31.58   19.19    6.21 
1965 5	 111.97   31.60   22.11    6.91 
1965 6	  12.73   34.89   22.99    4.98 
1965 7	   2.10   36.57   22.79    3.77 
1965 8	  26.27   34.99   22.84    3.44 
1965 9	 101.62   34.75   22.25    4.52 
1965 10	  63.20   28.10   15.86    5.42 
1965 11	  60.38   27.81   16.95    4.07 
1965 12	  99.45   22.69   12.69    6.35 
1966 1	  61.98   16.78    5.70    7.07 
1966 2	  32.57   18.84    7.37    6.42 
1966 3	  23.45   24.82   13.00    5.61 
1966 4	 114.68   30.02   18.34    5.89 
1966 5	 173.07   29.40   20.56    4.88 
1966 6	 132.62   32.26   21.68    4.56 
1966 7	  20.55   35.05   23.16    3.92 
1966 8	  10.25   36.51   23.66    4.51 
1966 9	  23.80   35.31   21.43    3.03 
1966 10	 114.85   29.35   16.23    5.13 
1966 11	   5.95   27.24   12.62    5.50 
1966 12	   0.92   22.93    8.39    6.41 
1967 1	  42.30   20.41    7.91    6.84 
1967 2	  19.42   22.80    9.03    6.83 
1967 3	  17.05   28.17   16.17    5.60 
1967 4	   6.75   32.73   21.55    6.79 
1967 5	  58.23   33.06   20.94    6.57 
1967 6	  30.23   34.93   22.61    5.34 
1967 7	  17.15   36.26   23.60    4.88 
1967 8	 143.88   34.31   22.32    4.18 
1967 9	 409.35   30.71   20.55    4.86 
1967 10	 117.28   28.58   16.63    4.94 
1967 11	  68.38   25.19   14.94    4.97 
1967 12	  30.25   20.84    9.20    6.12 
1968 1	  68.78   17.55    8.03    6.53 
1968 2	  34.90   19.62    7.29    5.88 
1968 3	  26.65   22.98   11.15    6.94 
1968 4	  41.90   29.16   18.66    6.90 
1968 5	  95.77   31.67   21.66    5.84 
1968 6	  83.22   33.42   22.70    4.69 
1968 7	  49.90   34.06   23.07    4.36 
1968 8	  41.08   35.52   22.68    3.73 
1968 9	  59.45   33.87   21.54    4.26 
1968 10	  86.88   31.40   18.84    4.98 
1968 11	   8.03   25.32   12.01    6.76 
1968 12	   4.40   23.40    9.33    7.02 
1969 1	  45.12   22.63   10.26    6.15 
1969 2	  82.78   22.82   11.87    6.52 
1969 3	  16.57   23.11   10.07    7.26 
1969 4	   4.93   30.71   18.27    6.23 
1969 5	  99.20   32.03   19.79    5.11 
1969 6	  17.70   35.26   22.49    5.26 
1969 7	   2.90   37.73   24.54    4.74 
1969 8	 104.22   36.42   23.60    3.82 
1969 9	 111.80   33.32   21.94    4.15 
1969 10	  16.05   30.67   18.31    6.86 
1969 11	  51.78   24.68   11.95    6.92 
1969 12	   6.12   23.90   10.39    5.55 
1970 1	  70.08   17.01    6.69    6.89 
1970 2	  17.90   23.08    9.33    6.78 
1970 3	   9.90   25.03   10.97    6.58 
1970 4	  29.95   30.50   18.72    6.66 
1970 5	 173.90   29.54   18.01    6.18 
1970 6	 120.53   32.69   21.87    5.51 
1970 7	  50.38   34.35   22.42    3.94 
1970 8	  66.60   36.38   22.88    3.78 
1970 9	 187.55   32.63   21.78    5.43 
1970 10	  31.75   28.86   16.63    6.20 
1970 11	   1.33   25.70    9.56    6.62 
1970 12	   1.85   26.08   13.97    5.98 
1971 1	   4.68   23.88   11.17    6.56 
1971 2	  13.62   25.34   10.13    6.56 
1971 3	   0.30   29.46   13.26    6.52 
1971 4	  36.33   29.34   16.39    6.18 
1971 5	  23.73   32.17   20.73    6.13 
1971 6	  83.92   33.77   22.69    5.91 
1971 7	  22.15   34.59   22.45    4.38 
1971 8	  86.20   34.37   22.16    3.88 
1971 9	 300.35   31.66   22.01    4.44 
1971 10	 105.03   29.82   20.02    5.56 
1971 11	  10.40   26.66   13.56    5.95 
1971 12	  21.67   24.11   12.73    5.51 
1972 1	  17.35   24.39   11.59    6.29 
1972 2	  25.50   23.19   11.03    6.21 
1972 3	  61.60   28.59   16.32    5.18 
1972 4	  32.85   31.43   19.46    5.80 
1972 5	  94.18   30.30   19.80    5.14 
1972 6	 166.13   32.39   22.36    4.80 
1972 7	  74.00   33.38   22.30    4.29 
1972 8	  29.95   35.13   22.36    4.44 
1972 9	  68.05   35.32   22.54    3.76 
1972 10	  22.95   31.97   18.88    5.47 
1972 11	  67.28   22.54   11.56    6.53 
1972 12	  27.55   21.70    7.66    6.08 
1973 1	  95.62   17.65    5.28    6.63 
1973 2	 106.72   19.82    7.91    7.40 
1973 3	   3.28   27.59   15.61    5.78 
1973 4	  23.52   28.45   16.12    7.41 
1973 5	  22.52   32.04   19.50    6.04 
1973 6	 185.48   32.32   22.79    5.65 
1973 7	  17.70   34.49   22.95    4.89 
1973 8	 123.55   33.48   22.23    4.07 
1973 9	 276.45   33.08   22.49    4.36 
1973 10	 105.75   29.97   19.40    5.45 
1973 11	  28.60   29.55   17.38    5.87 
1973 12	  14.25   24.08    8.75    6.95 
1974 1	  22.90   21.08    9.83    5.09 
1974 2	   0.35   25.22    9.31    6.70 
1974 3	  47.30   28.45   16.87    6.30 
1974 4	  35.00   30.14   17.80    6.40 
1974 5	  21.75   33.53   21.73    5.21 
1974 6	  35.15   34.37   21.33    5.42 
1974 7	  81.75   34.64   21.69    4.35 
1974 8	  10.97   36.80   23.09    4.19 
1974 9	 182.15   32.86   20.04    5.89 
1974 10	 120.88   29.21   16.80    6.03 
1974 11	   9.92   24.64   12.46    5.99 
1974 12	  15.55   20.20    9.22    6.13 
1975 1	  28.80   22.54    8.99    5.38 
1975 2	  19.92   23.69   10.32    5.66 
1975 3	   3.97   28.66   14.81    6.14 
1975 4	   2.45   29.97   19.52    6.28 
1975 5	  97.38   32.97   22.10    5.70 
1975 6	  96.40   33.56   22.57    5.42 
1975 7	 201.53   33.57   22.24    4.19 
1975 8	 227.42   33.76   22.82    3.80 
1975 9	  56.72   31.79   20.04    4.18 
1975 10	  51.43   30.52   16.40    5.32 
1975 11	   5.35   26.51   12.04    5.98 
1975 12	  24.25   22.47    8.46    6.43 
1976 1	  14.70   21.16    6.85    6.51 
1976 2	   0.25   26.34   10.77    6.32 
1976 3	  22.82   27.02   14.99    6.65 
1976 4	  85.20   28.49   18.31    6.49 
1976 5	  41.30   30.21   18.78    5.52 
1976 6	  38.90   34.73   21.68    4.73 
1976 7	 210.98   32.22   22.24    4.92 
1976 8	  57.15   34.76   21.88    3.04 
1976 9	 124.62   33.51   21.45    3.97 
1976 10	 139.98   25.88   13.68    6.05 
1976 11	 118.88   19.79    9.59    7.37 
1976 12	  44.25   17.69    7.56    6.64 
1977 1	  45.62   15.83    5.96    5.89 
1977 2	  45.45   21.14    9.26    6.01 
1977 3	   3.90   26.68   13.09    5.81 
1977 4	  43.35   28.87   16.19    5.17 
1977 5	  27.98   31.61   21.56    5.41 
1977 6	 108.08   33.44   22.57    4.43 
1977 7	  10.05   35.29   23.09    3.96 
1977 8	  85.45   36.86   23.73    4.16 
1977 9	 119.30   34.86   23.04    3.98 
1977 10	  53.83   31.09   18.29    4.77 
1977 11	  24.10   27.56   13.93    5.50 
1977 12	   1.80   23.96    9.38    5.99 
1978 1	  90.50   16.81    5.38    6.56 
1978 2	  14.62   18.50    6.57    6.77 
1978 3	   0.30   26.89   11.26    5.81 
1978 4	  17.58   29.74   17.62    6.39 
1978 5	   6.42   33.86   22.20    5.46 
1978 6	  64.82   35.10   22.89    4.08 
1978 7	  32.37   36.90   23.86    4.38 
1978 8	  42.38   36.34   23.52    4.09 
1978 9	 136.40   32.50   22.87    4.84 
1978 10	  83.73   29.04   17.16    5.30 
1978 11	  11.77   25.23   15.31    6.01 
1978 12	  41.67   21.66   10.00    6.43 
1979 1	  25.18   17.99    6.43    7.13 
1979 2	  18.30   20.11    8.71    6.22 
1979 3	   4.68   26.44   14.94    6.72 
1979 4	  93.98   30.59   19.05    5.60 
1979 5	  42.38   31.10   19.65    6.30 
1979 6	 129.65   33.63   21.86    4.84 
1979 7	  24.33   36.54   24.19    4.49 
1979 8	  77.37   35.85   23.48    3.79 
1979 9	  98.05   31.61   20.06    5.48 
1979 10	  12.48   32.76   17.42    4.73 
1979 11	  10.75   25.29   11.74    7.40 
1979 12	  76.58   20.47    9.49    6.74 
1980 1	   5.22   22.91   10.13    5.67 
1980 2	  29.80   21.29    9.15    6.20 
1980 3	   5.75   27.15   13.85    6.23 
1980 4	   2.00   29.94   15.64    6.08 
1980 5	 110.72   32.98   22.04    5.86 
1980 6	   6.85   36.83   24.04    4.89 
1980 7	   4.43   38.71   24.21    4.01 
1980 8	 195.40   35.49   24.16    5.11 
1980 9	 102.97   35.28   23.12    4.11 
1980 10	  69.13   29.03   16.93    6.01 
1980 11	  66.43   22.75   10.19    6.12 
1980 12	  15.05   21.36    9.65    5.67 
1981 1	  64.05   19.73    8.29    5.69 
1981 2	  19.17   22.16   10.57    6.11 
1981 3	  54.40   25.85   13.63    6.03 
1981 4	  89.77   30.12   19.84    6.11 
1981 5	 127.10   31.69   20.92    6.15 
1981 6	  98.93   34.14   23.57    5.51 
1981 7	  42.83   35.72   23.73    4.88 
1981 8	  89.45   36.50   23.86    3.88 
1981 9	  33.03   34.18   21.54    4.65 
1981 10	 117.35   30.79   18.54    5.84 
1981 11	   0.15   28.24   13.88    5.80 
1981 12	   5.47   23.82    9.73    6.23 
1982 1	   1.25   23.14    8.69    6.82 
1982 2	  78.88   21.02    8.79    6.08 
1982 3	   3.85   26.90   14.97    6.57 
1982 4	  40.53   29.03   17.92    6.26 
1982 5	 165.55   30.37   21.15    6.66 
1982 6	   2.72   35.21   23.50    5.43 
1982 7	   0.00   37.06   23.95    4.71 
1982 8	  19.73   36.94   23.91    3.86 
1982 9	  37.00   35.48   21.72    4.19 
1982 10	  39.90   30.39   17.90    5.29 
1982 11	  38.87   25.58   14.10    5.65 
1982 12	  30.90   22.20   10.58    5.92 
1983 1	  18.55   19.88    8.53    5.28 
1983 2	 121.75   23.69   10.17    5.98 
1983 3	  30.70   26.85   12.97    5.44 
1983 4	   0.00   29.88   15.65    7.03 
1983 5	  43.43   31.47   21.25    6.48 
1983 6	  57.22   34.65   22.76    4.74 
1983 7	 122.55   34.75   23.77    4.37 
1983 8	  59.82   35.95   23.73    3.71 
1983 9	  91.35   33.76   21.94    5.21 
1983 10	  47.02   30.75   18.23    4.91 
1983 11	  38.20   28.32   14.54    5.97 
1983 12	  14.72   17.94    5.32    6.72 
1984 1	 111.30   16.62    7.19    6.64 
1984 2	   7.20   23.08   10.20    6.14 
1984 3	   2.55   27.92   14.56    6.11 
1984 4	   3.57   32.65   17.66    5.99 
1984 5	  70.43   32.36   20.25    6.00 
1984 6	  40.00   34.36   22.46    5.83 
1984 7	  43.17   35.77   23.04    4.47 
1984 8	  13.90   36.52   23.18    4.41 
1984 9	 196.02   30.76   21.31    5.59 
1984 10	  32.28   30.28   20.83    5.80 
1984 11	   8.62   25.85   13.57    6.56 
1984 12	  46.45   24.92   14.74    5.76 
1985 1	  34.08   16.96    5.68    6.09 
1985 2	  44.62   19.33    9.03    6.41 
1985 3	  23.80   26.58   16.73    6.23 
1985 4	  20.93   30.12   18.75    5.94 
1985 5	 102.40   32.59   21.37    5.00 
1985 6	  94.35   34.06   23.16    4.93 
1985 7	  35.28   35.10   23.20    4.55 
1985 8	  41.93   37.40   24.04    3.84 
1985 9	 145.32   35.16   23.09    4.34 
1985 10	  61.70   29.84   19.88    6.26 
1985 11	   8.65   28.04   17.01    6.02 
1985 12	  23.18   20.27    9.13    6.36 
1986 1	  13.82   22.61    8.65    5.89 
1986 2	  44.25   25.04   11.81    5.75 
1986 3	   9.10   28.26   13.94    5.43 
1986 4	  17.32   31.32   20.20    5.82 
1986 5	 109.90   32.00   21.39    5.98 
1986 6	  72.33   33.98   23.62    4.80 
1986 7	  14.43   36.66   23.76    4.64 
1986 8	  31.28   36.28   24.26    3.68 
1986 9	  46.00   34.98   23.96    5.11 
1986 10	  53.50   30.45   18.87    5.87 
1986 11	  53.60   23.95   13.68    6.19 
1986 12	  95.00   19.13    9.90    6.44 
1987 1	  52.58   20.11    8.36    5.71 
1987 2	  62.20   22.79   11.30    5.72 
1987 3	  18.07   23.95   11.22    6.21 
1987 4	  17.28   28.25   13.58    5.43 
1987 5	  99.50   31.40   21.26    5.71 
1987 6	 135.23   32.65   22.98    4.46 
1987 7	  69.98   34.72   23.45    4.77 
1987 8	  43.17   36.48   24.08    4.66 
1987 9	  58.65   34.16   22.05    4.86 
1987 10	  18.60   30.77   17.18    5.38 
1987 11	  49.05   25.62   13.01    6.32 
1987 12	  24.90   22.92   11.37    6.41 
1988 1	  51.78   16.63    6.98    6.86 
1988 2	  44.65   20.55    9.69    6.40 
1988 3	  13.17   25.85   13.08    6.70 
1988 4	  15.85   30.02   16.69    5.07 
1988 5	  32.92   31.49   20.13    5.78 
1988 6	  24.05   34.74   21.71    4.20 
1988 7	  49.30   36.71   24.23    4.91 
1988 8	  75.32   35.30   24.02    3.69 
1988 9	 158.60   32.92   21.57    5.30 
1988 10	  44.50   31.31   18.14    4.84 
1988 11	   1.50   28.55   15.41    6.76 
1988 12	   2.53   23.40   10.57    6.79 
1989 1	  13.45   23.42   13.02    5.64 
1989 2	   6.53   20.88   10.38    7.30 
1989 3	   1.08   27.89   12.07    6.37 
1989 4	  46.40   30.17   17.26    5.71 
1989 5	  16.75   33.72   23.20    6.31 
1989 6	  52.30   35.03   23.68    5.42 
1989 7	  41.58   36.04   23.43    4.26 
1989 8	  21.90   35.68   23.84    4.27 
1989 9	  27.23   33.93   20.67    5.01 
1989 10	  23.02   31.70   17.06    5.19 
1989 11	  12.45   27.01   15.33    5.77 
1989 12	  53.02   15.52    4.03    7.26 
1990 1	   7.30   23.22   11.66    5.96 
1990 2	  54.22   24.72   12.97    5.57 
1990 3	  44.03   26.62   14.97    6.85 
1990 4	  72.43   29.39   18.95    6.93 
1990 5	  63.70   32.01   22.20    6.58 
1990 6	  13.58   35.78   23.79    5.51 
1990 7	  24.05   35.00   23.39    4.53 
1990 8	  22.95   36.34   23.59    4.23 
1990 9	  89.88   33.36   22.13    3.75 
1990 10	  26.98   31.13   16.51    5.35 
1990 11	  27.87   27.54   14.65    6.35 
1990 12	  20.60   22.91    9.03    6.00 
1991 1	  12.32   18.05    8.05    5.59 
1991 2	  52.57   23.87   11.19    6.14 
1991 3	   4.15   30.47   14.87    6.45 
1991 4	  75.57   30.57   20.51    5.82 
1991 5	  90.25   32.41   22.03    5.25 
1991 6	  89.00   34.90   23.90    4.95 
1991 7	  59.32   33.99   23.81    4.26 
1991 8	  38.40   36.95   23.89    4.09 
1991 9	 141.55   31.86   21.22    4.11 
1991 10	  63.88   31.80   18.93    4.88 
1991 11	   9.25   22.41   11.24    7.44 
1991 12	  67.83   21.29   12.91    6.46 
1992 1	  75.53   17.23    9.10    6.45 
1992 2	  49.18   23.25   12.58    5.62 
1992 3	  12.80   27.47   15.68    6.20 
1992 4	  91.50   27.87   16.72    5.51 
1992 5	 132.90   29.38   19.43    5.28 
1992 6	  20.75   34.97   23.35    4.35 
1992 7	  15.67   36.02   24.02    5.69 
1992 8	  31.35   35.61   22.88    2.95 
1992 9	 162.65   33.70   22.49    4.42 
1992 10	  47.05   30.22   17.80    4.82 
1992 11	  84.30   23.88   12.59    6.61 
1992 12	  17.38   21.62   12.02    4.47 
1993 1	  11.85   20.38    9.77    5.03 
1993 2	  32.38   23.00   11.93    6.09 
1993 3	  45.50   26.14   13.70    4.93 
1993 4	  25.92   29.36   16.09    6.57 
1993 5	  96.57   30.67   19.49    5.06 
1993 6	 249.83   32.28   23.59    5.46 
1993 7	   1.50   35.65   23.84    5.30 
1993 8	   3.92   36.80   23.37    4.17 
1993 9	 116.97   34.35   21.81    4.29 
1993 10	  57.78   30.70   16.88    6.03 
1993 11	  22.30   23.19   11.53    6.12 
1993 12	  28.72   23.11   10.65    5.60 
1994 1	  27.10   22.13    9.69    6.56 
1994 2	   8.45   23.01   10.75    6.93 
1994 3	  45.75   26.41   14.08    5.63 
1994 4	  29.38   29.42   17.73    5.74 
1994 5	  35.97   31.68   20.79    5.33 
1994 6	  96.28   35.09   23.49    4.75 
1994 7	   5.70   37.09   23.76    5.03 
1994 8	  35.60   35.58   23.04    3.86 
1994 9	 114.65   33.18   20.18    3.45 
1994 10	  73.67   30.36   18.70    5.40 
1994 11	   7.07   29.61   17.47    5.57 
1994 12	  34.45   23.43   12.67    5.77 
1995 1	  12.20   21.30    9.69    6.59 
1995 2	   7.10   25.63   11.63    5.90 
1995 3	  30.33   25.11   13.42    5.37 
1995 4	  28.88   30.07   17.11    6.50 
1995 5	  78.70   33.49   22.80    6.15 
1995 6	  42.10   34.20   22.39    5.09 
1995 7	  13.70   36.98   23.90    4.12 
1995 8	 106.28   34.80   24.03    3.22 
1995 9	  58.58   34.33   21.94    3.86 
1995 10	  72.65   30.31   17.74    6.71 
1995 11	 123.28   24.77   13.64    5.36 
1995 12	  39.40   21.22   11.90    7.00 
1996 1	   0.33   23.19    7.77    6.74 
1996 2	   0.92   24.39   11.17    6.95 
1996 3	   7.05   24.63   10.78    6.76 
1996 4	  26.22   30.44   15.97    6.53 
1996 5	  14.97   33.36   22.91    6.44 
1996 6	  56.62   35.67   23.53    4.99 
1996 7	   0.00   37.25   24.56    4.76 
1996 8	 110.17   35.55   24.02    4.88 
1996 9	  91.13   34.21   23.06    4.60 
1996 10	  78.20   30.17   18.66    5.27 
1996 11	  16.85   27.47   14.43    6.11 
1996 12	   9.27   23.71   11.00    5.97 
1997 1	   8.62   19.10    8.52    6.41 
1997 2	  15.98   22.99   10.94    6.28 
1997 3	 162.52   27.04   15.65    4.72 
1997 4	  73.18   26.34   15.94    5.87 
1997 5	  67.18   31.29   20.36    4.55 
1997 6	  45.10   34.84   23.05    4.96 
1997 7	   0.95   37.11   24.41    4.00 
1997 8	  12.70   37.58   24.50    3.65 
1997 9	 100.83   35.04   22.43    3.55 
1997 10	 161.43   29.25   18.40    6.02 
1997 11	  35.10   23.48   13.39    5.59 
1997 12	  11.38   22.02    7.66    6.41 
1998 1	  28.15   25.30   11.71    5.59 
1998 2	  72.40   24.59   11.22    5.82 
1998 3	  12.82   25.91   14.15    7.33 
1998 4	   1.07   29.83   15.95    6.08 
1998 5	   0.00   34.59   21.75    5.21 
1998 6	   3.10   37.47   25.49    6.00 
1998 7	   7.28   38.39   25.09    4.22 
1998 8	  16.07   37.82   24.71    3.88 
1998 9	 263.17   32.98   23.63    3.51 
1998 10	 164.90   29.99   19.53    6.55 
1998 11	  54.20   26.08   16.85    5.31 
1998 12	  11.55   21.57   10.24    6.44 
1999 1	   2.72   25.00   10.26    6.55 
1999 2	   8.00   27.61   14.19    5.99 
1999 3	  45.22   28.47   15.86    6.38 
1999 4	   0.43   31.69   20.22    6.77 
1999 5	  32.10   33.52   21.62    5.34 
1999 6	  65.65   34.96   24.11    4.80 
1999 7	 114.88   34.25   23.44    4.23 
1999 8	 116.97   36.40   23.77    3.08 
1999 9	 124.52   33.37   21.27    4.16 
1999 10	  36.40   30.07   16.18    5.55 
1999 11	   2.12   27.78   12.67    5.10 
1999 12	   8.73   22.74    8.86    6.38 
2000 1	  19.42   25.07   12.31    5.77 
2000 2	  10.85   27.13   14.83    6.08 
2000 3	  38.22   29.37   17.48    5.59 
2000 4	  12.50   30.83   18.08    5.95 
2000 5	  57.90   33.71   22.92    6.35 
2000 6	  51.98   34.45   23.58    5.53 
2000 7	   8.68   37.97   23.67    4.15 
2000 8	  50.05   36.36   23.29    3.40 
2000 9	  25.47   35.56   21.01    4.40 
2000 10	  60.50   29.21   17.82    5.46 
2000 11	  13.25   25.04   13.07    5.92 
2000 12	  15.00   18.62    6.79    6.33 
2001 1	   9.77   19.91    8.34    6.17 
2001 2	  25.87   24.47   13.63    6.28 
2001 3	  17.65   25.37   12.19    5.60 
2001 4	  43.90   31.18   20.01    6.73 
2001 5	  15.55   32.66   20.81    5.04 
2001 6	  94.65   36.11   23.71    4.23 
2001 7	  33.53   36.81   24.09    4.31 
2001 8	  71.27   36.76   24.26    4.40 
2001 9	 110.90   33.44   21.85    5.10 
2001 10	   8.65   31.03   17.35    5.35 
2001 11	  71.70   27.16   14.99    5.43 
2001 12	  22.90   23.22   10.50    5.55 
2002 1	   2.05   23.31   10.23    6.34 
2002 2	   8.73   21.80    8.47    6.43 
2002 3	   1.32   26.86   14.26    6.50 
2002 4	  14.95   32.01   20.58    5.26 
2002 5	  39.12   34.09   21.89    6.01 
2002 6	  34.78   35.69   22.99    4.18 
2002 7	  33.10   35.63   24.48    4.73 
2002 8	  20.75   37.27   24.39    3.78 
2002 9	 211.62   33.73   21.92    4.49 
2002 10	 160.65   31.02   20.39    4.84 
2002 11	  97.85   23.59   12.04    6.09 
2002 12	  11.25   22.92   10.27    6.52 
2003 1	  21.55   20.18    8.18    5.68 
2003 2	  30.22   22.14   10.76    6.39 
2003 3	  24.62   25.99   13.74    4.88 
2003 4	  31.45   29.68   18.50    5.99 
2003 5	  14.07   34.75   23.36    5.68 
2003 6	  64.72   36.06   24.15    3.91 
2003 7	  47.92   35.46   24.07    4.77 
2003 8	  65.10   36.78   24.03    3.55 
2003 9	 233.85   32.57   22.52    4.00 
2003 10	 183.70   29.93   18.65    5.01 
2003 11	  54.30   27.46   15.17    5.99 
2003 12	   1.17   23.62    8.44    5.98 
2004 1	  27.55   21.62   10.68    6.16 
2004 2	  20.40   22.56    9.61    5.97 
2004 3	  48.07   27.78   17.14    5.54 
2004 4	  70.25   28.23   17.85    6.36 
2004 5	  29.12   31.69   20.42    6.31 
2004 6	 145.88   34.77   24.02    5.37 
2004 7	  13.12   36.24   24.08    4.50 
2004 8	  44.60   36.66   23.91    3.76 
2004 9	 117.95   33.58   21.41    2.83 
2004 10	  58.62   33.26   20.42    5.24 
2004 11	  17.90   28.52   13.77    5.61 
2004 12	  21.92   21.26    8.29    6.16 
2005 1	  30.52   23.76   11.91    5.84 
2005 2	  28.97   23.09   13.61    6.11 
2005 3	  14.00   28.01   14.06    5.12 
2005 4	   0.83   30.91   16.33    5.33 
2005 5	  12.60   32.56   20.88    5.34 
2005 6	   6.90   36.41   23.98    4.87 
2005 7	 142.95   36.28   24.60    4.07 
2005 8	  38.10   37.12   24.46    3.97 
2005 9	  52.15   36.22   23.83    3.97 
2005 10	  41.40   31.49   18.65    5.30 
2005 11	  19.77   28.52   13.95    6.17 
2005 12	  11.17   21.97    9.50    6.23 
2006 1	   2.75   25.44   10.81    5.60 
2006 2	   3.15   24.66    9.16    6.18 
2006 3	   8.05   29.21   17.08    6.58 
2006 4	   0.38   33.16   20.58    5.84 
2006 5	  36.10   34.44   21.58    5.82 
2006 6	  17.48   35.68   23.34    3.43 
2006 7	  94.43   35.64   24.39    4.33 
2006 8	  16.95   36.86   24.86    3.56 
2006 9	 175.45   33.75   22.44    4.19 
2006 10	  67.50   30.78   20.10    5.06 
2006 11	   2.00   28.10   14.16    5.28 
2006 12	  68.58   21.47   10.22    5.95 
2007 1	  54.92   17.99    8.13    6.27 
2007 2	   4.47   22.97   10.64    5.92 
2007 3	  12.02   28.22   16.62    6.35 
2007 4	  16.62   28.68   16.77    5.39 
2007 5	 119.60   32.39   20.95    5.20 
2007 6	  48.45   35.34   24.17    5.27 
2007 7	 205.00   34.29   24.43    5.18 
2007 8	  57.60   35.24   24.18    3.94 
2007 9	  87.33   33.86   22.84    2.69 
2007 10	  15.20   32.05   17.88    5.19 
2007 11	   7.23   26.94   14.36    5.40 
2007 12	   4.90   25.61   11.64    5.00 
2008 1	  35.67   20.79    8.90    6.73 
2008 2	   2.68   27.31   13.43    5.98 
2008 3	   0.15   29.18   14.02    7.00 
2008 4	  33.20   31.27   18.08    6.40 
2008 5	  34.15   33.81   22.68    5.76 
2008 6	  14.50   35.81   23.93    5.25 
2008 7	 352.02   33.11   23.64    5.19 
2008 8	 133.65   34.51   24.69    4.39 
2008 9	 158.90   32.02   21.29    4.47 
2008 10	  24.55   30.29   17.41    5.01 
2008 11	  11.83   26.47   13.41    5.51 
2008 12	   3.13   22.85    9.49    6.39 
2009 1	   1.88   24.50    9.64    5.62 
2009 2	   7.72   27.15   12.91    6.58 
2009 3	   8.62   27.55   14.02    6.16 
2009 4	   1.20   31.48   17.45    6.41 
2009 5	  59.33   33.43   22.20    5.65 
2009 6	  25.65   35.58   24.21    4.51 
2009 7	   3.78   38.27   25.56    4.66 
2009 8	   7.50   38.34   24.66    3.27 
2009 9	 172.75   33.77   22.28    3.27 
2009 10	  86.60   31.54   19.47    6.48 
2009 11	  64.82   26.13   12.81    6.56 
2009 12	  82.57   17.52    7.96    6.34 
2010 1	  13.98   20.81    8.08    6.93 
2010 2	  74.02   19.22    7.51    6.44 
2010 3	   2.53   26.14   11.27    5.90 
2010 4	 103.42   29.28   17.48    5.73 
2010 5	  43.00   33.22   21.66    5.44 
2010 6	 215.20   35.47   24.09    4.98 
2010 7	 102.87   33.78   24.76    4.91 
2010 8	   2.88   36.88   24.48    3.39 
2010 9	 184.15   33.01   22.81    4.68 
2010 10	   0.00   31.30   16.78    5.49 
2010 11	   2.60   27.45   12.70    6.36 
2010 12	   0.88   23.52    8.94    6.44 
