1949 1	  79.35   11.56   -0.47    3.88 
1949 2	  77.32   18.11    5.04    3.38 
1949 3	  21.60   21.72    7.81    3.46 
1949 4	 123.85   23.08   10.07    3.31 
1949 5	  63.62   30.66   18.57    3.09 
1949 6	  44.32   34.92   20.38    2.99 
1949 7	  49.80   36.63   22.04    2.53 
1949 8	  24.67   36.34   19.89    2.25 
1949 9	  59.67   32.78   18.12    2.50 
1949 10	  57.88   26.05   12.00    3.38 
1949 11	   0.00   25.43    4.21    2.85 
1949 12	  59.95   17.25    3.97    3.87 
1950 1	  28.55   17.79    5.36    4.18 
1950 2	  70.85   18.01    5.33    3.29 
1950 3	   5.55   21.37    5.74    3.98 
1950 4	  92.03   24.52   12.28    3.75 
1950 5	  89.00   29.75   17.32    3.14 
1950 6	  36.72   34.01   20.07    3.08 
1950 7	  26.62   36.73   22.36    3.45 
1950 8	  37.58   37.39   20.85    2.59 
1950 9	 103.40   32.51   18.78    2.64 
1950 10	  22.70   30.81   13.00    2.99 
1950 11	   7.40   22.60    3.44    3.75 
1950 12	   0.00   19.51   -0.31    3.24 
1951 1	   0.00   17.65   -1.52    4.01 
1951 2	  28.83   17.46    1.80    4.32 
1951 3	  50.83   23.69    6.60    3.98 
1951 4	  36.12   27.45   10.56    3.74 
1951 5	 137.75   30.15   16.20    3.17 
1951 6	  46.62   34.97   20.75    3.86 
1951 7	  12.73   38.95   23.06    3.01 
1951 8	  18.90   39.54   22.85    2.88 
1951 9	  66.35   33.95   19.04    2.71 
1951 10	   7.33   29.85   13.83    2.92 
1951 11	   4.55   20.54    3.68    3.87 
1951 12	   2.05   20.03    1.56    3.79 
1952 1	   6.80   21.22    4.96    4.09 
1952 2	  21.17   21.47    4.34    3.88 
1952 3	  48.83   21.81    5.36    3.70 
1952 4	 127.72   24.27   10.88    3.51 
1952 5	 118.27   26.66   15.59    2.92 
1952 6	  30.97   34.37   21.06    3.13 
1952 7	  32.03   35.99   21.65    2.51 
1952 8	   3.50   39.86   22.88    3.14 
1952 9	 324.53   31.95   16.16    2.47 
1952 10	   0.00   26.87    6.91    2.66 
1952 11	  74.40   19.77    6.44    3.52 
1952 12	 107.07   15.81    0.99    3.11 
1953 1	  20.92   20.84    1.58    4.03 
1953 2	  21.90   17.86    2.77    3.20 
1953 3	  35.83   24.36   10.03    3.23 
1953 4	  57.52   26.70   10.50    3.10 
1953 5	 118.50   29.51   16.05    3.23 
1953 6	   6.45   37.74   22.95    2.92 
1953 7	  58.08   36.93   23.43    2.83 
1953 8	  47.27   36.31   22.06    2.20 
1953 9	  37.32   33.71   16.34    2.03 
1953 10	  82.42   27.45   13.11    2.69 
1953 11	   9.32   20.11    4.67    2.69 
1953 12	   7.88   15.14   -0.54    3.51 
1954 1	  11.18   17.73    1.69    3.68 
1954 2	   1.35   23.50    3.35    3.35 
1954 3	  11.87   22.75    5.28    3.85 
1954 4	  51.93   29.23   16.18    4.15 
1954 5	  66.60   29.08   16.41    3.19 
1954 6	   9.92   35.91   21.99    3.50 
1954 7	  12.43   39.19   23.27    2.79 
1954 8	  10.45   38.12   23.22    3.32 
1954 9	  47.35   35.90   18.52    2.49 
1954 10	  48.60   28.54   14.07    2.83 
1954 11	  23.80   21.68    4.14    2.88 
1954 12	   0.85   20.40    3.25    3.36 
1955 1	  48.95   15.74    2.02    3.42 
1955 2	  45.90   16.91    3.71    4.17 
1955 3	  15.62   23.52    7.09    4.08 
1955 4	  13.55   29.61   14.46    3.56 
1955 5	 153.05   31.74   18.51    3.49 
1955 6	 104.87   33.48   19.74    3.10 
1955 7	  58.03   36.09   22.24    3.11 
1955 8	  68.80   35.70   21.37    2.11 
1955 9	 110.52   33.33   20.60    2.52 
1955 10	  16.08   29.29   10.51    2.95 
1955 11	  10.68   21.95    5.57    3.98 
1955 12	  11.18   18.70    1.80    3.27 
1956 1	  20.95   17.08    1.46    3.67 
1956 2	  56.10   17.75    4.55    3.78 
1956 3	   0.10   21.76    5.74    3.35 
1956 4	  14.23   25.80   11.59    3.40 
1956 5	  86.27   31.79   18.55    3.23 
1956 6	  15.58   35.68   21.52    2.88 
1956 7	   8.05   37.40   22.50    3.40 
1956 8	  37.72   37.30   21.13    3.00 
1956 9	  11.98   34.24   18.17    2.38 
1956 10	  33.45   29.50   13.33    2.50 
1956 11	  44.62   19.90    4.43    3.33 
1956 12	  39.62   19.28    2.48    3.34 
1957 1	  26.12   15.88    2.39    3.49 
1957 2	  45.32   20.47    8.98    3.13 
1957 3	  72.68   21.00    7.21    3.36 
1957 4	 160.00   23.38   11.35    3.79 
1957 5	 161.20   27.08   16.50    3.46 
1957 6	  36.55   31.87   20.65    2.65 
1957 7	  10.27   37.42   22.31    2.49 
1957 8	   3.20   37.47   21.88    2.67 
1957 9	  93.35   31.80   16.80    2.75 
1957 10	 165.85   23.75   11.17    3.04 
1957 11	 119.30   17.62    5.60    3.51 
1957 12	  17.20   18.79    1.85    3.62 
1958 1	  72.23   14.52    0.24    3.74 
1958 2	  88.47   13.34    2.09    3.86 
1958 3	  63.45   16.77    4.61    3.40 
1958 4	  35.68   24.50   11.11    3.20 
1958 5	 122.97   29.16   15.79    2.49 
1958 6	  80.17   34.35   20.98    2.98 
1958 7	  17.50   35.96   22.61    3.37 
1958 8	  77.55   36.81   21.92    2.47 
1958 9	 127.95   30.77   20.32    2.46 
1958 10	  87.03   24.04   13.69    3.13 
1958 11	  32.00   21.32    6.74    2.81 
1958 12	  18.15   15.04   -0.74    3.14 
1959 1	   2.15   13.25   -0.99    3.77 
1959 2	  70.30   14.88    2.97    3.42 
1959 3	   5.60   21.49    4.24    3.62 
1959 4	  89.72   22.03   10.41    3.64 
1959 5	  62.10   28.43   17.40    3.43 
1959 6	 257.35   32.04   19.74    2.81 
1959 7	  83.93   32.39   20.36    2.10 
1959 8	  55.10   33.23   20.53    2.44 
1959 9	  27.00   32.52   19.85    3.08 
1959 10	 179.40   26.04   12.19    2.87 
1959 11	  23.22   17.45    2.26    3.37 
1959 12	  52.48   17.09    3.14    3.59 
1960 1	  45.35   14.32    2.28    3.55 
1960 2	  57.05   14.29   -0.04    4.14 
1960 3	  39.95   17.42    4.63    3.51 
1960 4	  63.50   26.80   12.24    4.02 
1960 5	  18.50   28.76   15.15    3.53 
1960 6	  67.30   35.00   20.64    2.92 
1960 7	 113.87   34.57   21.64    2.23 
1960 8	  68.78   33.36   21.65    2.54 
1960 9	  60.05   32.12   16.84    2.12 
1960 10	 106.20   27.72   14.44    2.61 
1960 11	  35.80   20.77    7.92    3.06 
1960 12	 105.25   12.95    1.61    3.29 
1961 1	  41.55   12.91   -0.56    3.30 
1961 2	  85.10   18.43    3.02    3.73 
1961 3	  30.72   22.97    7.62    3.80 
1961 4	   7.88   26.03   10.10    3.90 
1961 5	  15.50   30.66   16.61    3.81 
1961 6	 191.98   32.04   19.62    2.80 
1961 7	  83.43   32.53   20.91    2.76 
1961 8	  12.90   34.17   19.65    1.91 
1961 9	  68.60   31.01   18.82    3.47 
1961 10	  33.78   26.02   12.36    3.18 
1961 11	  38.10   18.14    4.93    3.44 
1961 12	  14.88   16.05    1.46    3.07 
1962 1	   5.80   13.17   -2.84    3.86 
1962 2	   9.65   23.27    4.93    3.62 
1962 3	  17.08   20.14    5.32    3.57 
1962 4	 116.53   25.03   12.63    3.82 
1962 5	  44.05   30.87   18.44    4.33 
1962 6	  93.23   32.31   20.24    2.36 
1962 7	   6.20   36.37   22.43    2.83 
1962 8	  29.30   37.84   22.17    2.32 
1962 9	  99.55   32.49   19.48    2.34 
1962 10	  85.50   28.52   15.85    3.15 
1962 11	  45.70   19.84    6.66    3.26 
1962 12	  44.00   15.56    2.22    2.85 
1963 1	   1.83   12.12   -3.42    3.32 
1963 2	  26.45   17.78    0.38    3.63 
1963 3	  16.85   24.35    8.19    3.73 
1963 4	  42.70   29.14   15.00    4.52 
1963 5	 129.90   30.13   18.11    3.38 
1963 6	  44.95   34.08   21.62    2.96 
1963 7	   7.80   36.54   22.67    3.23 
1963 8	  12.05   36.86   22.45    2.44 
1963 9	  51.70   32.47   18.75    2.13 
1963 10	  17.43   29.28   13.67    2.16 
1963 11	  77.93   20.75    7.49    3.70 
1963 12	  15.02   11.32   -1.77    3.46 
1964 1	  65.85   15.99   -2.27    3.54 
1964 2	  49.48   14.12   -0.15    3.39 
1964 3	  58.50   21.52    6.20    3.68 
1964 4	  62.12   26.46   13.14    4.11 
1964 5	  66.25   30.53   17.75    3.45 
1964 6	  34.95   33.09   20.04    3.12 
1964 7	  12.15   36.80   22.08    2.67 
1964 8	  94.95   35.95   22.28    3.09 
1964 9	 256.27   31.04   19.92    2.45 
1964 10	  62.45   24.91   10.22    2.86 
1964 11	  60.28   21.38    8.15    3.27 
1964 12	  13.10   16.42    1.15    3.54 
1965 1	  44.80   17.37    2.92    3.35 
1965 2	 130.95   13.53    1.27    3.67 
1965 3	  16.05   16.86    3.45    3.86 
1965 4	  39.67   27.14   14.25    3.58 
1965 5	 146.18   26.94   17.92    3.73 
1965 6	  29.77   32.14   20.88    3.00 
1965 7	  37.23   35.12   22.02    2.38 
1965 8	  25.73   34.89   21.12    2.34 
1965 9	  71.38   33.37   19.75    2.86 
1965 10	  73.55   25.04   10.94    2.70 
1965 11	  39.70   23.70    8.79    2.62 
1965 12	  62.55   17.24    4.24    3.36 
1966 1	  24.95   12.12   -1.32    3.57 
1966 2	  35.12   15.03   -0.15    3.68 
1966 3	  11.90   20.98    6.50    3.58 
1966 4	 131.15   26.56   11.76    3.79 
1966 5	  26.35   28.29   16.77    2.86 
1966 6	  20.38   32.72   20.21    2.49 
1966 7	   2.85   36.39   23.04    2.55 
1966 8	 112.10   33.68   21.48    2.51 
1966 9	 139.98   30.81   18.65    1.81 
1966 10	   0.08   26.97    9.74    2.76 
1966 11	   0.05   24.51    7.05    3.43 
1966 12	   3.50   17.64   -1.33    3.49 
1967 1	   5.60   17.76   -0.91    3.78 
1967 2	  14.15   17.62    0.09    3.69 
1967 3	  28.08   26.63    9.70    4.04 
1967 4	  68.65   29.28   16.38    4.64 
1967 5	 119.10   29.89   14.55    3.89 
1967 6	   3.33   34.17   21.06    3.37 
1967 7	  27.55   36.06   21.66    3.37 
1967 8	  41.48   34.94   19.42    2.24 
1967 9	 117.07   29.17   16.06    2.66 
1967 10	  73.22   26.55    9.37    2.92 
1967 11	  86.70   19.99    5.92    2.90 
1967 12	  29.60   14.14    0.66    3.10 
1968 1	 144.85   13.25    2.43    3.67 
1968 2	  51.32   13.78    0.40    3.09 
1968 3	 100.17   17.86    6.72    4.12 
1968 4	  97.48   24.58   11.97    3.83 
1968 5	 145.03   27.54   16.30    3.65 
1968 6	  69.30   30.97   19.62    2.75 
1968 7	  48.50   33.38   20.28    2.68 
1968 8	  75.60   34.80   20.38    2.96 
1968 9	 115.55   29.95   15.05    2.54 
1968 10	  11.22   27.85   12.21    2.82 
1968 11	 105.18   20.21    3.58    3.52 
1968 12	  11.35   17.52   -0.36    3.97 
1969 1	   4.05   17.28    2.09    3.65 
1969 2	  30.43   16.14    1.74    3.44 
1969 3	  38.80   16.88    3.10    3.70 
1969 4	 137.73   26.09   11.73    3.59 
1969 5	  75.90   28.22   14.60    2.55 
1969 6	  63.10   33.60   19.65    3.50 
1969 7	  49.10   37.52   21.67    2.93 
1969 8	 137.30   36.30   21.14    2.47 
1969 9	  54.00   31.32   17.24    2.32 
1969 10	 267.25   24.77   12.23    3.81 
1969 11	  48.95   19.82    4.26    2.99 
1969 12	  42.27   17.77    2.49    2.69 
1970 1	  35.93   12.96   -1.88    3.13 
1970 2	  67.32   16.80    2.79    3.79 
1970 3	  80.98   18.05    4.61    3.53 
1970 4	  20.88   26.38   12.50    3.98 
1970 5	 142.37   27.72   14.20    3.30 
1970 6	  18.30   32.04   18.26    2.76 
1970 7	   9.15   35.31   20.33    2.30 
1970 8	  22.25   36.37   20.09    2.43 
1970 9	  83.03   31.60   18.05    3.01 
1970 10	  24.43   25.04    9.63    2.90 
1970 11	   0.22   21.28    1.88    3.75 
1970 12	   6.45   20.83    3.15    3.54 
1971 1	   0.10   19.58    0.12    3.78 
1971 2	  21.83   19.12    1.54    4.19 
1971 3	   3.97   23.98    4.49    3.86 
1971 4	  62.85   26.40   10.86    3.67 
1971 5	  67.92   30.01   15.50    3.80 
1971 6	  33.53   34.47   20.63    3.22 
1971 7	 128.77   35.76   20.60    2.87 
1971 8	 170.90   30.72   18.10    2.11 
1971 9	  99.83   30.43   16.77    2.75 
1971 10	 150.65   26.27   13.21    2.65 
1971 11	  22.55   21.44    6.08    3.18 
1971 12	  64.30   17.48    4.06    3.36 
1972 1	  26.88   17.14   -0.62    3.76 
1972 2	   7.15   19.66    1.34    3.55 
1972 3	   6.50   25.57    8.68    3.59 
1972 4	  37.95   28.90   13.41    4.01 
1972 5	 119.35   28.00   15.18    2.35 
1972 6	  51.48   33.06   19.67    2.83 
1972 7	  16.80   34.00   20.70    2.99 
1972 8	  68.98   33.49   20.04    2.50 
1972 9	  74.68   33.27   18.71    2.24 
1972 10	  76.95   27.12   10.80    2.85 
1972 11	  29.00   16.43    1.59    3.32 
1972 12	  14.17   15.50   -2.00    3.51 
1973 1	  60.50   12.00   -1.87    4.20 
1973 2	  67.58   14.61    1.12    3.60 
1973 3	  34.35   23.08    6.99    3.30 
1973 4	  65.58   22.40    9.84    3.82 
1973 5	  47.88   29.71   13.79    3.58 
1973 6	  85.05   31.11   18.43    3.18 
1973 7	 106.87   33.95   20.80    2.78 
1973 8	   9.50   34.10   18.88    2.25 
1973 9	  99.45   30.92   17.85    2.61 
1973 10	 163.80   26.89   12.51    2.80 
1973 11	  10.73   23.52    8.73    3.59 
1973 12	   3.75   18.84   -0.65    3.70 
1974 1	  14.10   15.00   -1.12    3.27 
1974 2	  15.15   20.71    0.67    4.21 
1974 3	  17.83   25.05   10.77    4.59 
1974 4	  77.07   27.21   10.89    4.26 
1974 5	 120.72   30.70   18.01    3.48 
1974 6	  32.53   33.68   19.17    3.02 
1974 7	   7.47   35.83   21.50    2.48 
1974 8	 248.25   32.49   20.74    2.92 
1974 9	  70.53   26.17   15.22    3.24 
1974 10	 109.95   25.81   11.75    3.11 
1974 11	  47.50   18.95    5.42    3.25 
1974 12	  50.55   14.93   -0.05    2.93 
1975 1	  48.80   17.28    1.81    3.61 
1975 2	  57.82   16.62    1.13    3.52 
1975 3	  17.98   21.70    4.90    4.09 
1975 4	  68.88   24.58   11.54    4.35 
1975 5	 213.35   27.84   15.87    3.31 
1975 6	  99.00   31.88   20.28    3.18 
1975 7	  79.15   33.29   20.64    2.31 
1975 8	  35.10   34.32   20.72    2.55 
1975 9	  46.45   30.22   15.06    2.50 
1975 10	  22.05   27.43   10.33    3.10 
1975 11	  12.15   22.50    4.92    3.41 
1975 12	  29.27   16.92    0.52    3.79 
1976 1	   5.57   16.85   -3.21    3.60 
1976 2	   5.85   22.63    4.36    4.47 
1976 3	  48.65   23.26    8.18    4.10 
1976 4	 119.57   24.72   12.63    3.81 
1976 5	  69.05   26.77   13.90    2.84 
1976 6	  86.65   32.02   18.79    3.19 
1976 7	 234.60   30.65   19.91    2.57 
1976 8	  24.25   34.53   19.61    1.94 
1976 9	  59.75   30.80   17.37    2.09 
1976 10	  98.45   21.77    7.41    2.95 
1976 11	  18.90   16.41    2.46    3.27 
1976 12	  33.12   15.23   -1.30    3.03 
1977 1	  38.52   10.47   -2.92    3.33 
1977 2	  11.87   18.64    1.09    3.36 
1977 3	  55.05   22.41    5.52    3.62 
1977 4	 225.10   24.66   11.47    3.41 
1977 5	  51.42   28.04   18.22    3.42 
1977 6	  49.38   33.39   20.51    2.91 
1977 7	  10.65   36.02   22.03    2.81 
1977 8	  27.53   36.65   22.66    2.87 
1977 9	  13.45   35.28   20.34    2.75 
1977 10	  42.65   28.12   12.24    2.70 
1977 11	  75.67   21.90    6.29    2.85 
1977 12	   2.53   18.37    0.41    3.87 
1978 1	  14.08    9.93   -2.71    4.10 
1978 2	  53.30   10.74   -1.33    3.56 
1978 3	  22.30   21.02    4.47    3.49 
1978 4	  35.05   28.08   13.05    4.11 
1978 5	 112.45   31.05   17.35    3.46 
1978 6	  63.47   33.83   20.64    2.58 
1978 7	   6.43   37.69   23.28    2.95 
1978 8	 157.28   33.55   21.34    2.60 
1978 9	  61.80   29.92   19.34    2.81 
1978 10	  38.12   26.88   10.34    2.44 
1978 11	 108.97   19.67    7.67    3.20 
1978 12	  35.38   15.29   -0.41    3.49 
1979 1	  41.10    8.36   -2.21    3.95 
1979 2	  71.00   14.85    0.09    3.77 
1979 3	  86.30   21.61    7.58    3.92 
1979 4	  96.50   25.16   12.04    2.95 
1979 5	  90.95   27.36   14.21    3.49 
1979 6	  51.88   31.45   19.41    2.70 
1979 7	  39.72   34.77   21.82    2.54 
1979 8	  79.88   33.37   20.40    2.36 
1979 9	   9.93   31.80   15.08    2.60 
1979 10	  27.38   30.77   11.50    3.12 
1979 11	   6.18   19.47    2.85    3.58 
1979 12	  66.43   17.06    0.68    3.47 
1980 1	  23.15   15.73    1.10    3.32 
1980 2	  24.85   17.17    0.59    3.52 
1980 3	  37.15   21.09    4.44    3.49 
1980 4	  37.80   25.71    9.03    3.63 
1980 5	 182.57   28.76   16.64    3.09 
1980 6	  52.20   35.46   21.61    3.57 
1980 7	   4.80   38.54   21.75    2.70 
1980 8	  19.38   36.40   21.45    3.46 
1980 9	 135.80   32.10   20.17    2.56 
1980 10	  35.60   26.12   10.08    2.75 
1980 11	  65.07   19.67    3.77    3.18 
1980 12	  35.42   17.38    3.41    3.35 
1981 1	  25.58   15.55    0.28    3.17 
1981 2	  41.20   16.97    3.04    3.79 
1981 3	  89.48   20.04    6.52    3.47 
1981 4	  57.83   26.94   14.11    3.76 
1981 5	  92.72   28.72   15.85    3.58 
1981 6	 194.53   31.25   20.54    2.85 
1981 7	   5.40   35.45   21.73    2.87 
1981 8	  66.08   34.61   20.22    2.43 
1981 9	  75.75   31.29   16.67    2.64 
1981 10	 121.38   26.41   13.76    3.27 
1981 11	  15.25   23.08    5.54    2.94 
1981 12	   3.68   17.22    0.28    3.33 
1982 1	  15.35   17.21   -1.43    4.15 
1982 2	  52.78   14.99    0.55    3.72 
1982 3	  23.77   22.51    9.62    4.45 
1982 4	  67.30   24.71   11.77    3.71 
1982 5	 122.43   28.25   16.82    3.58 
1982 6	 107.30   32.92   19.96    3.23 
1982 7	  25.67   36.18   22.44    3.40 
1982 8	  21.78   36.91   21.57    2.84 
1982 9	  23.95   33.70   17.20    2.72 
1982 10	  18.10   26.66   12.05    3.13 
1982 11	  92.27   20.13    7.54    3.32 
1982 12	  50.07   16.37    1.78    3.90 
1983 1	  23.10   14.06   -0.32    2.92 
1983 2	  57.65   16.24    2.01    3.50 
1983 3	 114.77   19.65    5.80    3.69 
1983 4	  13.43   24.31    8.68    4.10 
1983 5	 175.17   28.73   15.04    3.42 
1983 6	 148.98   30.37   18.20    2.79 
1983 7	  45.05   33.75   21.09    2.79 
1983 8	  25.32   35.57   21.09    1.72 
1983 9	  15.23   32.64   17.56    2.71 
1983 10	  36.80   27.88   12.59    2.87 
1983 11	  51.67   23.13    6.77    3.36 
1983 12	  11.55   11.14   -3.56    3.82 
1984 1	  46.80   12.71   -1.53    3.43 
1984 2	   3.70   19.88    0.66    3.76 
1984 3	  22.00   23.62    6.60    4.08 
1984 4	   5.00   28.49    9.65    3.48 
1984 5	  41.53   32.25   16.43    3.73 
1984 6	  61.05   34.23   19.83    3.43 
1984 7	  55.20   35.95   20.87    2.57 
1984 8	  26.45   36.46   20.57    2.64 
1984 9	  35.97   30.72   15.86    3.39 
1984 10	 164.50   24.84   14.20    2.98 
1984 11	  55.42   19.98    5.58    3.45 
1984 12	  96.15   19.19    6.20    3.96 
1985 1	  25.60   12.00   -2.56    3.59 
1985 2	  77.72   14.56    1.25    3.91 
1985 3	  83.82   21.98    9.75    3.87 
1985 4	  41.32   26.79   12.67    3.78 
1985 5	  67.72   30.63   16.82    3.12 
1985 6	  53.25   33.09   19.94    3.03 
1985 7	  25.48   35.83   20.83    2.68 
1985 8	  24.73   37.54   21.62    2.57 
1985 9	 111.82   31.86   17.96    3.22 
1985 10	 114.15   25.71   14.24    3.83 
1985 11	  29.50   21.02    8.93    3.80 
1985 12	  17.60   15.75   -1.69    3.21 
1986 1	  11.70   18.30   -0.30    3.42 
1986 2	  46.72   19.71    4.17    3.33 
1986 3	   5.25   24.60    6.11    3.37 
1986 4	  25.53   27.81   14.70    3.93 
1986 5	 106.97   28.43   16.92    3.55 
1986 6	 126.20   31.94   20.98    2.18 
1986 7	  16.75   36.56   22.09    3.07 
1986 8	  75.70   34.65   21.69    2.48 
1986 9	 117.38   31.64   21.30    2.92 
1986 10	 165.40   24.77   13.04    2.81 
1986 11	  56.67   18.97    6.18    3.17 
1986 12	 103.40   13.43    2.86    3.20 
1987 1	  22.05   15.12   -0.23    3.35 
1987 2	  68.10   16.46    4.54    3.92 
1987 3	  40.80   19.12    4.50    3.23 
1987 4	  25.85   25.83    8.43    2.83 
1987 5	 129.85   29.08   17.17    3.02 
1987 6	 135.48   30.73   19.68    2.51 
1987 7	  30.82   33.38   21.54    2.68 
1987 8	  89.10   35.69   22.53    2.85 
1987 9	  95.02   30.63   17.00    2.60 
1987 10	   5.88   27.30   10.84    2.97 
1987 11	  65.20   20.81    5.82    3.14 
1987 12	  41.03   16.63    1.71    3.40 
1988 1	   6.05   13.06   -1.78    3.81 
1988 2	  11.50   16.96    1.23    3.59 
1988 3	  37.92   22.18    5.33    3.87 
1988 4	  16.10   27.40    8.99    2.91 
1988 5	  84.05   28.88   15.17    3.11 
1988 6	  96.40   32.36   19.00    2.44 
1988 7	  88.80   33.88   22.00    2.66 
1988 8	  19.38   35.99   22.08    2.37 
1988 9	  43.12   32.69   18.17    2.93 
1988 10	  19.23   28.01   12.26    2.75 
1988 11	  27.70   23.80    6.05    3.55 
1988 12	  43.05   16.89    2.18    3.35 
1989 1	  78.30   17.09    2.64    3.28 
1989 2	  65.32   13.49    1.27    4.70 
1989 3	  54.40   21.66    6.38    3.88 
1989 4	  13.80   26.40   11.93    3.69 
1989 5	  94.90   31.21   17.77    4.04 
1989 6	  96.10   31.96   19.69    3.11 
1989 7	  46.28   35.19   21.45    2.40 
1989 8	  30.90   34.39   21.35    2.92 
1989 9	  58.40   31.27   15.84    2.99 
1989 10	  46.87   28.35   10.82    3.14 
1989 11	  26.33   21.80    6.20    3.21 
1989 12	   7.48   11.39   -4.15    3.65 
1990 1	  25.42   19.02    2.91    3.59 
1990 2	  85.95   20.10    4.85    3.79 
1990 3	  55.27   19.87    9.12    4.25 
1990 4	  69.22   24.77   12.23    3.95 
1990 5	  64.18   29.74   16.74    3.99 
1990 6	  23.10   36.19   22.48    3.64 
1990 7	 118.40   33.26   21.32    2.89 
1990 8	  12.45   34.41   20.97    2.82 
1990 9	  61.17   31.47   19.34    1.92 
1990 10	  79.80   26.70   10.40    2.84 
1990 11	  57.75   22.02    8.13    3.49 
1990 12	   5.57   15.58   -0.58    3.57 
1991 1	  65.75   11.71    0.57    3.46 
1991 2	  22.70   18.87    4.17    3.30 
1991 3	   8.27   23.15    7.90    3.86 
1991 4	  58.77   26.88   13.56    3.48 
1991 5	 152.20   29.26   17.66    3.42 
1991 6	 214.75   32.14   20.38    2.79 
1991 7	  34.75   34.63   21.35    2.63 
1991 8	  47.35   35.03   21.37    2.43 
1991 9	  64.52   29.38   17.47    2.54 
1991 10	  58.40   28.57   11.96    2.87 
1991 11	  24.40   19.20    4.57    3.80 
1991 12	 292.40   15.38    4.39    3.72 
1992 1	  77.72   13.59    2.09    2.89 
1992 2	 152.93   18.81    5.06    3.34 
1992 3	  72.83   22.43    8.05    3.42 
1992 4	  38.87   24.91   12.12    3.00 
1992 5	 169.10   26.92   16.07    2.81 
1992 6	 151.38   32.84   20.34    2.49 
1992 7	  20.20   34.03   22.05    3.73 
1992 8	  35.58   33.75   19.51    2.17 
1992 9	  30.67   32.73   18.48    3.05 
1992 10	  37.72   29.20   11.87    2.77 
1992 11	 123.10   18.77    4.91    3.31 
1992 12	  53.10   16.07    4.20    3.17 
1993 1	  25.77   13.62    1.22    3.14 
1993 2	  76.80   16.65    2.86    3.57 
1993 3	  50.00   20.47    6.37    3.23 
1993 4	 105.02   24.32    9.27    4.02 
1993 5	  46.53   28.03   14.45    3.08 
1993 6	 116.65   31.87   21.22    3.34 
1993 7	   0.00   35.44   22.52    3.85 
1993 8	   9.00   37.08   22.17    2.83 
1993 9	  73.65   32.53   16.95    2.56 
1993 10	  73.87   25.46   11.39    3.22 
1993 11	  28.45   17.32    3.26    3.26 
1993 12	  32.90   16.54    3.36    3.57 
1994 1	  43.75   15.04    1.57    3.86 
1994 2	  55.30   17.54    1.60    3.73 
1994 3	  23.80   23.09    7.34    3.38 
1994 4	  36.78   26.60   10.41    3.78 
1994 5	 182.40   28.38   15.95    2.95 
1994 6	  38.57   34.62   21.23    2.53 
1994 7	  45.42   36.04   22.19    3.29 
1994 8	  44.02   34.46   21.11    2.28 
1994 9	  33.58   31.29   16.38    1.93 
1994 10	 151.38   26.32   13.80    2.83 
1994 11	  64.30   21.09    8.35    3.69 
1994 12	  86.82   16.28    3.43    3.10 
1995 1	  11.38   16.49    1.29    3.73 
1995 2	  41.55   18.80    3.48    3.11 
1995 3	  90.40   19.14    6.60    3.81 
1995 4	  62.73   25.59   10.31    3.69 
1995 5	 177.80   28.88   16.48    3.61 
1995 6	  75.85   31.60   18.61    2.92 
1995 7	  33.88   35.82   21.43    2.67 
1995 8	  37.78   35.18   21.82    1.90 
1995 9	  55.80   32.24   18.64    2.18 
1995 10	  14.15   28.29   10.48    3.13 
1995 11	  36.78   20.99    5.61    3.22 
1995 12	  16.85   17.48    2.08    3.52 
1996 1	   3.90   17.58   -1.54    3.90 
1996 2	  14.60   20.37    2.83    4.38 
1996 3	  30.03   19.93    5.16    3.96 
1996 4	  56.92   27.05   10.08    3.94 
1996 5	  69.70   33.17   20.02    4.54 
1996 6	  72.55   34.24   21.10    2.89 
1996 7	  76.75   36.32   23.13    3.03 
1996 8	 102.35   33.82   21.85    2.88 
1996 9	  72.95   31.06   17.97    1.95 
1996 10	  76.17   26.57   11.69    3.35 
1996 11	  97.78   20.12    7.44    3.65 
1996 12	  55.80   18.07    1.83    3.29 
1997 1	  31.08   13.95    0.50    3.96 
1997 2	 171.98   14.87    3.43    3.62 
1997 3	  93.87   21.67    7.94    3.22 
1997 4	 135.30   21.47    8.79    3.56 
1997 5	  67.40   27.14   15.51    2.79 
1997 6	 272.43   31.67   19.73    2.52 
1997 7	  17.23   35.72   21.86    2.39 
1997 8	   8.85   35.52   21.76    2.82 
1997 9	  12.50   34.43   18.92    2.17 
1997 10	  35.67   27.43   12.71    3.20 
1997 11	  75.97   19.18    4.71    3.14 
1997 12	  73.93   16.38    0.36    3.58 
1998 1	  33.20   15.92    2.93    3.59 
1998 2	 121.12   18.04    4.18    3.32 
1998 3	 109.43   19.95    6.04    4.14 
1998 4	  17.52   26.67    9.51    3.30 
1998 5	  19.12   33.75   17.81    3.58 
1998 6	  50.52   35.42   21.68    4.23 
1998 7	  50.22   37.10   23.07    3.29 
1998 8	  52.32   34.32   21.70    2.03 
1998 9	  68.80   32.37   19.97    2.39 
1998 10	 130.77   26.06   14.34    3.46 
1998 11	  47.23   20.55    8.26    3.06 
1998 12	  64.17   15.63    1.59    3.78 
1999 1	   0.70   19.25   -0.05    4.26 
1999 2	   1.73   22.41    3.05    3.59 
1999 3	 143.23   21.58    6.02    3.87 
1999 4	  34.70   26.77   11.46    4.09 
1999 5	 146.07   28.91   16.51    3.10 
1999 6	  52.35   31.57   21.32    3.10 
1999 7	  59.75   33.90   21.21    2.48 
1999 8	   3.83   37.43   21.35    1.79 
1999 9	   0.60   33.63   17.04    2.68 
1999 10	  56.73   28.12    9.69    2.82 
1999 11	   0.98   24.01    5.02    2.87 
1999 12	  51.08   17.13    0.05    3.72 
2000 1	  26.22   18.26    0.96    3.91 
2000 2	  49.03   21.18    4.63    4.07 
2000 3	  43.68   24.12    8.25    3.40 
2000 4	  68.82   25.92   11.54    3.57 
2000 5	  75.45   30.69   18.14    3.79 
2000 6	 103.62   31.12   20.44    3.29 
2000 7	  14.15   37.38   21.50    2.66 
2000 8	   1.95   36.78   21.44    2.15 
2000 9	  66.73   33.91   16.52    2.67 
2000 10	  77.68   24.19   14.61    3.43 
2000 11	 232.55   17.50    4.08    3.51 
2000 12	  37.80   11.78   -1.09    3.54 
2001 1	  84.90   13.63    0.19    3.42 
2001 2	  52.30   17.36    3.71    3.67 
2001 3	  95.23   16.11    4.30    3.04 
2001 4	  18.62   24.62   13.04    4.16 
2001 5	  79.90   29.23   16.23    3.28 
2001 6	  25.50   32.98   19.82    2.32 
2001 7	  19.75   35.77   21.92    2.65 
2001 8	  63.47   35.11   21.36    2.61 
2001 9	  88.57   29.52   16.99    2.66 
2001 10	  61.03   25.69    9.17    3.07 
2001 11	 108.78   23.93   11.43    2.99 
2001 12	  65.88   17.13    0.82    3.32 
2002 1	  27.12   16.73   -0.36    3.31 
2002 2	  26.35   16.09    1.45    3.48 
2002 3	  37.48   20.39    5.47    4.19 
2002 4	  16.93   27.15   15.22    4.16 
2002 5	  44.20   30.50   17.02    4.09 
2002 6	  98.58   32.85   20.28    2.67 
2002 7	 135.50   30.89   21.22    2.82 
2002 8	  42.35   34.05   21.57    2.33 
2002 9	  78.78   30.72   16.37    2.75 
2002 10	 115.90   23.80   13.39    2.62 
2002 11	  21.33   18.97    2.44    3.24 
2002 12	  66.48   16.27    1.11    3.66 
2003 1	  17.32   14.49    0.13    3.30 
2003 2	  76.88   14.69    2.11    3.55 
2003 3	  33.60   20.34    5.82    2.78 
2003 4	   2.88   27.02   11.54    3.64 
2003 5	  58.47   31.48   19.18    3.32 
2003 6	 194.97   31.08   19.59    2.31 
2003 7	  81.50   32.87   21.29    2.27 
2003 8	  59.70   34.66   20.99    1.91 
2003 9	 108.53   28.38   17.66    2.15 
2003 10	  72.33   26.71   12.12    2.59 
2003 11	  21.22   20.84    5.46    3.64 
2003 12	   4.38   18.18   -0.36    3.67 
2004 1	  57.75   16.36    3.42    3.86 
2004 2	  82.28   14.63    1.15    3.60 
2004 3	  64.03   22.99    9.73    3.47 
2004 4	 133.43   24.14   11.22    3.81 
2004 5	  14.95   29.01   16.97    3.59 
2004 6	 252.78   31.60   19.58    2.59 
2004 7	  16.78   33.06   20.42    2.10 
2004 8	  86.53   33.18   19.32    2.33 
2004 9	  43.28   30.72   16.42    2.01 
2004 10	 119.03   28.64   15.66    3.26 
2004 11	 132.38   20.12    6.99    3.40 
2004 12	  19.77   16.09   -1.09    3.60 
2005 1	  54.62   17.53    3.95    3.78 
2005 2	  54.12   15.81    5.19    3.54 
2005 3	  67.95   20.87    4.88    3.17 
2005 4	  16.05   25.84    8.97    3.58 
2005 5	 126.87   27.62   15.01    3.03 
2005 6	  31.02   32.89   20.53    2.95 
2005 7	  61.35   34.65   21.33    2.39 
2005 8	  32.00   34.06   21.75    2.40 
2005 9	   5.30   35.36   18.90    2.46 
2005 10	  18.53   27.06   12.32    2.90 
2005 11	   4.90   25.39    5.55    3.32 
2005 12	   1.65   18.60   -1.32    3.23 
2006 1	  33.98   23.42    1.28    3.85 
2006 2	  26.30   19.60    1.50    3.71 
2006 3	  49.45   23.77    9.93    3.92 
2006 4	  88.93   29.61   14.61    3.74 
2006 5	  95.15   31.11   16.75    3.28 
2006 6	  42.60   34.18   18.83    2.19 
2006 7	  20.90   35.50   21.31    2.28 
2006 8	   9.57   36.93   22.53    2.64 
2006 9	  70.72   31.69   16.89    2.42 
2006 10	  85.40   27.75   12.00    3.05 
2006 11	   1.10   23.16    6.36    3.45 
2006 12	  32.45   17.26    1.07    3.57 
2007 1	  67.95   11.54   -0.61    3.75 
2007 2	   3.65   16.39    2.70    3.20 
2007 3	 175.75   22.50    9.99    3.70 
2007 4	  63.33   23.02    9.71    3.43 
2007 5	 200.85   26.66   17.04    3.18 
2007 6	 220.75   30.57   19.83    2.70 
2007 7	 108.52   29.86   20.43    2.29 
2007 8	  66.65   32.82   19.91    2.07 
2007 9	  72.45   30.36   18.17    2.02 
2007 10	  14.47   27.91    9.82    2.79 
2007 11	  27.88   20.35    4.78    3.14 
2007 12	   8.55   16.53   -1.47    3.03 
2008 1	   6.00   14.45   -0.38    3.61 
2008 2	   4.02   22.22    0.90    3.78 
2008 3	  61.60   23.38    5.42    4.26 
2008 4	  75.32   26.94   10.29    3.65 
2008 5	  99.07   31.44   16.85    3.67 
2008 6	  23.25   36.47   22.04    3.43 
2008 7	  25.62   36.04   20.41    3.01 
2008 8	  81.92   35.15   21.29    2.13 
2008 9	  13.05   32.55   15.31    2.57 
2008 10	  64.00   28.43   10.37    2.72 
2008 11	  15.35   24.10    4.58    2.64 
2008 12	   7.95   18.39    0.24    3.94 
2009 1	   7.45   18.91   -1.66    3.40 
2009 2	   7.32   23.40    3.69    4.22 
2009 3	 120.92   23.79    8.11    3.90 
2009 4	 103.92   26.61    9.71    3.92 
2009 5	  88.28   31.64   17.01    3.03 
2009 6	  65.65   36.59   21.47    3.03 
2009 7	  42.55   37.64   23.44    2.83 
2009 8	  17.70   38.24   22.21    2.39 
2009 9	 207.37   30.44   18.06    1.96 
2009 10	 178.15   25.31   12.17    3.32 
2009 11	  67.20   23.30    6.26    2.86 
2009 12	  33.33   13.21   -0.11    3.33 
2010 1	 109.53   14.36    0.48    3.80 
2010 2	  80.25   12.41    1.16    3.47 
2010 3	  77.15   20.79    4.92    3.34 
2010 4	  76.88   25.56   11.17    3.72 
2010 5	  50.05   30.71   17.46    3.16 
2010 6	  49.22   34.84   21.98    3.11 
2010 7	 108.12   33.39   22.57    2.68 
2010 8	   7.15   37.41   22.46    2.14 
2010 9	 103.90   31.95   19.20    2.61 
2010 10	   3.55   28.64    9.54    2.85 
2010 11	   4.98   23.32    5.74    3.98 
2010 12	  24.40   18.51    0.60    3.62 
