1949 1	 229.48   11.66    1.55    3.20 
1949 2	  85.65   16.39    4.63    3.09 
1949 3	  66.95   19.73    7.91    3.56 
1949 4	 153.15   23.27   11.43    3.14 
1949 5	  48.77   30.11   17.47    2.98 
1949 6	  44.30   32.87   20.93    2.25 
1949 7	 147.07   34.95   22.50    2.11 
1949 8	  51.70   34.06   19.99    2.00 
1949 9	  44.73   30.85   16.76    2.48 
1949 10	 225.72   24.86   13.23    3.31 
1949 11	  15.62   22.42    6.38    2.99 
1949 12	  61.60   16.73    4.17    3.88 
1950 1	 134.50   16.34    5.46    3.57 
1950 2	 118.07   17.74    5.63    2.81 
1950 3	  61.47   19.55    5.52    3.77 
1950 4	 135.50   23.43   10.21    3.49 
1950 5	 230.10   28.52   16.98    2.81 
1950 6	  46.27   31.33   20.23    2.55 
1950 7	 145.07   32.16   21.20    2.47 
1950 8	  44.00   33.33   20.86    1.90 
1950 9	  97.78   29.03   17.73    2.39 
1950 10	  43.25   28.60   14.07    2.72 
1950 11	  46.43   20.34    4.71    3.50 
1950 12	   0.55   14.95    1.34    3.10 
1951 1	  78.75   15.22    1.57    3.90 
1951 2	 121.12   15.05    3.15    3.55 
1951 3	  46.90   21.37    7.25    3.68 
1951 4	  63.62   24.83   10.43    3.73 
1951 5	 165.73   28.43   15.34    3.03 
1951 6	  97.78   32.00   20.71    3.05 
1951 7	  70.12   35.76   22.69    1.93 
1951 8	  16.83   39.60   23.60    2.01 
1951 9	 130.05   32.41   18.33    2.35 
1951 10	  95.18   27.70   12.91    2.69 
1951 11	  36.12   17.53    4.47    3.66 
1951 12	  50.20   16.63    3.24    4.03 
1952 1	  61.10   18.22    6.12    3.52 
1952 2	  89.48   17.62    5.70    3.76 
1952 3	  90.00   18.75    5.78    3.39 
1952 4	 216.07   22.87    9.97    3.06 
1952 5	 158.55   28.75   15.08    2.53 
1952 6	  39.93   34.03   21.31    2.40 
1952 7	  69.75   35.16   22.01    1.83 
1952 8	   2.35   38.31   22.85    2.62 
1952 9	   2.95   34.17   17.15    2.67 
1952 10	   5.65   26.47    7.08    2.79 
1952 11	 212.95   18.35    6.45    3.42 
1952 12	 130.28   12.89    2.43    2.93 
1953 1	  31.15   16.17    3.54    4.06 
1953 2	  48.30   15.50    3.22    3.12 
1953 3	 104.50   22.02    9.62    3.08 
1953 4	 115.20   23.14    9.23    3.15 
1953 5	 221.00   27.76   16.64    2.68 
1953 6	  44.83   36.40   22.45    2.25 
1953 7	 185.33   33.45   22.14    2.01 
1953 8	  84.40   33.95   21.25    1.78 
1953 9	  85.55   33.72   16.53    2.07 
1953 10	  44.45   28.87   12.65    2.35 
1953 11	  73.33   18.01    4.98    3.06 
1953 12	 127.50   12.76    0.98    3.30 
1954 1	  82.60   13.98    1.53    3.36 
1954 2	  19.07   20.34    5.24    3.45 
1954 3	  28.60   19.00    5.77    3.63 
1954 4	  65.68   26.70   13.87    3.13 
1954 5	 139.33   25.48   13.63    2.69 
1954 6	  25.20   34.31   20.15    2.42 
1954 7	   1.90   39.41   23.84    2.64 
1954 8	   3.95   39.52   23.25    2.47 
1954 9	  60.30   36.21   19.21    2.39 
1954 10	 170.45   26.88   14.82    2.78 
1954 11	  81.20   19.32    5.70    3.10 
1954 12	  69.33   15.67    2.41    3.17 
1955 1	  45.05   12.85    1.81    2.68 
1955 2	  66.93   14.32    2.51    3.84 
1955 3	 151.85   20.36    7.18    3.78 
1955 4	  81.57   25.40   13.47    3.26 
1955 5	  78.30   30.07   17.72    2.82 
1955 6	  26.92   32.03   18.31    2.17 
1955 7	 102.53   35.64   22.19    2.06 
1955 8	 204.23   33.77   21.29    1.82 
1955 9	  38.67   32.28   19.11    2.02 
1955 10	  24.15   27.54   10.69    2.90 
1955 11	  43.55   20.40    4.21    3.93 
1955 12	   4.45   14.65    1.26    3.53 
1956 1	  67.23   13.62    0.25    3.53 
1956 2	 133.70   15.76    3.41    3.27 
1956 3	  23.68   19.69    5.59    3.16 
1956 4	  57.65   24.36   10.23    3.39 
1956 5	  72.05   31.10   17.53    2.75 
1956 6	  29.92   33.94   19.95    2.43 
1956 7	  15.98   38.87   22.88    2.91 
1956 8	  54.15   38.32   21.74    2.48 
1956 9	   0.28   34.72   16.90    2.66 
1956 10	  45.02   29.25   13.20    2.42 
1956 11	 129.62   18.58    4.16    3.25 
1956 12	  58.00   17.04    3.64    3.05 
1957 1	  99.67   12.04    1.57    3.18 
1957 2	  53.60   17.34    7.65    2.84 
1957 3	 146.30   16.89    5.57    3.00 
1957 4	 268.20   22.05   11.30    3.67 
1957 5	 178.77   27.98   16.51    3.12 
1957 6	  71.38   31.38   20.83    2.55 
1957 7	  16.83   36.74   22.70    1.62 
1957 8	 107.45   34.83   21.07    2.36 
1957 9	 139.62   30.54   16.64    2.72 
1957 10	 183.15   23.14   10.35    3.31 
1957 11	 152.32   16.91    6.04    3.60 
1957 12	  49.90   17.31    4.41    3.33 
1958 1	  67.15   12.08    0.25    3.96 
1958 2	  29.00   11.64    0.54    4.02 
1958 3	 102.38   15.27    4.77    3.34 
1958 4	 303.90   22.03   10.73    3.17 
1958 5	  48.45   28.39   16.10    2.48 
1958 6	 122.15   32.86   20.63    2.34 
1958 7	  83.92   34.12   22.31    2.78 
1958 8	  59.30   34.79   21.72    1.93 
1958 9	 165.50   30.39   19.81    2.64 
1958 10	  51.85   24.05   12.49    3.33 
1958 11	 120.25   21.11    6.53    2.99 
1958 12	  15.05   13.08   -0.23    3.29 
1959 1	  12.93   11.54   -1.26    3.63 
1959 2	  89.30   14.30    3.15    3.55 
1959 3	  90.85   19.76    4.59    3.62 
1959 4	 155.48   22.08    9.76    3.47 
1959 5	  87.43   28.92   17.86    2.98 
1959 6	 122.20   31.42   20.10    2.47 
1959 7	 155.63   32.99   21.02    1.55 
1959 8	  87.93   33.87   21.28    2.02 
1959 9	  61.45   31.73   19.05    2.84 
1959 10	  90.30   25.83   11.55    2.96 
1959 11	  30.67   16.66    3.06    3.60 
1959 12	 168.63   16.17    3.92    3.65 
1960 1	 103.60   11.67    1.57    3.41 
1960 2	  87.05   11.50   -0.37    3.88 
1960 3	  49.42   13.74    3.34    3.30 
1960 4	  33.28   26.20   12.40    3.57 
1960 5	  81.05   27.74   14.06    3.34 
1960 6	 153.02   32.97   19.73    2.58 
1960 7	  84.38   33.94   21.89    1.87 
1960 8	  81.75   34.02   21.44    2.12 
1960 9	 164.43   32.75   17.81    1.94 
1960 10	  83.62   27.03   14.03    2.42 
1960 11	  58.63   20.01    6.89    3.28 
1960 12	 214.98   11.04    1.28    3.37 
1961 1	  90.02   10.96   -1.45    3.49 
1961 2	  91.25   15.74    4.67    3.33 
1961 3	 109.17   21.23    8.15    3.65 
1961 4	  30.10   22.75    9.54    3.81 
1961 5	  57.15   28.02   15.42    3.38 
1961 6	 193.25   29.97   19.28    2.50 
1961 7	  82.40   32.99   21.59    2.04 
1961 8	  53.42   33.54   19.89    1.72 
1961 9	 115.90   30.67   18.31    3.76 
1961 10	  35.40   25.79   12.21    2.96 
1961 11	 147.62   17.69    5.69    3.77 
1961 12	 115.85   13.00    1.78    3.18 
1962 1	  70.07   10.04   -2.97    3.80 
1962 2	  67.35   19.72    5.70    3.57 
1962 3	  73.05   17.10    4.66    3.53 
1962 4	 130.48   22.49   10.72    3.36 
1962 5	  21.15   29.89   17.39    3.60 
1962 6	 140.90   31.39   19.58    1.93 
1962 7	  86.95   34.55   21.92    2.01 
1962 8	  52.65   36.09   21.27    2.04 
1962 9	 155.10   30.99   18.35    2.08 
1962 10	  57.97   27.11   14.97    2.74 
1962 11	 122.23   18.11    5.92    3.57 
1962 12	  39.03   13.52    2.27    3.08 
1963 1	  28.05    8.63   -3.94    3.43 
1963 2	  39.35   14.35   -0.74    3.87 
1963 3	  37.62   22.70    7.30    3.59 
1963 4	 172.52   26.31   13.86    4.01 
1963 5	  50.25   28.58   16.83    2.95 
1963 6	  55.30   33.39   20.96    2.30 
1963 7	  53.68   35.58   22.50    2.67 
1963 8	   4.62   37.29   22.31    1.92 
1963 9	  17.62   32.89   18.66    2.45 
1963 10	  20.38   31.66   13.59    1.58 
1963 11	  63.45   22.11    6.60    3.72 
1963 12	  57.50    9.70   -2.05    3.87 
1964 1	  54.20   13.84   -0.50    3.43 
1964 2	  65.25   12.62    0.12    3.27 
1964 3	  78.30   19.14    5.07    3.46 
1964 4	 109.90   25.54   12.92    3.96 
1964 5	  54.38   28.84   17.12    2.76 
1964 6	  82.65   32.09   20.20    2.72 
1964 7	   7.32   37.82   22.01    2.33 
1964 8	  85.00   35.33   22.55    2.39 
1964 9	  91.20   31.14   18.70    2.20 
1964 10	   7.12   24.72    9.85    3.26 
1964 11	  68.93   21.35    8.24    3.06 
1964 12	  16.53   14.24    2.19    3.76 
1965 1	  74.80   15.09    2.06    3.40 
1965 2	 175.95   13.56    1.06    4.03 
1965 3	  49.80   14.51    2.65    3.58 
1965 4	  40.22   26.71   13.86    3.28 
1965 5	 266.40   27.42   17.75    3.51 
1965 6	  79.20   31.36   20.50    2.57 
1965 7	  11.75   35.86   21.90    1.97 
1965 8	  79.93   36.03   20.60    1.87 
1965 9	  68.10   32.05   18.71    3.24 
1965 10	  30.53   25.29   11.11    3.05 
1965 11	  42.10   22.88   10.47    2.98 
1965 12	  69.03   16.25    4.09    3.31 
1966 1	  66.88   10.45   -0.36    3.86 
1966 2	 111.35   12.76    1.25    3.55 
1966 3	  23.55   19.70    6.52    3.37 
1966 4	 320.58   24.52   11.13    3.77 
1966 5	 104.88   27.04   15.49    2.87 
1966 6	  45.85   31.59   18.80    2.24 
1966 7	  46.55   35.36   22.87    1.85 
1966 8	 180.62   32.53   20.45    1.92 
1966 9	 142.62   28.83   16.17    1.87 
1966 10	  41.22   24.68    8.10    3.13 
1966 11	  44.40   22.55    6.80    3.16 
1966 12	  99.05   13.56   -0.08    3.45 
1967 1	  15.55   14.51   -0.27    3.47 
1967 2	  40.35   14.36   -0.99    3.24 
1967 3	  47.42   23.79    7.41    3.63 
1967 4	 149.95   26.05   14.40    4.02 
1967 5	 186.20   27.36   13.72    3.73 
1967 6	  17.43   32.44   20.13    2.84 
1967 7	  46.15   33.11   19.90    2.74 
1967 8	  53.93   34.70   18.78    1.89 
1967 9	 122.28   28.50   15.51    2.75 
1967 10	 189.92   25.90    8.90    2.94 
1967 11	  38.42   19.54    3.52    2.96 
1967 12	 118.03   13.95    0.19    3.31 
1968 1	 101.10   10.41    1.57    3.72 
1968 2	  80.58   12.74   -1.39    3.21 
1968 3	 115.00   17.93    4.28    3.56 
1968 4	 121.03   23.67   10.19    3.62 
1968 5	 248.40   26.97   14.36    3.13 
1968 6	 120.90   30.90   18.58    2.30 
1968 7	  72.20   32.20   19.42    2.03 
1968 8	  17.83   34.29   20.32    2.15 
1968 9	 155.88   29.64   14.83    2.48 
1968 10	  66.68   25.83   10.93    2.51 
1968 11	 160.22   18.46    4.82    3.59 
1968 12	  25.60   14.89    0.53    3.80 
1969 1	  84.60   14.83    3.05    3.74 
1969 2	  80.23   15.13    2.88    3.63 
1969 3	 179.93   15.55    2.78    3.72 
1969 4	  99.22   24.65   11.65    3.08 
1969 5	 137.68   28.39   14.94    2.14 
1969 6	  30.83   32.72   19.38    2.97 
1969 7	  13.38   37.75   22.53    2.18 
1969 8	  34.15   36.43   20.97    2.11 
1969 9	  39.78   32.10   17.33    2.17 
1969 10	 144.48   25.99   11.94    3.72 
1969 11	  78.60   19.73    3.76    2.93 
1969 12	 137.88   15.13    1.93    2.84 
1970 1	  29.42   10.91   -1.69    3.29 
1970 2	 134.07   15.17    2.08    3.37 
1970 3	 100.57   17.05    4.97    3.51 
1970 4	 101.32   25.13   12.44    3.68 
1970 5	  91.55   28.07   14.87    2.94 
1970 6	  78.62   31.61   19.06    2.39 
1970 7	  35.90   34.20   20.25    2.11 
1970 8	  28.10   36.03   21.22    2.16 
1970 9	  73.60   31.45   19.18    2.80 
1970 10	 183.08   23.79   10.84    3.04 
1970 11	  42.15   19.12    4.39    3.77 
1970 12	  28.95   18.01    4.85    3.18 
1971 1	   8.98   16.95    1.40    3.67 
1971 2	  74.63   16.42    2.29    4.03 
1971 3	  22.18   20.45    4.64    3.60 
1971 4	  47.05   24.77    9.40    3.35 
1971 5	  99.47   27.59   14.55    3.02 
1971 6	  21.25   34.82   20.02    2.78 
1971 7	 159.70   35.41   21.57    2.43 
1971 8	  48.25   31.88   19.49    1.62 
1971 9	  95.75   31.11   18.62    2.62 
1971 10	 100.10   26.88   14.00    2.33 
1971 11	  91.17   19.94    5.69    3.31 
1971 12	 239.65   17.27    6.68    3.25 
1972 1	  92.62   14.66    1.18    3.85 
1972 2	  14.27   17.26    2.68    3.57 
1972 3	  36.67   23.03    8.33    3.47 
1972 4	  39.20   25.97   12.28    3.96 
1972 5	  80.18   29.11   14.39    1.95 
1972 6	 131.28   32.53   19.56    2.74 
1972 7	  19.70   33.49   20.44    2.65 
1972 8	  28.82   35.47   20.97    2.09 
1972 9	 129.77   32.89   20.43    1.94 
1972 10	 163.98   24.71   12.35    2.90 
1972 11	  84.70   14.53    3.77    3.75 
1972 12	  84.40   12.58    0.23    3.32 
1973 1	 106.43   10.98   -0.34    4.06 
1973 2	  45.77   14.51    2.15    3.34 
1973 3	 185.67   21.41    9.51    3.75 
1973 4	 237.90   20.93    9.77    3.79 
1973 5	  62.45   27.22   14.32    3.52 
1973 6	 183.20   30.66   19.13    2.77 
1973 7	  62.87   33.38   21.73    2.00 
1973 8	  25.05   33.99   19.24    1.96 
1973 9	 163.10   30.01   19.17    2.55 
1973 10	 219.38   26.57   13.14    2.58 
1973 11	  92.82   21.28    8.68    3.57 
1973 12	  70.00   15.83   -0.09    3.66 
1974 1	  93.45   10.98    0.65    3.15 
1974 2	  26.25   17.50    1.87    4.02 
1974 3	  30.80   22.82    9.73    4.16 
1974 4	 157.08   25.26    9.74    4.19 
1974 5	  85.25   29.09   18.21    3.31 
1974 6	 144.43   30.24   18.03    2.74 
1974 7	  32.10   34.90   20.69    1.77 
1974 8	 160.45   32.81   20.30    2.18 
1974 9	 182.68   25.22   14.83    3.34 
1974 10	 108.72   25.74   11.07    3.17 
1974 11	 201.47   18.11    5.28    3.48 
1974 12	  85.17   13.68    0.85    3.12 
1975 1	  57.32   15.17    2.10    3.45 
1975 2	  80.47   14.43    1.10    3.11 
1975 3	 124.73   17.34    5.02    4.02 
1975 4	 122.95   23.12   10.98    4.19 
1975 5	 190.57   27.75   16.46    2.90 
1975 6	 135.15   31.02   19.56    2.69 
1975 7	  36.00   33.37   21.06    1.81 
1975 8	  70.12   34.44   20.92    1.91 
1975 9	  33.17   29.59   15.32    2.46 
1975 10	  21.92   27.06   10.17    2.80 
1975 11	  61.65   20.46    5.40    3.20 
1975 12	  48.65   14.35    1.07    3.28 
1976 1	  43.75   14.21   -1.99    3.75 
1976 2	  66.05   19.96    5.62    3.64 
1976 3	 152.72   20.34    7.50    3.97 
1976 4	 168.40   24.23   11.38    3.44 
1976 5	 143.27   25.37   13.26    2.71 
1976 6	 131.18   30.28   18.36    2.52 
1976 7	 120.22   31.46   20.72    1.53 
1976 8	  47.53   33.74   19.32    1.67 
1976 9	 112.10   29.17   16.41    2.05 
1976 10	  91.20   21.04    7.55    3.17 
1976 11	  16.90   15.36    1.90    3.31 
1976 12	 120.85   14.53   -1.19    3.19 
1977 1	  64.65    7.32   -5.11    3.56 
1977 2	 119.45   16.24    1.26    3.64 
1977 3	 142.30   20.48    6.97    3.65 
1977 4	 154.25   24.50   11.51    3.09 
1977 5	   8.45   29.10   16.94    2.80 
1977 6	  75.45   32.83   20.55    2.68 
1977 7	  70.83   35.78   22.35    1.99 
1977 8	 102.80   34.25   22.17    2.37 
1977 9	  23.73   32.59   19.93    2.83 
1977 10	  54.33   26.83   11.07    2.70 
1977 11	 134.40   20.25    7.78    2.91 
1977 12	  12.65   15.25    0.84    4.09 
1978 1	  90.87    5.96   -4.56    4.38 
1978 2	  55.53    7.63   -2.31    4.02 
1978 3	  90.20   17.93    4.01    3.23 
1978 4	  17.70   25.36   12.21    3.59 
1978 5	  95.92   28.31   15.51    2.98 
1978 6	  13.00   33.25   19.53    2.06 
1978 7	  86.33   37.27   22.90    2.13 
1978 8	  23.80   34.57   21.64    2.14 
1978 9	  48.88   31.58   19.76    2.69 
1978 10	  20.70   27.39    9.89    2.43 
1978 11	 108.47   20.27    7.90    2.75 
1978 12	  65.93   13.36    0.16    3.65 
1979 1	 112.93    5.95   -3.23    4.12 
1979 2	  85.88   10.47    0.04    3.73 
1979 3	  95.05   19.58    6.99    3.74 
1979 4	 107.35   23.23   10.76    2.92 
1979 5	 200.45   25.94   14.58    3.02 
1979 6	  49.90   30.97   19.64    2.45 
1979 7	 148.58   32.53   22.02    2.49 
1979 8	  42.85   32.63   20.37    1.59 
1979 9	 226.42   29.95   15.72    3.01 
1979 10	  71.60   27.47   11.25    3.07 
1979 11	  48.15   17.74    2.83    3.61 
1979 12	 114.75   15.62    1.31    3.34 
1980 1	 109.72   12.57    1.63    2.95 
1980 2	  61.55   13.74   -0.62    3.53 
1980 3	 111.93   18.70    3.63    3.59 
1980 4	 120.15   23.20    8.39    3.13 
1980 5	  90.00   27.60   16.21    2.56 
1980 6	  81.50   33.17   21.11    3.11 
1980 7	  28.90   37.68   21.85    1.82 
1980 8	  24.88   36.82   22.16    2.84 
1980 9	 117.95   33.37   19.61    2.37 
1980 10	  61.53   25.01    9.02    2.92 
1980 11	  70.88   18.51    4.65    3.33 
1980 12	  50.35   15.20    1.79    3.21 
1981 1	  58.38   13.42   -0.96    2.96 
1981 2	  46.40   15.55    1.58    3.14 
1981 3	  73.20   19.47    5.55    3.26 
1981 4	  44.27   27.00   13.81    3.16 
1981 5	 301.88   26.08   14.37    3.35 
1981 6	 163.10   31.11   20.81    2.75 
1981 7	  65.85   34.02   22.45    2.15 
1981 8	  25.92   34.48   20.65    1.91 
1981 9	  73.50   30.78   16.27    2.20 
1981 10	 277.35   24.42   12.23    2.91 
1981 11	  40.47   20.49    5.74    2.76 
1981 12	   2.15   14.26    0.33    3.59 
1982 1	  44.25   13.42   -1.37    4.06 
1982 2	  52.25   12.03    0.36    3.59 
1982 3	  43.57   20.31    9.12    4.02 
1982 4	  91.40   22.26   10.04    3.47 
1982 5	  89.18   27.57   16.65    3.04 
1982 6	 141.82   30.75   18.80    2.15 
1982 7	  66.90   33.54   22.06    2.11 
1982 8	  26.02   35.50   21.88    1.92 
1982 9	  55.15   31.42   15.99    2.70 
1982 10	  90.75   24.93   10.59    3.31 
1982 11	 176.73   18.52    6.58    3.29 
1982 12	 209.73   15.58    3.78    3.94 
1983 1	  24.38   11.59   -0.25    3.20 
1983 2	 123.13   13.93    2.65    3.76 
1983 3	 120.77   18.03    4.91    3.61 
1983 4	  19.45   21.27    7.48    4.14 
1983 5	 146.10   26.84   13.31    3.04 
1983 6	 124.20   29.93   18.09    2.33 
1983 7	  69.28   32.97   21.14    2.43 
1983 8	  54.80   34.79   21.93    1.57 
1983 9	  29.83   31.91   16.43    2.58 
1983 10	  73.05   26.30   11.38    2.54 
1983 11	  75.65   19.74    6.52    3.48 
1983 12	  63.45    6.84   -4.21    4.04 
1984 1	  31.92    9.74   -3.98    3.51 
1984 2	 100.57   17.09    1.49    3.66 
1984 3	 112.13   18.63    5.36    3.43 
1984 4	  24.60   23.73    8.97    3.82 
1984 5	  85.18   28.70   14.59    3.47 
1984 6	  33.25   32.92   19.69    2.56 
1984 7	  39.88   35.15   20.97    2.08 
1984 8	  32.65   35.36   20.94    2.11 
1984 9	  44.55   30.03   16.75    3.45 
1984 10	 253.07   24.60   12.57    2.78 
1984 11	 103.32   18.43    4.82    3.65 
1984 12	 103.25   17.72    5.97    3.74 
1985 1	  51.55    8.67   -3.98    3.48 
1985 2	 154.00   11.86    1.03    3.60 
1985 3	 126.75   21.09   10.14    3.77 
1985 4	 133.65   24.79   12.57    3.37 
1985 5	 108.17   28.10   16.49    2.83 
1985 6	 121.85   32.35   20.12    2.82 
1985 7	  62.62   34.61   22.20    2.03 
1985 8	  28.27   36.95   22.83    1.96 
1985 9	  54.33   31.54   18.51    3.14 
1985 10	 146.78   25.26   14.31    3.83 
1985 11	 111.05   19.07    8.49    3.43 
1985 12	 102.85   11.66   -1.32    3.14 
1986 1	  12.25   15.90    0.77    3.45 
1986 2	 146.40   17.10    4.80    3.62 
1986 3	   8.85   21.78    7.50    2.91 
1986 4	 167.15   24.45   13.72    3.29 
1986 5	 162.30   26.91   16.53    2.97 
1986 6	 117.02   31.58   21.13    1.85 
1986 7	   9.43   35.26   23.36    2.13 
1986 8	  48.25   35.10   21.52    2.14 
1986 9	  80.65   31.23   20.70    2.28 
1986 10	 112.58   24.03   12.66    2.70 
1986 11	 106.48   16.83    5.68    3.43 
1986 12	  87.15   12.14    2.76    3.24 
1987 1	  48.43   12.67   -0.27    3.23 
1987 2	 139.70   15.32    3.87    3.67 
1987 3	 114.15   19.23    4.33    3.27 
1987 4	   8.83   24.99    7.45    2.65 
1987 5	 117.38   29.22   16.76    2.26 
1987 6	 140.80   31.00   19.45    2.63 
1987 7	  40.03   32.68   20.75    2.26 
1987 8	   0.95   36.35   22.19    2.26 
1987 9	  70.48   30.98   16.00    2.25 
1987 10	  91.85   24.56    8.40    2.92 
1987 11	 152.25   19.02    5.72    3.34 
1987 12	 226.80   13.90    2.06    3.31 
1988 1	  30.23   10.26   -2.19    3.74 
1988 2	  69.50   14.46    0.42    3.30 
1988 3	 130.65   19.52    4.68    3.54 
1988 4	  50.25   24.17    8.45    3.08 
1988 5	  23.23   28.23   13.46    2.72 
1988 6	  57.60   32.25   18.03    2.24 
1988 7	 111.47   33.77   21.34    2.47 
1988 8	  21.98   35.21   21.73    1.93 
1988 9	  58.95   31.96   17.31    2.80 
1988 10	 136.15   23.77   10.18    2.71 
1988 11	 125.95   20.31    5.35    3.87 
1988 12	  79.33   14.73    2.67    3.21 
1989 1	  61.50   14.80    2.78    3.35 
1989 2	  96.47   10.30    0.14    4.32 
1989 3	 123.78   18.40    5.94    4.05 
1989 4	  59.38   24.09   11.13    3.37 
1989 5	 246.00   27.30   16.65    3.39 
1989 6	 135.78   29.30   18.64    3.01 
1989 7	 105.72   31.75   20.98    2.27 
1989 8	  33.35   32.34   20.43    1.95 
1989 9	  41.35   28.73   15.12    2.77 
1989 10	  60.07   26.69   10.68    3.00 
1989 11	  13.42   20.76    6.43    3.35 
1989 12	  26.08    9.80   -4.61    3.70 
1990 1	 217.82   16.69    2.70    3.24 
1990 2	  72.53   18.09    4.15    3.95 
1990 3	 216.30   18.95    8.05    3.61 
1990 4	 159.25   22.66   10.35    3.41 
1990 5	 218.50   26.90   15.12    3.60 
1990 6	  58.20   32.47   20.96    2.67 
1990 7	  63.90   32.93   20.40    1.96 
1990 8	  29.82   34.72   20.76    1.93 
1990 9	 132.38   31.51   19.14    1.70 
1990 10	  66.25   24.65    9.49    2.81 
1990 11	 223.52   21.17    7.45    3.17 
1990 12	 104.93   12.60   -0.19    3.35 
1991 1	 106.00    9.78    0.56    3.38 
1991 2	 113.70   17.62    4.02    3.23 
1991 3	  35.25   21.12    6.81    3.90 
1991 4	 106.55   24.72   12.36    3.25 
1991 5	 133.52   28.18   17.80    3.20 
1991 6	 109.00   31.76   20.54    2.23 
1991 7	  62.80   34.20   21.35    1.92 
1991 8	  99.82   32.82   20.79    1.44 
1991 9	  55.27   29.61   17.01    2.44 
1991 10	 152.52   27.03   11.37    2.63 
1991 11	 107.48   16.14    3.33    3.76 
1991 12	 161.82   14.45    4.30    3.44 
1992 1	  94.30   12.48    1.14    2.93 
1992 2	  79.47   17.53    4.24    3.28 
1992 3	 127.17   20.89    6.69    3.24 
1992 4	  53.60   23.75   10.32    2.75 
1992 5	 119.95   26.52   14.36    2.39 
1992 6	 140.40   30.23   18.81    2.25 
1992 7	 135.15   33.38   21.96    2.91 
1992 8	  23.98   31.19   18.15    2.08 
1992 9	  99.25   30.31   17.02    2.93 
1992 10	 110.63   26.86   10.35    2.70 
1992 11	 130.27   17.07    3.72    3.39 
1992 12	 149.85   13.71    2.83    2.91 
1993 1	 142.32   11.93    0.87    3.15 
1993 2	  98.90   14.63    1.98    3.52 
1993 3	  76.47   17.82    4.67    3.41 
1993 4	 110.82   22.13    8.45    3.73 
1993 5	  85.08   26.76   14.49    3.11 
1993 6	  91.42   30.94   20.57    3.28 
1993 7	  10.30   34.83   22.57    2.69 
1993 8	  39.08   35.73   22.20    2.02 
1993 9	  93.00   31.72   15.89    2.36 
1993 10	 275.72   23.60   10.65    3.13 
1993 11	  70.70   15.85    2.78    3.46 
1993 12	  49.35   14.90    1.85    3.42 
1994 1	  64.38   12.45    0.15    3.77 
1994 2	 118.30   15.41    0.09    3.16 
1994 3	  69.38   20.69    6.11    2.97 
1994 4	  60.90   25.06   10.16    3.18 
1994 5	 149.70   25.77   14.46    2.55 
1994 6	  39.85   32.14   21.00    2.70 
1994 7	 223.52   32.73   20.78    2.67 
1994 8	  31.30   32.81   19.93    1.68 
1994 9	  20.88   30.76   15.34    2.07 
1994 10	 191.68   24.83   11.84    3.18 
1994 11	 193.10   19.80    7.99    3.42 
1994 12	 173.38   14.25    2.96    3.01 
1995 1	 110.93   13.22    1.54    3.74 
1995 2	  38.90   17.39    2.16    3.24 
1995 3	  71.70   18.82    6.89    3.68 
1995 4	 115.28   23.13    9.48    3.49 
1995 5	 146.70   26.97   15.95    3.32 
1995 6	  58.05   32.28   19.38    2.32 
1995 7	  93.70   34.65   22.24    2.54 
1995 8	  29.08   36.53   23.09    1.62 
1995 9	 101.55   30.92   18.59    2.12 
1995 10	  24.00   27.23   11.38    3.27 
1995 11	   7.68   20.38    5.42    3.54 
1995 12	  72.80   14.13    3.26    3.70 
1996 1	  28.82   14.38   -0.19    3.77 
1996 2	  12.25   18.67    3.50    4.25 
1996 3	  45.45   18.15    2.85    3.92 
1996 4	  87.82   24.28    8.43    3.73 
1996 5	  66.32   31.79   20.58    3.84 
1996 6	  69.48   33.99   21.03    2.21 
1996 7	 152.15   35.16   22.61    2.26 
1996 8	  90.22   31.83   20.75    1.94 
1996 9	 106.28   28.71   15.86    2.10 
1996 10	  76.78   25.30   10.38    3.42 
1996 11	 187.83   17.26    5.86    3.64 
1996 12	  57.27   15.43    2.55    3.46 
1997 1	  58.12   11.44    0.50    4.01 
1997 2	 205.80   14.44    3.54    3.64 
1997 3	 115.20   20.64    7.14    3.15 
1997 4	 209.50   20.80    8.30    3.76 
1997 5	  59.77   26.29   13.97    2.67 
1997 6	  92.72   30.64   19.28    2.22 
1997 7	  47.82   34.24   22.22    1.47 
1997 8	 104.18   32.68   20.62    2.07 
1997 9	  39.43   32.34   18.20    2.23 
1997 10	 158.72   24.90   12.19    3.43 
1997 11	  82.47   16.04    4.15    3.26 
1997 12	 143.23   12.32    1.01    3.41 
1998 1	 133.10   13.97    3.16    3.18 
1998 2	 100.37   15.70    3.38    3.28 
1998 3	  95.35   17.50    5.67    4.27 
1998 4	  34.65   23.42    8.97    3.46 
1998 5	  23.80   30.77   16.87    3.02 
1998 6	  44.58   34.97   22.00    4.19 
1998 7	  18.83   38.61   24.15    2.75 
1998 8	  47.43   36.75   22.40    1.47 
1998 9	 180.85   33.08   21.13    3.49 
1998 10	 199.35   25.44   13.54    3.24 
1998 11	 158.00   18.69    8.78    2.87 
1998 12	 129.65   13.72    2.84    3.54 
1999 1	  79.10   15.71    2.40    3.98 
1999 2	   7.35   19.27    5.50    3.32 
1999 3	 100.33   18.66    6.08    3.60 
1999 4	  76.97   25.12   12.91    4.03 
1999 5	 174.85   27.48   15.13    2.64 
1999 6	  58.60   31.17   21.31    2.78 
1999 7	  30.70   34.30   22.58    2.00 
1999 8	   1.62   37.98   21.33    1.88 
1999 9	  47.58   32.15   16.25    2.77 
1999 10	  41.60   27.37    9.43    2.74 
1999 11	  34.03   23.06    6.77    2.62 
1999 12	  95.90   16.49    1.15    3.63 
2000 1	  50.78   15.52    1.89    3.83 
2000 2	  52.43   20.31    4.19    3.57 
2000 3	 109.65   21.77    7.96    3.18 
2000 4	 129.62   23.07    9.36    3.23 
2000 5	  91.85   28.79   17.23    3.41 
2000 6	 241.15   30.52   20.23    2.76 
2000 7	  23.80   34.38   21.36    2.24 
2000 8	   0.93   37.92   21.27    1.83 
2000 9	  28.48   33.72   16.53    2.89 
2000 10	  88.38   25.56   13.48    3.04 
2000 11	 300.95   15.38    4.45    3.33 
2000 12	 141.40    9.08   -2.20    3.61 
2001 1	 106.75   10.39   -0.73    3.28 
2001 2	 216.12   16.01    3.57    3.38 
2001 3	 179.40   15.67    4.90    3.01 
2001 4	  34.78   25.37   13.00    3.74 
2001 5	 101.50   28.83   16.65    2.80 
2001 6	 150.42   31.44   19.06    2.32 
2001 7	  12.12   34.97   23.03    1.86 
2001 8	  85.47   34.65   21.91    2.21 
2001 9	 145.80   28.27   17.08    2.68 
2001 10	 121.25   24.26    9.47    3.07 
2001 11	 116.90   20.58    8.21    2.60 
2001 12	 191.57   15.69    2.90    3.14 
2002 1	  60.90   14.51    0.85    3.20 
2002 2	  51.75   14.01   -0.49    3.50 
2002 3	 145.77   17.22    3.76    3.87 
2002 4	  92.15   25.14   13.34    3.58 
2002 5	 122.48   27.72   15.94    3.62 
2002 6	  85.78   31.78   19.53    2.33 
2002 7	 116.50   33.28   22.17    2.02 
2002 8	  47.55   34.52   21.13    2.16 
2002 9	  52.47   32.08   17.89    3.31 
2002 10	 162.02   22.76   12.49    2.59 
2002 11	  26.85   18.01    4.47    3.39 
2002 12	 155.97   14.19    2.80    3.66 
2003 1	   5.75   12.03   -0.14    3.40 
2003 2	 145.35   12.73    2.55    3.60 
2003 3	  35.15   18.84    6.18    2.71 
2003 4	  36.38   25.24   10.83    3.41 
2003 5	  87.53   29.04   17.39    3.32 
2003 6	 184.45   30.63   19.71    2.18 
2003 7	  73.47   34.54   22.17    2.24 
2003 8	  35.55   35.50   22.28    1.91 
2003 9	  70.78   29.38   16.57    2.36 
2003 10	  35.30   27.03   12.28    2.44 
2003 11	  49.93   20.73    8.36    3.52 
2003 12	  57.25   15.83    1.08    3.57 
2004 1	  34.83   14.47    2.12    3.50 
2004 2	 150.28   12.62    1.39    3.64 
2004 3	  65.95   22.64    9.91    3.16 
2004 4	 121.20   24.31   11.68    3.36 
2004 5	  72.25   28.48   17.30    3.37 
2004 6	 193.72   30.77   20.18    2.17 
2004 7	  45.90   33.09   21.34    1.96 
2004 8	  80.88   32.67   19.97    2.32 
2004 9	  30.68   32.30   16.77    2.61 
2004 10	 183.50   27.63   15.87    2.98 
2004 11	 122.35   18.79    8.37    3.33 
2004 12	  61.28   15.01    0.88    3.43 
2005 1	  84.67   15.17    3.61    3.54 
2005 2	  69.42   16.29    4.21    3.25 
2005 3	  55.25   19.26    5.00    3.14 
2005 4	  25.65   24.46    9.89    3.48 
2005 5	  44.72   28.30   14.77    2.49 
2005 6	  18.25   34.49   20.20    1.94 
2005 7	 102.00   34.86   21.29    1.94 
2005 8	  22.67   37.15   21.88    1.71 
2005 9	  61.68   35.55   19.30    2.65 
2005 10	  40.40   26.67   10.79    3.10 
2005 11	  15.15   22.59    7.39    3.41 
2005 12	  17.80   15.42   -0.16    3.35 
2006 1	  92.43   19.38    3.92    3.57 
2006 2	  99.42   14.40    2.19    3.49 
2006 3	 139.80   21.61    9.22    3.85 
2006 4	  52.38   27.49   14.76    3.52 
2006 5	  55.40   29.62   17.16    2.91 
2006 6	  38.85   33.61   19.52    1.78 
2006 7	  39.87   36.38   22.63    1.93 
2006 8	  28.35   38.09   24.09    1.96 
2006 9	  32.50   31.80   16.79    2.52 
2006 10	  70.80   26.40   11.58    3.14 
2006 11	  85.07   20.65    6.73    3.22 
2006 12	 144.32   15.14    3.35    3.62 
2007 1	 199.08   10.51    0.48    3.61 
2007 2	  16.45   14.21    1.81    3.26 
2007 3	  93.03   23.06   11.03    3.16 
2007 4	  47.42   21.89    9.38    3.20 
2007 5	 146.25   27.30   17.46    2.95 
2007 6	 211.35   31.17   21.24    2.23 
2007 7	 216.72   30.82   21.29    2.10 
2007 8	  63.33   34.00   22.74    1.78 
2007 9	 118.35   30.81   19.38    1.97 
2007 10	  36.25   26.38   13.15    3.03 
2007 11	  39.45   20.49    8.06    3.00 
2007 12	 118.25   15.78    1.69    2.80 
2008 1	  45.12   12.11   -0.42    3.72 
2008 2	  61.83   17.16    2.03    3.47 
2008 3	 191.18   19.99    6.53    4.17 
2008 4	  99.18   23.38   10.37    3.35 
2008 5	 122.40   27.59   15.82    3.42 
2008 6	 140.50   32.23   21.63    3.04 
2008 7	  19.85   34.33   22.21    2.35 
2008 8	 130.10   32.96   22.18    2.15 
2008 9	 153.88   28.33   16.77    3.36 
2008 10	  75.55   24.73   10.39    2.57 
2008 11	  98.97   19.76    5.91    2.88 
2008 12	  41.50   14.65    0.50    4.02 
2009 1	  48.02   13.85    0.19    3.25 
2009 2	  30.52   19.15    4.17    3.94 
2009 3	 153.00   19.30    7.19    3.47 
2009 4	 131.95   22.74    9.49    4.04 
2009 5	 198.87   26.85   15.68    2.86 
2009 6	  35.30   32.94   21.44    2.60 
2009 7	 170.63   34.31   22.29    2.15 
2009 8	  34.78   32.78   21.65    1.91 
2009 9	 235.48   28.20   18.38    2.06 
2009 10	 450.80   21.44   10.82    3.23 
2009 11	  61.72   20.97    8.12    2.85 
2009 12	  82.15   10.04   -0.32    3.55 
2010 1	  88.67   10.59   -0.28    3.45 
2010 2	 101.15    8.68   -0.25    3.37 
2010 3	  95.15   17.85    4.54    3.25 
2010 4	  47.05   24.73   11.42    3.43 
2010 5	  43.42   29.75   17.17    2.71 
2010 6	 138.80   33.48   22.96    2.04 
2010 7	 117.17   33.80   23.56    2.32 
2010 8	  36.62   36.98   23.90    2.21 
2010 9	  56.20   31.83   19.64    2.32 
2010 10	  68.40   26.33   10.47    2.74 
2010 11	  78.35   19.82    7.67    3.55 
2010 12	  37.83   13.71    1.71    3.87 
