1949 1	 158.80   13.71    2.57    5.14 
1949 2	  81.07   17.93    5.73    4.76 
1949 3	 110.53   20.52    7.11    5.51 
1949 4	 116.65   22.75   10.75    5.18 
1949 5	 117.70   30.07   17.35    4.49 
1949 6	  63.33   32.32   20.09    3.36 
1949 7	  86.07   33.27   21.39    3.15 
1949 8	  43.77   32.70   19.01    2.98 
1949 9	  97.98   31.00   16.97    3.81 
1949 10	 312.57   24.65   13.76    4.77 
1949 11	  14.70   22.31    5.32    4.75 
1949 12	 122.12   16.58    4.62    6.29 
1950 1	 120.20   18.06    7.85    5.16 
1950 2	 169.75   18.34    6.26    4.29 
1950 3	  56.88   19.89    5.93    5.45 
1950 4	 128.28   22.87   10.71    5.29 
1950 5	 248.65   29.13   17.09    4.33 
1950 6	 147.32   30.64   19.56    3.45 
1950 7	 107.45   31.87   20.43    3.59 
1950 8	  23.22   33.56   19.61    2.57 
1950 9	 223.08   29.56   17.34    3.49 
1950 10	  31.48   27.43   13.15    4.35 
1950 11	  58.95   20.04    4.39    5.36 
1950 12	  89.75   15.41    1.92    4.91 
1951 1	  78.25   15.82    2.10    5.75 
1951 2	  90.70   16.41    3.34    5.40 
1951 3	 112.15   21.21    7.68    5.19 
1951 4	  37.97   24.08   10.96    5.14 
1951 5	  36.43   28.93   15.75    4.21 
1951 6	  97.82   32.22   20.70    4.24 
1951 7	  54.40   35.36   21.62    2.78 
1951 8	  12.03   37.44   22.07    2.44 
1951 9	 149.38   31.73   18.26    3.56 
1951 10	  16.90   27.37   13.42    4.39 
1951 11	  80.47   18.47    5.37    5.70 
1951 12	 142.85   17.60    3.94    6.24 
1952 1	  66.35   19.69    7.55    5.38 
1952 2	  93.35   18.11    5.83    5.68 
1952 3	  96.88   19.81    6.19    5.22 
1952 4	 127.88   23.04   10.06    4.51 
1952 5	 128.50   27.88   15.45    3.55 
1952 6	  24.95   33.22   20.69    3.05 
1952 7	  95.58   33.51   21.31    2.85 
1952 8	  20.85   35.38   21.52    3.56 
1952 9	  25.98   32.46   16.43    4.47 
1952 10	   0.00   25.86    6.97    4.33 
1952 11	 157.15   19.43    6.47    5.30 
1952 12	 137.90   14.49    2.33    4.65 
1953 1	  75.20   17.58    4.05    5.95 
1953 2	 102.67   16.26    3.75    5.19 
1953 3	 202.10   23.55   11.38    4.47 
1953 4	 200.18   24.05   10.78    4.90 
1953 5	 289.80   28.52   17.66    4.17 
1953 6	 128.10   34.82   21.71    3.07 
1953 7	 128.93   32.20   21.67    2.98 
1953 8	  80.93   32.60   21.53    2.41 
1953 9	  52.73   32.40   17.19    3.53 
1953 10	  71.47   28.52   12.62    3.83 
1953 11	  81.05   19.23    5.06    4.99 
1953 12	 142.65   13.69    1.07    5.43 
1954 1	  75.02   15.99    3.11    4.85 
1954 2	  20.27   21.71    5.11    5.27 
1954 3	  28.67   19.96    5.83    5.31 
1954 4	  67.38   26.16   13.92    4.10 
1954 5	 145.30   25.96   14.10    4.04 
1954 6	  24.10   32.95   19.48    3.23 
1954 7	  22.80   36.63   22.40    3.60 
1954 8	   9.70   37.32   21.57    3.37 
1954 9	  17.55   35.92   17.08    3.85 
1954 10	 131.07   28.80   13.40    4.65 
1954 11	  89.05   21.23    3.54    5.08 
1954 12	  54.95   18.49    2.07    5.08 
1955 1	  85.73   14.13    2.13    4.22 
1955 2	 116.60   16.64    2.64    5.39 
1955 3	  50.88   22.94    8.23    5.72 
1955 4	  80.35   27.22   13.40    4.60 
1955 5	 150.42   30.57   17.43    4.06 
1955 6	  22.85   32.44   17.65    3.20 
1955 7	  52.70   34.87   21.32    3.22 
1955 8	 128.25   33.62   20.92    2.63 
1955 9	  37.92   33.96   19.07    3.46 
1955 10	  57.03   28.58    9.47    4.40 
1955 11	  35.60   20.90    4.87    6.26 
1955 12	  52.50   16.74    2.67    5.60 
1956 1	  77.93   16.85    0.73    5.27 
1956 2	 116.10   18.42    4.70    5.09 
1956 3	  65.05   21.79    5.88    4.55 
1956 4	  96.78   25.08    9.93    5.10 
1956 5	  92.08   30.89   17.33    3.59 
1956 6	 103.32   32.90   19.41    3.44 
1956 7	  10.47   36.87   21.45    3.62 
1956 8	  94.62   37.32   20.73    3.05 
1956 9	   9.90   34.89   15.63    4.13 
1956 10	  27.27   30.87   11.31    3.58 
1956 11	  88.70   20.83    3.11    5.02 
1956 12	  60.10   19.56    4.16    4.58 
1957 1	 117.95   15.38    2.85    4.80 
1957 2	  95.53   20.73    8.06    4.24 
1957 3	 148.70   20.50    5.28    4.56 
1957 4	 361.20   24.81   12.02    5.55 
1957 5	 145.30   29.38   16.82    4.74 
1957 6	 132.08   31.57   20.89    4.10 
1957 7	  76.23   35.62   21.93    2.67 
1957 8	  55.28   35.08   20.93    3.58 
1957 9	 167.35   30.71   16.99    3.90 
1957 10	 269.45   24.78   10.07    5.32 
1957 11	 258.23   19.00    6.88    5.57 
1957 12	  68.18   19.08    2.72    5.16 
1958 1	  99.48   14.71   -0.60    6.55 
1958 2	  59.65   13.36    0.34    6.44 
1958 3	  82.10   17.87    2.98    5.18 
1958 4	 106.65   25.01   11.08    4.79 
1958 5	  79.97   30.04   15.85    3.58 
1958 6	 163.55   33.19   20.20    3.49 
1958 7	  31.00   34.62   21.71    3.55 
1958 8	 107.35   35.21   20.85    2.75 
1958 9	 328.10   30.12   19.34    4.42 
1958 10	  38.83   25.48   11.82    5.48 
1958 11	  67.72   21.71    6.48    4.60 
1958 12	  46.40   14.75    0.32    5.17 
1959 1	  21.77   13.40   -0.85    5.50 
1959 2	 117.60   17.30    4.13    5.53 
1959 3	  45.50   21.92    3.48    5.43 
1959 4	 125.47   23.74   10.25    4.92 
1959 5	  50.32   30.52   18.15    4.28 
1959 6	  86.85   32.74   20.03    3.62 
1959 7	 176.60   34.33   21.08    2.37 
1959 8	  85.38   34.28   21.33    2.95 
1959 9	  98.72   32.19   18.72    4.18 
1959 10	  92.38   27.31   12.10    4.52 
1959 11	  85.35   18.17    1.87    5.74 
1959 12	 156.40   16.99    3.20    5.66 
1960 1	  77.83   13.66    1.84    5.39 
1960 2	 135.32   14.13   -0.64    5.95 
1960 3	  47.48   16.71    3.34    5.00 
1960 4	  82.93   26.62   11.78    4.89 
1960 5	  26.73   29.43   14.86    4.76 
1960 6	 199.17   33.28   19.81    3.59 
1960 7	  95.45   34.80   22.02    2.45 
1960 8	 141.10   33.77   22.40    3.30 
1960 9	 108.58   32.38   17.83    3.36 
1960 10	 110.35   28.18   14.13    3.77 
1960 11	 185.88   20.84    7.77    5.08 
1960 12	 199.55   12.70    1.71    5.56 
1961 1	 173.65   12.57   -1.09    5.70 
1961 2	 136.80   18.89    4.26    4.74 
1961 3	 145.78   24.01    8.62    5.40 
1961 4	  30.07   24.12    8.76    5.40 
1961 5	  44.63   29.56   15.27    4.80 
1961 6	 152.80   30.38   19.19    3.59 
1961 7	  86.25   32.57   21.05    2.72 
1961 8	  27.95   34.24   18.91    2.59 
1961 9	 206.50   31.89   18.03    5.63 
1961 10	  64.70   26.73   10.49    4.81 
1961 11	 109.80   18.85    5.73    5.91 
1961 12	 191.85   16.29    2.15    5.00 
1962 1	  92.83   13.33   -2.17    5.96 
1962 2	  43.45   22.14    6.29    5.60 
1962 3	  45.62   19.40    4.14    5.31 
1962 4	 125.40   24.92   10.47    5.08 
1962 5	 106.22   30.56   16.87    4.61 
1962 6	 135.65   32.69   19.74    2.83 
1962 7	  86.00   35.25   21.79    2.60 
1962 8	  31.10   36.64   21.29    2.85 
1962 9	 189.95   31.99   18.58    3.32 
1962 10	  50.88   28.58   13.76    4.28 
1962 11	 122.62   19.76    5.57    5.76 
1962 12	  92.10   15.07    1.94    4.88 
1963 1	  26.38   10.68   -2.60    5.87 
1963 2	  74.03   16.78    0.80    6.17 
1963 3	  17.00   24.30    7.32    5.03 
1963 4	 104.70   27.95   14.83    5.36 
1963 5	  31.17   30.94   17.08    3.80 
1963 6	 157.50   34.23   19.94    3.28 
1963 7	  59.52   35.03   21.93    3.49 
1963 8	  49.72   36.43   20.52    2.35 
1963 9	  54.92   32.06   18.58    3.75 
1963 10	   1.18   31.39   12.73    2.84 
1963 11	 119.28   21.81    8.57    5.76 
1963 12	  65.18   11.52   -1.44    6.33 
1964 1	 108.25   14.96    0.67    5.27 
1964 2	  60.67   13.99    0.94    5.33 
1964 3	  90.53   21.42    6.84    5.32 
1964 4	 166.10   26.95   13.77    5.65 
1964 5	  91.00   29.92   17.86    3.91 
1964 6	  46.52   32.70   20.70    3.42 
1964 7	  14.50   36.03   21.56    3.35 
1964 8	  68.35   35.55   22.56    3.11 
1964 9	 115.55   30.89   19.09    3.41 
1964 10	  42.15   26.23    9.47    5.21 
1964 11	  59.73   22.16    8.17    4.94 
1964 12	  77.43   16.81    3.42    5.97 
1965 1	  85.30   17.70    3.30    5.25 
1965 2	 124.10   15.34    2.36    6.41 
1965 3	 140.58   15.81    4.12    5.91 
1965 4	  44.58   27.83   14.63    5.02 
1965 5	 245.42   28.70   18.34    5.38 
1965 6	 121.15   32.49   20.16    3.71 
1965 7	  64.53   35.12   21.94    2.69 
1965 8	  46.10   35.28   20.62    2.53 
1965 9	 145.38   31.99   19.17    4.78 
1965 10	  14.75   25.75   11.00    4.80 
1965 11	  65.58   23.70   11.22    4.57 
1965 12	 171.32   17.85    4.35    5.25 
1966 1	 153.65   11.62    1.32    6.06 
1966 2	 107.55   15.29    1.86    5.40 
1966 3	  45.88   20.69    7.05    4.95 
1966 4	 218.60   25.65   12.47    5.38 
1966 5	 173.75   28.09   16.90    4.40 
1966 6	  53.55   31.90   19.00    3.30 
1966 7	  37.67   35.59   22.84    2.59 
1966 8	 151.15   32.79   21.07    2.84 
1966 9	  77.53   30.66   17.78    2.76 
1966 10	  61.10   25.95    9.92    4.88 
1966 11	  29.00   22.77    8.16    4.89 
1966 12	 120.83   15.19    1.95    5.28 
1967 1	  21.02   15.22    1.58    5.18 
1967 2	  86.57   15.60    1.19    5.15 
1967 3	  50.75   24.64    9.19    4.94 
1967 4	  63.70   28.24   16.10    5.44 
1967 5	 124.38   28.60   14.89    5.40 
1967 6	  69.17   33.08   20.50    3.86 
1967 7	 113.47   32.70   20.66    3.86 
1967 8	  36.25   34.41   20.06    2.73 
1967 9	  38.98   30.37   16.18    4.43 
1967 10	  56.88   27.52    9.00    4.54 
1967 11	  22.62   21.73    5.95    4.94 
1967 12	 129.13   16.54    3.09    5.08 
1968 1	 161.27   11.96    2.62    5.73 
1968 2	  81.92   13.58    0.07    5.35 
1968 3	  68.95   18.81    5.91    5.16 
1968 4	 245.10   24.82   12.81    5.43 
1968 5	 195.45   28.81   16.08    4.49 
1968 6	 225.55   30.97   19.84    3.48 
1968 7	  83.70   32.53   21.09    2.85 
1968 8	  36.23   34.02   21.52    2.91 
1968 9	 223.80   29.95   16.21    3.88 
1968 10	  43.80   26.85   11.82    3.93 
1968 11	 178.77   18.93    5.06    5.57 
1968 12	 148.30   15.80    1.69    5.83 
1969 1	  37.60   15.05    3.92    5.76 
1969 2	 157.10   15.71    3.86    5.54 
1969 3	 219.07   15.83    4.35    5.42 
1969 4	 173.88   25.20   12.83    4.53 
1969 5	 173.30   28.57   15.94    3.42 
1969 6	  15.78   32.71   19.79    3.96 
1969 7	  57.00   36.51   23.32    3.14 
1969 8	  36.28   35.45   21.72    3.06 
1969 9	  70.00   32.52   17.81    3.63 
1969 10	 102.78   27.30   12.94    5.80 
1969 11	  69.05   20.85    4.72    5.01 
1969 12	 104.90   16.76    2.89    4.79 
1970 1	  36.80   11.20   -0.15    5.62 
1970 2	 113.70   16.29    2.59    5.25 
1970 3	 120.10   18.65    6.28    5.22 
1970 4	  77.60   26.03   13.81    5.24 
1970 5	 102.25   28.87   15.56    4.71 
1970 6	  26.73   32.36   19.78    3.27 
1970 7	   6.35   34.04   21.48    2.78 
1970 8	  70.40   35.43   22.32    3.13 
1970 9	  95.10   32.27   20.64    4.50 
1970 10	 167.80   24.26   11.47    4.89 
1970 11	  45.60   19.14    3.77    5.55 
1970 12	  46.35   19.99    6.87    4.69 
1971 1	   8.27   17.07    3.96    5.60 
1971 2	  66.95   17.70    3.23    6.19 
1971 3	  15.67   20.74    5.82    5.25 
1971 4	  25.90   25.37   10.68    4.86 
1971 5	 131.35   28.12   15.42    4.20 
1971 6	  42.05   33.71   20.91    3.58 
1971 7	  84.70   34.81   22.17    3.27 
1971 8	  71.90   33.00   20.44    2.32 
1971 9	 120.32   31.09   19.52    4.11 
1971 10	  88.28   27.99   14.66    3.53 
1971 11	 100.47   21.46    6.16    5.18 
1971 12	 145.10   18.25    7.74    4.92 
1972 1	 109.35   15.95    3.98    5.72 
1972 2	  26.80   17.46    3.78    5.52 
1972 3	  83.97   23.40    8.62    4.99 
1972 4	  92.80   26.33   12.81    5.38 
1972 5	  33.90   29.20   15.41    2.93 
1972 6	 127.55   33.01   20.14    4.37 
1972 7	 163.50   32.27   20.76    3.91 
1972 8	  47.85   33.90   21.17    2.74 
1972 9	  96.97   33.00   20.48    2.96 
1972 10	 211.65   25.14   12.28    4.49 
1972 11	  98.33   16.18    5.41    5.96 
1972 12	  89.18   13.44    0.84    5.42 
1973 1	 121.53   11.63   -0.09    6.24 
1973 2	  43.30   15.09    3.12    5.36 
1973 3	 187.40   22.21    9.52    5.48 
1973 4	 159.62   22.36   10.48    5.65 
1973 5	  70.17   29.04   14.52    5.17 
1973 6	 176.75   30.52   19.90    3.80 
1973 7	  54.02   33.40   21.89    2.88 
1973 8	 104.97   32.73   19.79    2.97 
1973 9	 203.42   30.43   19.30    4.04 
1973 10	 167.37   26.97   14.28    4.33 
1973 11	 110.45   24.28   11.40    5.44 
1973 12	 120.88   16.80    2.18    5.92 
1974 1	 210.78   13.90    4.12    4.39 
1974 2	  38.08   18.24    4.58    5.87 
1974 3	  35.23   23.27   12.12    5.54 
1974 4	  99.90   24.94   12.22    6.19 
1974 5	 149.02   29.08   18.55    4.93 
1974 6	  32.77   30.87   18.67    3.86 
1974 7	  99.70   34.09   20.98    2.44 
1974 8	 148.65   32.90   20.61    2.87 
1974 9	 223.82   26.37   16.40    5.12 
1974 10	 109.72   25.92   12.63    5.49 
1974 11	 142.70   18.93    7.16    5.53 
1974 12	  86.00   15.11    3.48    4.85 
1975 1	 210.32   16.80    4.89    5.20 
1975 2	 126.97   16.59    3.53    4.50 
1975 3	 110.90   19.56    8.64    5.82 
1975 4	  92.70   23.59   12.57    6.08 
1975 5	 166.98   28.31   17.83    4.35 
1975 6	 179.65   31.18   19.53    3.95 
1975 7	  35.43   32.63   21.10    2.92 
1975 8	  47.47   33.02   21.16    2.74 
1975 9	  46.22   29.42   16.12    3.79 
1975 10	 112.15   26.73   12.14    4.35 
1975 11	 108.55   20.43    6.36    5.02 
1975 12	  63.65   15.26    4.00    5.09 
1976 1	  36.25   15.60    1.05    5.94 
1976 2	  52.55   20.93    7.56    4.87 
1976 3	 124.00   20.84    9.78    5.86 
1976 4	  76.67   25.23   12.64    4.67 
1976 5	 172.38   25.85   14.09    4.19 
1976 6	 113.70   30.12   18.63    3.61 
1976 7	  87.37   31.82   21.14    2.24 
1976 8	  15.43   33.47   19.58    2.41 
1976 9	  68.53   30.18   17.35    3.04 
1976 10	  63.50   22.19    7.96    5.00 
1976 11	  54.90   15.91    3.27    5.68 
1976 12	 121.58   14.60    1.42    5.26 
1977 1	  75.57    9.39   -2.27    5.80 
1977 2	  61.25   17.53    2.93    5.99 
1977 3	 122.73   21.26    8.44    5.47 
1977 4	  68.97   24.84   12.22    4.67 
1977 5	  26.62   29.43   17.25    4.04 
1977 6	  88.85   32.90   20.86    3.64 
1977 7	  28.35   35.10   22.23    2.58 
1977 8	  89.95   33.42   22.16    3.70 
1977 9	  74.80   31.35   20.19    3.88 
1977 10	  34.05   26.34   12.20    4.31 
1977 11	  77.88   20.06    8.50    4.76 
1977 12	  65.45   15.83    3.24    6.26 
1978 1	 160.12    7.03   -2.01    6.93 
1978 2	  50.90    9.60   -0.72    6.22 
1978 3	  66.62   19.35    5.91    4.62 
1978 4	  81.80   25.53   13.14    4.87 
1978 5	  67.20   29.20   16.97    4.20 
1978 6	  49.65   32.97   19.81    2.92 
1978 7	  30.08   36.36   21.87    2.77 
1978 8	  44.32   34.68   21.60    2.99 
1978 9	  60.55   30.07   20.29    4.23 
1978 10	  45.95   27.02   10.73    4.03 
1978 11	 148.93   21.64    9.81    4.46 
1978 12	  84.38   15.64    3.29    5.87 
1979 1	 155.98    7.85   -1.18    6.65 
1979 2	 144.80   12.21    3.25    5.59 
1979 3	 168.85   20.78    8.34    5.38 
1979 4	  98.90   23.50   13.12    4.44 
1979 5	 189.68   27.13   15.17    4.36 
1979 6	 118.62   30.93   19.83    3.64 
1979 7	 146.52   32.33   22.13    3.70 
1979 8	  78.45   32.61   20.96    2.45 
1979 9	 151.15   28.95   17.16    5.07 
1979 10	 121.93   27.95   12.62    4.40 
1979 11	 175.20   18.49    4.42    5.85 
1979 12	  91.97   16.16    3.08    5.17 
1980 1	  91.05   14.17    4.71    4.59 
1980 2	  55.50   14.82    2.58    5.45 
1980 3	  88.08   19.29    6.57    5.39 
1980 4	 114.40   23.59    9.94    4.51 
1980 5	 143.88   27.93   17.07    3.67 
1980 6	  39.73   33.57   21.34    4.24 
1980 7	  35.75   36.94   22.40    2.31 
1980 8	  60.00   35.72   21.90    3.93 
1980 9	  56.33   33.80   20.70    3.32 
1980 10	  55.60   25.34   10.06    4.72 
1980 11	  94.80   18.76    5.68    5.23 
1980 12	  28.85   16.48    3.88    4.89 
1981 1	  49.60   13.86    1.58    4.67 
1981 2	  89.80   16.18    4.02    4.66 
1981 3	  87.22   20.20    7.19    4.92 
1981 4	  37.05   27.37   15.66    4.25 
1981 5	 140.35   26.97   15.61    4.65 
1981 6	 114.67   31.99   21.50    4.15 
1981 7	 170.30   33.62   22.61    3.06 
1981 8	 106.98   34.36   21.17    2.84 
1981 9	  79.15   29.92   16.85    3.54 
1981 10	 200.45   24.57   12.76    4.35 
1981 11	  49.22   21.63    7.47    4.28 
1981 12	  13.32   15.07    3.24    5.46 
1982 1	  65.93   14.89    1.51    6.05 
1982 2	  57.03   13.60    3.23    5.38 
1982 3	 106.70   20.89   10.95    5.62 
1982 4	 258.42   22.67   11.77    5.42 
1982 5	  87.60   28.25   17.40    4.30 
1982 6	 176.27   32.06   20.18    2.97 
1982 7	  58.80   33.46   22.00    2.70 
1982 8	   5.83   35.24   22.18    2.34 
1982 9	  71.18   32.13   17.83    4.24 
1982 10	 138.12   24.69   11.94    5.22 
1982 11	 176.35   18.96    8.10    5.25 
1982 12	 221.52   16.42    5.43    6.23 
1983 1	  50.10   12.30    2.81    5.04 
1983 2	 121.60   14.63    4.41    6.05 
1983 3	 122.25   19.58    6.43    5.18 
1983 4	  19.02   21.74   10.14    5.90 
1983 5	 190.35   27.54   15.02    4.43 
1983 6	 122.85   29.60   19.21    3.53 
1983 7	  29.08   32.83   21.64    3.62 
1983 8	 106.65   33.41   21.78    2.48 
1983 9	  49.55   30.69   17.48    4.45 
1983 10	  34.20   26.50   12.72    4.21 
1983 11	 122.65   20.35    7.83    5.30 
1983 12	 165.63    9.66   -1.27    6.52 
1984 1	  41.88   11.82   -0.46    5.75 
1984 2	 139.78   18.09    3.52    5.40 
1984 3	  98.50   20.48    7.98    4.82 
1984 4	  36.38   25.64   11.35    5.54 
1984 5	  62.50   29.46   16.34    5.00 
1984 6	  35.72   32.01   20.12    3.49 
1984 7	  84.62   34.70   21.56    2.49 
1984 8	  31.88   35.14   21.44    2.99 
1984 9	  98.17   30.37   17.83    5.32 
1984 10	 338.20   25.74   15.15    4.70 
1984 11	  81.10   19.44    7.10    5.67 
1984 12	  78.27   19.88    9.82    5.50 
1985 1	  76.88   10.40   -0.59    5.32 
1985 2	 133.90   13.62    3.21    5.26 
1985 3	  94.10   22.42   11.15    5.34 
1985 4	 169.07   26.21   13.46    5.04 
1985 5	  81.88   28.99   16.50    3.82 
1985 6	  21.32   32.95   20.37    4.09 
1985 7	  97.50   33.54   21.54    2.83 
1985 8	  63.38   35.57   21.74    2.86 
1985 9	  98.62   32.52   18.48    4.77 
1985 10	 222.00   25.36   15.51    5.60 
1985 11	 206.92   21.53   11.52    5.01 
1985 12	  56.22   13.51    0.35    5.06 
1986 1	  11.38   16.45    3.63    5.38 
1986 2	  61.47   19.04    6.64    5.41 
1986 3	  10.27   22.96    7.80    4.10 
1986 4	 121.10   25.36   14.03    4.64 
1986 5	 193.25   27.57   16.67    4.13 
1986 6	 219.47   31.53   21.17    2.76 
1986 7	  57.33   34.23   22.56    3.10 
1986 8	  72.47   33.42   20.66    2.92 
1986 9	  96.78   31.13   21.28    3.45 
1986 10	 154.27   24.75   13.12    4.39 
1986 11	 192.90   18.54    9.66    5.58 
1986 12	 133.55   12.99    3.76    5.34 
1987 1	  31.22   13.77    1.93    5.16 
1987 2	 148.15   15.99    6.29    5.43 
1987 3	  55.05   20.36    6.57    4.97 
1987 4	  12.68   26.23    9.98    3.71 
1987 5	  55.87   29.53   17.62    3.23 
1987 6	 141.40   31.51   20.15    4.23 
1987 7	  80.80   33.37   21.79    3.23 
1987 8	  40.75   35.73   22.81    3.12 
1987 9	  73.53   30.35   17.35    3.64 
1987 10	  46.73   25.50   10.80    4.69 
1987 11	 199.38   20.94    8.43    5.59 
1987 12	 130.92   16.06    4.69    5.15 
1988 1	  28.85   11.43    0.51    5.87 
1988 2	  41.25   15.52    3.17    5.23 
1988 3	 111.83   20.53    7.17    5.18 
1988 4	  35.80   25.89   11.47    4.50 
1988 5	  12.20   29.10   14.99    3.89 
1988 6	  13.57   33.42   19.36    3.56 
1988 7	  99.65   33.73   21.90    3.50 
1988 8	 112.97   34.38   22.10    2.91 
1988 9	  55.00   31.95   18.90    4.44 
1988 10	  72.05   25.66   12.31    4.32 
1988 11	  63.17   21.58    8.25    5.93 
1988 12	  84.33   16.11    4.29    5.04 
1989 1	 218.97   15.90    6.30    5.04 
1989 2	  66.38   13.33    3.32    6.35 
1989 3	 158.75   20.50    8.53    5.73 
1989 4	  26.30   25.30   13.24    4.69 
1989 5	 151.75   29.80   17.84    4.68 
1989 6	 269.52   29.19   18.97    4.90 
1989 7	  74.75   31.72   21.20    3.60 
1989 8	  30.83   32.76   21.15    2.67 
1989 9	 119.03   30.11   16.52    4.30 
1989 10	  53.15   27.11   10.61    4.76 
1989 11	  56.33   21.97    7.22    5.48 
1989 12	  40.10   11.99   -3.41    6.05 
1990 1	 164.43   17.45    4.69    4.75 
1990 2	 124.00   20.10    5.94    5.94 
1990 3	 113.23   21.27    8.72    4.95 
1990 4	  58.45   25.16   10.99    5.01 
1990 5	 329.90   28.63   17.23    5.12 
1990 6	  26.52   33.97   21.20    3.54 
1990 7	  87.93   34.33   21.06    2.75 
1990 8	  19.10   35.66   21.29    2.65 
1990 9	  54.80   32.98   19.52    2.59 
1990 10	  92.18   26.63   10.43    4.50 
1990 11	  93.82   23.02    7.84    4.93 
1990 12	 116.77   15.77    1.94    5.28 
1991 1	 265.40   11.22    1.78    5.47 
1991 2	 164.88   17.76    4.20    5.28 
1991 3	  40.40   22.11    8.27    5.87 
1991 4	 248.47   25.13   14.19    4.90 
1991 5	 225.88   28.36   18.85    5.07 
1991 6	  84.77   32.48   21.77    3.62 
1991 7	  30.55   34.57   22.96    2.85 
1991 8	 212.20   33.57   22.17    2.16 
1991 9	  40.15   29.96   18.08    4.02 
1991 10	 100.38   28.48   12.73    4.47 
1991 11	 116.95   17.32    3.88    6.02 
1991 12	 182.15   16.07    5.83    5.61 
1992 1	 112.08   13.61    2.05    5.02 
1992 2	 238.60   18.16    5.37    5.06 
1992 3	 169.27   21.79    7.83    4.87 
1992 4	  54.62   24.47   11.51    3.93 
1992 5	 109.15   26.69   15.69    3.49 
1992 6	  42.40   30.81   20.10    3.32 
1992 7	  37.45   33.41   22.50    3.97 
1992 8	  64.95   31.94   19.46    2.85 
1992 9	  93.67   30.24   18.49    4.37 
1992 10	  76.23   27.41   11.35    4.37 
1992 11	 136.85   17.27    4.60    5.51 
1992 12	 175.62   14.39    4.62    4.54 
1993 1	  95.28   13.44    2.86    5.03 
1993 2	  72.85   16.69    3.52    5.41 
1993 3	 207.17   19.19    5.49    5.05 
1993 4	 131.68   22.92    9.05    5.32 
1993 5	 108.83   27.23   15.42    4.27 
1993 6	 190.72   31.83   21.78    4.84 
1993 7	  17.00   35.21   23.03    3.19 
1993 8	  16.35   36.93   23.01    2.68 
1993 9	  67.05   33.25   18.47    3.62 
1993 10	  97.20   25.16   12.75    4.78 
1993 11	  86.15   17.19    3.65    5.52 
1993 12	  91.05   15.66    3.19    5.42 
1994 1	  52.83   13.90    2.22    5.94 
1994 2	 128.15   16.30    2.87    4.85 
1994 3	  56.88   21.40    7.17    4.33 
1994 4	 105.35   26.24   11.38    4.57 
1994 5	 151.30   27.42   15.92    3.86 
1994 6	  46.12   33.62   21.60    4.05 
1994 7	  64.62   34.69   21.99    3.68 
1994 8	 257.93   33.23   20.71    2.61 
1994 9	 129.67   31.37   16.82    3.20 
1994 10	 324.57   25.80   13.40    5.01 
1994 11	  39.68   22.44    9.05    5.33 
1994 12	 226.32   16.16    4.81    4.87 
1995 1	 107.87   15.33    3.05    5.71 
1995 2	  47.27   18.81    3.14    4.95 
1995 3	 130.80   20.54    8.84    5.40 
1995 4	 222.60   24.86   10.67    5.18 
1995 5	  95.70   29.28   17.72    4.87 
1995 6	  73.30   32.68   18.62    3.53 
1995 7	  94.63   35.11   22.04    3.85 
1995 8	  38.97   36.02   22.81    2.72 
1995 9	  96.48   32.45   17.69    3.42 
1995 10	 101.95   27.80   10.48    5.73 
1995 11	  23.48   21.20    5.71    5.49 
1995 12	 106.20   16.32    5.49    5.83 
1996 1	  25.38   16.69    1.27    5.90 
1996 2	  12.90   18.95    5.63    5.85 
1996 3	  41.20   19.47    4.43    5.69 
1996 4	 118.50   25.86   10.48    5.29 
1996 5	  21.62   31.63   21.22    4.92 
1996 6	  87.48   32.96   21.61    3.21 
1996 7	  52.05   35.77   24.39    3.12 
1996 8	 200.50   33.63   22.98    3.03 
1996 9	 277.15   30.75   19.27    3.48 
1996 10	  45.20   26.21   13.15    5.62 
1996 11	  98.28   20.45    9.35    5.83 
1996 12	  80.75   18.35    6.34    5.23 
1997 1	  95.53   14.35    3.82    6.05 
1997 2	 201.02   16.82    6.33    5.80 
1997 3	 176.27   23.07   11.61    4.75 
1997 4	 175.55   22.58   11.24    5.81 
1997 5	 106.93   27.93   17.36    3.91 
1997 6	 135.35   30.19   20.94    3.32 
1997 7	  82.60   32.19   24.11    2.26 
1997 8	 296.93   33.51   22.69    2.89 
1997 9	  78.48   32.71   18.89    3.28 
1997 10	 147.25   25.69   13.02    5.57 
1997 11	 122.93   17.51    5.48    5.17 
1997 12	 114.32   14.05    1.52    5.46 
1998 1	 178.40   16.53    5.36    4.72 
1998 2	 147.75   17.68    4.24    4.96 
1998 3	  69.88   20.12    7.33    6.08 
1998 4	  45.05   24.62   10.47    4.96 
1998 5	   0.95   32.10   19.57    4.05 
1998 6	  15.50   36.50   25.12    5.65 
1998 7	  10.12   39.30   26.40    3.68 
1998 8	 100.12   36.70   24.88    2.40 
1998 9	 204.88   33.72   23.61    6.18 
1998 10	 116.40   27.09   15.80    5.33 
1998 11	 174.45   20.88   10.80    4.54 
1998 12	 196.25   16.41    5.98    5.33 
1999 1	 219.80   18.52    5.20    5.87 
1999 2	  17.58   21.48    7.61    4.74 
1999 3	 131.15   21.09    8.45    5.19 
1999 4	  51.70   27.50   15.39    5.50 
1999 5	 115.43   29.18   18.18    3.83 
1999 6	 121.05   32.00   23.43    3.96 
1999 7	  23.12   34.52   24.64    2.92 
1999 8	   0.35   38.48   23.34    2.76 
1999 9	  88.62   33.30   17.35    4.25 
1999 10	  52.72   27.84   11.59    4.62 
1999 11	   9.27   24.56    6.44    4.16 
1999 12	  68.60   18.58    1.73    5.73 
2000 1	  37.90   17.64    5.33    5.76 
2000 2	  38.10   22.49    6.61    5.16 
2000 3	 146.98   24.30   11.07    4.61 
2000 4	 132.47   25.18   11.34    4.49 
2000 5	 153.97   30.48   19.70    4.67 
2000 6	 147.68   32.37   21.77    4.04 
2000 7	   3.50   36.71   22.67    3.21 
2000 8	  13.03   38.79   22.72    2.29 
2000 9	  78.78   34.71   18.50    4.54 
2000 10	  27.15   27.71   13.86    4.92 
2000 11	 405.48   18.11    6.06    5.53 
2000 12	 153.12   11.64    0.06    5.83 
2001 1	 116.57   12.26    0.76    5.23 
2001 2	 186.50   19.01    5.94    5.05 
2001 3	 227.40   17.06    5.63    4.75 
2001 4	   9.22   26.83   14.20    5.60 
2001 5	 108.25   30.67   17.15    4.18 
2001 6	 354.40   31.58   20.03    3.55 
2001 7	  18.40   35.16   23.33    2.54 
2001 8	  95.12   35.54   22.62    3.30 
2001 9	 175.52   30.41   18.35    4.37 
2001 10	 143.70   25.84    9.83    5.20 
2001 11	  89.25   23.52    8.65    4.33 
2001 12	 209.78   18.37    3.77    5.07 
2002 1	  64.50   17.31    3.38    5.10 
2002 2	  78.10   16.43    0.55    5.52 
2002 3	  89.40   20.73    7.13    5.75 
2002 4	  85.22   26.94   15.93    4.89 
2002 5	  93.18   30.48   17.99    5.44 
2002 6	  57.97   32.68   20.92    3.73 
2002 7	 118.08   34.52   22.64    2.81 
2002 8	  82.70   35.18   22.89    3.25 
2002 9	  43.17   33.08   19.74    5.36 
2002 10	 221.90   25.09   15.45    4.08 
2002 11	 182.08   19.31    4.96    5.23 
2002 12	 267.08   16.04    2.88    5.87 
2003 1	  17.55   14.37    1.10    5.34 
2003 2	 221.50   15.43    4.98    5.27 
2003 3	  48.12   20.92    7.80    3.77 
2003 4	  36.63   27.10   12.78    4.62 
2003 5	  28.88   31.49   19.45    4.80 
2003 6	 114.72   33.12   21.36    3.20 
2003 7	 151.65   34.45   22.53    3.38 
2003 8	  84.18   35.53   23.04    3.01 
2003 9	 116.68   30.31   19.03    3.92 
2003 10	  55.05   27.63   12.85    4.14 
2003 11	 142.23   23.19   10.16    5.51 
2003 12	  72.08   17.97    2.06    5.53 
2004 1	 132.28   16.34    4.16    5.33 
2004 2	 217.23   13.66    3.68    5.55 
2004 3	  91.62   23.28   11.46    4.61 
2004 4	 179.88   25.23   13.21    4.62 
2004 5	  90.75   29.49   18.81    4.80 
2004 6	 252.40   31.22   21.81    3.57 
2004 7	  17.68   33.93   22.60    2.58 
2004 8	  92.03   34.16   20.58    3.56 
2004 9	  60.38   32.34   18.74    4.35 
2004 10	 195.12   28.65   18.96    4.51 
2004 11	 277.50   19.77   10.21    5.30 
2004 12	  81.97   15.95    1.49    5.79 
2005 1	  89.53   16.60    5.61    5.20 
2005 2	 149.30   16.89    6.94    4.95 
2005 3	  78.43   20.56    7.18    4.47 
2005 4	  99.33   25.24   10.65    4.88 
2005 5	  56.15   29.08   15.66    3.66 
2005 6	  66.65   34.18   21.43    2.96 
2005 7	  64.53   34.98   22.94    3.17 
2005 8	 112.98   36.22   22.78    2.50 
2005 9	 151.35   35.78   20.96    4.20 
2005 10	  31.95   27.29   11.45    5.09 
2005 11	  30.25   23.05    8.73    5.32 
2005 12	  34.97   16.13    0.27    5.50 
2006 1	 126.88   19.73    3.14    5.11 
2006 2	 136.75   15.49    1.31    5.20 
2006 3	 118.28   22.21    9.18    5.66 
2006 4	  48.35   28.47   14.89    4.92 
2006 5	 114.02   29.31   16.88    4.14 
2006 6	  67.05   33.31   20.28    2.58 
2006 7	 100.88   34.46   22.95    2.60 
2006 8	 105.95   36.45   23.65    2.71 
2006 9	  95.65   31.51   16.82    3.67 
2006 10	 241.53   26.25   12.38    4.78 
2006 11	  86.80   21.00    6.44    5.14 
2006 12	 103.35   15.91    3.79    5.85 
2007 1	 196.30   13.28    2.14    5.70 
2007 2	  61.50   15.23    2.55    4.77 
2007 3	  28.90   23.95    9.91    4.49 
2007 4	  31.73   23.02   10.41    4.78 
2007 5	 145.28   28.64   17.74    4.50 
2007 6	 100.65   31.61   21.64    3.42 
2007 7	 172.30   31.31   22.04    3.38 
2007 8	  55.03   34.63   23.83    2.75 
2007 9	  52.62   32.05   20.06    3.38 
2007 10	  56.35   27.82   13.95    5.09 
2007 11	 117.67   21.80    8.87    4.52 
2007 12	 102.97   15.41    2.41    4.40 
2008 1	  30.12   13.52    1.13    6.17 
2008 2	 109.48   18.67    3.84    5.10 
2008 3	 115.00   22.24    7.77    5.95 
2008 4	  43.22   24.65   11.39    4.98 
2008 5	  74.38   28.03   15.59    4.90 
2008 6	  78.50   33.24   21.80    3.94 
2008 7	  21.85   35.73   21.91    3.16 
2008 8	 131.50   33.05   22.36    3.39 
2008 9	 113.40   29.30   17.90    5.38 
2008 10	  13.60   26.39    9.73    4.39 
2008 11	  95.00   20.83    5.62    4.85 
2008 12	  54.98   15.29    1.41    5.99 
2009 1	  39.35   15.84    1.34    5.07 
2009 2	  48.18   19.82    5.13    5.69 
2009 3	 165.40   20.63    7.91    5.11 
2009 4	 133.25   23.79   10.23    5.95 
2009 5	  67.00   29.00   17.61    4.37 
2009 6	   9.95   34.66   21.66    3.38 
2009 7	  97.52   35.54   22.68    2.91 
2009 8	  54.70   35.19   22.07    2.31 
2009 9	 110.40   29.69   18.66    3.41 
2009 10	 322.60   24.13   12.54    5.17 
2009 11	  69.68   21.64    7.45    4.89 
2009 12	 113.35   11.57    1.12    5.91 
2010 1	  54.10   13.31    0.10    5.40 
2010 2	 126.72   10.77   -0.05    5.58 
2010 3	  60.58   18.52    4.99    4.67 
2010 4	  23.50   25.64   11.43    4.87 
2010 5	  17.65   31.74   18.26    3.85 
2010 6	  88.10   35.09   22.70    2.94 
2010 7	  50.23   34.47   23.30    3.65 
2010 8	  15.65   38.28   23.24    3.17 
2010 9	  92.38   33.16   20.07    4.01 
2010 10	   5.95   28.21   11.17    4.27 
2010 11	  45.15   21.02    8.47    5.23 
2010 12	  26.00   15.73    2.16    6.02 
