1949 1	  82.10    5.27   -6.87    3.58 
1949 2	  13.30   14.75   -1.33    3.25 
1949 3	   9.73   21.36    1.00    4.10 
1949 4	  37.97   21.81    4.87    3.36 
1949 5	  85.95   28.14   11.25    4.27 
1949 6	  69.00   32.28   15.07    4.55 
1949 7	  69.07   33.63   17.23    3.41 
1949 8	  58.12   32.18   15.17    2.58 
1949 9	 145.23   27.52   12.98    2.97 
1949 10	  10.12   23.04    5.17    2.94 
1949 11	   0.00   22.97    0.87    2.36 
1949 12	   9.73   13.82   -3.86    3.09 
1950 1	   4.58   16.90   -1.92    3.12 
1950 2	   1.82   20.26   -1.61    3.09 
1950 3	   0.00   22.08   -0.90    4.19 
1950 4	  11.07   25.58    4.72    4.18 
1950 5	  13.30   29.62    9.50    3.75 
1950 6	  57.60   33.75   15.74    4.55 
1950 7	 161.05   31.23   16.38    3.83 
1950 8	  72.85   32.09   14.66    3.14 
1950 9	 135.85   28.22   12.45    3.09 
1950 10	  11.55   28.21    7.87    2.95 
1950 11	   0.00   21.46   -1.44    2.75 
1950 12	   0.12   17.21   -4.05    2.05 
1951 1	   3.98   13.98   -6.43    3.23 
1951 2	  18.05   16.73   -3.34    3.83 
1951 3	  14.00   19.12   -0.01    3.78 
1951 4	   6.55   24.38    3.04    3.87 
1951 5	  50.30   29.34   10.41    4.19 
1951 6	  18.17   34.13   14.43    4.67 
1951 7	  40.58   36.04   17.74    3.97 
1951 8	  34.58   34.96   17.05    3.62 
1951 9	  35.08   31.43   12.22    3.58 
1951 10	  18.92   26.66    7.22    3.35 
1951 11	   2.32   17.61   -1.48    2.96 
1951 12	   1.30   14.95   -2.58    3.10 
1952 1	   9.62   16.34   -1.15    2.88 
1952 2	   4.18   16.62   -2.64    3.53 
1952 3	   2.10   18.15   -0.91    4.45 
1952 4	  19.52   23.73    4.92    3.78 
1952 5	  34.72   29.37    9.71    3.68 
1952 6	  34.23   34.43   17.03    4.99 
1952 7	  56.80   32.78   17.08    3.62 
1952 8	  40.45   35.59   18.44    3.44 
1952 9	  29.90   29.19   12.37    2.69 
1952 10	   0.00   25.54    4.63    2.85 
1952 11	  22.07   14.75   -0.71    2.95 
1952 12	   0.28   13.40   -4.41    2.53 
1953 1	  16.07   17.90   -0.48    3.80 
1953 2	   6.60   14.90   -3.90    3.15 
1953 3	   8.12   21.59    3.04    3.35 
1953 4	  22.72   24.17    4.92    3.70 
1953 5	  60.05   27.86    9.51    4.13 
1953 6	   0.93   35.77   16.97    4.68 
1953 7	  68.75   34.55   17.17    4.05 
1953 8	  80.72   33.08   15.90    3.05 
1953 9	  10.30   31.76   10.96    2.65 
1953 10	  66.33   24.06    6.80    3.12 
1953 11	   3.60   18.64    0.54    2.72 
1953 12	   4.10   11.48   -5.55    3.25 
1954 1	   0.15   16.32   -2.72    2.66 
1954 2	   0.28   19.94   -0.02    3.32 
1954 3	   0.00   19.35    0.68    3.62 
1954 4	  25.73   27.01    8.83    3.64 
1954 5	  83.88   26.42    9.63    3.72 
1954 6	  10.47   32.69   15.89    4.31 
1954 7	  12.30   35.06   17.81    3.08 
1954 8	  55.00   32.64   17.75    3.09 
1954 9	   7.00   31.86   14.16    3.12 
1954 10	 104.55   24.94    8.55    2.88 
1954 11	   0.95   19.97    1.14    2.52 
1954 12	   4.97   15.51   -2.90    2.84 
1955 1	  24.10   11.33   -2.49    3.00 
1955 2	   0.20   14.63   -4.72    3.16 
1955 3	   2.88   20.93    1.42    3.37 
1955 4	   7.43   26.09    6.03    4.00 
1955 5	  61.17   28.08   10.99    3.52 
1955 6	   3.30   33.40   14.57    4.05 
1955 7	  62.40   32.44   17.02    3.48 
1955 8	  19.22   32.83   16.33    2.49 
1955 9	  44.23   30.73   13.53    2.95 
1955 10	 181.80   24.55    7.02    2.61 
1955 11	   6.65   17.75    0.08    3.00 
1955 12	   0.00   15.88   -2.05    2.95 
1956 1	   0.97   14.50   -3.08    2.67 
1956 2	  42.40   12.14   -4.42    3.57 
1956 3	   0.00   22.00    0.28    3.37 
1956 4	   2.58   23.78    4.04    3.70 
1956 5	  47.95   31.42   11.53    4.48 
1956 6	  31.10   34.70   16.54    4.16 
1956 7	  39.65   34.09   16.58    3.77 
1956 8	  28.12   33.30   15.37    3.30 
1956 9	  12.48   32.50   11.93    3.14 
1956 10	  45.73   26.21    7.59    2.78 
1956 11	   0.00   17.47   -1.50    2.57 
1956 12	   4.10   15.25   -2.09    2.78 
1957 1	   4.12   14.08   -3.01    2.95 
1957 2	  19.65   18.53    3.34    3.10 
1957 3	  19.60   19.07    1.66    3.58 
1957 4	  21.20   22.60    4.59    3.87 
1957 5	  97.82   26.26    9.99    3.21 
1957 6	  34.92   32.49   14.67    3.86 
1957 7	  26.80   34.95   17.34    3.43 
1957 8	  72.62   32.81   16.57    3.06 
1957 9	  30.93   28.99   10.98    2.81 
1957 10	  63.00   21.05    7.67    2.90 
1957 11	  24.28   12.77   -0.36    2.91 
1957 12	   0.00   16.16   -2.27    2.83 
1958 1	  27.58   10.28   -4.60    3.01 
1958 2	  14.65   14.19   -2.13    3.80 
1958 3	  55.92   13.33   -0.50    3.47 
1958 4	  34.25   21.47    4.74    3.75 
1958 5	  30.67   29.10   10.98    2.86 
1958 6	  62.67   34.42   16.57    4.20 
1958 7	  71.45   34.99   17.70    4.39 
1958 8	  35.60   34.02   16.64    2.51 
1958 9	 193.13   28.14   13.86    2.90 
1958 10	  55.42   20.34    7.60    2.43 
1958 11	  19.28   18.49    0.99    2.45 
1958 12	   2.00   14.90   -4.42    2.59 
1959 1	   0.60   14.77   -5.53    3.16 
1959 2	   1.90   13.99   -2.72    3.70 
1959 3	   1.17   19.82   -0.88    3.84 
1959 4	   7.53   23.29    5.14    3.68 
1959 5	  69.53   28.14   11.14    4.09 
1959 6	  32.75   32.56   14.81    3.61 
1959 7	  67.03   31.66   16.04    2.62 
1959 8	  47.30   33.01   16.60    2.87 
1959 9	  18.90   31.32   12.47    3.51 
1959 10	  47.12   23.59    5.11    2.54 
1959 11	   4.55   16.53   -2.96    2.34 
1959 12	  17.28   13.20   -2.38    2.90 
1960 1	  17.60   11.35   -5.07    2.80 
1960 2	   7.25   12.22   -5.86    4.15 
1960 3	   7.72   18.65   -0.89    3.33 
1960 4	   8.05   26.03    4.97    3.78 
1960 5	  12.30   29.61    8.37    3.58 
1960 6	 116.42   33.68   15.94    3.96 
1960 7	 187.62   30.77   16.76    3.02 
1960 8	  49.20   31.65   16.08    3.02 
1960 9	  28.17   29.91   11.99    2.63 
1960 10	 104.53   24.59    6.95    2.60 
1960 11	   0.40   19.33   -0.10    2.65 
1960 12	  47.13    7.61   -5.35    3.22 
1961 1	  23.30   11.57   -7.17    2.59 
1961 2	  34.95   15.26   -3.63    3.26 
1961 3	  31.25   18.77   -0.45    3.60 
1961 4	   3.35   24.91    3.62    3.89 
1961 5	  40.28   29.70    9.71    3.97 
1961 6	  54.62   31.66   14.08    3.48 
1961 7	  98.05   30.98   15.59    3.18 
1961 8	  65.72   31.32   14.92    2.41 
1961 9	  12.45   28.82   11.53    3.43 
1961 10	   3.60   25.49    4.98    2.98 
1961 11	  32.88   13.82   -1.02    3.10 
1961 12	   7.07   13.53   -4.00    2.96 
1962 1	   7.40   11.31   -8.49    3.32 
1962 2	  11.57   19.36   -1.60    3.25 
1962 3	   2.75   17.56   -1.53    4.15 
1962 4	  11.95   24.98    4.79    3.65 
1962 5	   3.32   31.71   10.81    4.95 
1962 6	  70.30   31.24   14.71    3.83 
1962 7	 122.28   32.22   17.61    3.54 
1962 8	  36.63   33.54   16.55    2.68 
1962 9	  98.42   28.14   13.91    2.60 
1962 10	  42.38   23.42    7.05    2.86 
1962 11	   3.53   18.76    1.25    2.54 
1962 12	   7.08   13.47   -2.97    2.54 
1963 1	   0.20   11.64   -9.55    2.89 
1963 2	  14.57   16.42   -2.57    2.93 
1963 3	   4.60   20.88    0.37    3.91 
1963 4	  42.35   25.72    6.31    3.46 
1963 5	  98.40   29.23   11.12    4.07 
1963 6	  73.80   31.19   15.25    4.07 
1963 7	  51.60   33.55   18.02    3.82 
1963 8	  62.60   32.61   17.05    2.45 
1963 9	  22.38   29.60   13.56    2.00 
1963 10	   4.83   27.16    7.43    2.17 
1963 11	  11.45   18.85   -0.26    2.46 
1963 12	   4.53   10.97   -5.82    2.40 
1964 1	   2.83   12.68   -7.23    3.23 
1964 2	   6.02   11.49   -7.20    3.38 
1964 3	   2.92   19.18   -1.87    3.62 
1964 4	   0.00   25.21    3.58    3.49 
1964 5	  36.23   29.49   10.79    3.99 
1964 6	  34.50   32.64   14.93    4.13 
1964 7	   5.45   34.82   17.94    3.21 
1964 8	  18.70   33.92   17.43    3.23 
1964 9	  71.00   28.20   14.29    2.66 
1964 10	   1.20   25.27    6.27    2.41 
1964 11	  11.93   17.65    0.69    2.87 
1964 12	   6.18   13.26   -2.64    2.92 
1965 1	   0.80   15.59   -2.36    3.24 
1965 2	  11.62   14.39   -4.89    3.29 
1965 3	   0.22   15.57   -2.75    3.52 
1965 4	   8.30   25.53    6.52    3.50 
1965 5	  48.67   27.97   11.93    3.88 
1965 6	  93.25   31.33   15.63    4.59 
1965 7	  41.08   33.17   17.87    3.18 
1965 8	  25.48   31.33   16.20    2.99 
1965 9	  52.42   29.05   12.24    3.06 
1965 10	   4.38   25.05    5.40    2.23 
1965 11	   1.98   20.18    3.06    2.24 
1965 12	  25.12   14.63   -0.06    3.14 
1966 1	   7.78    9.10   -5.95    2.91 
1966 2	   1.85   12.56   -4.85    3.27 
1966 3	   5.25   20.60    1.94    4.06 
1966 4	  46.05   23.04    5.75    3.54 
1966 5	  14.70   27.79   11.15    3.17 
1966 6	  71.15   30.91   15.68    4.26 
1966 7	  11.35   34.66   19.12    3.33 
1966 8	 224.23   29.44   16.36    2.98 
1966 9	  32.80   27.40   13.97    1.83 
1966 10	   0.22   23.06    5.17    2.32 
1966 11	   1.55   20.34    2.34    3.08 
1966 12	   0.08   13.38   -5.58    2.63 
1967 1	   0.00   15.58   -5.46    2.81 
1967 2	   0.92   16.45   -3.54    3.15 
1967 3	  14.68   23.94    1.83    3.92 
1967 4	   3.70   26.50    7.09    4.68 
1967 5	   3.35   29.55    8.19    3.61 
1967 6	 103.65   31.85   15.21    4.73 
1967 7	  72.22   32.57   16.89    3.70 
1967 8	  16.00   31.20   15.26    2.84 
1967 9	  26.60   28.22   11.98    2.73 
1967 10	   0.60   26.67    5.07    3.35 
1967 11	   3.33   18.71    0.90    3.03 
1967 12	   2.72   11.15   -4.80    3.26 
1968 1	  42.15   13.04   -2.59    2.93 
1968 2	  22.20   14.34   -2.16    2.87 
1968 3	  44.10   18.44    1.52    4.05 
1968 4	  17.50   22.66    4.13    3.92 
1968 5	  57.03   28.39    9.57    4.19 
1968 6	  83.05   33.37   13.60    4.04 
1968 7	 159.97   30.66   15.52    3.92 
1968 8	  72.30   31.33   15.35    3.82 
1968 9	   2.73   29.83    8.97    2.96 
1968 10	  13.45   27.49    5.25    3.48 
1968 11	  25.68   16.27   -1.47    3.34 
1968 12	   4.55   14.62   -5.72    3.61 
1969 1	   0.05   17.74   -2.60    3.33 
1969 2	  19.00   15.63   -3.18    3.23 
1969 3	  44.20   14.70   -4.27    3.96 
1969 4	  36.78   25.39    5.94    4.15 
1969 5	 138.13   28.56   10.04    3.69 
1969 6	  43.85   32.13   13.02    3.83 
1969 7	  30.15   35.76   16.87    3.42 
1969 8	  21.55   34.41   16.36    2.96 
1969 9	  79.12   28.29   12.45    2.48 
1969 10	 150.20   21.83    5.21    3.60 
1969 11	   7.50   17.89   -0.70    2.58 
1969 12	  23.50   15.12   -2.68    2.59 
1970 1	   0.00   12.76   -5.98    2.50 
1970 2	   4.48   17.17   -1.40    2.72 
1970 3	  28.48   17.08   -1.38    3.24 
1970 4	  30.45   24.06    3.95    3.42 
1970 5	  34.30   29.72    8.47    3.73 
1970 6	  55.10   31.23   13.67    3.64 
1970 7	  45.67   32.99   16.22    3.37 
1970 8	  20.68   32.84   15.32    2.92 
1970 9	  67.90   29.18   12.49    3.18 
1970 10	  27.33   21.67    3.07    2.54 
1970 11	   0.00   18.80   -0.91    2.86 
1970 12	   0.03   17.13   -3.06    2.37 
1971 1	   0.08   15.37   -5.05    2.85 
1971 2	   9.55   15.79   -4.90    3.32 
1971 3	   4.60   21.77   -1.13    3.42 
1971 4	  17.15   24.71    4.21    3.54 
1971 5	  11.20   29.23    8.66    3.83 
1971 6	   4.28   34.08   14.60    4.31 
1971 7	  46.83   34.45   15.39    3.00 
1971 8	 123.33   28.52   13.99    2.25 
1971 9	 105.72   27.83   11.11    3.22 
1971 10	  39.85   22.78    5.94    2.63 
1971 11	  39.28   18.32   -0.03    2.81 
1971 12	  18.22   13.90   -2.95    3.29 
1972 1	   0.88   15.47   -5.22    3.16 
1972 2	   0.00   18.60   -4.73    3.08 
1972 3	   8.77   23.72    1.28    3.54 
1972 4	   0.00   27.40    5.65    4.11 
1972 5	  25.37   28.13    9.67    3.52 
1972 6	  75.17   32.99   13.81    3.03 
1972 7	  87.10   31.90   14.64    3.65 
1972 8	 176.65   30.36   13.70    2.95 
1972 9	 103.37   27.96   11.41    2.90 
1972 10	  38.67   22.96    5.25    2.95 
1972 11	  14.38   13.03   -3.86    2.74 
1972 12	   7.30   13.12   -6.90    3.20 
1973 1	  33.97    9.17   -7.00    3.51 
1973 2	  44.75   12.07   -5.51    3.25 
1973 3	  44.00   17.81   -1.29    3.83 
1973 4	  12.27   21.36    0.06    3.32 
1973 5	  24.62   27.94    6.73    3.48 
1973 6	  26.48   33.01   10.40    3.73 
1973 7	  99.88   32.31   13.58    3.42 
1973 8	  59.27   33.13   11.95    3.07 
1973 9	  24.10   29.22    9.68    3.16 
1973 10	  12.48   27.23    3.38    2.81 
1973 11	   0.00   21.61   -1.81    3.32 
1973 12	   0.00   16.39   -5.19    3.82 
1974 1	  13.47   14.90   -4.42    3.13 
1974 2	   0.50   17.64   -4.84    3.67 
1974 3	   9.52   24.67    3.58    3.90 
1974 4	  19.43   26.09    6.32    5.00 
1974 5	   3.97   32.37   11.13    4.00 
1974 6	  38.10   34.65   13.60    3.96 
1974 7	  13.02   34.43   15.97    3.52 
1974 8	 239.73   30.03   14.45    3.11 
1974 9	 183.25   23.42    9.24    3.13 
1974 10	  88.88   21.34    6.87    3.16 
1974 11	   6.78   16.07    0.36    2.77 
1974 12	  20.52   11.60   -3.60    3.08 
1975 1	   4.77   13.74   -3.21    3.46 
1975 2	  29.90   13.97   -2.90    3.23 
1975 3	   3.42   19.97   -0.26    3.73 
1975 4	  13.75   23.46    2.71    4.35 
1975 5	  45.57   27.56    8.25    3.49 
1975 6	  58.08   33.19   13.70    4.67 
1975 7	 108.55   30.62   16.10    3.13 
1975 8	   9.42   32.31   14.27    3.19 
1975 9	  61.40   27.13   10.00    3.11 
1975 10	   9.20   26.18    4.17    3.07 
1975 11	  11.22   19.65   -1.58    3.13 
1975 12	  12.40   15.05   -4.82    2.60 
1976 1	   1.00   14.60   -6.60    2.83 
1976 2	   2.00   20.76   -0.46    3.47 
1976 3	   2.28   21.04    0.35    4.02 
1976 4	  12.75   24.77    6.26    4.34 
1976 5	  25.92   27.44    8.20    3.45 
1976 6	  42.10   33.39   13.96    3.94 
1976 7	 105.97   29.64   15.78    3.23 
1976 8	  27.00   32.33   15.15    2.75 
1976 9	  33.92   28.07   12.19    2.25 
1976 10	  24.58   22.23    1.66    2.74 
1976 11	  14.53   14.90   -3.78    2.34 
1976 12	   0.00   14.17   -6.82    2.64 
1977 1	   0.90   10.70   -7.13    2.44 
1977 2	   9.07   16.94   -3.03    3.37 
1977 3	  28.15   19.26   -1.50    4.01 
1977 4	  53.98   23.41    5.00    3.75 
1977 5	  38.85   28.93   11.56    4.26 
1977 6	  57.72   34.11   15.07    3.96 
1977 7	  28.13   33.82   16.52    3.46 
1977 8	  83.60   34.11   17.35    3.40 
1977 9	  25.78   32.76   13.52    2.97 
1977 10	  29.48   25.78    6.68    2.59 
1977 11	   7.57   20.92   -0.36    2.70 
1977 12	   1.33   17.01   -2.34    3.18 
1978 1	  13.58   10.51   -5.91    3.04 
1978 2	  18.70   11.80   -3.72    2.90 
1978 3	   3.72   20.88    1.08    3.62 
1978 4	   3.80   27.09    6.36    3.86 
1978 5	  65.25   29.43   10.08    3.59 
1978 6	 145.03   32.39   15.06    4.16 
1978 7	  41.85   35.18   16.59    3.20 
1978 8	  28.65   33.00   14.79    2.90 
1978 9	 119.83   26.61   12.79    2.63 
1978 10	  32.40   24.31    6.82    2.51 
1978 11	  50.20   15.35    3.31    3.06 
1978 12	   1.50   12.07   -4.50    2.89 
1979 1	  14.90    8.35   -5.70    2.97 
1979 2	  19.42   14.48   -3.54    2.86 
1979 3	   4.53   18.90    0.54    3.74 
1979 4	  10.00   23.62    5.26    3.51 
1979 5	  42.80   27.30   10.08    3.45 
1979 6	  99.90   30.83   13.55    3.56 
1979 7	 123.82   33.17   17.08    3.44 
1979 8	  95.42   30.40   14.70    3.04 
1979 9	  44.17   29.91   11.64    2.25 
1979 10	   2.97   27.80    5.28    2.89 
1979 11	   2.40   15.33   -4.21    2.70 
1979 12	  23.08   14.21   -4.82    2.68 
1980 1	  15.03   13.06   -4.21    2.92 
1980 2	   9.55   16.71   -3.17    3.35 
1980 3	   0.32   20.00   -1.23    4.02 
1980 4	   6.97   24.01    1.69    3.76 
1980 5	  38.65   27.89    9.66    3.46 
1980 6	  15.32   37.40   16.95    4.97 
1980 7	   5.40   36.77   18.61    3.61 
1980 8	  40.80   33.55   16.99    3.81 
1980 9	 158.00   29.61   13.87    3.00 
1980 10	  11.32   23.11    5.03    2.53 
1980 11	  39.42   14.99   -1.37    2.73 
1980 12	   4.10   16.55   -2.70    2.85 
1981 1	   6.12   12.93   -4.03    2.53 
1981 2	   4.12   17.14   -3.88    3.12 
1981 3	   3.97   18.13    1.15    3.75 
1981 4	  34.25   25.44    7.08    3.96 
1981 5	  73.38   27.34   10.34    3.68 
1981 6	  24.38   34.42   15.31    4.17 
1981 7	  58.02   33.62   17.83    3.75 
1981 8	 134.65   29.66   16.36    2.67 
1981 9	  97.03   28.14   12.86    2.85 
1981 10	 214.32   22.44    8.10    2.90 
1981 11	  10.68   20.45    2.08    2.48 
1981 12	   3.70   16.27   -2.30    2.77 
1982 1	  13.22   12.49   -5.15    3.34 
1982 2	   5.43   13.62   -3.96    3.59 
1982 3	   7.55   20.66   -0.03    3.65 
1982 4	   4.50   22.84    4.31    3.89 
1982 5	  71.55   27.01    8.93    4.06 
1982 6	  30.98   31.99   13.71    4.80 
1982 7	 122.65   33.39   17.43    3.90 
1982 8	  16.12   33.20   16.86    2.95 
1982 9	  86.00   29.90   13.19    3.00 
1982 10	   7.45   23.21    4.56    2.84 
1982 11	  35.45   15.69    0.07    3.32 
1982 12	  50.00    9.89   -4.41    3.48 
1983 1	  27.73   11.24   -5.00    2.89 
1983 2	  14.35   14.23   -2.00    3.14 
1983 3	   0.68   19.15    0.24    3.94 
1983 4	  13.43   20.19    1.68    4.10 
1983 5	  44.38   27.66    6.58    3.66 
1983 6	  16.00   32.11   12.44    4.07 
1983 7	  18.72   34.64   16.83    3.80 
1983 8	  14.77   34.54   16.29    2.27 
1983 9	  43.27   31.63   13.54    3.28 
1983 10	  71.55   23.77    8.57    2.98 
1983 11	  26.02   18.47    2.07    3.01 
1983 12	   3.28    7.80   -7.96    3.17 
1984 1	   0.18   11.45   -6.18    2.89 
1984 2	   0.05   16.39   -3.97    3.47 
1984 3	   2.10   19.82   -0.21    3.47 
1984 4	   0.05   24.31    3.20    3.74 
1984 5	 145.88   28.71   10.52    3.85 
1984 6	  96.75   29.66   15.66    3.63 
1984 7	  42.73   32.13   15.64    2.86 
1984 8	 154.15   29.66   15.79    2.78 
1984 9	  31.80   27.41    9.75    3.32 
1984 10	  81.58   20.58    5.94    2.90 
1984 11	  33.70   17.58   -0.31    3.14 
1984 12	  34.15   11.34   -2.45    3.02 
1985 1	   7.72   10.26   -6.27    3.08 
1985 2	   5.27   13.83   -4.60    3.30 
1985 3	  41.20   19.67    0.28    4.37 
1985 4	  17.12   25.45    5.57    3.59 
1985 5	  43.80   28.77    9.20    3.37 
1985 6	 100.17   30.55   14.13    3.86 
1985 7	 108.43   33.24   14.61    2.85 
1985 8	  12.50   33.68   16.25    2.92 
1985 9	 117.62   27.63   12.06    3.00 
1985 10	  77.22   21.86    6.24    2.77 
1985 11	   6.65   18.74    0.51    2.60 
1985 12	   0.00   13.58   -6.91    2.25 
1986 1	   0.45   16.60   -4.72    2.53 
1986 2	   9.73   16.45   -2.37    3.26 
1986 3	   2.47   21.85    1.34    3.64 
1986 4	   2.35   26.26    6.14    3.70 
1986 5	  86.43   29.24    9.24    3.29 
1986 6	 122.20   29.36   14.69    2.99 
1986 7	  38.45   33.12   16.51    3.91 
1986 8	  55.20   31.39   15.84    2.86 
1986 9	  83.85   28.53   13.65    2.95 
1986 10	  55.55   21.97    6.07    2.74 
1986 11	  44.75   16.87   -0.80    3.00 
1986 12	  53.95   10.29   -3.43    2.66 
1987 1	   6.20   11.59   -5.75    3.35 
1987 2	  16.90   14.09   -1.85    3.87 
1987 3	  10.32   16.90   -1.89    3.45 
1987 4	   9.23   22.60    1.49    3.12 
1987 5	 134.32   26.66    8.78    3.34 
1987 6	  65.00   30.91   14.01    3.01 
1987 7	  40.35   33.85   16.75    4.04 
1987 8	 104.05   32.98   16.01    3.04 
1987 9	  94.78   27.60   11.49    2.11 
1987 10	  25.82   25.99    6.66    2.94 
1987 11	   7.47   17.61   -1.75    2.83 
1987 12	  35.20   12.27   -5.80    2.92 
1988 1	   1.42    9.71   -6.55    3.11 
1988 2	  18.05   14.61   -5.10    2.98 
1988 3	   9.47   19.71   -2.46    3.81 
1988 4	  14.38   23.35    2.47    3.24 
1988 5	  90.08   27.21    8.55    3.95 
1988 6	 105.98   31.35   14.03    3.26 
1988 7	  83.65   30.00   16.58    2.88 
1988 8	  41.05   31.26   16.25    2.85 
1988 9	  63.20   29.61   11.37    2.84 
1988 10	   0.85   26.29    6.03    2.52 
1988 11	   0.30   21.45   -0.90    3.00 
1988 12	   6.85   13.31   -5.68    2.51 
1989 1	   4.85   14.92   -5.03    3.06 
1989 2	  20.77   13.63   -4.86    3.38 
1989 3	   9.73   23.97   -0.16    3.40 
1989 4	   0.10   26.47    5.62    3.77 
1989 5	   1.70   30.84   11.34    4.15 
1989 6	  48.88   32.30   14.21    4.27 
1989 7	  40.33   33.47   16.78    3.22 
1989 8	 128.88   31.89   16.85    3.50 
1989 9	  53.88   26.51   11.03    2.63 
1989 10	   0.00   25.76    4.99    3.11 
1989 11	   0.00   18.72   -1.25    2.69 
1989 12	   0.12    9.78   -7.60    2.75 
1990 1	  17.50   13.95   -4.91    2.87 
1990 2	  22.23   16.86   -3.83    3.81 
1990 3	  12.85   17.27    0.52    3.66 
1990 4	  32.40   23.28    5.51    3.99 
1990 5	   8.82   27.80    9.82    3.68 
1990 6	   0.90   37.13   17.44    4.75 
1990 7	  35.03   31.16   17.03    3.27 
1990 8	  47.83   31.80   15.55    2.60 
1990 9	  39.60   28.94   14.41    2.05 
1990 10	   5.70   24.38    5.48    2.61 
1990 11	  26.67   18.48    1.58    3.05 
1990 12	   1.43   12.64   -5.62    2.73 
1991 1	  16.65    9.07   -4.26    2.51 
1991 2	   3.38   16.61   -1.42    3.04 
1991 3	   7.75   19.84    0.81    4.37 
1991 4	   0.00   24.95    4.49    3.33 
1991 5	   8.78   30.70   10.97    4.47 
1991 6	  22.88   33.38   15.57    4.39 
1991 7	 158.97   30.32   17.19    3.03 
1991 8	  79.17   30.99   16.31    2.43 
1991 9	 189.82   24.80   12.12    2.57 
1991 10	   4.62   24.94    5.66    2.87 
1991 11	  31.65   13.25   -0.79    2.98 
1991 12	  68.85   10.62   -2.62    3.00 
1992 1	  23.28    9.43   -3.86    2.44 
1992 2	  12.73   15.53   -1.12    3.47 
1992 3	   4.92   20.64    1.69    3.78 
1992 4	   5.15   23.97    5.79    3.55 
1992 5	 175.35   24.63   10.30    3.35 
1992 6	  39.38   29.92   14.30    3.16 
1992 7	  47.20   33.38   16.65    4.13 
1992 8	  45.43   31.41   15.37    3.25 
1992 9	   4.53   30.15   11.84    3.43 
1992 10	   0.43   25.95    6.37    2.51 
1992 11	  20.12   14.10   -2.71    2.96 
1992 12	  11.93   12.02   -3.50    2.94 
1993 1	  13.42   11.25   -3.60    2.91 
1993 2	   4.75   13.73   -3.94    3.46 
1993 3	  14.48   19.05   -0.35    3.46 
1993 4	  15.77   23.68    3.86    3.73 
1993 5	  11.70   28.35    9.17    3.68 
1993 6	  26.15   33.22   15.30    4.24 
1993 7	 120.45   33.71   18.71    4.83 
1993 8	  36.28   32.97   16.25    3.21 
1993 9	  74.23   29.05   11.66    2.46 
1993 10	  22.48   22.56    4.48    2.66 
1993 11	  16.53   15.22   -2.94    2.77 
1993 12	   0.12   14.47   -4.86    2.88 
1994 1	   0.50   13.07   -6.17    3.05 
1994 2	   0.00   14.69   -5.63    2.99 
1994 3	   3.17   19.32    1.03    3.32 
1994 4	  14.08   24.32    3.47    3.27 
1994 5	 115.45   26.97   11.53    3.80 
1994 6	  21.22   35.83   17.21    4.10 
1994 7	  64.97   35.82   17.49    3.97 
1994 8	   4.05   33.76   17.15    3.22 
1994 9	  35.33   30.43   12.29    2.60 
1994 10	  16.58   24.69    8.20    2.79 
1994 11	  19.30   17.52    1.57    3.08 
1994 12	   0.12   14.99   -1.33    2.30 
1995 1	   9.48   12.48   -3.39    3.39 
1995 2	   3.30   17.82    0.13    3.13 
1995 3	   9.38   17.93    1.14    3.91 
1995 4	   9.77   23.40    3.94    3.66 
1995 5	  62.75   27.54   11.06    4.28 
1995 6	  45.62   32.20   14.74    4.05 
1995 7	  14.38   34.98   17.08    3.22 
1995 8	  58.35   33.23   17.68    2.86 
1995 9	 129.82   26.94   12.98    2.48 
1995 10	   1.45   25.05    5.37    2.83 
1995 11	   2.35   19.20    0.99    2.67 
1995 12	   0.40   13.60   -2.98    2.66 
1996 1	   1.47   13.90   -5.65    3.27 
1996 2	   0.00   17.06   -1.63    3.36 
1996 3	   0.52   17.87   -2.26    3.70 
1996 4	  10.23   24.24    4.14    3.86 
1996 5	  13.55   33.53   13.73    4.78 
1996 6	  78.70   33.44   16.50    4.02 
1996 7	  61.30   33.20   18.52    3.43 
1996 8	  93.70   30.92   17.10    3.01 
1996 9	  59.10   26.86   11.88    2.27 
1996 10	   2.85   24.41    5.95    2.94 
1996 11	  10.18   18.28    0.01    3.33 
1996 12	   0.00   14.90   -4.10    3.13 
1997 1	   9.10    9.69   -4.69    3.45 
1997 2	  18.60   10.93   -2.91    3.82 
1997 3	   2.32   21.50    0.18    3.25 
1997 4	  65.18   19.91    3.57    3.94 
1997 5	  78.05   26.92   10.22    3.54 
1997 6	  46.62   32.24   14.83    3.65 
1997 7	  53.70   34.87   17.34    3.58 
1997 8	  90.38   33.08   16.64    2.89 
1997 9	  81.12   31.03   14.61    2.75 
1997 10	  41.95   22.77    6.94    3.07 
1997 11	   8.05   16.28   -1.66    2.51 
1997 12	  39.35    9.89   -4.78    3.48 
1998 1	   0.00   14.50   -3.06    2.60 
1998 2	   1.17   14.71   -1.80    3.31 
1998 3	  31.05   17.67   -0.67    3.84 
1998 4	   4.02   22.49    2.36    3.63 
1998 5	   3.03   32.58   11.02    3.64 
1998 6	   1.57   36.65   15.63    4.22 
1998 7	  29.88   36.66   18.62    3.42 
1998 8	  49.27   32.70   16.89    2.09 
1998 9	  30.52   32.67   14.97    2.68 
1998 10	  62.80   25.44    8.77    3.43 
1998 11	   5.20   19.41    2.93    2.58 
1998 12	  18.68   14.35   -2.79    2.78 
1999 1	  23.98   15.65   -2.24    3.39 
1999 2	   0.00   19.49   -0.91    3.15 
1999 3	  54.48   18.92    2.32    3.43 
1999 4	  26.65   23.81    5.12    4.11 
1999 5	  80.00   27.29   10.02    3.85 
1999 6	 173.08   30.26   14.88    4.17 
1999 7	  19.35   33.89   17.53    3.70 
1999 8	 100.75   34.94   17.18    2.39 
1999 9	  54.10   29.27   12.54    2.84 
1999 10	   7.15   25.61    5.16    2.82 
1999 11	   0.00   22.05    1.01    2.50 
1999 12	  14.47   12.98   -4.35    3.03 
2000 1	   0.22   15.71   -3.70    3.31 
2000 2	   0.47   20.38    0.19    3.56 
2000 3	  35.25   20.60    1.90    3.57 
2000 4	   1.05   25.58    6.68    3.90 
2000 5	   0.10   32.29   13.01    3.88 
2000 6	 119.45   31.70   16.29    3.77 
2000 7	  21.73   34.90   18.24    3.50 
2000 8	   7.57   34.82   17.66    3.19 
2000 9	   1.92   32.72   13.29    2.51 
2000 10	  70.38   22.74    8.94    3.56 
2000 11	  52.83   12.27   -1.68    2.52 
2000 12	   7.57   10.30   -4.57    2.94 
2001 1	  42.78    9.81   -3.84    3.22 
2001 2	  12.38   16.04   -1.07    3.44 
2001 3	  55.78   15.01    1.48    3.12 
2001 4	   3.15   25.16    5.97    4.01 
2001 5	  36.25   29.74   11.27    3.85 
2001 6	   5.57   34.46   16.44    3.95 
2001 7	  11.70   36.13   19.24    3.64 
2001 8	  65.80   33.43   17.72    2.67 
2001 9	  40.60   29.74   13.76    2.45 
2001 10	  14.48   24.86    6.40    3.19 
2001 11	  49.05   17.15    2.94    3.11 
2001 12	   3.20   13.38   -3.44    2.86 
2002 1	  19.58   13.64   -3.40    2.91 
2002 2	  11.28   13.11   -3.87    3.40 
2002 3	  75.10   17.92   -1.79    3.20 
2002 4	  23.85   24.37    8.19    3.90 
2002 5	   2.77   29.40   10.79    4.10 
2002 6	  36.20   34.30   17.40    4.28 
2002 7	  46.48   32.39   18.04    3.44 
2002 8	  66.15   34.05   18.32    3.84 
2002 9	  28.95   29.60   13.41    2.42 
2002 10	  52.05   21.53    8.11    2.81 
2002 11	   8.80   15.04    0.36    2.70 
2002 12	  34.33   11.11   -2.10    2.94 
2003 1	   0.00   14.91   -3.59    2.89 
2003 2	  10.68   13.90   -2.14    3.39 
2003 3	   3.22   20.10    1.27    3.63 
2003 4	   0.00   25.88    5.57    3.91 
2003 5	  37.98   29.66   11.43    3.26 
2003 6	  67.12   31.31   15.01    3.91 
2003 7	   7.62   34.29   17.59    3.05 
2003 8	   6.75   34.14   17.89    2.69 
2003 9	  14.87   28.93   13.09    2.67 
2003 10	  10.57   25.82    9.18    2.62 
2003 11	  14.72   17.60    2.48    3.26 
2003 12	   0.17   14.74   -3.41    3.23 
2004 1	  10.02   13.08   -2.53    3.12 
2004 2	  55.12   12.18   -3.16    3.68 
2004 3	  31.70   19.27    4.82    3.81 
2004 4	 109.28   21.21    6.47    3.83 
2004 5	   7.70   29.32   11.75    4.33 
2004 6	  57.42   32.27   15.57    4.09 
2004 7	  76.60   31.75   16.99    3.51 
2004 8	  60.45   30.94   15.92    2.83 
2004 9	 289.62   27.42   13.11    2.88 
2004 10	  87.90   22.98    8.93    2.55 
2004 11	 103.30   13.45    0.98    3.04 
2004 12	  23.23   11.43   -4.15    2.99 
2005 1	  30.17   13.57   -1.21    3.24 
2005 2	  27.75   12.28    0.17    3.13 
2005 3	   8.82   17.37    0.12    3.41 
2005 4	   6.02   21.35    1.88    4.07 
2005 5	  83.10   26.11   10.50    4.05 
2005 6	   4.05   33.20   14.53    4.07 
2005 7	  29.35   33.79   16.48    3.49 
2005 8	  92.90   30.37   16.26    2.61 
2005 9	   2.53   31.31   13.07    2.69 
2005 10	  44.40   22.88    7.17    2.92 
2005 11	   0.00   19.97   -1.61    2.69 
2005 12	   0.43   13.77   -6.41    2.78 
2006 1	   0.00   16.60   -4.96    3.65 
2006 2	   4.28   15.77   -3.73    3.44 
2006 3	  30.30   18.81    1.07    4.30 
2006 4	  22.70   26.31    6.76    4.18 
2006 5	   7.53   31.31   11.81    4.24 
2006 6	  26.02   34.13   15.73    3.42 
2006 7	  80.97   33.48   17.56    3.23 
2006 8	 128.80   31.08   17.83    2.44 
2006 9	 161.50   25.36   11.25    2.59 
2006 10	  34.55   22.83    8.12    2.99 
2006 11	   1.33   19.74   -0.29    3.13 
2006 12	  28.50   11.73   -4.24    3.25 
2007 1	  30.83    7.30   -5.54    3.30 
2007 2	   3.42   14.35   -3.91    3.51 
2007 3	  71.40   20.13    2.09    3.43 
2007 4	  21.45   20.84    2.53    4.18 
2007 5	 146.35   23.86   10.20    3.18 
2007 6	  62.90   30.16   14.35    3.14 
2007 7	  52.77   31.35   16.10    2.40 
2007 8	  70.97   32.85   17.40    3.03 
2007 9	 107.75   29.33   15.00    2.69 
2007 10	   0.00   26.98    6.03    2.91 
2007 11	  14.53   18.51   -0.79    2.71 
2007 12	  16.20   13.65   -3.96    3.16 
2008 1	   0.03   12.15   -6.76    3.39 
2008 2	   1.45   17.07   -4.70    3.43 
2008 3	   2.75   19.37   -1.21    3.85 
2008 4	   0.88   24.61    2.74    3.70 
2008 5	  47.15   28.38    9.59    4.14 
2008 6	  48.75   34.98   16.06    4.96 
2008 7	  82.55   30.44   17.24    3.78 
2008 8	  65.43   30.97   16.33    2.49 
2008 9	  32.75   27.16   11.60    2.12 
2008 10	  64.12   23.98    5.67    3.02 
2008 11	   1.65   19.27   -1.71    2.58 
2008 12	   5.95   14.09   -4.70    3.45 
2009 1	   0.25   15.03   -5.40    3.13 
2009 2	   9.05   18.42   -1.41    3.73 
2009 3	  12.00   20.49    1.52    3.84 
2009 4	  14.98   23.87    3.61    4.34 
2009 5	  12.12   28.71   10.65    3.21 
2009 6	 106.67   33.21   16.04    3.83 
2009 7	 135.68   32.12   17.64    3.31 
2009 8	  21.12   33.33   16.99    3.33 
2009 9	  27.17   27.85   11.39    2.43 
2009 10	  50.38   22.56    5.77    3.12 
2009 11	  13.65   19.54   -0.57    2.41 
2009 12	  14.38    9.05   -5.86    2.80 
2010 1	  36.62   11.41   -6.71    3.38 
2010 2	  41.50   10.11   -3.69    3.27 
2010 3	   9.50   17.82   -0.67    4.24 
2010 4	  32.33   23.14    5.22    4.26 
2010 5	  24.38   27.37    9.85    3.68 
2010 6	  40.38   34.81   17.00    4.62 
2010 7	  81.30   30.36   17.78    3.36 
2010 8	  20.57   34.09   16.85    3.16 
2010 9	  36.35   31.34   15.37    2.56 
2010 10	  14.20   25.52    7.30    2.57 
2010 11	   0.62   18.86   -2.01    2.99 
2010 12	   0.57   15.39   -4.14    2.88 
