1949 1	  22.02   18.24    7.18    6.46 
1949 2	  54.45   22.21   12.04    6.10 
1949 3	  16.55   26.31   14.06    6.04 
1949 4	 173.40   27.20   15.87    6.01 
1949 5	  18.42   32.50   21.79    5.41 
1949 6	  36.82   35.49   23.05    4.88 
1949 7	  39.62   36.25   23.16    4.60 
1949 8	   1.42   36.91   22.16    3.70 
1949 9	   7.80   34.69   22.28    3.72 
1949 10	 157.30   30.08   18.37    4.98 
1949 11	   0.05   27.46   10.48    4.27 
1949 12	   0.70   22.85   12.58    5.86 
1950 1	   0.70   26.52   14.23    6.56 
1950 2	  11.02   26.05   12.94    5.49 
1950 3	  28.67   26.83   12.77    5.84 
1950 4	   9.55   30.54   18.45    6.33 
1950 5	  70.45   34.55   22.21    6.03 
1950 6	  26.03   34.74   22.68    4.77 
1950 7	   0.10   37.04   23.62    5.51 
1950 8	   0.65   38.17   22.46    3.26 
1950 9	   5.25   36.02   22.10    2.97 
1950 10	   0.05   33.47   17.46    3.77 
1950 11	   6.40   26.75   11.41    5.63 
1950 12	   0.00   24.19    6.85    5.39 
1951 1	   0.10   23.58    7.14    6.60 
1951 2	   0.30   23.24    7.74    7.36 
1951 3	 211.40   26.96   13.28    6.33 
1951 4	  11.88   30.99   16.43    5.67 
1951 5	  42.82   32.39   20.37    5.09 
1951 6	  79.10   35.72   23.40    6.04 
1951 7	  10.73   37.37   23.19    4.81 
1951 8	  20.17   37.26   23.05    4.15 
1951 9	 217.77   34.01   21.99    4.33 
1951 10	  20.10   31.10   17.78    4.24 
1951 11	   3.92   23.96   11.41    6.38 
1951 12	   0.03   24.25    9.70    6.23 
1952 1	   7.08   25.53   11.83    6.46 
1952 2	  15.38   25.93    9.81    5.69 
1952 3	  85.05   27.46   13.60    6.01 
1952 4	   5.95   29.77   15.80    6.00 
1952 5	  61.85   33.03   18.25    5.05 
1952 6	 163.67   33.55   21.88    4.46 
1952 7	  77.62   35.52   22.05    3.60 
1952 8	   0.00   37.98   22.67    4.22 
1952 9	  54.85   34.28   19.61    3.59 
1952 10	   0.00   30.14   11.41    4.04 
1952 11	  13.15   23.47   12.23    6.02 
1952 12	  17.67   20.26    7.80    5.54 
1953 1	   7.50   24.72    6.94    5.61 
1953 2	  20.80   22.61    8.73    6.22 
1953 3	  22.75   30.18   17.28    5.83 
1953 4	  26.62   32.51   17.55    5.34 
1953 5	  20.92   34.15   20.52    5.56 
1953 6	   0.32   38.18   23.18    4.44 
1953 7	  24.05   38.09   23.43    4.13 
1953 8	 291.38   36.14   22.84    3.38 
1953 9	  45.10   33.75   19.18    3.83 
1953 10	  62.52   28.87   16.19    4.20 
1953 11	   5.70   24.38   10.21    4.66 
1953 12	   5.97   18.89    6.77    5.66 
1954 1	   0.08   23.15    9.16    5.40 
1954 2	   0.22   27.28   10.12    4.81 
1954 3	  24.50   26.90   12.20    6.02 
1954 4	  55.38   30.51   18.71    5.86 
1954 5	  49.95   32.04   18.69    5.20 
1954 6	 171.12   34.89   22.51    4.98 
1954 7	  37.58   36.11   22.41    4.40 
1954 8	  64.38   36.53   22.62    4.21 
1954 9	  14.25   34.96   21.36    3.21 
1954 10	 123.40   30.08   17.46    4.41 
1954 11	  63.80   24.96   10.14    4.61 
1954 12	   0.05   24.09    8.50    4.95 
1955 1	  22.20   21.21    7.26    6.05 
1955 2	   5.98   22.94    8.75    6.72 
1955 3	   0.20   28.52   14.02    6.63 
1955 4	   4.32   32.62   18.02    5.40 
1955 5	   6.43   34.66   21.50    5.47 
1955 6	  21.83   35.71   21.43    4.83 
1955 7	  40.90   35.21   22.61    4.25 
1955 8	   3.25   36.36   22.73    3.17 
1955 9	 179.25   31.58   22.06    3.26 
1955 10	   1.25   29.51   14.84    4.31 
1955 11	 101.78   23.46   12.21    5.56 
1955 12	   2.30   21.23    8.11    4.96 
1956 1	   0.00   22.98    6.98    4.93 
1956 2	   0.77   24.11   10.47    6.26 
1956 3	   0.28   27.23   12.40    5.65 
1956 4	  53.65   29.23   16.80    5.57 
1956 5	  48.85   32.50   19.98    5.14 
1956 6	  63.05   35.26   21.67    4.07 
1956 7	   0.60   36.54   22.54    4.29 
1956 8	   2.60   36.87   22.70    3.81 
1956 9	   0.30   34.74   20.37    3.25 
1956 10	  85.82   32.06   17.25    3.38 
1956 11	   0.25   23.96    9.17    5.62 
1956 12	  18.15   23.01    9.13    5.32 
1957 1	   0.10   22.97   10.49    5.84 
1957 2	  81.15   26.26   14.21    4.34 
1957 3	 124.10   26.94   12.46    5.19 
1957 4	  75.72   28.77   17.33    6.29 
1957 5	   8.67   32.32   20.77    5.87 
1957 6	  76.10   33.76   22.54    4.59 
1957 7	   0.12   37.37   22.83    4.33 
1957 8	  23.50   37.63   22.62    3.56 
1957 9	  81.40   33.90   20.59    3.37 
1957 10	 116.15   29.49   16.13    5.00 
1957 11	  56.05   23.23   11.40    6.18 
1957 12	  25.72   23.50    8.72    5.69 
1958 1	 238.78   18.73    6.09    5.99 
1958 2	  76.55   20.70    8.15    5.81 
1958 3	  10.35   22.65   10.29    6.00 
1958 4	   0.23   30.45   16.45    5.37 
1958 5	  54.95   31.99   19.26    3.65 
1958 6	  52.85   35.40   22.79    4.72 
1958 7	   2.47   35.44   23.34    4.46 
1958 8	  19.25   37.92   22.75    4.03 
1958 9	 160.88   33.17   22.70    3.64 
1958 10	 278.02   25.93   17.68    4.57 
1958 11	   8.68   24.12   13.13    4.63 
1958 12	  21.88   18.96    6.71    5.56 
1959 1	  25.62   18.03    6.13    6.02 
1959 2	  58.00   19.29    9.73    5.29 
1959 3	   0.03   24.01   10.39    5.92 
1959 4	  27.35   27.40   15.13    5.51 
1959 5	   1.73   33.36   21.43    4.86 
1959 6	  30.70   34.34   22.57    4.05 
1959 7	  66.90   36.36   22.87    3.55 
1959 8	  99.18   36.51   23.10    3.48 
1959 9	  41.50   35.85   21.79    4.41 
1959 10	  48.53   30.65   17.91    4.55 
1959 11	  27.10   22.75    7.62    5.61 
1959 12	   5.67   22.74    7.42    5.14 
1960 1	  56.30   19.77    8.49    5.53 
1960 2	  21.15   22.09    5.12    6.06 
1960 3	  18.73   22.58   10.26    5.62 
1960 4	  40.47   30.05   16.85    5.78 
1960 5	  36.25   32.13   18.96    5.46 
1960 6	 144.07   35.87   22.21    4.14 
1960 7	 127.33   37.30   23.22    3.37 
1960 8	 185.25   35.62   23.84    4.20 
1960 9	  32.25   32.47   19.59    3.12 
1960 10	 115.30   31.22   19.48    4.40 
1960 11	  66.85   24.67   13.67    4.50 
1960 12	  84.12   17.63    7.98    5.51 
1961 1	  26.87   16.25    5.17    5.54 
1961 2	  17.67   23.24    8.47    5.57 
1961 3	   0.00   28.99   13.89    5.59 
1961 4	  43.83   29.83   15.45    5.55 
1961 5	  16.00   33.49   20.43    5.34 
1961 6	 114.75   34.18   22.44    4.54 
1961 7	  47.62   35.52   22.46    4.36 
1961 8	  73.68   35.43   21.67    2.19 
1961 9	 142.82   32.83   21.22    5.11 
1961 10	  27.08   30.26   15.37    4.82 
1961 11	  46.23   23.61   11.32    5.44 
1961 12	  14.88   21.95    9.08    4.95 
1962 1	   7.28   18.31    3.91    6.17 
1962 2	   0.00   29.22   12.90    5.14 
1962 3	  20.60   25.46   10.39    5.81 
1962 4	  23.15   30.35   15.90    5.87 
1962 5	  15.40   32.91   19.75    5.92 
1962 6	 113.47   34.20   22.10    4.87 
1962 7	   0.03   37.87   22.99    4.11 
1962 8	  58.83   38.25   22.86    3.08 
1962 9	 204.35   34.77   21.84    3.22 
1962 10	  10.98   33.03   18.97    4.47 
1962 11	   1.78   25.36   10.30    4.99 
1962 12	  54.55   18.75    7.55    5.26 
1963 1	   0.30   17.23    3.47    5.54 
1963 2	  20.45   22.13    4.98    5.32 
1963 3	   0.00   28.30   13.71    5.43 
1963 4	  24.65   33.91   19.67    6.08 
1963 5	  62.53   32.32   20.59    4.75 
1963 6	  45.42   35.47   22.79    5.03 
1963 7	   1.55   35.46   22.82    4.45 
1963 8	  29.45   37.36   22.59    3.33 
1963 9	  55.62   34.07   21.01    2.92 
1963 10	  79.45   30.02   16.96    4.23 
1963 11	  58.65   26.02   12.36    5.73 
1963 12	  38.38   15.94    4.08    6.16 
1964 1	  30.98   19.90    5.56    5.06 
1964 2	  47.30   19.65    5.47    5.22 
1964 3	   0.95   26.54   11.54    5.55 
1964 4	   0.15   31.73   18.68    5.62 
1964 5	 141.10   32.94   21.38    4.56 
1964 6	   4.30   34.32   21.88    4.21 
1964 7	  25.15   37.03   22.80    3.74 
1964 8	   0.62   38.69   23.66    4.22 
1964 9	 190.15   35.05   21.90    3.21 
1964 10	  30.73   29.15   13.38    4.82 
1964 11	   0.48   27.03   13.38    5.53 
1964 12	  13.62   20.19    6.87    5.68 
1965 1	  17.52   23.05    7.80    5.25 
1965 2	  54.00   20.25    6.55    6.06 
1965 3	  32.92   23.65    9.53    6.23 
1965 4	  15.68   30.87   18.09    5.71 
1965 5	 131.60   31.60   20.79    6.26 
1965 6	  23.65   34.86   22.05    4.68 
1965 7	   4.50   37.28   22.01    3.62 
1965 8	  38.55   35.48   21.89    3.11 
1965 9	  70.00   34.49   21.13    4.03 
1965 10	  96.02   27.14   14.03    4.69 
1965 11	  39.65   27.14   15.28    3.56 
1965 12	  81.10   21.15   10.36    5.54 
1966 1	  60.38   15.30    4.36    6.14 
1966 2	  33.93   18.12    5.94    5.69 
1966 3	  14.98   24.66   11.81    5.04 
1966 4	  84.40   30.41   17.40    5.26 
1966 5	 207.42   29.86   19.82    4.46 
1966 6	 112.42   32.55   21.15    4.09 
1966 7	  28.12   35.33   22.60    3.66 
1966 8	  50.70   36.96   23.26    4.16 
1966 9	  30.40   35.54   20.69    2.75 
1966 10	  52.70   29.61   14.96    4.44 
1966 11	   0.90   26.82   10.96    4.83 
1966 12	  14.47   21.66    6.22    5.72 
1967 1	  45.85   19.57    5.86    6.04 
1967 2	  20.78   22.04    6.97    6.10 
1967 3	   9.20   28.53   14.91    5.21 
1967 4	  57.60   33.65   20.40    6.20 
1967 5	  26.27   33.75   19.53    5.88 
1967 6	  13.77   36.25   22.11    4.91 
1967 7	  26.43   37.36   22.82    4.53 
1967 8	 184.22   34.92   21.48    3.66 
1967 9	 539.25   29.86   19.80    4.07 
1967 10	  49.33   27.54   14.64    4.30 
1967 11	  58.02   23.69   12.60    4.35 
1967 12	  31.28   19.35    6.92    5.35 
1968 1	  49.95   16.86    6.10    5.88 
1968 2	  39.75   18.57    5.46    5.25 
1968 3	  23.65   22.33    9.13    6.33 
1968 4	  64.28   28.18   16.96    6.20 
1968 5	 115.93   30.85   20.23    5.36 
1968 6	 108.30   32.92   21.44    4.13 
1968 7	  86.15   33.48   21.86    3.99 
1968 8	  20.27   35.41   21.23    3.45 
1968 9	  70.70   32.63   19.15    3.78 
1968 10	  67.00   30.48   16.73    4.27 
1968 11	  22.60   24.11    8.97    5.88 
1968 12	   3.58   21.61    6.11    6.23 
1969 1	  13.92   21.73    8.28    5.57 
1969 2	  43.53   21.68   10.05    5.83 
1969 3	  18.43   22.72    8.43    6.42 
1969 4	  31.42   30.08   16.47    5.63 
1969 5	  82.40   31.38   18.44    4.48 
1969 6	  30.23   35.07   21.59    4.72 
1969 7	   3.33   37.64   23.82    4.29 
1969 8	  57.30   36.40   22.82    3.37 
1969 9	  53.35   33.25   20.82    3.51 
1969 10	  30.73   30.30   16.35    5.93 
1969 11	  53.83   23.96    9.82    6.09 
1969 12	  20.15   22.55    7.88    4.82 
1970 1	  51.48   15.91    4.58    5.96 
1970 2	  34.03   22.18    7.31    6.06 
1970 3	  27.15   24.04    8.95    5.85 
1970 4	  25.45   30.78   17.03    6.12 
1970 5	 120.32   29.61   16.59    5.55 
1970 6	  77.90   33.35   20.92    4.86 
1970 7	  47.80   34.57   21.66    3.42 
1970 8	  25.68   35.77   21.70    3.37 
1970 9	 118.70   31.37   20.44    4.65 
1970 10	  18.57   27.24   14.05    5.26 
1970 11	   0.47   24.45    6.51    5.80 
1970 12	   3.90   25.35   12.03    5.53 
1971 1	   5.97   23.91    8.40    5.96 
1971 2	  10.88   25.13    7.66    6.03 
1971 3	   1.05   29.58   10.67    5.92 
1971 4	  39.12   29.55   14.88    5.59 
1971 5	  33.00   32.98   19.82    5.61 
1971 6	 103.28   34.36   22.42    5.32 
1971 7	  19.07   35.15   21.96    3.95 
1971 8	  84.00   34.07   21.30    3.34 
1971 9	 251.67   31.32   20.91    3.86 
1971 10	 104.28   28.97   18.03    4.73 
1971 11	   3.75   25.71   10.99    5.07 
1971 12	  26.08   22.69   10.10    4.92 
1972 1	  18.92   23.59    8.36    5.62 
1972 2	  46.48   22.22    7.94    5.62 
1972 3	  23.70   28.47   13.68    4.68 
1972 4	  27.50   32.00   17.80    5.36 
1972 5	  96.88   30.12   18.05    4.54 
1972 6	 127.70   32.79   21.18    4.19 
1972 7	  52.90   34.17   21.02    3.75 
1972 8	   2.75   35.77   20.48    3.81 
1972 9	  98.07   35.51   20.06    3.22 
1972 10	  15.77   31.01   16.32    4.76 
1972 11	  52.50   21.23    8.27    5.68 
1972 12	  18.23   20.64    5.31    5.49 
1973 1	  56.92   16.42    2.98    6.07 
1973 2	  90.85   18.60    5.74    6.62 
1973 3	   4.80   27.54   13.64    5.13 
1973 4	  31.90   27.72   14.55    6.65 
1973 5	  32.65   32.37   17.88    5.53 
1973 6	 278.98   32.58   21.48    5.22 
1973 7	  11.90   35.16   22.53    4.45 
1973 8	 148.07   33.46   21.29    3.51 
1973 9	 244.47   32.87   20.85    3.85 
1973 10	 100.52   29.12   16.94    4.68 
1973 11	   1.25   27.81   13.89    5.12 
1973 12	   8.40   22.95    5.53    5.98 
1974 1	  33.88   20.11    7.65    4.66 
1974 2	   1.58   24.68    5.90    6.09 
1974 3	  73.00   28.21   14.37    5.97 
1974 4	  25.45   30.14   15.27    5.82 
1974 5	  48.95   33.30   20.26    4.83 
1974 6	  45.38   34.77   19.72    4.64 
1974 7	  33.60   35.59   21.28    3.91 
1974 8	  40.58   37.41   22.39    4.02 
1974 9	  79.42   31.94   18.40    5.00 
1974 10	  88.07   29.21   15.29    5.14 
1974 11	  17.17   23.81   10.15    5.21 
1974 12	  25.70   18.64    6.60    5.42 
1975 1	  24.62   21.71    6.30    4.97 
1975 2	   8.32   23.07    7.61    5.16 
1975 3	  12.00   28.58   12.42    5.69 
1975 4	   8.02   31.19   16.33    5.91 
1975 5	  93.47   33.00   20.94    5.28 
1975 6	  76.23   34.12   21.96    4.90 
1975 7	 147.35   34.09   21.58    3.78 
1975 8	 136.53   34.25   21.71    3.50 
1975 9	  60.60   31.43   18.97    3.53 
1975 10	  41.67   30.02   15.12    4.59 
1975 11	   0.03   25.69   10.14    5.18 
1975 12	  11.75   21.56    6.59    5.83 
1976 1	  13.80   20.43    3.65    5.75 
1976 2	   0.65   26.16    8.71    5.84 
1976 3	  30.00   26.43   13.57    6.06 
1976 4	  99.28   29.00   17.33    5.83 
1976 5	  58.92   29.68   17.35    4.88 
1976 6	  12.77   34.86   20.87    4.28 
1976 7	 224.67   32.26   21.63    4.35 
1976 8	  23.68   34.89   20.67    2.73 
1976 9	  70.05   33.45   20.17    3.49 
1976 10	 148.15   25.36   12.08    5.17 
1976 11	 107.98   18.77    7.99    6.39 
1976 12	  45.92   16.64    5.82    5.82 
1977 1	  52.25   14.69    4.10    5.28 
1977 2	  20.02   20.82    6.99    5.37 
1977 3	   5.60   26.17   10.78    5.36 
1977 4	  20.92   28.49   14.49    4.66 
1977 5	  66.35   31.29   20.63    5.20 
1977 6	  81.70   33.89   21.70    4.05 
1977 7	   8.65   35.93   22.04    3.83 
1977 8	  50.72   37.46   22.53    3.96 
1977 9	  78.50   34.96   21.52    3.68 
1977 10	  55.58   30.35   16.59    4.17 
1977 11	  16.40   27.08   11.92    4.80 
1977 12	   7.17   23.03    7.19    5.40 
1978 1	  23.52   15.56    3.71    6.01 
1978 2	  11.57   17.20    4.43    6.02 
1978 3	   0.12   26.97    9.76    5.14 
1978 4	  34.63   30.20   17.01    5.99 
1978 5	  55.32   33.81   20.97    5.10 
1978 6	  67.05   35.30   21.82    3.75 
1978 7	  42.98   37.59   22.75    4.18 
1978 8	  38.80   36.07   22.02    3.74 
1978 9	 126.25   31.76   21.81    4.23 
1978 10	  48.67   27.88   15.82    4.60 
1978 11	  20.98   23.71   14.12    5.36 
1978 12	  51.30   20.29    7.95    5.80 
1979 1	  24.58   16.54    4.25    6.46 
1979 2	  13.43   19.34    7.04    5.65 
1979 3	  15.42   26.07   13.55    6.05 
1979 4	 115.03   30.16   17.95    5.05 
1979 5	  36.80   30.85   18.43    5.64 
1979 6	  86.20   33.53   21.14    4.36 
1979 7	  39.15   36.49   23.32    4.06 
1979 8	  32.20   36.33   22.46    3.47 
1979 9	 152.10   31.27   18.91    4.62 
1979 10	   3.65   32.04   15.89    4.33 
1979 11	   3.30   24.50    9.99    6.51 
1979 12	  47.85   19.65    8.05    6.06 
1980 1	   6.17   21.36    7.93    5.14 
1980 2	  28.02   20.31    7.65    5.68 
1980 3	   3.25   26.85   11.99    5.70 
1980 4	   1.90   29.90   14.00    5.48 
1980 5	 101.57   32.77   21.13    5.43 
1980 6	   1.27   37.26   23.23    4.80 
1980 7	  21.45   38.71   23.28    3.96 
1980 8	 167.80   34.90   23.04    4.73 
1980 9	  56.53   34.81   22.23    3.67 
1980 10	  31.02   28.05   15.85    5.19 
1980 11	  68.72   21.84    8.50    5.40 
1980 12	   6.82   19.88    8.40    5.05 
1981 1	  54.83   18.46    6.46    5.14 
1981 2	  21.60   20.53    8.68    5.58 
1981 3	  54.28   24.49   11.55    5.46 
1981 4	  56.60   29.50   18.69    5.70 
1981 5	 114.20   31.21   19.59    5.63 
1981 6	 179.47   33.36   22.79    4.91 
1981 7	  46.60   35.15   22.52    4.63 
1981 8	 139.75   35.63   22.51    3.71 
1981 9	  24.95   33.54   20.28    4.23 
1981 10	  92.97   30.02   17.19    5.28 
1981 11	   0.17   27.04   11.64    5.07 
1981 12	   9.35   22.20    7.66    5.44 
1982 1	   0.83   22.44    6.53    6.16 
1982 2	  68.25   19.69    6.61    5.60 
1982 3	   6.82   26.66   13.08    6.13 
1982 4	  44.80   29.15   16.46    5.76 
1982 5	 216.40   30.01   20.14    6.15 
1982 6	  11.05   35.21   22.60    5.27 
1982 7	   0.00   37.35   22.88    4.74 
1982 8	  12.12   37.35   22.66    3.76 
1982 9	  12.80   35.86   20.59    3.78 
1982 10	  63.88   29.18   16.55    4.69 
1982 11	  36.90   24.42   11.99    5.16 
1982 12	  25.05   21.13    8.26    5.28 
1983 1	  22.92   18.20    6.31    4.66 
1983 2	 107.70   22.05    8.14    5.37 
1983 3	  27.77   25.92   11.19    4.94 
1983 4	   0.00   29.70   13.64    6.25 
1983 5	  62.05   31.90   20.31    5.76 
1983 6	  53.35   34.57   22.03    4.47 
1983 7	  89.62   34.28   23.16    4.01 
1983 8	  64.27   36.03   22.80    3.28 
1983 9	  51.58   33.47   20.90    4.59 
1983 10	  81.00   30.01   17.11    4.33 
1983 11	  24.25   27.12   12.41    5.28 
1983 12	   9.70   16.35    3.21    5.94 
1984 1	  83.72   15.49    5.39    6.02 
1984 2	   4.15   22.69    8.61    5.44 
1984 3	   1.47   27.28   12.67    5.65 
1984 4	   0.52   33.07   15.73    5.36 
1984 5	  83.32   32.46   18.88    5.41 
1984 6	  48.32   34.28   21.45    5.49 
1984 7	  26.40   35.92   22.05    4.13 
1984 8	   6.48   36.54   22.13    4.09 
1984 9	  41.78   31.62   20.33    4.94 
1984 10	  73.28   29.56   19.59    5.10 
1984 11	  14.52   24.84   11.87    5.65 
1984 12	  29.62   23.96   13.16    5.30 
1985 1	  42.28   15.81    4.05    5.49 
1985 2	  57.22   18.24    7.45    5.96 
1985 3	  46.10   25.80   15.44    5.68 
1985 4	  38.85   29.46   17.15    5.46 
1985 5	 171.27   32.16   20.04    4.69 
1985 6	  90.83   33.08   21.91    4.55 
1985 7	  29.55   34.86   21.98    4.23 
1985 8	  21.15   37.52   22.69    3.69 
1985 9	  79.28   34.99   21.55    4.07 
1985 10	 132.65   29.06   18.05    5.55 
1985 11	  15.85   26.52   14.81    5.43 
1985 12	   8.60   18.77    6.48    5.67 
1986 1	  16.25   21.21    6.33    5.27 
1986 2	  19.10   24.96    9.42    5.20 
1986 3	   4.52   27.78   11.13    4.94 
1986 4	  42.47   31.15   18.52    5.47 
1986 5	  69.30   31.71   19.82    5.47 
1986 6	  68.78   33.60   22.40    4.32 
1986 7	  18.88   36.59   22.32    4.46 
1986 8	  22.25   36.83   22.60    3.49 
1986 9	  47.55   34.19   22.37    4.58 
1986 10	  62.52   29.19   17.01    5.07 
1986 11	  36.75   22.45   11.99    5.49 
1986 12	  87.50   17.30    7.71    5.70 
1987 1	  22.40   18.75    5.89    5.15 
1987 2	  79.83   21.56    9.26    5.28 
1987 3	  16.75   23.03    9.38    5.46 
1987 4	  40.50   27.94   11.54    4.87 
1987 5	 146.15   31.28   19.80    5.27 
1987 6	 134.93   32.16   21.71    4.00 
1987 7	  58.00   34.74   22.55    4.37 
1987 8	  61.53   36.99   22.83    4.36 
1987 9	  28.38   34.15   21.14    4.40 
1987 10	  16.15   30.35   15.21    4.71 
1987 11	  35.72   24.56   11.14    5.56 
1987 12	  21.63   21.41    9.69    5.64 
1988 1	  28.43   16.03    5.43    6.14 
1988 2	  24.17   20.09    8.21    5.80 
1988 3	  20.88   25.98   11.76    6.06 
1988 4	   9.22   29.40   15.25    4.47 
1988 5	  28.23   31.93   19.24    5.23 
1988 6	  30.07   34.89   21.11    3.79 
1988 7	  60.42   36.54   23.45    4.42 
1988 8	  37.68   35.71   23.08    3.37 
1988 9	 132.48   33.01   20.65    4.62 
1988 10	  67.78   30.44   17.17    4.25 
1988 11	   0.22   27.29   13.67    5.94 
1988 12	   2.00   22.23    8.85    6.03 
1989 1	  19.25   21.60   11.05    5.19 
1989 2	   9.98   19.79    8.77    6.72 
1989 3	   0.12   27.52   10.77    5.79 
1989 4	  60.03   30.08   15.83    5.25 
1989 5	   9.90   34.48   22.36    5.91 
1989 6	  71.62   35.50   23.04    4.89 
1989 7	  45.55   36.77   22.98    4.05 
1989 8	  11.83   35.94   22.93    4.10 
1989 9	  56.17   33.58   19.67    4.49 
1989 10	  21.90   30.93   15.46    4.71 
1989 11	  13.52   25.99   13.41    5.19 
1989 12	  45.25   14.83    2.48    6.39 
1990 1	   8.50   22.28    9.88    5.48 
1990 2	  80.58   24.03   11.17    5.07 
1990 3	  11.90   25.26   13.44    6.44 
1990 4	  69.08   28.69   17.57    6.39 
1990 5	  43.10   32.54   21.76    6.13 
1990 6	   3.90   37.35   23.46    5.32 
1990 7	  40.15   35.33   22.52    4.33 
1990 8	  34.80   36.64   22.75    4.02 
1990 9	  67.05   33.19   21.25    3.43 
1990 10	  24.08   30.30   15.07    4.67 
1990 11	  54.78   26.26   13.46    5.64 
1990 12	  11.75   21.59    7.80    5.42 
1991 1	  20.43   17.06    6.17    5.17 
1991 2	  31.22   22.76    9.77    5.54 
1991 3	  14.90   29.75   13.82    5.84 
1991 4	  28.75   30.94   19.40    5.29 
1991 5	 163.50   32.31   21.48    5.00 
1991 6	 115.10   35.12   23.27    4.58 
1991 7	  27.25   34.26   23.07    4.07 
1991 8	  26.80   37.27   23.35    3.84 
1991 9	  79.03   31.17   20.17    3.64 
1991 10	  36.38   31.56   17.70    4.33 
1991 11	   4.03   21.96    9.92    6.61 
1991 12	 118.72   20.19   11.46    5.85 
1992 1	  94.93   15.98    8.06    5.62 
1992 2	  75.00   22.29   11.38    5.05 
1992 3	  28.77   26.29   13.74    5.60 
1992 4	  59.35   27.09   15.74    5.03 
1992 5	 110.88   29.11   18.70    4.80 
1992 6	  69.25   34.99   22.75    4.11 
1992 7	  35.18   36.50   23.59    5.37 
1992 8	  68.22   35.57   22.14    2.80 
1992 9	  51.17   34.03   21.69    4.06 
1992 10	  29.12   30.44   16.51    4.22 
1992 11	  35.03   23.22   11.34    5.76 
1992 12	  43.68   20.26   10.42    4.22 
1993 1	  25.47   18.91    7.78    4.57 
1993 2	  37.52   22.01   10.68    5.54 
1993 3	  64.27   24.78   12.41    4.51 
1993 4	  53.78   29.28   15.05    5.91 
1993 5	  63.00   30.78   18.64    4.63 
1993 6	 282.32   32.48   22.79    4.78 
1993 7	   0.60   35.42   23.00    5.12 
1993 8	   2.25   36.96   22.65    3.98 
1993 9	  70.75   34.18   21.10    3.84 
1993 10	  19.50   30.07   16.04    5.27 
1993 11	  17.62   22.54    9.86    5.43 
1993 12	  33.58   22.12    9.64    5.07 
1994 1	  35.00   20.97    7.99    5.97 
1994 2	  10.62   21.83    9.37    6.34 
1994 3	  61.93   26.30   13.25    5.10 
1994 4	  37.63   29.12   16.80    5.31 
1994 5	  37.53   31.57   20.20    4.92 
1994 6	  84.97   36.46   23.02    4.21 
1994 7	  15.27   37.97   23.52    4.79 
1994 8	  21.27   35.95   22.52    3.49 
1994 9	  38.57   33.27   19.51    2.99 
1994 10	  81.08   29.79   18.12    4.70 
1994 11	   0.23   28.33   16.15    5.14 
1994 12	  41.20   22.06   11.41    5.24 
1995 1	  10.65   20.50    8.07    5.95 
1995 2	  27.33   24.59    9.97    5.30 
1995 3	  50.95   24.67   12.38    4.94 
1995 4	  27.13   30.64   16.09    5.86 
1995 5	  61.12   34.73   22.03    5.72 
1995 6	  36.63   35.11   21.95    4.67 
1995 7	  24.45   37.76   23.42    3.82 
1995 8	  98.88   35.13   23.52    2.85 
1995 9	 115.93   34.22   21.22    3.41 
1995 10	 107.68   29.84   16.19    5.64 
1995 11	  89.85   23.66   12.31    4.77 
1995 12	  17.22   20.30   10.46    6.21 
1996 1	   7.45   22.60    5.47    6.09 
1996 2	   1.62   24.07    9.68    6.34 
1996 3	   5.30   24.76    9.49    6.10 
1996 4	  17.27   31.06   14.82    5.89 
1996 5	  26.50   34.74   22.49    6.19 
1996 6	  26.45   37.01   23.22    4.61 
1996 7	  11.30   38.37   24.03    4.56 
1996 8	 119.95   35.59   23.52    4.43 
1996 9	  28.38   34.50   22.34    4.06 
1996 10	  30.90   30.34   17.67    4.70 
1996 11	  15.25   26.89   13.49    5.33 
1996 12	  10.15   22.68    9.00    5.35 
1997 1	   9.30   18.04    6.99    5.84 
1997 2	  27.07   21.97    9.72    5.65 
1997 3	  75.63   26.29   14.77    4.41 
1997 4	  83.33   26.25   15.08    5.31 
1997 5	 147.78   31.51   19.43    4.17 
1997 6	  92.38   35.41   22.63    4.71 
1997 7	   5.07   38.39   23.90    3.88 
1997 8	   4.07   38.96   23.92    3.60 
1997 9	  42.25   35.50   21.70    3.09 
1997 10	 102.60   29.07   17.31    5.18 
1997 11	  49.20   22.18   11.83    4.87 
1997 12	   9.52   21.62    6.12    5.75 
1998 1	   8.23   25.13   10.08    5.08 
1998 2	  74.22   24.74    9.47    5.23 
1998 3	  36.95   25.56   12.43    6.59 
1998 4	   0.78   30.82   15.19    5.46 
1998 5	   0.00   36.63   21.31    4.90 
1998 6	  13.45   39.47   25.02    5.67 
1998 7	   9.73   39.77   24.68    4.12 
1998 8	  63.82   38.64   24.24    3.63 
1998 9	 176.40   33.32   23.02    3.22 
1998 10	 118.78   29.73   18.33    5.71 
1998 11	  47.58   25.02   15.77    4.79 
1998 12	   8.75   21.13    8.89    5.83 
1999 1	   1.15   24.48    8.21    6.02 
1999 2	   2.43   27.29   12.40    5.49 
1999 3	  47.72   28.39   15.03    5.86 
1999 4	   0.50   32.51   19.25    6.12 
1999 5	  44.72   34.60   20.94    5.01 
1999 6	  67.92   36.07   23.61    4.53 
1999 7	  83.98   35.71   23.04    3.92 
1999 8	  96.62   37.44   23.04    2.81 
1999 9	 137.00   33.61   20.41    3.66 
1999 10	  49.65   29.18   15.14    4.79 
1999 11	  16.93   27.19   12.02    4.50 
1999 12	   7.60   22.40    7.31    5.63 
2000 1	  17.77   24.46    9.94    5.32 
2000 2	  13.07   26.89   12.67    5.64 
2000 3	  44.08   29.38   16.16    5.15 
2000 4	  10.77   31.33   16.93    5.45 
2000 5	  54.75   34.84   22.09    5.86 
2000 6	  43.23   35.46   22.84    5.11 
2000 7	   7.32   39.12   23.05    4.10 
2000 8	  21.18   37.58   22.56    3.14 
2000 9	  38.68   36.62   20.26    3.83 
2000 10	  99.35   29.24   17.08    4.94 
2000 11	  26.50   23.99   12.11    5.26 
2000 12	  14.63   17.71    5.27    5.65 
2001 1	  16.80   19.49    6.97    5.58 
2001 2	  31.97   24.67   12.15    5.65 
2001 3	  31.92   25.26   10.65    4.97 
2001 4	  12.00   31.91   18.96    6.18 
2001 5	  39.20   34.51   20.34    4.73 
2001 6	  26.62   37.48   23.19    3.76 
2001 7	  14.78   38.27   23.49    4.03 
2001 8	  85.57   37.55   23.70    3.96 
2001 9	  60.80   32.98   21.07    4.39 
2001 10	   2.92   30.65   15.80    4.68 
2001 11	  79.12   26.20   14.08    4.79 
2001 12	  35.65   21.11    8.43    4.96 
2002 1	   4.22   22.41    9.01    5.62 
2002 2	   9.03   21.35    6.96    5.70 
2002 3	   0.73   26.60   13.08    5.98 
2002 4	  12.28   32.00   19.85    5.07 
2002 5	  50.13   34.54   21.63    5.66 
2002 6	  42.10   36.13   23.13    3.95 
2002 7	  99.95   35.07   23.73    4.34 
2002 8	  17.83   37.09   24.13    3.48 
2002 9	 143.52   32.74   21.31    3.91 
2002 10	 101.28   29.88   19.47    4.19 
2002 11	  60.40   22.61   10.45    5.22 
2002 12	  12.80   21.06    8.25    5.89 
2003 1	  22.70   18.31    6.81    5.06 
2003 2	  70.65   20.82   10.03    5.86 
2003 3	  34.92   24.74   13.14    4.44 
2003 4	  19.52   29.31   17.76    5.44 
2003 5	  13.15   35.35   22.63    5.15 
2003 6	  44.60   36.30   23.82    3.52 
2003 7	 128.48   35.03   23.51    4.31 
2003 8	  68.13   36.61   23.61    3.26 
2003 9	 180.90   31.51   21.54    3.49 
2003 10	 223.03   28.68   17.23    4.39 
2003 11	  35.32   25.73   13.34    5.33 
2003 12	   0.40   22.28    7.43    5.41 
2004 1	  34.88   20.22    9.40    5.72 
2004 2	   9.32   21.82    8.86    5.41 
2004 3	  62.40   26.76   15.94    5.05 
2004 4	  79.65   27.61   16.92    5.84 
2004 5	  50.85   31.37   20.22    5.78 
2004 6	 126.93   34.83   23.25    4.74 
2004 7	   8.32   35.75   23.35    4.10 
2004 8	  43.50   36.45   23.12    3.48 
2004 9	  54.07   32.59   21.68    2.58 
2004 10	  62.85   32.47   20.05    4.67 
2004 11	  39.12   26.46   13.14    5.08 
2004 12	  11.45   20.35    7.02    5.53 
2005 1	  30.12   21.89   10.16    5.38 
2005 2	  32.02   21.00   12.10    5.65 
2005 3	  19.80   26.96   12.85    4.69 
2005 4	   3.80   30.56   14.42    4.95 
2005 5	  23.90   32.39   19.95    5.02 
2005 6	   4.28   36.73   22.82    4.59 
2005 7	 113.85   36.49   23.28    3.81 
2005 8	   9.50   37.24   23.50    3.74 
2005 9	  27.88   36.47   22.91    3.53 
2005 10	  55.25   30.68   16.37    4.54 
2005 11	  25.00   27.67   12.08    5.44 
2005 12	   8.70   20.87    7.46    5.56 
2006 1	   0.77   24.70    8.04    5.09 
2006 2	   4.75   23.90    7.17    5.58 
2006 3	  15.40   29.12   15.63    5.96 
2006 4	  16.38   33.66   18.91    5.37 
2006 5	  39.60   34.70   20.21    5.37 
2006 6	 100.65   35.32   21.89    3.24 
2006 7	 151.53   35.11   23.12    4.04 
2006 8	   1.72   36.86   23.40    3.38 
2006 9	 153.85   33.40   21.27    3.70 
2006 10	  84.90   29.54   18.34    4.41 
2006 11	   0.25   27.18   12.46    4.77 
2006 12	  87.75   20.27    8.43    5.40 
2007 1	  82.55   16.79    6.65    5.72 
2007 2	   4.03   22.00    8.57    5.22 
2007 3	  36.27   27.33   14.67    5.71 
2007 4	  24.68   27.72   14.86    4.96 
2007 5	  80.58   31.68   19.37    4.78 
2007 6	 141.22   35.20   22.58    4.86 
2007 7	 177.95   33.54   23.13    4.59 
2007 8	 105.75   34.82   22.75    3.41 
2007 9	  46.23   33.27   21.39    2.46 
2007 10	  22.92   31.90   15.56    4.41 
2007 11	   8.27   26.35   12.65    4.76 
2007 12	   1.12   24.98    9.06    4.57 
2008 1	  27.60   20.93    6.27    6.12 
2008 2	   2.52   27.81   10.55    5.50 
2008 3	   1.07   29.29   11.60    6.28 
2008 4	  21.50   32.12   16.25    5.78 
2008 5	  35.55   35.26   21.18    5.25 
2008 6	  10.68   37.11   23.10    4.85 
2008 7	 294.85   33.35   22.53    4.53 
2008 8	 148.85   34.33   23.38    3.86 
2008 9	  64.65   31.43   19.84    3.85 
2008 10	  34.30   29.68   14.30    4.39 
2008 11	  12.00   26.05   10.58    4.71 
2008 12	  11.78   21.82    7.29    5.83 
2009 1	   5.70   23.73    7.52    5.02 
2009 2	   8.97   26.51    9.84    5.98 
2009 3	  14.95   27.50   12.34    5.69 
2009 4	   5.53   31.96   15.54    5.80 
2009 5	  47.92   34.73   21.23    5.13 
2009 6	  23.45   36.99   23.09    4.26 
2009 7	   1.95   39.81   24.10    4.44 
2009 8	  13.98   39.28   23.65    3.16 
2009 9	 119.82   32.82   21.27    2.94 
2009 10	  20.50   30.79   17.68    5.63 
2009 11	  86.12   25.79   10.37    5.60 
2009 12	  74.30   16.79    6.02    5.67 
2010 1	  50.87   19.62    5.87    6.12 
2010 2	  67.67   18.54    5.69    5.78 
2010 3	  16.35   25.48    9.25    5.25 
2010 4	 137.07   28.65   15.90    5.18 
2010 5	 154.00   33.42   20.29    5.00 
2010 6	 176.35   35.93   23.32    4.59 
2010 7	 140.27   33.45   23.44    4.29 
2010 8	  11.35   36.90   23.38    3.04 
2010 9	 179.32   33.01   21.68    3.94 
2010 10	   2.85   30.55   14.43    4.84 
2010 11	   2.65   26.85   10.47    5.73 
2010 12	   1.88   23.28    6.88    5.76 
