1949 1	 108.65   10.14   -1.39    3.37 
1949 2	  57.25   16.53    3.14    2.87 
1949 3	  58.40   20.58    7.04    2.93 
1949 4	 179.30   23.00   10.39    2.84 
1949 5	  87.05   29.06   17.39    2.70 
1949 6	 106.48   33.05   20.00    2.70 
1949 7	   5.93   36.01   22.24    2.24 
1949 8	  33.97   35.59   20.58    2.03 
1949 9	  15.55   31.04   17.96    2.17 
1949 10	 121.72   25.30   12.11    3.02 
1949 11	   0.00   24.48    5.18    2.52 
1949 12	  40.30   17.01    3.28    3.30 
1950 1	  60.77   16.93    3.23    3.46 
1950 2	  35.60   18.61    4.63    2.99 
1950 3	   5.53   21.60    4.88    3.58 
1950 4	  96.25   24.92   10.63    3.38 
1950 5	 115.25   28.78   16.20    2.65 
1950 6	  49.80   31.73   19.88    2.74 
1950 7	  65.65   33.69   21.71    2.92 
1950 8	  32.25   35.09   21.14    2.42 
1950 9	  24.68   30.88   18.42    2.39 
1950 10	  12.70   30.13   13.85    2.61 
1950 11	   2.78   21.30    3.28    3.29 
1950 12	   0.00   16.50   -0.00    2.72 
1951 1	   1.90   16.48   -0.95    3.39 
1951 2	  20.07   17.06    1.06    3.61 
1951 3	  44.45   21.08    5.71    3.56 
1951 4	  40.20   27.13   10.51    3.34 
1951 5	 100.55   28.98   16.64    2.84 
1951 6	 242.73   33.27   20.71    3.35 
1951 7	   9.80   36.92   23.72    2.62 
1951 8	   9.27   38.05   23.81    2.58 
1951 9	  27.15   33.79   19.15    2.33 
1951 10	  33.55   28.97   14.38    2.58 
1951 11	  11.37   19.23    4.46    3.37 
1951 12	   0.60   18.89    1.82    3.33 
1952 1	   5.48   19.92    4.54    3.51 
1952 2	  11.80   20.50    4.58    3.55 
1952 3	  42.20   20.37    5.09    3.30 
1952 4	  75.90   24.40   10.60    3.13 
1952 5	 124.12   28.86   15.35    2.70 
1952 6	   5.18   34.64   21.76    2.81 
1952 7	   7.22   35.58   22.97    2.27 
1952 8	   5.72   38.92   23.95    2.87 
1952 9	 109.35   31.57   17.21    2.00 
1952 10	   0.00   26.19    7.91    2.30 
1952 11	  79.80   19.45    5.95    3.03 
1952 12	  45.35   15.03    1.40    2.58 
1953 1	   3.25   20.62    3.05    3.69 
1953 2	   7.97   18.33    2.67    2.84 
1953 3	  93.38   23.18    9.11    2.68 
1953 4	  97.45   25.15    9.66    2.77 
1953 5	  92.57   28.77   15.31    2.95 
1953 6	  23.02   36.98   22.67    2.64 
1953 7	  26.10   35.37   22.21    2.50 
1953 8	  46.35   34.91   21.27    2.06 
1953 9	  16.02   33.94   16.94    1.61 
1953 10	 177.57   27.09   13.03    2.29 
1953 11	  15.78   19.04    5.03    2.21 
1953 12	  20.55   14.77    0.34    3.08 
1954 1	  13.05   15.43    1.33    3.23 
1954 2	   6.42   22.49    3.95    3.12 
1954 3	  25.65   20.49    5.26    3.36 
1954 4	  62.20   27.94   14.45    3.69 
1954 5	  69.60   27.47   15.58    2.76 
1954 6	  28.40   34.59   21.62    3.06 
1954 7	   8.82   38.31   23.42    2.49 
1954 8	   6.05   37.35   23.87    2.94 
1954 9	  22.92   35.03   19.22    2.10 
1954 10	  34.33   27.83   14.27    2.37 
1954 11	  38.35   20.44    5.49    2.49 
1954 12	  15.75   18.56    3.37    2.97 
1955 1	  31.10   14.71    2.03    2.97 
1955 2	  36.55   15.83    2.62    3.71 
1955 3	  13.85   22.36    7.07    3.48 
1955 4	  31.10   28.06   14.53    3.21 
1955 5	 124.97   31.07   17.59    3.00 
1955 6	 114.00   31.83   19.10    2.68 
1955 7	  61.78   35.13   22.53    2.63 
1955 8	  37.95   35.31   21.86    1.80 
1955 9	  89.92   32.51   19.71    2.03 
1955 10	   8.55   28.18   11.07    2.58 
1955 11	  14.93   20.96    3.85    3.39 
1955 12	   0.68   16.40    0.86    2.82 
1956 1	  41.10   14.40   -0.18    3.34 
1956 2	  28.45   15.95    2.36    3.23 
1956 3	   1.33   22.96    6.19    3.03 
1956 4	 106.25   25.63   11.06    3.01 
1956 5	  68.80   31.30   18.17    2.87 
1956 6	   6.55   35.46   22.01    2.61 
1956 7	   0.00   37.19   23.30    3.11 
1956 8	  32.72   36.95   22.20    2.86 
1956 9	  24.55   33.48   18.09    2.12 
1956 10	  53.52   29.00   14.08    2.12 
1956 11	  31.35   19.57    4.88    2.90 
1956 12	  50.88   17.29    1.56    2.93 
1957 1	  22.17   12.89   -0.08    3.05 
1957 2	  36.28   18.16    7.47    2.86 
1957 3	  50.92   19.33    6.04    3.06 
1957 4	 228.80   22.20   10.34    3.22 
1957 5	 171.30   25.66   15.90    2.89 
1957 6	  49.12   31.59   19.98    2.26 
1957 7	  60.90   37.16   23.40    2.09 
1957 8	  10.00   36.67   22.66    2.35 
1957 9	  39.95   30.73   17.43    2.51 
1957 10	 144.67   22.84   11.74    2.63 
1957 11	  99.30   16.00    5.30    3.04 
1957 12	  35.95   18.05    2.40    3.24 
1958 1	  55.45   13.84    0.69    3.25 
1958 2	  75.93   12.59    1.40    3.56 
1958 3	  75.53   15.62    3.80    2.91 
1958 4	  95.63   23.56   10.21    2.84 
1958 5	  78.55   28.18   15.68    2.24 
1958 6	  82.38   33.93   20.85    2.55 
1958 7	  38.80   35.60   22.39    3.10 
1958 8	  13.90   36.44   21.44    2.18 
1958 9	  66.27   30.90   19.26    2.17 
1958 10	  39.73   24.12   11.77    2.62 
1958 11	  41.13   20.72    4.77    2.36 
1958 12	  14.07   14.37   -2.57    2.81 
1959 1	   0.35   13.76   -2.54    3.35 
1959 2	  35.45   15.38    1.57    3.04 
1959 3	   4.03   22.65    3.70    3.37 
1959 4	  71.55   24.74    9.87    3.26 
1959 5	  86.35   31.30   18.58    3.05 
1959 6	 314.83   33.74   20.22    2.48 
1959 7	 125.53   33.76   21.43    1.92 
1959 8	  15.85   35.44   21.73    2.26 
1959 9	  72.15   33.86   19.59    2.78 
1959 10	 229.77   25.09   10.99    2.48 
1959 11	  21.95   15.40    2.36    2.87 
1959 12	  79.70   16.95    3.80    3.14 
1960 1	  83.42   12.27    1.49    3.06 
1960 2	  29.25   13.24   -0.93    3.73 
1960 3	  12.57   16.41    4.28    3.04 
1960 4	  53.85   27.10   13.20    3.63 
1960 5	  64.92   29.10   14.64    3.18 
1960 6	  26.58   36.14   20.82    2.62 
1960 7	  27.95   36.46   22.04    2.01 
1960 8	  49.92   35.36   22.07    2.14 
1960 9	  51.42   33.75   18.26    1.94 
1960 10	  42.20   27.31   15.52    2.29 
1960 11	   5.85   20.38    7.86    2.63 
1960 12	 104.60   10.96    0.98    2.87 
1961 1	 118.65   11.47   -1.05    2.80 
1961 2	  86.28   17.26    2.82    3.47 
1961 3	  24.45   22.93    7.28    3.43 
1961 4	  42.90   26.58   10.27    3.63 
1961 5	  53.42   30.40   16.65    3.36 
1961 6	 251.00   31.59   19.62    2.51 
1961 7	  78.03   32.80   21.42    2.41 
1961 8	  10.60   34.93   20.04    1.86 
1961 9	  76.80   31.40   18.47    3.09 
1961 10	 109.10   25.93   13.00    2.77 
1961 11	  39.35   16.50    5.10    2.93 
1961 12	  25.30   13.21    1.34    2.86 
1962 1	   1.10   11.55   -3.02    3.34 
1962 2	  31.60   21.37    3.08    3.27 
1962 3	   9.10   18.65    4.77    3.23 
1962 4	  71.70   24.49   12.03    3.33 
1962 5	  16.38   32.38   17.93    4.02 
1962 6	 199.05   32.84   19.57    2.00 
1962 7	  73.02   36.16   22.53    2.56 
1962 8	  22.10   38.26   22.07    2.19 
1962 9	  85.35   32.34   18.89    2.08 
1962 10	 155.30   27.07   15.11    2.78 
1962 11	  42.17   18.51    6.16    2.83 
1962 12	   7.00   13.49    2.02    2.51 
1963 1	   3.47   10.41   -4.68    2.96 
1963 2	  17.42   16.58   -0.01    3.24 
1963 3	   2.93   24.17    7.26    3.43 
1963 4	  35.27   29.49   15.42    4.09 
1963 5	 105.38   30.81   18.49    3.04 
1963 6	  73.60   33.93   21.63    2.55 
1963 7	   9.10   37.50   23.45    2.93 
1963 8	  28.10   37.63   22.91    2.23 
1963 9	  20.90   32.35   19.63    1.97 
1963 10	  20.02   30.02   13.75    1.77 
1963 11	  96.25   20.88    6.77    3.17 
1963 12	  12.30   10.17   -1.95    2.90 
1964 1	  68.32   14.24   -1.63    3.29 
1964 2	  34.70   13.53    0.45    3.16 
1964 3	  51.65   21.05    4.79    3.24 
1964 4	  89.55   26.73   12.96    3.73 
1964 5	  23.85   30.90   17.37    3.12 
1964 6	  30.37   34.16   20.40    2.90 
1964 7	   8.62   38.85   22.85    2.41 
1964 8	  30.82   37.72   22.84    2.86 
1964 9	 197.65   31.22   18.97    2.12 
1964 10	  34.72   24.56   10.10    2.36 
1964 11	  49.75   19.57    6.77    2.78 
1964 12	  18.70   14.18    0.33    3.06 
1965 1	  71.40   15.18    2.12    2.98 
1965 2	  85.28   12.20    0.26    3.25 
1965 3	   9.25   15.24    2.76    3.37 
1965 4	  29.70   27.49   13.22    3.12 
1965 5	 229.43   28.07   17.59    3.21 
1965 6	  24.40   33.75   20.82    2.61 
1965 7	   8.88   37.90   22.42    2.13 
1965 8	  36.95   36.26   21.54    2.22 
1965 9	   6.07   33.05   19.14    2.52 
1965 10	 106.40   24.55   10.95    2.30 
1965 11	  78.53   21.99    9.45    2.30 
1965 12	  48.03   14.99    3.55    2.97 
1966 1	  16.15   10.16   -1.40    3.08 
1966 2	  42.58   13.50   -0.12    3.29 
1966 3	  16.73   20.82    6.31    3.29 
1966 4	 203.45   26.08   12.10    3.44 
1966 5	  18.18   28.62   15.94    2.55 
1966 6	  81.62   33.81   19.72    2.24 
1966 7	  11.60   37.54   22.98    2.38 
1966 8	 100.82   34.77   21.18    2.12 
1966 9	 181.42   29.76   18.65    1.66 
1966 10	  25.80   24.86   10.49    2.36 
1966 11	  12.65   22.60    7.89    3.07 
1966 12	   6.32   15.15   -0.74    2.96 
1967 1	   5.30   16.22   -0.40    3.46 
1967 2	  28.60   16.83    0.76    3.27 
1967 3	  26.83   26.26    9.42    3.81 
1967 4	  33.77   30.02   16.36    4.16 
1967 5	 120.98   31.20   15.39    3.38 
1967 6	  99.25   36.88   21.36    2.94 
1967 7	  39.72   36.63   21.75    2.95 
1967 8	  13.90   36.00   20.43    2.01 
1967 9	 229.80   28.57   16.98    2.39 
1967 10	  41.17   25.22   10.78    2.61 
1967 11	  76.80   17.77    7.09    2.49 
1967 12	  38.53   12.86    1.03    2.65 
1968 1	 174.15   10.65    1.54    3.25 
1968 2	  35.05   12.28    0.63    2.58 
1968 3	  89.33   17.66    6.72    3.75 
1968 4	  93.58   24.31   11.70    3.32 
1968 5	 110.85   27.98   16.71    3.21 
1968 6	  71.50   31.03   20.20    2.53 
1968 7	  57.47   33.47   21.19    2.37 
1968 8	  39.30   35.08   21.49    2.72 
1968 9	  53.00   29.92   16.02    2.13 
1968 10	   3.65   27.35   12.56    2.52 
1968 11	 121.32   18.16    4.45    3.08 
1968 12	   3.30   15.54    0.01    3.47 
1969 1	   4.65   15.75    2.56    3.22 
1969 2	  34.05   15.40    2.86    3.01 
1969 3	  60.05   14.94    3.30    3.25 
1969 4	  98.23   25.99   12.37    3.16 
1969 5	 100.03   28.66   15.55    2.18 
1969 6	  36.65   33.37   20.58    3.24 
1969 7	  23.77   37.77   23.66    2.54 
1969 8	  97.30   35.55   22.39    2.25 
1969 9	  84.53   30.50   18.56    1.95 
1969 10	 171.95   23.57   12.07    3.28 
1969 11	  57.70   18.28    4.16    2.52 
1969 12	  66.70   15.71    2.34    2.45 
1970 1	   3.90   11.36   -1.81    2.66 
1970 2	  65.75   15.42    2.56    3.27 
1970 3	 113.50   17.04    5.10    3.18 
1970 4	  22.85   26.02   12.88    3.48 
1970 5	 195.50   28.48   15.60    2.75 
1970 6	   8.90   32.30   19.86    2.52 
1970 7	   0.57   36.01   21.69    2.14 
1970 8	  80.68   35.81   21.25    2.25 
1970 9	 120.92   31.24   18.97    2.56 
1970 10	  36.12   24.09   10.09    2.34 
1970 11	   0.00   19.49    2.64    3.29 
1970 12	   7.00   19.64    3.54    2.97 
1971 1	   1.05   17.41    0.14    3.29 
1971 2	  17.67   17.17    1.69    3.73 
1971 3	   0.08   23.13    4.34    3.53 
1971 4	  35.97   26.07   10.72    3.22 
1971 5	  68.07   30.69   15.51    3.34 
1971 6	  19.35   34.39   21.26    2.85 
1971 7	  55.88   35.59   22.14    2.51 
1971 8	 229.57   30.85   19.96    1.88 
1971 9	 121.00   30.39   18.68    2.47 
1971 10	 150.20   26.37   13.83    2.31 
1971 11	  13.83   20.01    7.33    2.87 
1971 12	  60.27   16.01    3.94    3.07 
1972 1	  16.42   14.13   -0.31    3.27 
1972 2	   9.48   17.66    0.93    3.09 
1972 3	   3.55   24.96    8.63    3.31 
1972 4	  85.70   29.24   13.73    3.63 
1972 5	  75.88   28.80   15.60    2.00 
1972 6	  36.25   35.44   20.84    2.46 
1972 7	  40.08   35.60   21.40    2.69 
1972 8	  70.85   35.57   21.44    2.25 
1972 9	  45.83   33.60   20.64    2.04 
1972 10	  83.68   26.53   12.53    2.42 
1972 11	  11.20   15.09    3.14    2.75 
1972 12	   7.55   13.89   -2.08    3.03 
1973 1	  93.38   10.00   -2.44    3.72 
1973 2	  75.60   14.47    1.23    3.07 
1973 3	  65.15   21.81    7.26    3.11 
1973 4	  99.53   21.50    9.62    3.28 
1973 5	  18.92   30.65   15.09    3.14 
1973 6	  73.35   32.22   19.74    2.73 
1973 7	 130.03   34.84   22.31    2.43 
1973 8	   0.65   35.19   21.28    2.07 
1973 9	 111.50   30.66   19.10    2.38 
1973 10	 200.43   26.35   13.94    2.39 
1973 11	  14.20   22.32    8.52    3.25 
1973 12	   0.00   16.84    0.04    3.29 
1974 1	   7.62   13.42   -1.20    2.99 
1974 2	  17.23   19.39    1.25    3.82 
1974 3	  11.90   25.16   10.25    4.26 
1974 4	  25.45   27.48   11.87    3.79 
1974 5	  39.08   31.26   18.51    3.11 
1974 6	  20.50   33.92   19.97    2.80 
1974 7	  42.05   35.55   22.55    2.28 
1974 8	 169.12   31.40   21.46    2.61 
1974 9	 198.02   25.61   15.19    2.76 
1974 10	 129.52   26.48   12.62    2.67 
1974 11	  30.32   18.48    6.30    2.82 
1974 12	  51.42   13.75    1.47    2.53 
1975 1	  42.97   15.57    1.83    3.29 
1975 2	  18.58   15.71    1.10    3.23 
1975 3	  23.17   20.07    5.24    3.68 
1975 4	  70.70   23.69   11.14    3.87 
1975 5	 158.70   28.76   15.09    2.90 
1975 6	  23.30   32.73   20.32    2.80 
1975 7	  83.50   34.09   21.18    1.97 
1975 8	  42.40   35.28   21.32    2.29 
1975 9	  40.70   30.05   15.54    2.29 
1975 10	  19.77   27.08   11.27    2.81 
1975 11	  36.50   21.37    5.83    3.14 
1975 12	  21.93   16.42    1.63    3.26 
1976 1	   0.15   15.23   -2.11    3.13 
1976 2	   4.03   21.82    5.00    4.18 
1976 3	  15.12   23.16    7.98    3.75 
1976 4	  85.85   25.04   12.78    3.42 
1976 5	  70.43   27.37   14.22    2.55 
1976 6	  25.60   33.49   19.47    2.81 
1976 7	 132.40   31.52   20.76    2.20 
1976 8	  40.27   35.88   20.81    1.77 
1976 9	  58.35   30.64   17.93    1.77 
1976 10	 105.20   21.73    8.01    2.61 
1976 11	  15.97   15.84    1.28    2.67 
1976 12	  25.33   14.70   -1.75    2.70 
1977 1	  40.07    9.31   -4.64    2.84 
1977 2	  14.97   18.12    0.98    2.96 
1977 3	 112.72   21.93    5.92    3.29 
1977 4	 160.18   23.64   11.47    3.13 
1977 5	  10.32   28.85   18.50    3.01 
1977 6	  58.28   33.82   20.99    2.63 
1977 7	  36.62   35.73   22.50    2.48 
1977 8	  30.18   35.36   22.14    2.56 
1977 9	  14.38   35.63   20.56    2.57 
1977 10	  21.25   28.50   13.06    2.37 
1977 11	  56.25   22.73    6.46    2.61 
1977 12	   4.30   19.71    2.26    3.39 
1978 1	  23.05    8.95   -2.33    3.44 
1978 2	  56.65   10.87   -1.07    3.14 
1978 3	  22.08   21.59    4.82    3.28 
1978 4	  21.50   28.84   12.80    3.82 
1978 5	  90.60   31.51   17.16    3.14 
1978 6	  11.48   33.91   20.23    2.30 
1978 7	   3.70   37.87   23.84    2.63 
1978 8	  94.50   33.44   21.54    2.41 
1978 9	  56.80   30.40   19.45    2.40 
1978 10	   3.03   27.79   11.44    2.08 
1978 11	  71.68   20.08    7.93    2.63 
1978 12	   0.75   15.88    0.94    2.92 
1979 1	  38.75    8.33   -1.82    3.37 
1979 2	  69.78   14.33    0.39    3.30 
1979 3	 108.20   20.71    8.16    3.59 
1979 4	  71.28   25.14   11.49    2.69 
1979 5	  53.78   27.48   14.57    3.14 
1979 6	  53.50   32.07   19.40    2.39 
1979 7	  58.07   35.02   21.88    2.14 
1979 8	 136.92   33.23   20.26    2.03 
1979 9	   0.25   32.38   15.70    2.17 
1979 10	  13.22   30.72   12.20    2.78 
1979 11	   1.18   18.90    2.59    2.88 
1979 12	  63.17   17.09    1.47    3.00 
1980 1	  27.23   15.38    1.59    3.10 
1980 2	  13.30   17.79    1.37    3.04 
1980 3	  32.25   21.60    5.29    3.14 
1980 4	  25.23   26.65    9.20    3.31 
1980 5	 183.95   29.41   15.80    2.70 
1980 6	 118.83   34.90   21.27    3.17 
1980 7	   0.10   38.42   22.58    2.51 
1980 8	  10.67   36.61   21.62    3.12 
1980 9	 126.93   31.54   18.94    2.34 
1980 10	   6.35   26.48    9.99    2.27 
1980 11	  66.93   18.96    3.53    2.69 
1980 12	  54.12   17.77    3.12    3.06 
1981 1	  15.62   15.03    1.25    2.65 
1981 2	  30.30   16.86    4.18    3.26 
1981 3	  68.50   20.19    7.74    3.11 
1981 4	  68.70   27.97   14.18    3.37 
1981 5	  40.30   29.55   15.63    3.22 
1981 6	 103.35   32.30   19.78    2.45 
1981 7	   8.40   35.46   21.61    2.49 
1981 8	  20.55   35.03   21.25    2.11 
1981 9	  77.65   31.44   17.00    2.21 
1981 10	 187.00   26.14   13.26    2.83 
1981 11	  13.93   22.53    6.04    2.53 
1981 12	   3.08   17.80    0.92    2.96 
1982 1	  21.88   17.09   -0.54    3.66 
1982 2	  49.25   15.05    0.41    3.29 
1982 3	  52.40   22.69    8.28    3.98 
1982 4	  76.03   24.85   10.67    3.34 
1982 5	 140.98   28.50   15.36    3.10 
1982 6	 236.80   32.57   18.75    2.77 
1982 7	  13.15   35.65   20.98    2.97 
1982 8	   5.88   37.67   21.25    2.57 
1982 9	   9.60   34.57   16.27    2.38 
1982 10	  24.65   27.72   10.25    2.71 
1982 11	  60.88   19.86    5.28    2.94 
1982 12	  46.22   15.91    0.80    3.59 
1983 1	  35.20   13.56   -1.82    2.54 
1983 2	  12.18   15.91    0.43    3.09 
1983 3	  80.20   19.58    4.36    3.47 
1983 4	  24.00   23.66    6.89    3.81 
1983 5	  56.95   29.44   12.64    3.09 
1983 6	 171.35   30.87   16.76    2.44 
1983 7	  48.17   34.47   20.41    2.42 
1983 8	  12.85   36.35   21.06    1.48 
1983 9	   0.40   34.24   17.50    2.26 
1983 10	  31.20   28.23   12.16    2.52 
1983 11	  48.33   22.72    6.17    2.92 
1983 12	   9.10    9.18   -4.85    3.28 
1984 1	  20.60   12.30   -3.01    2.85 
1984 2	  51.55   19.35    0.26    3.45 
1984 3	  70.43   22.14    5.62    3.76 
1984 4	  16.15   26.67    8.49    3.10 
1984 5	  22.02   32.26   15.49    3.29 
1984 6	  12.65   35.93   20.76    2.96 
1984 7	  33.25   36.76   21.04    2.24 
1984 8	  48.62   36.44   20.83    2.28 
1984 9	  38.22   30.00   16.98    2.93 
1984 10	 162.75   24.17   13.52    2.54 
1984 11	   7.10   18.16    4.64    2.99 
1984 12	 168.22   18.19    2.88    3.43 
1985 1	  14.38   11.31   -2.22    3.16 
1985 2	  54.17   13.36    1.49    3.42 
1985 3	  75.40   21.13    8.29    3.51 
1985 4	  64.30   26.69   12.06    3.28 
1985 5	  69.55   30.55   16.04    2.83 
1985 6	 151.32   32.17   18.91    2.54 
1985 7	  57.60   35.32   19.87    2.32 
1985 8	   8.95   38.61   21.01    2.28 
1985 9	  56.98   32.48   17.43    2.74 
1985 10	  95.82   25.24   13.84    3.34 
1985 11	  35.45   19.99    6.62    3.32 
1985 12	   2.17   14.51   -2.90    2.71 
1986 1	   0.03   18.76   -1.57    3.02 
1986 2	  77.70   19.55    3.80    3.05 
1986 3	  23.85   24.84    5.48    3.16 
1986 4	  42.88   28.10   12.84    3.51 
1986 5	 140.70   29.53   15.92    3.21 
1986 6	  94.80   32.79   20.03    1.82 
1986 7	  13.90   36.84   20.84    2.73 
1986 8	  88.00   35.10   21.02    2.26 
1986 9	 116.00   30.96   20.86    2.57 
1986 10	  78.75   24.20   11.48    2.44 
1986 11	  73.27   17.81    4.99    2.77 
1986 12	 176.72   11.45    1.09    2.67 
1987 1	  23.08   13.76   -1.01    2.99 
1987 2	  66.18   16.13    2.64    3.57 
1987 3	  75.00   18.97    2.02    2.98 
1987 4	  30.52   25.65    6.80    2.58 
1987 5	 171.15   29.76   15.11    2.59 
1987 6	  82.85   31.20   18.40    2.20 
1987 7	   6.27   34.35   20.35    2.37 
1987 8	  53.07   36.07   21.43    2.53 
1987 9	  82.70   32.15   16.04    2.18 
1987 10	   7.87   27.11    9.25    2.61 
1987 11	  64.55   20.07    4.04    2.67 
1987 12	  39.80   15.75    0.06    2.94 
1988 1	   7.98   12.41   -2.78    3.29 
1988 2	  17.50   16.50   -0.16    3.16 
1988 3	  46.07   22.19    2.69    3.49 
1988 4	  32.40   27.61    7.01    2.67 
1988 5	 174.72   29.89   13.04    2.87 
1988 6	  42.28   32.77   17.65    2.08 
1988 7	  83.25   34.04   20.23    2.35 
1988 8	   3.58   37.31   20.44    2.06 
1988 9	  46.08   33.64   15.84    2.50 
1988 10	  30.85   27.59   10.02    2.35 
1988 11	   0.38   22.79    4.03    2.99 
1988 12	  32.28   15.94   -0.75    2.91 
1989 1	  29.85   15.93    0.77    2.89 
1989 2	  88.67   11.88   -1.60    4.06 
1989 3	  39.50   21.14    3.55    3.52 
1989 4	  31.62   28.34   11.57    3.32 
1989 5	  53.35   33.46   16.89    3.64 
1989 6	 165.55   32.63   18.16    2.81 
1989 7	   6.03   37.55   20.55    2.07 
1989 8	  61.45   35.50   20.99    2.60 
1989 9	  24.75   32.70   14.27    2.51 
1989 10	  51.08   29.94   10.17    2.80 
1989 11	  11.80   22.97    5.51    2.75 
1989 12	   9.43   14.04   -4.69    3.27 
1990 1	  60.62   19.81    2.10    3.11 
1990 2	  81.13   20.65    3.94    3.34 
1990 3	  76.42   21.61    7.50    3.75 
1990 4	 188.33   25.85   11.79    3.43 
1990 5	 112.42   30.30   16.42    3.49 
1990 6	  49.58   36.32   21.80    3.18 
1990 7	 121.75   34.01   20.05    2.49 
1990 8	  28.82   34.89   19.62    2.54 
1990 9	 115.28   32.40   17.97    1.62 
1990 10	  48.92   27.92   10.07    2.49 
1990 11	  79.70   22.73    7.42    2.96 
1990 12	   8.05   16.41   -1.27    3.04 
1991 1	 103.00   13.52    0.22    2.95 
1991 2	  18.00   20.36    3.39    2.86 
1991 3	   7.83   24.32    7.16    3.45 
1991 4	  45.85   28.74   11.62    3.04 
1991 5	  97.53   30.48   15.98    2.88 
1991 6	 143.75   33.90   18.77    2.34 
1991 7	  31.70   35.71   19.56    2.26 
1991 8	 113.82   34.52   19.32    2.10 
1991 9	 178.10   28.95   15.67    2.16 
1991 10	 128.00   28.38   10.03    2.55 
1991 11	   8.25   19.17    4.19    3.13 
1991 12	 179.23   16.32    4.75    3.16 
1992 1	  63.28   13.82    1.49    2.44 
1992 2	 173.03   18.84    4.73    3.05 
1992 3	  31.80   22.62    7.11    3.07 
1992 4	  41.17   25.78   10.44    2.72 
1992 5	 103.53   26.96   14.86    2.37 
1992 6	 165.65   32.04   19.07    2.10 
1992 7	  85.95   33.20   21.31    3.28 
1992 8	  77.78   32.53   18.88    2.03 
1992 9	  21.42   31.44   17.01    2.74 
1992 10	  25.95   28.62   10.53    2.38 
1992 11	  82.15   18.26    4.96    2.82 
1992 12	  47.10   16.39    3.03    2.74 
1993 1	  35.52   14.04    0.53    2.74 
1993 2	  79.28   17.19    2.79    3.12 
1993 3	  38.60   21.21    5.97    3.08 
1993 4	  57.23   25.26    9.34    3.65 
1993 5	  32.15   28.56   13.87    2.85 
1993 6	  75.88   32.81   19.98    2.95 
1993 7	   0.00   35.99   22.57    3.52 
1993 8	  55.08   36.37   21.44    2.54 
1993 9	  88.02   31.82   15.95    2.12 
1993 10	 103.18   24.97   10.24    2.72 
1993 11	  13.05   17.86    2.62    2.86 
1993 12	  30.85   16.87    2.81    3.10 
1994 1	  70.35   15.18    0.71    3.27 
1994 2	  26.23   17.43    1.12    3.20 
1994 3	   9.95   23.48    6.05    3.12 
1994 4	  27.90   26.43   10.48    3.42 
1994 5	 233.83   27.92   15.41    2.49 
1994 6	  20.00   34.13   21.28    2.26 
1994 7	  49.50   35.45   21.41    2.93 
1994 8	  50.58   35.55   20.66    2.03 
1994 9	  72.65   30.74   15.87    1.74 
1994 10	  87.42   26.50   11.98    2.41 
1994 11	  69.30   20.47    7.96    3.10 
1994 12	  75.20   15.94    2.92    2.54 
1995 1	  35.95   15.79    1.04    3.18 
1995 2	  52.42   19.07    3.06    2.86 
1995 3	 114.80   19.20    5.95    3.41 
1995 4	  79.60   25.88   10.19    3.29 
1995 5	 119.90   29.26   15.65    3.10 
1995 6	  58.03   31.78   18.10    2.56 
1995 7	 182.38   36.58   21.20    2.37 
1995 8	   5.10   34.25   21.13    1.64 
1995 9	 114.02   30.83   17.45    1.91 
1995 10	  14.82   27.56    9.45    2.52 
1995 11	  88.30   22.32    3.86    2.79 
1995 12	   5.45   16.61    1.13    3.06 
1996 1	   2.35   17.40   -2.70    3.33 
1996 2	  13.28   20.44    1.86    3.96 
1996 3	  29.15   21.97    3.71    3.62 
1996 4	  66.60   27.53    8.40    3.61 
1996 5	 113.42   32.63   19.12    4.18 
1996 6	 150.47   34.47   20.26    2.46 
1996 7	  58.90   35.65   22.43    2.63 
1996 8	 157.50   32.62   20.99    2.49 
1996 9	  95.10   30.05   16.35    1.53 
1996 10	  94.65   26.10   10.94    2.91 
1996 11	 105.12   19.83    6.20    3.14 
1996 12	   6.40   18.75    0.69    2.91 
1997 1	   8.47   13.90   -0.26    3.50 
1997 2	 211.98   15.12    3.44    3.18 
1997 3	  78.70   22.17    8.09    2.90 
1997 4	 143.18   22.09    8.87    3.16 
1997 5	  73.88   27.28   16.70    2.50 
1997 6	 161.70   30.95   19.00    2.08 
1997 7	   1.60   35.49   21.05    2.07 
1997 8	  74.68   35.13   20.85    2.51 
1997 9	  14.38   33.71   18.03    1.99 
1997 10	 113.10   26.85   11.76    2.73 
1997 11	  31.73   18.88    4.58    2.69 
1997 12	  70.30   15.25    0.47    3.18 
1998 1	  62.27   18.40    1.37    3.16 
1998 2	 108.75   16.87    3.77    2.89 
1998 3	 113.17   18.65    5.28    3.73 
1998 4	   4.18   26.52    9.30    3.01 
1998 5	  55.07   33.14   17.52    3.29 
1998 6	  56.07   34.63   21.89    3.76 
1998 7	 108.00   36.45   23.22    2.92 
1998 8	  49.17   34.97   21.57    1.62 
1998 9	  52.72   33.39   20.36    2.00 
1998 10	 165.02   26.47   14.61    2.92 
1998 11	  18.02   21.37    8.69    2.58 
1998 12	  31.70   15.42    1.20    3.24 
1999 1	  28.30   17.96    0.87    3.77 
1999 2	   2.65   21.71    3.99    3.13 
1999 3	  99.83   20.08    7.00    3.44 
1999 4	  83.47   27.21   11.18    3.58 
1999 5	 122.97   29.13   16.60    2.69 
1999 6	 111.08   31.88   20.75    2.68 
1999 7	  62.90   34.85   21.78    2.13 
1999 8	   4.17   38.02   22.65    1.70 
1999 9	   3.60   33.46   18.07    2.48 
1999 10	  35.55   28.29   10.88    2.40 
1999 11	   0.00   24.40    7.00    2.50 
1999 12	  21.92   17.64    1.02    3.27 
2000 1	  23.22   18.76    2.12    3.50 
2000 2	  24.67   21.35    5.55    3.57 
2000 3	  26.10   24.97    8.97    3.09 
2000 4	  66.90   26.79   12.03    3.24 
2000 5	  85.53   32.73   18.40    3.41 
2000 6	 240.95   31.34   20.79    2.81 
2000 7	   8.95   37.27   22.86    2.38 
2000 8	   0.00   37.62   22.93    2.06 
2000 9	   7.63   34.34   17.43    2.33 
2000 10	 229.77   24.80   14.88    2.99 
2000 11	 114.80   15.78    5.33    3.02 
2000 12	   6.78   12.69   -0.65    2.94 
2001 1	  69.50   13.12   -0.66    2.93 
2001 2	  73.93   16.98    3.07    3.35 
2001 3	  64.85   17.01    5.05    2.73 
2001 4	  65.12   25.38   12.88    3.64 
2001 5	  49.90   29.51   16.77    2.86 
2001 6	  11.50   34.01   20.64    2.23 
2001 7	   5.00   37.20   22.94    2.39 
2001 8	 108.25   35.01   22.21    2.33 
2001 9	 129.57   30.97   16.86    2.12 
2001 10	  37.15   25.65   10.06    2.61 
2001 11	 112.42   21.21    8.72    2.66 
2001 12	  29.73   17.00    1.96    2.93 
2002 1	  10.68   17.07    0.68    2.90 
2002 2	  40.60   15.76   -0.16    3.04 
2002 3	 105.47   20.36    4.88    3.87 
2002 4	  21.80   26.76   14.44    3.81 
2002 5	  78.18   30.78   16.24    3.58 
2002 6	  62.40   32.92   20.12    2.23 
2002 7	 128.75   31.85   21.64    2.39 
2002 8	  20.60   35.71   22.29    2.12 
2002 9	  63.82   31.86   17.61    2.44 
2002 10	 138.95   23.35   12.92    2.29 
2002 11	  19.27   18.68    4.02    2.93 
2002 12	  57.50   16.29    0.97    3.13 
2003 1	  14.78   14.52   -0.83    2.86 
2003 2	  62.43   14.72    1.95    3.11 
2003 3	  18.35   21.02    6.48    2.62 
2003 4	  26.15   27.18   11.40    3.39 
2003 5	  30.53   31.66   18.30    2.98 
2003 6	 172.13   31.73   19.12    2.02 
2003 7	  12.53   35.39   22.14    1.93 
2003 8	 143.07   36.38   22.03    1.69 
2003 9	 112.75   29.51   17.07    1.72 
2003 10	 102.28   26.51   12.35    2.14 
2003 11	   6.10   20.59    7.39    3.16 
2003 12	   0.12   18.19    1.25    3.29 
2004 1	  24.58   16.13    2.72    3.30 
2004 2	 125.38   14.92    1.43    3.22 
2004 3	  46.22   22.72   10.12    3.09 
2004 4	 171.22   24.28   11.53    3.37 
2004 5	   3.88   28.79   16.11    3.19 
2004 6	 130.68   31.39   19.96    2.14 
2004 7	  33.12   33.94   21.02    1.86 
2004 8	 197.48   32.11   20.27    1.95 
2004 9	  42.20   30.25   17.29    1.78 
2004 10	 124.53   26.58   14.81    2.81 
2004 11	 147.38   19.31    7.26    2.96 
2004 12	  15.45   15.56   -0.33    3.09 
2005 1	  29.08   16.53    2.30    3.40 
2005 2	 129.05   15.80    4.14    3.01 
2005 3	  60.55   20.07    5.35    2.87 
2005 4	   1.40   26.15    8.89    3.32 
2005 5	 173.30   28.12   14.82    2.64 
2005 6	   4.05   33.45   19.35    2.51 
2005 7	  28.62   36.20   21.11    1.97 
2005 8	 287.60   33.91   20.41    2.05 
2005 9	  12.52   34.02   18.33    2.04 
2005 10	  22.92   27.09   10.53    2.49 
2005 11	   0.00   24.57    4.80    2.76 
2005 12	   0.00   16.91   -1.98    2.73 
2006 1	  17.88   20.98    0.93    3.54 
2006 2	  24.58   17.49    0.21    3.27 
2006 3	 105.50   23.48    8.84    3.54 
2006 4	  35.62   29.40   12.69    3.35 
2006 5	 116.62   31.49   15.20    2.87 
2006 6	  45.03   35.44   18.64    1.95 
2006 7	  13.57   37.40   21.17    2.01 
2006 8	  66.95   38.58   22.79    2.41 
2006 9	  66.25   31.26   15.62    2.19 
2006 10	  81.53   27.34   11.20    2.58 
2006 11	  24.52   22.50    6.10    3.07 
2006 12	  12.95   16.75    0.81    3.09 
2007 1	  57.90   10.71   -1.70    3.26 
2007 2	   6.43   16.87    0.47    2.94 
2007 3	 183.00   22.89    9.40    3.36 
2007 4	 122.38   23.13    8.95    3.01 
2007 5	 128.27   26.77   16.44    2.75 
2007 6	 342.80   30.95   19.17    2.22 
2007 7	  55.32   31.35   20.35    1.73 
2007 8	  22.60   34.74   21.06    1.79 
2007 9	  61.20   32.03   18.51    1.76 
2007 10	  46.45   28.74   11.63    2.39 
2007 11	  51.47   21.66    7.04    2.82 
2007 12	   5.55   16.90   -0.85    2.68 
2008 1	  14.12   14.59   -1.53    2.98 
2008 2	   9.77   20.27    0.97    3.33 
2008 3	 114.77   22.11    5.70    3.88 
2008 4	  40.15   26.66    9.22    3.25 
2008 5	  31.02   31.69   15.26    3.23 
2008 6	  68.43   37.14   21.58    3.13 
2008 7	  35.78   36.38   20.90    2.74 
2008 8	 121.42   34.48   20.92    1.81 
2008 9	  95.45   30.80   15.71    2.15 
2008 10	  36.88   27.30    9.69    2.34 
2008 11	   6.35   22.55    5.07    2.29 
2008 12	   0.00   16.65   -0.88    3.38 
2009 1	   6.10   17.42   -2.10    3.08 
2009 2	  12.02   22.18    2.67    3.89 
2009 3	  82.38   23.16    7.42    3.58 
2009 4	  78.78   25.72    9.23    3.60 
2009 5	 139.98   29.01   15.49    2.53 
2009 6	 133.48   34.49   20.43    2.74 
2009 7	 138.02   34.94   21.39    2.38 
2009 8	  55.20   36.83   21.00    2.32 
2009 9	 118.57   29.39   16.96    1.73 
2009 10	 119.95   24.03   10.66    2.86 
2009 11	   9.17   22.54    5.52    2.37 
2009 12	  29.05   12.41   -1.70    2.81 
2010 1	  95.00   13.73   -1.72    3.28 
2010 2	  60.80   11.82   -0.48    3.01 
2010 3	  42.95   20.37    3.60    3.17 
2010 4	  71.02   25.52   11.13    3.38 
2010 5	  30.77   30.58   17.05    2.82 
2010 6	  90.62   36.40   21.69    2.68 
2010 7	  94.78   34.46   22.37    2.31 
2010 8	   5.48   39.39   22.47    2.05 
2010 9	 119.48   33.00   19.00    2.22 
2010 10	  15.77   29.25   10.37    2.37 
2010 11	   0.30   23.00    4.48    3.46 
2010 12	  34.17   17.98    0.09    3.13 
