1949 1	  85.17    7.42   -4.14    3.37 
1949 2	  37.03   15.71    1.30    2.70 
1949 3	  24.25   20.68    4.33    3.02 
1949 4	 118.20   22.19    8.05    2.83 
1949 5	 113.20   28.93   16.05    3.06 
1949 6	  87.85   33.75   19.63    3.26 
1949 7	  28.05   36.85   21.38    2.59 
1949 8	  40.93   35.23   19.44    2.16 
1949 9	  55.75   30.76   16.50    2.29 
1949 10	  47.07   25.22   10.47    2.95 
1949 11	   0.00   24.01    4.30    2.43 
1949 12	  16.20   15.86    0.65    3.04 
1950 1	  21.17   16.84    1.47    3.30 
1950 2	  10.70   19.27    3.81    3.11 
1950 3	   0.15   22.69    4.28    3.66 
1950 4	  82.75   27.08   10.39    3.78 
1950 5	 183.95   29.81   15.33    2.86 
1950 6	  24.85   33.59   19.62    3.14 
1950 7	  79.55   33.62   20.65    3.20 
1950 8	  70.40   34.48   18.70    2.73 
1950 9	 161.83   29.85   16.45    2.54 
1950 10	   0.15   30.17   12.24    2.73 
1950 11	   0.00   22.54    1.92    3.17 
1950 12	   0.00   16.54   -2.93    2.60 
1951 1	   0.88   16.03   -1.88    3.38 
1951 2	  13.28   18.56    1.55    3.66 
1951 3	  18.55   21.98    4.40    3.56 
1951 4	  22.90   26.43    8.93    3.36 
1951 5	  67.43   31.41   15.88    3.06 
1951 6	 103.55   34.26   19.92    3.54 
1951 7	  41.50   37.50   22.63    2.92 
1951 8	  17.80   37.68   22.35    2.83 
1951 9	  27.38   33.50   17.49    2.70 
1951 10	  46.70   28.40   12.59    2.90 
1951 11	   0.82   17.97    2.95    3.16 
1951 12	   0.20   17.83    0.77    3.21 
1952 1	   4.08   19.01    2.61    3.29 
1952 2	  11.12   19.88    2.74    3.49 
1952 3	  17.30   20.73    4.34    3.51 
1952 4	  46.53   26.09    9.37    3.29 
1952 5	  79.17   31.21   14.89    3.24 
1952 6	   4.12   36.82   21.72    3.39 
1952 7	  29.80   36.63   21.42    2.83 
1952 8	  13.32   39.78   23.95    3.11 
1952 9	  55.42   31.63   16.40    1.96 
1952 10	   0.00   27.18    8.11    2.44 
1952 11	  44.05   17.77    4.49    2.90 
1952 12	  23.42   15.32   -0.38    2.46 
1953 1	   0.00   20.54    2.21    3.68 
1953 2	  19.70   17.18    0.41    2.85 
1953 3	  46.23   24.20    7.98    2.69 
1953 4	  26.53   27.21    9.17    3.03 
1953 5	  31.10   30.54   14.83    3.51 
1953 6	  10.45   38.82   22.81    3.31 
1953 7	  44.03   36.66   22.21    2.95 
1953 8	  55.35   35.19   20.73    2.25 
1953 9	  10.55   34.96   16.66    1.87 
1953 10	 127.60   26.11   12.29    2.51 
1953 11	  18.45   18.88    4.90    2.19 
1953 12	   1.08   14.13   -0.72    3.22 
1954 1	  13.07   16.05    0.06    3.05 
1954 2	   0.70   22.28    3.65    3.32 
1954 3	   1.65   21.16    4.11    3.31 
1954 4	  85.75   28.52   13.51    3.79 
1954 5	 118.92   27.66   14.15    3.04 
1954 6	  12.38   34.76   20.98    3.43 
1954 7	   0.70   38.33   22.68    2.72 
1954 8	  13.50   37.16   22.96    3.15 
1954 9	   3.70   35.10   18.80    2.37 
1954 10	  34.42   27.74   12.65    2.50 
1954 11	  19.33   21.36    5.05    2.46 
1954 12	  29.65   18.30    1.56    2.97 
1955 1	  20.00   13.71    0.90    3.07 
1955 2	  14.65   16.79    1.06    3.40 
1955 3	  22.80   23.25    5.69    3.31 
1955 4	  21.90   29.50   12.67    3.54 
1955 5	 146.80   31.76   16.43    3.09 
1955 6	 120.12   34.46   19.23    3.25 
1955 7	  49.42   35.27   22.07    2.95 
1955 8	   3.53   35.88   21.23    1.96 
1955 9	  91.70   33.08   18.79    2.18 
1955 10	  36.92   28.12   11.73    2.53 
1955 11	   2.10   21.13    3.83    3.06 
1955 12	   0.00   18.05    0.44    2.67 
1956 1	   8.95   14.97   -0.50    3.13 
1956 2	  12.15   16.69    1.11    3.24 
1956 3	   0.00   24.56    5.94    3.30 
1956 4	  51.35   26.74   10.05    3.29 
1956 5	  35.00   32.65   17.82    3.32 
1956 6	  13.70   37.21   21.59    3.08 
1956 7	  29.93   37.40   22.02    3.34 
1956 8	   6.35   37.47   21.58    3.17 
1956 9	   0.30   34.92   17.95    2.38 
1956 10	  36.25   29.09   13.20    2.14 
1956 11	   0.57   19.51    3.15    2.79 
1956 12	  27.25   17.30    1.81    2.95 
1957 1	  13.80   14.91   -0.08    2.99 
1957 2	 107.70   17.46    6.68    2.90 
1957 3	  13.97   20.68    6.20    3.30 
1957 4	 138.72   24.61    9.74    3.37 
1957 5	 241.68   26.38   14.93    2.92 
1957 6	  74.30   31.97   19.35    2.69 
1957 7	  25.75   37.12   22.21    2.46 
1957 8	  29.95   36.31   21.74    2.54 
1957 9	  73.53   31.05   15.84    2.60 
1957 10	  43.33   23.52   10.78    2.59 
1957 11	  68.40   15.17    3.68    2.81 
1957 12	   1.45   18.07    2.50    3.27 
1958 1	  43.85   13.73    0.02    2.99 
1958 2	  36.92   12.85    1.46    3.52 
1958 3	  51.53   15.14    2.44    2.82 
1958 4	  86.28   23.59    9.39    3.12 
1958 5	  98.47   29.93   15.53    2.37 
1958 6	   7.25   35.84   21.06    2.88 
1958 7	  24.15   36.97   22.82    3.56 
1958 8	  61.47   36.73   21.72    2.29 
1958 9	 129.60   30.34   18.80    2.37 
1958 10	  78.65   23.46   12.08    2.33 
1958 11	  11.75   20.60    5.18    2.28 
1958 12	   0.43   15.44   -1.47    2.79 
1959 1	   7.75   14.97   -1.75    3.40 
1959 2	  13.27   15.78    1.28    3.09 
1959 3	  17.52   23.20    3.60    3.64 
1959 4	  33.88   26.20   10.08    3.47 
1959 5	  66.77   31.44   16.96    3.41 
1959 6	 154.00   33.80   19.61    2.67 
1959 7	 127.15   33.95   20.46    2.23 
1959 8	  25.48   36.16   21.43    2.56 
1959 9	  21.90   34.06   18.13    3.01 
1959 10	 138.57   25.43   10.25    2.38 
1959 11	  13.12   17.10    1.60    2.67 
1959 12	  68.77   15.70    2.89    2.98 
1960 1	  39.08   13.46    0.55    2.90 
1960 2	  30.48   14.66   -1.01    3.89 
1960 3	   7.90   18.11    2.46    2.95 
1960 4	  18.10   28.39   11.34    3.84 
1960 5	  40.47   31.42   14.66    3.36 
1960 6	  36.75   36.43   20.92    2.93 
1960 7	 105.87   35.31   21.72    2.41 
1960 8	  18.92   34.84   21.48    2.42 
1960 9	  50.22   32.69   17.52    2.23 
1960 10	  65.05   27.49   13.15    2.58 
1960 11	   0.03   21.17    6.78    2.71 
1960 12	  57.33   11.25   -0.52    2.99 
1961 1	  85.88   12.01   -2.24    2.78 
1961 2	  40.87   16.56    1.98    3.41 
1961 3	  24.77   22.57    6.28    3.42 
1961 4	  11.40   27.85    9.96    3.83 
1961 5	  83.47   31.93   16.27    3.40 
1961 6	 199.15   31.59   18.78    2.80 
1961 7	 163.77   32.33   20.13    2.76 
1961 8	  16.00   33.84   19.51    2.12 
1961 9	  65.12   30.03   17.40    3.30 
1961 10	  32.83   26.63   10.97    2.98 
1961 11	  95.25   16.47    4.15    2.93 
1961 12	  14.07   14.16    0.78    2.94 
1962 1	   0.78   12.64   -3.67    3.26 
1962 2	   0.15   22.64    3.00    3.33 
1962 3	  29.12   20.25    3.71    3.45 
1962 4	  37.80   25.79   10.84    3.32 
1962 5	  33.78   33.67   17.53    4.60 
1962 6	 160.83   32.87   18.29    2.47 
1962 7	  73.85   36.26   21.33    2.94 
1962 8	  34.32   37.81   20.75    2.47 
1962 9	 177.18   30.17   17.09    2.20 
1962 10	  25.98   27.56   13.22    2.95 
1962 11	  19.48   19.93    5.93    2.50 
1962 12	  23.40   15.63    1.07    2.57 
1963 1	   0.10   14.12   -5.11    2.98 
1963 2	   8.45   17.92   -0.07    3.07 
1963 3	   0.98   24.86    6.50    3.61 
1963 4	  60.17   29.81   13.73    3.72 
1963 5	  89.50   30.64   16.85    3.30 
1963 6	  86.82   32.96   19.75    3.12 
1963 7	  30.62   36.94   22.43    3.19 
1963 8	  11.03   36.76   21.60    2.30 
1963 9	  14.42   32.81   17.99    1.98 
1963 10	  11.10   30.00   13.76    2.03 
1963 11	  47.45   20.61    6.17    2.87 
1963 12	  21.00   10.86   -1.94    2.50 
1964 1	  29.12   15.64   -0.75    3.30 
1964 2	  31.75   14.20   -1.27    3.35 
1964 3	  30.75   22.33    3.94    3.38 
1964 4	  13.25   28.79   11.52    3.77 
1964 5	  52.97   31.87   16.49    3.35 
1964 6	  61.52   34.70   19.42    3.40 
1964 7	  12.22   37.65   22.27    2.64 
1964 8	  67.17   36.96   22.30    3.19 
1964 9	  52.90   29.74   17.91    2.23 
1964 10	  30.42   26.06   10.80    2.25 
1964 11	  37.07   20.28    6.20    2.82 
1964 12	  11.40   16.12    1.15    2.96 
1965 1	  17.33   17.38    1.85    3.15 
1965 2	  25.58   15.61    0.34    3.30 
1965 3	   2.25   16.62    1.07    3.47 
1965 4	  57.85   28.22   12.95    3.19 
1965 5	 184.27   28.73   16.79    3.38 
1965 6	  63.75   32.72   20.14    3.11 
1965 7	   5.72   36.82   21.82    2.41 
1965 8	  53.48   34.63   20.13    2.59 
1965 9	  37.57   32.44   17.63    2.70 
1965 10	 118.73   25.43   10.41    2.26 
1965 11	   9.48   22.43    7.51    2.01 
1965 12	  14.73   16.75    4.14    3.09 
1966 1	  36.30   10.12   -3.06    2.87 
1966 2	  15.57   14.09   -1.09    3.23 
1966 3	  15.23   23.20    6.35    3.59 
1966 4	 149.45   25.33    9.68    3.31 
1966 5	  23.60   29.61   15.05    2.71 
1966 6	  61.90   33.47   19.90    2.84 
1966 7	  10.90   36.96   23.31    2.68 
1966 8	 166.98   32.37   19.76    2.43 
1966 9	 106.10   28.68   16.96    1.73 
1966 10	  29.68   24.77    9.10    2.28 
1966 11	   4.15   22.82    7.60    3.13 
1966 12	   0.68   14.91   -1.72    2.64 
1967 1	   0.00   17.84   -0.88    3.33 
1967 2	   2.28   17.63    1.19    3.42 
1967 3	  23.67   26.26    8.46    4.19 
1967 4	  15.57   28.82   14.76    4.32 
1967 5	  60.65   31.13   14.00    3.39 
1967 6	 105.93   33.90   20.22    3.33 
1967 7	  53.88   34.70   20.80    3.01 
1967 8	   8.38   34.23   19.66    2.31 
1967 9	 125.85   28.00   16.26    2.45 
1967 10	  59.77   26.08   10.01    2.97 
1967 11	  34.23   18.81    5.59    2.49 
1967 12	  21.20   12.82   -0.37    2.78 
1968 1	  85.58   12.40    0.68    3.24 
1968 2	  54.35   13.79   -0.88    2.54 
1968 3	  69.73   18.64    5.53    4.19 
1968 4	  39.22   23.78    8.77    3.36 
1968 5	  74.47   29.43   15.25    3.58 
1968 6	  34.20   32.85   19.09    3.03 
1968 7	  84.53   33.63   20.59    2.88 
1968 8	  51.45   34.56   20.97    3.12 
1968 9	   9.38   31.33   15.18    2.31 
1968 10	   8.93   28.66   12.04    3.03 
1968 11	 113.13   17.83    4.62    3.14 
1968 12	  14.33   15.52   -0.13    3.44 
1969 1	   5.72   16.78    1.41    3.12 
1969 2	  25.45   15.65    2.08    2.98 
1969 3	  44.72   15.42    1.15    3.46 
1969 4	  42.28   26.55   11.03    3.63 
1969 5	 118.75   28.67   14.64    2.49 
1969 6	  43.15   34.48   19.25    3.54 
1969 7	   6.25   38.41   23.43    2.75 
1969 8	  60.17   36.77   21.86    2.40 
1969 9	 248.70   29.22   17.46    1.93 
1969 10	  83.43   22.12   10.33    3.24 
1969 11	  35.28   18.95    4.19    2.51 
1969 12	  71.40   16.24    1.38    2.73 
1970 1	   0.57   12.15   -2.33    2.66 
1970 2	  36.05   16.80    2.38    3.11 
1970 3	  62.58   18.14    2.86    3.27 
1970 4	  39.38   26.21   10.31    3.34 
1970 5	  65.47   29.71   14.08    2.93 
1970 6	  42.35   33.86   18.87    3.06 
1970 7	   1.62   37.03   21.65    2.64 
1970 8	  43.57   36.57   20.94    2.59 
1970 9	  92.88   31.32   18.88    2.68 
1970 10	  25.92   24.09    9.72    2.31 
1970 11	   0.60   19.85    2.86    3.03 
1970 12	   3.40   18.78    3.57    2.66 
1971 1	   0.18   16.97   -0.32    3.11 
1971 2	   8.55   17.93    0.01    3.66 
1971 3	   0.12   23.20    3.39    3.56 
1971 4	  55.37   26.52    9.52    3.24 
1971 5	 116.65   31.43   14.16    3.45 
1971 6	  39.72   34.03   20.05    3.27 
1971 7	  66.88   35.85   21.18    2.60 
1971 8	 230.23   29.60   18.76    2.04 
1971 9	 114.62   28.84   16.29    2.57 
1971 10	  72.25   24.83   12.64    2.50 
1971 11	  14.45   19.18    6.07    2.95 
1971 12	  30.15   15.53    2.40    3.21 
1972 1	   3.30   15.09   -1.45    3.05 
1972 2	   2.95   19.34    0.86    3.01 
1972 3	   7.88   24.99    6.94    3.44 
1972 4	  34.80   30.04   12.11    3.80 
1972 5	  56.37   29.05   14.42    2.30 
1972 6	  86.62   35.14   19.95    2.56 
1972 7	  19.50   34.07   20.76    2.93 
1972 8	 180.87   32.26   19.74    2.56 
1972 9	  83.72   30.02   18.07    2.43 
1972 10	 150.52   24.50   10.88    2.50 
1972 11	  14.38   14.06    1.94    2.35 
1972 12	   0.70   13.17   -1.55    3.06 
1973 1	  64.32    9.36   -2.31    3.45 
1973 2	  57.55   14.20    0.43    3.12 
1973 3	  98.70   21.15    6.76    3.58 
1973 4	  35.85   22.00    7.31    3.28 
1973 5	  43.63   30.50   13.51    3.15 
1973 6	  31.28   33.72   18.06    3.11 
1973 7	  67.28   34.33   20.83    2.61 
1973 8	   4.97   34.88   20.04    2.47 
1973 9	 119.78   29.47   16.83    2.65 
1973 10	  37.10   26.85   12.44    2.64 
1973 11	  33.85   22.33    7.46    3.38 
1973 12	   0.00   17.65   -0.05    3.47 
1974 1	   2.52   14.88   -1.51    2.95 
1974 2	   5.40   20.67    1.05    3.85 
1974 3	  23.65   26.35    8.43    4.27 
1974 4	  80.75   27.74   11.01    4.01 
1974 5	  24.55   32.97   17.41    3.39 
1974 6	  31.12   35.71   19.05    3.14 
1974 7	  10.05   37.01   21.72    2.71 
1974 8	 152.78   32.55   20.03    2.77 
1974 9	 208.18   25.54   14.06    2.59 
1974 10	 117.30   24.33   11.86    2.79 
1974 11	  10.15   17.84    5.32    2.71 
1974 12	  39.90   13.31    0.37    2.46 
1975 1	  24.85   14.72    0.37    3.50 
1975 2	  41.10   15.58   -0.11    3.38 
1975 3	   6.30   21.28    4.30    3.64 
1975 4	   6.50   25.48    9.43    4.00 
1975 5	  89.15   30.14   14.33    3.03 
1975 6	  31.90   33.97   19.12    3.39 
1975 7	 120.80   33.09   20.05    2.30 
1975 8	  58.80   33.40   19.85    2.66 
1975 9	 103.40   28.74   14.32    2.67 
1975 10	  26.15   26.54   10.61    3.05 
1975 11	  67.88   20.11    5.07    3.52 
1975 12	  28.85   16.81    0.55    3.03 
1976 1	   0.12   15.71   -1.56    3.11 
1976 2	   0.52   22.24    4.51    4.08 
1976 3	  26.45   22.80    5.60    3.87 
1976 4	 114.78   25.92   11.08    3.68 
1976 5	  26.67   28.25   13.04    2.94 
1976 6	  15.33   34.24   19.06    3.10 
1976 7	 130.77   31.62   19.68    2.54 
1976 8	  61.92   35.43   19.89    1.97 
1976 9	  76.85   29.68   16.95    1.92 
1976 10	 163.85   21.06    7.40    2.67 
1976 11	  16.98   14.50    0.84    2.46 
1976 12	   0.62   14.40   -1.72    2.84 
1977 1	  25.45    9.94   -4.22    2.51 
1977 2	  10.35   18.72    2.31    3.12 
1977 3	  49.17   22.29    4.32    3.53 
1977 4	  95.83   24.04    9.71    3.39 
1977 5	  80.25   30.10   17.37    3.62 
1977 6	  33.45   35.16   20.13    2.98 
1977 7	  53.55   35.93   21.98    2.68 
1977 8	  94.83   36.09   21.74    2.83 
1977 9	  11.75   34.98   18.91    2.76 
1977 10	  25.48   27.51   11.39    2.45 
1977 11	  10.30   21.19    4.38    2.80 
1977 12	   3.40   18.14    1.15    3.10 
1978 1	  13.50    8.58   -4.17    2.87 
1978 2	  39.47    9.77   -2.34    2.93 
1978 3	   2.68   21.84    3.75    3.54 
1978 4	   7.20   30.26   12.13    4.17 
1978 5	 113.70   31.30   16.08    3.33 
1978 6	  53.15   34.53   20.89    2.80 
1978 7	  24.98   38.29   22.85    2.72 
1978 8	  31.25   34.65   20.55    2.69 
1978 9	 171.18   30.13   18.76    2.43 
1978 10	  38.60   25.68   11.25    2.17 
1978 11	  23.02   17.97    6.40    2.66 
1978 12	  18.50   14.09   -0.89    3.03 
1979 1	  23.78    7.06   -4.14    3.18 
1979 2	  22.12   14.53   -1.23    2.98 
1979 3	  86.40   20.44    5.18    3.67 
1979 4	  45.50   25.27   10.26    2.98 
1979 5	  60.60   28.92   13.63    3.38 
1979 6	  67.72   32.69   18.54    2.81 
1979 7	  81.00   35.68   21.41    2.44 
1979 8	  51.48   33.75   19.84    2.35 
1979 9	   7.45   33.28   15.14    2.01 
1979 10	  11.68   30.48   10.14    2.83 
1979 11	  11.33   17.66    2.48    2.55 
1979 12	  55.00   14.85    0.95    3.02 
1980 1	  14.93   12.93    0.32    3.32 
1980 2	  16.08   16.79    0.76    3.13 
1980 3	  16.15   21.53    3.18    3.54 
1980 4	  14.60   26.84    8.35    3.40 
1980 5	 115.50   30.05   15.40    2.96 
1980 6	  54.38   36.59   22.47    3.55 
1980 7	   5.18   39.26   23.68    2.88 
1980 8	  43.35   36.29   22.72    3.34 
1980 9	 334.65   30.35   18.62    2.67 
1980 10	  20.05   25.34   10.58    2.37 
1980 11	  42.00   17.32    4.35    2.56 
1980 12	  43.30   16.88    2.25    3.17 
1981 1	  16.82   13.96    0.44    2.36 
1981 2	  34.35   16.69    2.09    3.15 
1981 3	  28.67   19.17    6.11    3.29 
1981 4	 164.07   26.64   12.54    3.61 
1981 5	  76.55   29.47   14.64    3.30 
1981 6	  68.20   33.19   19.73    2.91 
1981 7	  48.90   35.77   22.78    2.90 
1981 8	  51.10   34.24   20.66    2.33 
1981 9	  14.40   32.32   17.49    2.45 
1981 10	 135.60   25.03   12.82    3.00 
1981 11	  10.32   21.98    6.07    2.42 
1981 12	   4.88   17.09    1.45    2.88 
1982 1	  28.85   15.68   -0.73    3.38 
1982 2	  11.27   15.17    0.01    3.13 
1982 3	  17.10   23.16    6.33    3.68 
1982 4	  19.60   25.71   10.57    3.58 
1982 5	 309.77   28.79   14.46    3.23 
1982 6	 124.62   31.82   18.76    3.17 
1982 7	  24.78   34.61   21.52    3.09 
1982 8	  38.52   36.22   21.58    2.73 
1982 9	  16.67   32.98   18.76    2.54 
1982 10	  22.50   26.84   11.40    2.63 
1982 11	  37.60   19.63    5.35    3.11 
1982 12	  31.12   13.04    0.38    3.45 
1983 1	  68.40   12.02   -1.52    2.50 
1983 2	   1.35   16.11    1.32    2.93 
1983 3	  36.78   20.31    4.56    3.75 
1983 4	  11.95   24.54    6.99    4.01 
1983 5	 119.05   29.62   13.33    3.14 
1983 6	  25.82   32.44   16.87    2.85 
1983 7	  52.35   36.11   20.73    2.79 
1983 8	   4.40   37.56   21.24    1.82 
1983 9	  11.55   33.63   16.91    2.57 
1983 10	 151.63   27.21   12.52    2.89 
1983 11	  53.25   20.94    6.66    2.85 
1983 12	  19.30    7.34   -5.87    2.86 
1984 1	  21.78   11.30   -3.10    2.54 
1984 2	  12.68   19.56   -0.45    3.40 
1984 3	   8.10   21.09    3.58    3.71 
1984 4	   1.52   26.71    6.36    3.18 
1984 5	  19.70   33.31   15.50    3.38 
1984 6	  30.15   35.99   20.45    3.28 
1984 7	  22.75   35.98   20.88    2.37 
1984 8	  88.25   35.22   20.14    2.37 
1984 9	  58.10   29.86   15.29    2.87 
1984 10	 112.05   22.76   10.80    2.63 
1984 11	  88.55   18.21    5.12    2.94 
1984 12	  86.12   14.63    2.43    3.16 
1985 1	   6.12   10.61   -3.30    3.00 
1985 2	  56.88   12.94    0.19    3.32 
1985 3	  30.07   20.72    8.29    3.80 
1985 4	  70.52   26.78   11.01    3.25 
1985 5	  92.75   30.98   16.83    3.02 
1985 6	 100.43   32.88   18.12    2.63 
1985 7	  88.67   34.93   19.95    2.41 
1985 8	  13.98   37.00   21.63    2.43 
1985 9	  92.85   31.14   17.36    2.71 
1985 10	  71.55   24.61   11.68    3.14 
1985 11	  12.40   18.62    4.01    2.91 
1985 12	   1.70   12.84   -2.90    2.68 
1986 1	   0.05   18.38   -0.34    2.84 
1986 2	  35.20   18.51    3.19    3.12 
1986 3	   9.35   24.75    6.54    3.46 
1986 4	  40.73   29.03   11.17    3.61 
1986 5	 119.55   30.80   15.54    3.43 
1986 6	  99.55   32.60   18.92    2.09 
1986 7	  63.38   36.30   20.87    3.18 
1986 8	 133.88   34.44   20.74    2.60 
1986 9	 122.93   29.75   17.92    2.84 
1986 10	 199.93   22.92   10.31    2.46 
1986 11	  32.58   17.96    3.74    2.84 
1986 12	  52.25   12.40    0.23    2.55 
1987 1	  23.50   13.54   -1.80    3.02 
1987 2	  76.90   15.04    1.71    3.62 
1987 3	  30.42   18.77    2.48    3.25 
1987 4	  18.08   26.50    6.85    2.86 
1987 5	 139.78   29.35   13.80    2.66 
1987 6	  95.30   32.09   17.85    2.35 
1987 7	  26.85   34.21   19.67    2.81 
1987 8	  39.83   35.89   20.67    2.70 
1987 9	  47.62   30.74   16.28    2.15 
1987 10	   1.60   27.19   11.25    2.74 
1987 11	   2.20   19.78    4.10    2.83 
1987 12	  50.30   13.98   -0.83    2.80 
1988 1	   0.68   11.46   -2.44    3.12 
1988 2	   9.38   15.53   -0.78    3.19 
1988 3	  19.88   22.96    3.09    3.60 
1988 4	  36.03   27.47    8.38    2.97 
1988 5	  69.28   29.83   14.36    3.29 
1988 6	  80.75   33.90   19.37    2.33 
1988 7	  80.55   33.79   20.89    2.43 
1988 8	   5.50   35.62   20.92    2.24 
1988 9	 153.22   31.08   16.63    2.40 
1988 10	   1.30   26.14    9.87    2.36 
1988 11	   0.03   22.50    4.64    2.79 
1988 12	  23.90   14.99   -0.32    2.69 
1989 1	  19.10   17.04    1.48    3.05 
1989 2	  75.80   10.44   -1.68    3.57 
1989 3	  19.45   23.03    4.99    3.55 
1989 4	  10.00   28.07   10.80    3.55 
1989 5	  21.33   32.81   17.04    3.94 
1989 6	 109.13   32.37   17.78    3.18 
1989 7	  21.17   35.89   21.24    2.35 
1989 8	  37.28   34.48   20.58    2.97 
1989 9	  76.97   30.34   15.29    2.50 
1989 10	  11.62   28.17   11.50    2.99 
1989 11	   0.12   21.77    5.52    2.64 
1989 12	   4.88   12.25   -4.43    3.08 
1990 1	  38.28   17.24    1.52    3.00 
1990 2	  48.37   19.23    2.97    3.21 
1990 3	  76.23   19.94    5.99    3.73 
1990 4	 136.88   24.87    9.86    3.50 
1990 5	  34.40   30.00   14.79    3.52 
1990 6	  27.98   36.45   21.89    3.58 
1990 7	 103.80   32.20   20.12    2.63 
1990 8	  53.78   33.25   19.68    2.66 
1990 9	 120.62   30.64   18.10    1.78 
1990 10	  29.50   25.53    9.50    2.61 
1990 11	  48.75   20.46    6.73    3.07 
1990 12	  26.17   12.79   -1.87    2.87 
1991 1	  71.15   10.54   -1.18    2.71 
1991 2	   0.75   18.49    3.21    2.80 
1991 3	   6.68   23.22    5.99    3.69 
1991 4	   4.85   29.32   10.22    3.07 
1991 5	  84.60   31.42   16.62    3.13 
1991 6	 194.20   32.24   18.97    2.76 
1991 7	  90.53   34.33   20.84    2.50 
1991 8	 107.80   31.89   20.13    2.27 
1991 9	  99.45   27.02   16.38    2.14 
1991 10	  45.57   27.38   10.97    2.82 
1991 11	   8.40   16.45    2.20    3.02 
1991 12	 104.88   13.91    2.55    3.15 
1992 1	  61.33   11.74    0.16    2.40 
1992 2	 100.45   18.30    3.73    3.26 
1992 3	  22.98   22.56    6.76    3.28 
1992 4	  19.55   26.35    9.85    2.90 
1992 5	 113.50   26.84   13.94    2.60 
1992 6	 146.82   31.35   18.49    2.45 
1992 7	  69.50   33.78   20.74    3.49 
1992 8	  73.93   31.67   18.42    2.37 
1992 9	   9.40   31.27   16.43    3.00 
1992 10	   0.00   28.43   10.92    2.40 
1992 11	  42.85   18.41    3.54    2.88 
1992 12	  23.52   14.58    0.97    2.96 
1993 1	  21.65   12.52   -1.07    2.51 
1993 2	  54.25   14.19    0.29    3.08 
1993 3	  15.68   20.78    4.47    3.41 
1993 4	  38.25   26.57    9.13    3.60 
1993 5	  44.10   28.82   13.66    3.15 
1993 6	  80.70   33.26   19.68    3.16 
1993 7	  12.90   36.72   22.95    4.07 
1993 8	  73.97   35.66   21.07    2.67 
1993 9	  54.35   29.77   15.78    2.15 
1993 10	  96.45   24.94    9.45    2.66 
1993 11	  10.58   16.92    1.48    2.90 
1993 12	  16.35   16.50    1.16    3.15 
1994 1	  33.20   13.45   -0.29    3.19 
1994 2	  16.85   15.51   -1.12    3.17 
1994 3	   6.00   22.63    5.72    3.23 
1994 4	  41.25   26.75    8.28    3.39 
1994 5	 117.97   27.87   15.35    2.67 
1994 6	   1.70   37.01   21.24    2.80 
1994 7	  14.73   37.07   21.62    3.16 
1994 8	  54.82   35.93   21.11    2.52 
1994 9	  56.48   30.47   16.31    2.05 
1994 10	  57.48   25.82   12.26    2.51 
1994 11	  41.10   19.84    5.85    2.82 
1994 12	  35.60   15.28    2.63    2.29 
1995 1	  30.55   15.04    0.68    3.00 
1995 2	  32.20   18.28    2.75    3.05 
1995 3	  37.90   19.21    5.09    3.32 
1995 4	  38.75   26.31    9.83    3.49 
1995 5	 140.37   28.51   14.80    3.36 
1995 6	  55.15   32.13   18.44    2.95 
1995 7	 110.93   37.01   21.63    2.62 
1995 8	  56.15   33.18   21.17    1.94 
1995 9	 129.47   29.64   17.18    2.14 
1995 10	  30.12   27.43   10.56    2.38 
1995 11	   5.95   20.91    4.71    2.63 
1995 12	   5.60   15.41    0.43    2.82 
1996 1	   3.12   15.85   -2.23    3.28 
1996 2	   4.15   20.63    1.79    3.55 
1996 3	  24.20   20.18    2.11    3.78 
1996 4	  58.50   27.05    9.10    3.72 
1996 5	  32.98   34.82   18.91    4.75 
1996 6	  74.12   35.03   20.50    2.69 
1996 7	  42.70   36.40   22.45    2.72 
1996 8	 171.93   33.20   21.06    2.64 
1996 9	 112.30   28.60   15.98    1.72 
1996 10	  38.50   25.34   10.13    2.77 
1996 11	  71.03   19.72    4.96    3.22 
1996 12	   0.00   18.05    0.81    3.02 
1997 1	   6.50   13.72   -0.67    3.27 
1997 2	 133.57   14.23    2.40    3.19 
1997 3	  13.72   23.02    6.43    2.93 
1997 4	 105.53   21.68    7.77    3.19 
1997 5	  71.05   28.08   14.21    2.69 
1997 6	 159.53   30.97   18.42    2.45 
1997 7	  31.92   34.46   21.30    2.47 
1997 8	  63.57   34.20   20.74    2.63 
1997 9	  18.92   32.34   18.55    2.15 
1997 10	  50.37   26.22   11.75    2.72 
1997 11	  25.60   17.63    3.41    2.40 
1997 12	  69.97   12.66   -0.31    3.24 
1998 1	  13.20   16.70    1.29    3.02 
1998 2	  25.45   15.85    2.60    2.72 
1998 3	  70.50   19.75    4.05    3.79 
1998 4	   3.47   25.83    8.12    3.22 
1998 5	  21.20   34.98   17.84    3.56 
1998 6	  30.17   37.58   21.69    3.87 
1998 7	  43.30   38.58   24.25    3.08 
1998 8	  13.37   35.22   21.52    1.61 
1998 9	   1.95   34.45   19.80    1.99 
1998 10	  53.85   27.08   14.23    3.10 
1998 11	  12.38   19.99    7.51    2.50 
1998 12	  14.70   13.97    0.46    2.98 
1999 1	  45.00   16.60    0.17    3.62 
1999 2	   0.00   21.98    4.11    3.07 
1999 3	  47.80   19.12    6.05    3.59 
1999 4	  89.10   26.56   10.96    3.44 
1999 5	  72.00   28.99   15.13    3.16 
1999 6	 103.55   31.66   20.00    3.10 
1999 7	  24.40   35.34   21.88    2.68 
1999 8	  25.72   37.67   22.66    2.04 
1999 9	  40.97   31.05   16.81    2.73 
1999 10	  33.58   26.15   10.07    2.55 
1999 11	   0.00   23.06    6.67    2.49 
1999 12	   3.33   16.10    0.39    3.23 
2000 1	  11.95   16.28    0.52    3.36 
2000 2	  15.23   21.20    3.84    3.32 
2000 3	  94.95   22.83    6.97    3.37 
2000 4	   8.98   27.16   10.65    3.48 
2000 5	  36.78   33.66   17.93    3.72 
2000 6	 149.98   30.31   19.82    2.93 
2000 7	   1.25   36.29   22.39    2.65 
2000 8	   0.47   36.72   21.99    2.55 
2000 9	   5.00   33.39   17.05    2.24 
2000 10	 122.95   23.78   13.09    3.30 
2000 11	  60.25   13.27    2.41    2.69 
2000 12	  10.90    9.01   -2.05    2.74 
2001 1	  35.20   10.44   -1.36    2.95 
2001 2	  48.58   15.15    1.42    3.48 
2001 3	  58.05   15.38    4.37    2.74 
2001 4	  26.73   25.63   11.30    3.74 
2001 5	  80.90   30.44   15.97    3.22 
2001 6	  23.05   34.50   20.57    2.98 
2001 7	   3.10   37.45   23.57    2.80 
2001 8	  54.47   34.46   21.24    2.52 
2001 9	  89.10   30.29   16.19    1.95 
2001 10	  50.05   25.22    9.94    2.86 
2001 11	  86.62   19.04    7.68    3.01 
2001 12	  25.40   14.19    1.49    2.91 
2002 1	  10.68   14.67    0.24    3.13 
2002 2	  29.18   14.71   -0.09    3.01 
2002 3	 114.00   18.92    2.86    3.85 
2002 4	  25.35   25.63   12.61    3.91 
2002 5	  74.87   29.58   15.11    3.68 
2002 6	  16.23   33.13   20.15    2.51 
2002 7	  79.70   33.04   21.12    2.50 
2002 8	  27.12   36.04   21.73    2.52 
2002 9	  47.55   31.34   16.85    2.17 
2002 10	 152.43   22.41   12.64    2.29 
2002 11	   5.15   16.97    3.58    2.93 
2002 12	  57.58   13.38    1.22    3.04 
2003 1	   4.57   13.46   -0.61    2.81 
2003 2	  18.48   13.70    0.61    3.17 
2003 3	  15.65   21.24    4.82    3.07 
2003 4	  25.05   27.83   11.22    3.80 
2003 5	  52.38   31.77   17.15    2.99 
2003 6	 115.20   33.16   19.72    2.45 
2003 7	   3.35   36.73   22.42    2.29 
2003 8	  46.47   36.57   21.63    1.92 
2003 9	  21.10   30.36   17.78    1.96 
2003 10	  22.98   26.58   12.64    2.26 
2003 11	  24.65   19.47    7.27    3.18 
2003 12	   0.00   17.37    1.14    3.56 
2004 1	  35.62   15.16    1.07    3.15 
2004 2	  60.50   13.35    0.81    3.41 
2004 3	  36.85   21.12    9.56    3.37 
2004 4	  64.10   24.25   11.22    3.43 
2004 5	  61.67   31.70   16.97    3.51 
2004 6	 119.70   32.59   19.70    2.68 
2004 7	  86.93   33.95   21.10    2.40 
2004 8	  88.27   32.27   20.60    2.17 
2004 9	  22.98   30.21   17.15    2.09 
2004 10	 120.65   24.92   13.33    2.64 
2004 11	 115.05   16.80    6.55    2.94 
2004 12	  20.53   14.30    0.41    3.05 
2005 1	  30.02   14.56    2.05    3.27 
2005 2	  32.35   13.21    3.11    2.81 
2005 3	  44.15   19.76    4.54    3.05 
2005 4	   1.10   25.53    9.33    3.67 
2005 5	  91.25   27.47   15.75    2.98 
2005 6	  68.72   33.53   20.34    2.86 
2005 7	  74.65   34.86   20.73    2.19 
2005 8	 225.85   32.11   20.38    2.20 
2005 9	   6.45   33.04   18.17    2.03 
2005 10	  57.35   25.07   11.64    2.47 
2005 11	   0.00   21.39    4.75    2.67 
2005 12	   1.30   13.95   -1.25    2.64 
2006 1	  11.43   19.57    1.96    3.59 
2006 2	  16.00   15.62    0.80    3.22 
2006 3	  34.90   21.70    7.39    3.78 
2006 4	  74.60   28.19   12.57    3.54 
2006 5	  72.80   31.72   16.25    3.42 
2006 6	  23.10   35.27   19.69    2.37 
2006 7	  15.28   36.89   22.49    2.52 
2006 8	  45.35   36.20   22.14    2.63 
2006 9	 103.40   28.07   15.41    2.30 
2006 10	  69.90   25.06   11.03    2.38 
2006 11	   8.80   20.86    5.58    3.17 
2006 12	  39.52   14.43    0.25    3.06 
2007 1	  42.10    9.02   -1.57    3.09 
2007 2	   5.17   14.97   -0.09    3.28 
2007 3	 136.95   22.13    8.30    3.61 
2007 4	  89.43   22.33    8.43    3.30 
2007 5	  98.05   25.77   15.59    2.72 
2007 6	 103.15   30.86   18.83    2.34 
2007 7	  78.88   31.57   19.95    1.73 
2007 8	 174.27   33.02   21.26    2.18 
2007 9	  59.80   31.01   18.29    1.98 
2007 10	   1.65   27.92   11.66    2.51 
2007 11	  30.27   19.92    5.31    2.85 
2007 12	  28.60   14.32    0.21    2.92 
2008 1	   1.05   13.53   -1.23    3.02 
2008 2	   8.77   18.74    0.77    3.28 
2008 3	  55.52   21.14    3.95    3.83 
2008 4	  72.88   25.80    9.16    3.61 
2008 5	 116.40   30.70   14.75    3.37 
2008 6	  73.30   35.27   20.87    3.78 
2008 7	  26.80   34.76   21.20    3.22 
2008 8	  72.27   33.30   20.43    2.01 
2008 9	  31.52   29.09   15.27    1.87 
2008 10	  60.88   25.75   10.35    2.63 
2008 11	   1.88   21.03    4.67    2.56 
2008 12	   0.00   15.24   -0.30    3.36 
2009 1	   1.78   15.19   -2.16    3.22 
2009 2	   9.70   20.44    2.26    3.85 
2009 3	  38.30   22.40    6.47    4.00 
2009 4	  68.40   26.09    9.18    4.00 
2009 5	  60.45   28.97   14.36    2.64 
2009 6	 104.93   35.24   20.67    3.15 
2009 7	 157.95   34.56   21.47    2.55 
2009 8	   8.82   35.25   21.18    2.78 
2009 9	  77.47   28.59   15.66    2.00 
2009 10	  86.43   23.01   10.04    2.85 
2009 11	   0.75   21.43    5.52    2.41 
2009 12	  50.08   11.35   -2.05    2.71 
2010 1	  46.57   12.09   -1.55    3.31 
2010 2	  65.17   10.29   -0.63    3.13 
2010 3	  37.35   18.95    3.95    3.88 
2010 4	 117.58   24.22   10.45    3.53 
2010 5	  61.00   27.98   14.98    3.09 
2010 6	 103.52   35.06   21.63    3.26 
2010 7	 119.85   32.13   21.65    2.64 
2010 8	  52.10   36.39   22.13    2.51 
2010 9	 118.82   31.23   18.20    2.33 
2010 10	  10.98   26.77   10.86    2.35 
2010 11	   5.38   20.95    4.19    3.27 
2010 12	  17.15   16.24    0.93    3.07 
