1949 1	 102.72    9.17   -2.76    3.16 
1949 2	  45.45   14.38    0.96    2.59 
1949 3	  78.60   19.25    5.57    2.91 
1949 4	  44.40   22.09   10.57    2.66 
1949 5	 208.05   28.66   17.23    2.67 
1949 6	 137.20   32.30   20.81    2.48 
1949 7	   1.40   35.72   22.88    2.09 
1949 8	  45.68   35.22   20.15    1.90 
1949 9	  55.05   30.02   15.93    2.05 
1949 10	 124.90   24.32   10.76    3.01 
1949 11	   0.00   23.42    4.53    2.49 
1949 12	  21.23   15.51    2.43    3.12 
1950 1	  60.45   15.16    2.05    3.18 
1950 2	  48.10   17.42    4.19    2.86 
1950 3	  15.80   20.03    4.06    3.39 
1950 4	 156.38   23.45    9.74    3.36 
1950 5	  94.12   27.42   16.43    2.56 
1950 6	  67.33   31.72   20.19    2.69 
1950 7	 159.93   31.68   21.21    2.48 
1950 8	 135.45   33.78   20.26    2.22 
1950 9	 215.75   29.09   17.13    2.26 
1950 10	   1.08   29.25   12.52    2.53 
1950 11	   0.10   20.30    2.55    3.14 
1950 12	   0.00   14.98   -0.74    2.64 
1951 1	   0.85   14.87   -0.95    3.27 
1951 2	  43.60   14.76    0.49    3.29 
1951 3	  27.20   20.43    4.55    3.43 
1951 4	  46.38   25.21    9.41    3.33 
1951 5	  97.15   28.10   15.22    2.87 
1951 6	 157.02   32.44   20.39    3.10 
1951 7	  79.98   36.69   22.82    2.30 
1951 8	   9.55   39.35   22.94    2.31 
1951 9	  43.72   33.40   17.18    2.17 
1951 10	  62.42   27.80   11.93    2.43 
1951 11	  22.97   16.70    3.00    3.19 
1951 12	   0.65   16.18    0.72    3.31 
1952 1	  16.35   18.29    4.03    3.20 
1952 2	  11.45   18.66    4.96    3.46 
1952 3	  34.02   19.48    4.56    3.05 
1952 4	 137.23   23.68    9.59    3.01 
1952 5	  86.05   28.64   15.30    2.65 
1952 6	   0.35   35.97   21.53    2.69 
1952 7	   1.73   36.92   22.02    2.02 
1952 8	  23.10   40.19   23.68    2.69 
1952 9	  40.55   33.19   16.60    2.00 
1952 10	   0.00   26.20    7.23    2.37 
1952 11	 134.28   17.80    5.77    2.91 
1952 12	  44.05   12.52    0.49    2.51 
1953 1	   0.98   18.04    2.20    3.71 
1953 2	  18.40   16.49    2.08    2.63 
1953 3	  52.65   22.25    8.33    2.61 
1953 4	  41.90   23.38    8.42    2.83 
1953 5	  96.30   28.48   14.80    2.87 
1953 6	  34.90   37.88   22.47    2.48 
1953 7	  11.75   35.30   22.16    2.08 
1953 8	  38.90   35.26   20.81    1.91 
1953 9	  21.07   34.38   16.27    1.48 
1953 10	 171.03   26.24   12.75    2.04 
1953 11	  36.10   17.25    4.87    2.19 
1953 12	  18.73   12.95    0.19    2.96 
1954 1	  18.77   13.53    0.36    3.15 
1954 2	   9.35   21.21    4.16    3.11 
1954 3	  10.90   19.56    4.62    3.25 
1954 4	  85.83   27.63   13.80    3.46 
1954 5	 101.00   25.64   13.36    2.50 
1954 6	  31.65   35.42   20.51    2.66 
1954 7	  70.55   39.25   23.79    2.46 
1954 8	   0.88   38.04   23.16    2.59 
1954 9	  27.88   35.64   18.53    2.07 
1954 10	  26.95   27.32   13.46    2.22 
1954 11	  39.13   19.43    4.90    2.44 
1954 12	  34.83   16.63    1.16    2.81 
1955 1	  33.35   12.59    0.89    2.72 
1955 2	  43.47   14.35    0.68    3.61 
1955 3	  26.90   20.85    5.62    3.27 
1955 4	  57.78   27.39   13.21    3.18 
1955 5	 131.98   31.00   17.18    2.72 
1955 6	 134.80   31.25   18.28    2.22 
1955 7	 101.62   36.10   22.30    2.04 
1955 8	  54.12   36.23   21.26    1.68 
1955 9	  68.00   33.37   19.52    1.72 
1955 10	   8.15   27.56   10.84    2.56 
1955 11	   4.25   20.08    3.14    3.24 
1955 12	  17.27   13.77    0.33    2.76 
1956 1	  53.90   12.43   -0.53    3.32 
1956 2	  48.88   14.30    1.74    2.93 
1956 3	   2.22   21.15    5.16    3.11 
1956 4	  69.15   24.62   10.02    3.03 
1956 5	  74.03   31.22   17.83    2.88 
1956 6	  53.83   35.60   21.12    2.49 
1956 7	  29.32   38.71   22.98    2.97 
1956 8	   5.23   38.75   22.35    2.79 
1956 9	   0.35   35.13   18.24    2.19 
1956 10	  49.95   28.50   13.47    2.03 
1956 11	  37.33   17.69    3.09    2.77 
1956 12	 101.55   16.32    2.51    2.77 
1957 1	  31.77   11.47   -0.07    2.98 
1957 2	 103.48   15.68    6.27    2.60 
1957 3	  64.95   16.68    4.66    2.82 
1957 4	 221.87   20.91   10.08    3.11 
1957 5	 344.80   25.89   15.45    2.67 
1957 6	  61.63   31.39   19.99    2.12 
1957 7	  35.82   37.60   22.88    1.59 
1957 8	   5.68   36.37   21.89    2.20 
1957 9	  79.05   30.04   15.90    2.38 
1957 10	  98.62   21.75    9.53    2.58 
1957 11	 118.20   15.36    3.94    3.00 
1957 12	  29.58   16.43    2.23    3.14 
1958 1	  47.10   12.17   -0.82    3.06 
1958 2	  16.15   10.87   -0.88    3.39 
1958 3	  98.27   13.11    2.62    2.81 
1958 4	 132.10   21.55    9.23    2.75 
1958 5	  71.30   27.81   15.34    2.26 
1958 6	  35.45   33.94   20.46    2.33 
1958 7	  97.18   35.24   22.24    2.95 
1958 8	  71.97   35.83   21.41    1.94 
1958 9	  67.47   30.08   18.87    2.12 
1958 10	  24.35   23.69   11.41    2.47 
1958 11	  35.95   20.01    4.96    2.35 
1958 12	  23.48   12.45   -1.55    2.81 
1959 1	   1.10   11.04   -3.18    3.37 
1959 2	  16.90   13.82    0.91    2.87 
1959 3	  29.27   20.81    2.79    3.34 
1959 4	  36.45   23.22    8.79    3.24 
1959 5	  71.93   29.03   16.98    2.92 
1959 6	 181.60   32.57   19.58    2.28 
1959 7	  84.25   32.89   20.83    1.56 
1959 8	  42.55   35.36   20.99    2.03 
1959 9	  73.77   32.17   18.33    2.65 
1959 10	 247.00   23.59    9.72    2.28 
1959 11	  19.05   14.70    1.10    2.81 
1959 12	  56.23   14.99    2.89    2.88 
1960 1	  76.38   11.15   -0.08    2.87 
1960 2	  37.35   11.02   -1.64    3.42 
1960 3	  20.12   14.11    1.56    2.88 
1960 4	  53.83   25.31   11.42    3.55 
1960 5	  67.95   27.50   13.77    3.08 
1960 6	  67.03   34.09   20.09    2.54 
1960 7	  70.88   34.92   21.64    1.81 
1960 8	  42.20   34.65   21.48    1.99 
1960 9	  54.53   32.89   17.66    1.79 
1960 10	  36.78   26.30   13.24    2.17 
1960 11	   5.10   20.26    5.53    2.62 
1960 12	 103.27   10.07   -0.59    2.74 
1961 1	 105.55   10.22   -3.12    2.78 
1961 2	  58.22   15.42    2.25    3.24 
1961 3	  86.95   20.69    6.65    3.26 
1961 4	  26.67   23.76    8.86    3.66 
1961 5	  37.62   28.05   15.39    3.26 
1961 6	 167.00   30.37   18.71    2.42 
1961 7	  62.40   33.01   20.43    2.27 
1961 8	  18.17   34.41   19.79    1.83 
1961 9	  67.73   30.26   17.18    3.19 
1961 10	  49.10   25.20   12.04    2.57 
1961 11	  66.58   16.33    4.37    2.89 
1961 12	  45.35   12.12    0.57    2.96 
1962 1	   5.60    9.67   -4.75    3.19 
1962 2	  19.85   19.43    2.89    3.10 
1962 3	  53.35   17.07    4.01    3.22 
1962 4	  93.48   21.86   10.47    3.11 
1962 5	  24.02   30.49   17.53    3.92 
1962 6	 135.77   31.00   19.22    1.85 
1962 7	 204.90   34.75   22.27    2.20 
1962 8	  72.40   35.08   21.84    2.11 
1962 9	 186.57   29.89   18.33    1.93 
1962 10	  82.87   26.28   14.49    2.63 
1962 11	  77.55   17.51    6.21    2.82 
1962 12	  25.40   13.20    1.96    2.49 
1963 1	   4.57    8.89   -5.18    2.94 
1963 2	   0.75   15.35   -1.01    3.15 
1963 3	  14.12   22.16    7.68    3.44 
1963 4	 128.52   27.00   14.06    3.97 
1963 5	  89.53   28.21   16.69    2.99 
1963 6	  39.55   32.45   20.26    2.26 
1963 7	  32.90   36.61   22.57    2.78 
1963 8	  41.67   37.07   21.93    2.12 
1963 9	  34.88   31.52   18.05    2.03 
1963 10	  32.28   30.03   14.34    1.63 
1963 11	  41.57   20.16    5.78    2.98 
1963 12	  24.50    9.11   -3.05    2.87 
1964 1	  89.22   13.00   -1.79    3.20 
1964 2	  32.50   11.81   -1.52    2.99 
1964 3	  71.53   18.61    3.40    3.04 
1964 4	  75.88   25.07   11.72    3.71 
1964 5	  82.80   28.11   16.03    2.89 
1964 6	  41.15   31.74   19.15    2.89 
1964 7	  21.65   37.95   21.80    2.29 
1964 8	 118.40   35.39   21.78    2.62 
1964 9	 190.10   30.00   17.58    1.93 
1964 10	  11.95   24.13    8.59    2.33 
1964 11	 177.92   19.74    6.36    2.59 
1964 12	  24.40   13.68   -0.49    3.01 
1965 1	  77.95   14.15    0.31    2.95 
1965 2	  74.68   12.76   -0.74    3.19 
1965 3	  23.65   13.12    0.42    3.19 
1965 4	  62.38   25.40   12.05    3.05 
1965 5	 172.07   26.50   16.41    3.12 
1965 6	  28.30   31.87   19.42    2.43 
1965 7	  12.40   36.64   21.61    2.01 
1965 8	  75.05   35.24   20.06    2.10 
1965 9	 144.45   32.19   17.75    2.62 
1965 10	  39.38   23.84    9.97    2.40 
1965 11	  22.63   21.67    8.18    2.28 
1965 12	  49.30   15.18    2.71    2.85 
1966 1	  35.35    9.01   -2.69    3.03 
1966 2	  82.68   12.31   -0.44    3.22 
1966 3	  20.68   19.59    5.06    3.22 
1966 4	 222.98   23.54    9.55    3.46 
1966 5	  31.90   26.92   13.88    2.61 
1966 6	 130.38   31.58   18.48    2.17 
1966 7	  22.25   35.68   22.30    2.19 
1966 8	  80.25   32.88   19.59    1.98 
1966 9	 145.90   28.44   15.87    1.70 
1966 10	  24.05   24.36    7.98    2.41 
1966 11	  11.55   22.00    6.19    3.03 
1966 12	  19.15   13.02   -1.46    2.89 
1967 1	   0.80   15.28   -1.49    3.38 
1967 2	  19.77   15.18   -1.71    3.20 
1967 3	  50.27   23.86    7.44    3.74 
1967 4	  71.92   26.73   13.86    3.97 
1967 5	 129.40   27.88   13.25    3.34 
1967 6	  77.17   32.70   20.12    2.72 
1967 7	  36.03   33.70   20.50    2.54 
1967 8	  17.35   35.39   19.02    1.89 
1967 9	 154.43   27.70   15.50    2.29 
1967 10	  46.28   25.56    9.27    2.64 
1967 11	  36.60   18.10    4.06    2.34 
1967 12	  45.35   12.63   -0.31    2.64 
1968 1	 129.57    9.43    0.28    3.24 
1968 2	  43.00   11.67   -1.11    2.35 
1968 3	 137.62   17.01    4.33    3.60 
1968 4	  91.80   22.81    9.49    3.24 
1968 5	 123.47   26.88   14.36    2.99 
1968 6	  98.45   30.71   18.67    2.29 
1968 7	  79.52   32.82   20.08    2.12 
1968 8	  68.75   34.54   20.73    2.46 
1968 9	 107.65   29.85   14.50    2.09 
1968 10	  22.65   26.01   11.19    2.40 
1968 11	  84.65   17.59    3.17    3.03 
1968 12	  21.88   14.20   -1.28    3.28 
1969 1	  34.53   13.96    0.13    3.20 
1969 2	  57.33   13.61    1.46    3.09 
1969 3	 133.93   13.14    1.31    3.24 
1969 4	  98.93   23.69   10.42    2.92 
1969 5	 100.82   27.58   14.23    1.98 
1969 6	  67.10   32.07   17.96    3.10 
1969 7	  26.85   37.63   21.94    2.19 
1969 8	  96.50   35.32   20.30    2.11 
1969 9	 134.15   30.12   16.77    1.76 
1969 10	 143.45   22.87   10.51    3.20 
1969 11	  21.47   18.65    3.53    2.44 
1969 12	  95.90   15.02    1.15    2.45 
1970 1	  16.12    9.62   -3.76    2.52 
1970 2	 100.35   14.39    0.95    3.07 
1970 3	  93.82   15.51    3.62    3.04 
1970 4	 105.75   24.28   11.63    3.40 
1970 5	  51.50   27.47   14.20    2.53 
1970 6	   4.55   31.82   18.77    2.44 
1970 7	  36.25   35.05   20.20    2.20 
1970 8	  51.22   35.94   20.77    2.17 
1970 9	 193.08   30.45   18.44    2.44 
1970 10	  31.02   23.06    9.67    2.37 
1970 11	  10.23   17.83    1.97    3.32 
1970 12	  12.85   18.23    1.96    2.75 
1971 1	  10.25   15.26   -1.64    3.18 
1971 2	  28.75   15.52    0.60    3.58 
1971 3	  10.62   20.48    3.48    3.51 
1971 4	  35.65   24.53   10.11    3.11 
1971 5	  73.60   28.63   13.73    3.08 
1971 6	  29.00   34.24   20.40    2.81 
1971 7	  91.77   35.78   21.25    2.35 
1971 8	  94.97   31.16   18.65    1.65 
1971 9	  58.50   29.83   16.18    2.34 
1971 10	 126.78   25.61   12.46    2.29 
1971 11	  45.60   18.64    4.73    2.76 
1971 12	 116.87   14.49    3.16    3.00 
1972 1	   9.45   12.23   -1.73    3.17 
1972 2	   9.77   16.56    0.35    3.00 
1972 3	  10.35   23.57    6.70    3.31 
1972 4	  71.85   27.13   12.02    3.74 
1972 5	  40.93   28.47   14.27    1.87 
1972 6	  33.43   34.77   19.14    2.30 
1972 7	  27.95   34.25   20.06    2.50 
1972 8	  75.00   35.29   20.41    2.09 
1972 9	  44.93   31.93   18.91    1.90 
1972 10	  99.23   24.89   10.83    2.40 
1972 11	  58.95   13.47    1.76    2.74 
1972 12	  13.22   11.46   -2.28    3.03 
1973 1	  88.38    8.90   -2.98    3.60 
1973 2	  51.03   13.23    0.04    2.85 
1973 3	  64.73   20.41    6.40    3.19 
1973 4	 112.65   20.22    8.26    3.17 
1973 5	 127.57   27.98   13.43    3.10 
1973 6	 169.95   30.65   17.90    2.62 
1973 7	 175.68   33.45   20.58    2.04 
1973 8	   7.60   33.76   18.82    2.04 
1973 9	 116.93   29.18   17.05    2.42 
1973 10	 137.35   25.71   11.68    2.20 
1973 11	  52.22   20.71    7.55    3.27 
1973 12	   7.70   16.05   -1.26    3.11 
1974 1	  14.07   11.62   -2.78    2.90 
1974 2	  30.33   17.97    0.98    3.70 
1974 3	  21.48   22.64    8.02    4.21 
1974 4	  92.83   25.43    9.08    3.79 
1974 5	  47.80   29.98   16.31    3.08 
1974 6	  67.82   32.66   16.99    2.80 
1974 7	  38.20   37.33   20.19    2.03 
1974 8	 160.27   32.54   18.86    2.35 
1974 9	 161.78   25.03   13.80    2.63 
1974 10	 229.50   25.01   11.25    2.47 
1974 11	  54.15   17.44    4.26    2.79 
1974 12	  37.25   12.31   -0.40    2.56 
1975 1	  47.62   14.42    0.93    3.17 
1975 2	  60.05   12.40   -0.83    3.04 
1975 3	  64.25   17.09    3.69    3.55 
1975 4	  78.53   22.25    9.92    3.85 
1975 5	 128.90   26.91   14.47    2.70 
1975 6	 147.63   31.15   18.31    2.58 
1975 7	 104.38   32.99   19.29    1.61 
1975 8	  83.45   33.89   19.93    2.03 
1975 9	  47.62   29.22   14.23    2.26 
1975 10	  14.65   26.37   10.14    2.71 
1975 11	  15.10   20.46    4.43    3.10 
1975 12	  45.78   15.12   -0.58    3.04 
1976 1	   2.28   14.93   -2.64    3.09 
1976 2	  14.23   21.56    4.97    3.98 
1976 3	  37.97   21.89    6.44    3.78 
1976 4	 117.37   24.10   10.48    3.28 
1976 5	 134.98   25.46   12.06    2.46 
1976 6	  43.62   31.25   17.16    2.47 
1976 7	  72.50   32.48   19.04    1.82 
1976 8	  54.85   36.33   18.36    1.66 
1976 9	  81.22   30.03   16.03    1.68 
1976 10	 141.95   21.00    6.33    2.59 
1976 11	  16.10   14.72    0.26    2.57 
1976 12	  32.17   14.38   -1.46    2.66 
1977 1	  63.45    7.60   -5.03    2.69 
1977 2	  45.30   16.37    2.07    2.88 
1977 3	 176.65   20.83    6.15    3.25 
1977 4	  34.42   24.11   10.95    2.97 
1977 5	  51.12   28.58   17.16    2.71 
1977 6	  27.90   34.43   19.98    2.60 
1977 7	  47.25   37.31   22.15    2.17 
1977 8	  28.20   36.04   21.45    2.34 
1977 9	  12.68   35.33   19.19    2.62 
1977 10	  40.05   26.92   11.40    2.25 
1977 11	  38.70   20.06    6.54    2.76 
1977 12	  15.65   15.99    0.08    3.30 
1978 1	  35.40    5.61   -5.96    3.28 
1978 2	  71.53    6.57   -3.64    3.17 
1978 3	  38.67   18.85    3.20    3.12 
1978 4	  98.15   26.70   11.86    3.65 
1978 5	 130.73   29.29   15.80    2.98 
1978 6	  41.25   33.84   20.35    2.21 
1978 7	  23.12   38.51   23.48    2.36 
1978 8	  45.32   35.26   20.94    2.32 
1978 9	  33.05   31.79   19.12    2.31 
1978 10	  19.15   27.42   10.28    2.06 
1978 11	  87.88   19.24    6.47    2.20 
1978 12	  11.38   14.09   -0.82    2.89 
1979 1	  73.83    5.35   -4.13    3.25 
1979 2	  44.33   10.64   -1.54    3.24 
1979 3	 150.25   19.74    6.03    3.47 
1979 4	 113.53   23.35   10.22    2.78 
1979 5	 157.50   26.07   13.84    3.00 
1979 6	  42.20   31.46   18.92    2.32 
1979 7	  33.47   34.40   21.58    2.09 
1979 8	 140.35   33.27   19.73    1.67 
1979 9	  20.68   31.08   15.25    2.13 
1979 10	  69.00   28.63   11.53    2.76 
1979 11	  10.35   17.10    1.84    2.67 
1979 12	  87.78   15.38    0.89    2.94 
1980 1	  48.75   12.41    0.03    2.95 
1980 2	  43.85   14.44   -1.20    2.93 
1980 3	  28.17   19.48    2.66    3.10 
1980 4	  50.38   24.51    7.96    3.22 
1980 5	 110.00   28.54   15.01    2.49 
1980 6	   1.52   36.95   21.85    3.11 
1980 7	  11.70   39.59   22.84    2.18 
1980 8	  15.77   37.61   22.03    2.88 
1980 9	 189.98   32.77   19.08    2.25 
1980 10	  53.58   25.34    8.99    2.30 
1980 11	  29.75   18.45    4.22    2.65 
1980 12	  49.75   15.65    1.63    3.00 
1981 1	   6.35   13.36   -1.11    2.50 
1981 2	  37.07   15.64    1.30    2.90 
1981 3	  96.48   18.61    5.90    3.05 
1981 4	  63.25   26.54   13.23    3.25 
1981 5	 174.07   27.17   13.84    3.20 
1981 6	  74.07   31.58   19.85    2.44 
1981 7	  24.80   36.29   22.49    2.18 
1981 8	  47.22   35.22   20.22    1.89 
1981 9	  71.70   31.14   16.74    1.95 
1981 10	 497.65   23.88   11.76    2.65 
1981 11	  21.70   20.45    5.37    2.40 
1981 12	   3.88   14.70   -0.08    3.00 
1982 1	  58.12   14.55   -2.59    3.52 
1982 2	  40.58   12.51   -1.37    3.13 
1982 3	  37.77   20.72    6.82    3.79 
1982 4	  44.55   22.85    9.37    3.24 
1982 5	 306.00   27.29   15.38    2.94 
1982 6	 196.33   30.54   17.82    2.28 
1982 7	 118.20   34.08   21.13    2.40 
1982 8	  10.15   36.44   21.31    2.29 
1982 9	  20.57   32.68   15.65    2.34 
1982 10	  47.92   26.10    9.82    2.62 
1982 11	  64.10   18.34    4.67    2.83 
1982 12	  67.15   14.67    1.39    3.54 
1983 1	  25.48   11.16   -1.47    2.47 
1983 2	  27.70   14.11    1.39    2.95 
1983 3	  88.55   17.87    4.80    3.42 
1983 4	   9.60   22.12    6.83    3.87 
1983 5	 159.50   27.15   12.73    2.95 
1983 6	  74.37   29.57   16.83    2.25 
1983 7	  44.68   34.53   20.55    2.21 
1983 8	  49.75   36.22   21.51    1.41 
1983 9	   1.05   32.65   16.22    2.07 
1983 10	  41.65   26.62   10.91    2.29 
1983 11	  71.88   20.29    5.36    2.97 
1983 12	  14.80    6.17   -6.41    3.16 
1984 1	  18.30   10.28   -4.65    2.66 
1984 2	  58.32   18.14    0.40    3.36 
1984 3	  94.33   19.55    4.59    3.44 
1984 4	  28.50   24.42    7.57    3.16 
1984 5	  63.17   30.25   15.45    3.19 
1984 6	  87.30   34.30   20.09    2.67 
1984 7	  44.70   36.50   21.15    2.18 
1984 8	  53.70   36.70   20.88    2.01 
1984 9	  12.38   30.44   16.21    2.88 
1984 10	 197.20   23.70   10.96    2.49 
1984 11	  50.40   18.11    3.95    2.95 
1984 12	 102.45   16.18    2.79    3.29 
1985 1	  20.55    9.93   -4.69    3.03 
1985 2	  72.70   11.66   -0.46    3.27 
1985 3	  97.90   20.63    8.65    3.40 
1985 4	  72.95   25.23   12.00    3.14 
1985 5	 103.45   28.74   15.99    2.77 
1985 6	 164.80   31.96   19.02    2.47 
1985 7	  55.48   34.26   21.00    1.99 
1985 8	   8.72   38.15   21.56    2.04 
1985 9	  98.22   31.84   17.27    2.59 
1985 10	 118.12   24.27   12.70    3.37 
1985 11	  44.40   18.71    5.59    3.11 
1985 12	   7.02   12.75   -3.48    2.70 
1986 1	   0.10   16.86   -0.20    2.95 
1986 2	 112.93   17.02    3.02    3.16 
1986 3	  38.65   22.64    6.60    3.07 
1986 4	 104.80   25.39   12.77    3.29 
1986 5	 187.88   27.54   15.52    3.11 
1986 6	 111.20   32.29   19.25    1.68 
1986 7	  39.53   36.37   22.04    2.35 
1986 8	  72.40   34.40   20.92    2.17 
1986 9	  68.88   31.15   20.14    2.36 
1986 10	  76.45   24.37   11.30    2.38 
1986 11	  88.33   16.76    3.61    2.74 
1986 12	  62.98   11.95    1.26    2.55 
1987 1	  37.40   12.50   -1.78    2.76 
1987 2	 118.62   15.54    3.32    3.38 
1987 3	  40.22   18.99    3.06    2.96 
1987 4	   8.47   27.15    7.86    2.56 
1987 5	 207.12   28.80   16.40    2.35 
1987 6	 163.48   30.91   19.26    2.17 
1987 7	  35.00   33.61   20.86    2.26 
1987 8	  48.60   36.55   22.41    2.35 
1987 9	  55.25   31.15   16.21    1.96 
1987 10	  17.10   26.24    9.67    2.53 
1987 11	  95.05   19.52    5.64    2.61 
1987 12	  74.00   13.51    0.89    2.72 
1988 1	  11.50   10.91   -2.47    3.17 
1988 2	  32.20   14.94   -0.38    3.04 
1988 3	  26.73   20.71    3.69    3.44 
1988 4	  34.35   25.65    8.33    2.72 
1988 5	 172.52   28.99   14.00    2.77 
1988 6	  51.10   31.90   18.15    1.90 
1988 7	  52.25   34.60   21.34    2.20 
1988 8	  15.77   36.65   21.77    1.82 
1988 9	 124.72   31.68   16.80    2.28 
1988 10	  32.35   24.74    9.82    2.27 
1988 11	  49.03   21.06    4.81    3.04 
1988 12	  71.55   15.00    0.54    2.83 
1989 1	  77.25   15.86    1.84    2.79 
1989 2	 110.68   10.04   -1.45    3.78 
1989 3	  84.23   20.34    4.68    3.60 
1989 4	  43.53   25.30   10.95    3.29 
1989 5	 258.42   28.41   16.40    3.45 
1989 6	 277.20   30.17   17.83    2.63 
1989 7	  38.38   33.74   20.49    1.91 
1989 8	  55.70   32.93   20.49    2.29 
1989 9	  86.03   29.60   14.54    2.32 
1989 10	  27.43   27.37   11.23    2.72 
1989 11	   6.95   21.43    5.07    2.73 
1989 12	   6.50   11.54   -5.68    3.23 
1990 1	  77.97   17.47    1.85    2.99 
1990 2	  58.08   18.31    3.00    3.26 
1990 3	 141.30   19.67    6.56    3.54 
1990 4	 261.35   23.41   10.19    3.25 
1990 5	 176.85   28.67   15.06    3.45 
1990 6	  72.32   34.20   21.31    2.86 
1990 7	  91.88   33.08   20.26    2.06 
1990 8	  58.37   34.50   20.60    2.13 
1990 9	  30.60   31.94   18.74    1.57 
1990 10	  45.85   26.22    9.59    2.45 
1990 11	 103.90   21.89    7.51    2.88 
1990 12	  31.43   12.49   -1.38    2.89 
1991 1	  59.83   10.32   -0.72    2.68 
1991 2	  22.60   18.75    2.74    2.77 
1991 3	  20.33   22.12    6.76    3.43 
1991 4	  25.45   26.35   11.96    2.98 
1991 5	 141.07   28.77   17.81    2.65 
1991 6	 117.80   32.34   20.15    2.01 
1991 7	 108.20   35.41   21.52    1.89 
1991 8	 125.15   32.58   20.66    1.65 
1991 9	  75.53   28.47   16.82    1.99 
1991 10	 254.35   26.59   11.35    2.37 
1991 11	  33.05   16.68    3.70    3.02 
1991 12	 240.02   14.36    3.68    2.92 
1992 1	  61.80   13.32    1.19    2.39 
1992 2	  85.45   17.13    4.51    2.90 
1992 3	  63.25   21.32    6.89    2.93 
1992 4	  36.40   24.39   10.97    2.60 
1992 5	 143.25   26.38   14.26    2.30 
1992 6	 121.68   31.17   19.19    1.87 
1992 7	  43.88   33.68   21.58    2.92 
1992 8	  99.25   31.67   18.67    2.03 
1992 9	  52.77   30.83   17.25    2.70 
1992 10	  40.18   27.28   11.09    2.30 
1992 11	  77.75   16.61    4.82    2.72 
1992 12	 100.50   14.65    2.41    2.57 
1993 1	  46.55   11.08    0.46    2.66 
1993 2	 117.45   14.06    1.75    3.09 
1993 3	  42.70   18.25    5.57    3.16 
1993 4	  76.40   23.45    9.32    3.59 
1993 5	  66.60   27.28   14.62    2.88 
1993 6	 105.28   32.61   20.33    2.89 
1993 7	   0.00   36.54   23.10    3.20 
1993 8	  33.65   37.02   22.22    2.27 
1993 9	 118.33   31.72   15.86    1.97 
1993 10	 208.80   23.33    9.79    2.61 
1993 11	  30.80   16.49    2.56    2.79 
1993 12	  47.37   14.90    2.49    2.94 
1994 1	  39.72   12.46    0.30    3.13 
1994 2	  47.13   15.06    0.35    2.92 
1994 3	  27.72   21.68    5.86    3.05 
1994 4	  57.35   25.70   10.44    3.24 
1994 5	 175.83   26.44   15.09    2.33 
1994 6	  36.42   34.45   21.38    2.31 
1994 7	  55.27   34.82   20.84    2.65 
1994 8	  93.48   35.70   20.90    1.84 
1994 9	 125.20   29.51   16.51    1.77 
1994 10	 128.70   24.91   11.96    2.44 
1994 11	 183.75   19.96    8.20    2.84 
1994 12	  41.87   15.30    3.17    2.36 
1995 1	  21.68   14.27    1.12    3.17 
1995 2	  31.88   17.57    4.10    2.91 
1995 3	  78.63   18.63    6.15    3.32 
1995 4	  47.80   24.29   10.15    3.33 
1995 5	 169.85   27.23   15.60    2.91 
1995 6	  62.42   31.16   18.12    2.19 
1995 7	 143.62   35.36   21.50    2.26 
1995 8	  64.55   34.40   21.96    1.48 
1995 9	 111.38   29.78   17.71    1.92 
1995 10	  30.95   27.27   10.36    2.42 
1995 11	   9.82   20.47    4.50    2.80 
1995 12	  36.15   13.80    1.89    3.03 
1996 1	  15.08   12.75   -2.60    3.23 
1996 2	   3.12   18.74    1.98    3.94 
1996 3	  42.80   18.69    2.91    3.62 
1996 4	  58.50   25.27    8.16    3.65 
1996 5	  61.00   32.21   19.14    4.04 
1996 6	  58.30   34.02   20.42    2.16 
1996 7	 103.45   35.63   23.02    2.33 
1996 8	 185.45   32.44   21.54    2.08 
1996 9	  95.23   28.64   16.61    1.45 
1996 10	  78.70   25.10   11.18    2.84 
1996 11	 188.80   18.20    5.61    2.91 
1996 12	   0.58   16.49    1.55    2.93 
1997 1	   9.43   12.63   -0.03    3.44 
1997 2	 225.80   14.14    3.43    3.07 
1997 3	  79.03   21.01    7.14    2.86 
1997 4	 120.45   20.70    8.95    3.21 
1997 5	 111.65   26.60   14.47    2.52 
1997 6	 124.92   30.73   19.56    1.97 
1997 7	  60.50   34.32   22.30    1.68 
1997 8	  83.58   33.92   21.31    2.16 
1997 9	  24.00   33.07   18.67    2.06 
1997 10	  96.70   25.85   12.33    2.64 
1997 11	  29.50   16.72    4.33    2.69 
1997 12	 110.40   12.27    0.12    3.05 
1998 1	  78.80   14.94    2.50    3.03 
1998 2	  66.57   15.56    3.81    2.76 
1998 3	 115.28   17.77    4.62    3.91 
1998 4	  24.03   24.20    8.82    3.08 
1998 5	  59.32   31.73   17.33    3.09 
1998 6	  45.10   34.75   21.71    3.75 
1998 7	  11.23   38.49   23.91    2.61 
1998 8	  51.80   35.93   21.47    1.34 
1998 9	  34.98   33.75   20.21    2.07 
1998 10	 151.48   25.89   13.48    2.71 
1998 11	  56.15   19.05    8.11    2.59 
1998 12	  66.37   13.50    0.72    3.14 
1999 1	  38.58   15.90    0.18    3.63 
1999 2	   5.95   20.13    3.76    3.01 
1999 3	  97.22   18.13    5.64    3.38 
1999 4	  64.07   25.48   11.38    3.59 
1999 5	 166.57   27.74   15.20    2.49 
1999 6	  78.23   30.96   20.58    2.53 
1999 7	  12.70   34.99   21.66    1.98 
1999 8	   4.93   38.32   22.14    1.72 
1999 9	  26.00   31.98   17.02    2.40 
1999 10	  51.15   27.16   10.04    2.26 
1999 11	   0.35   23.34    7.22    2.41 
1999 12	  54.00   16.14    0.62    3.17 
2000 1	  33.83   15.57    1.22    3.48 
2000 2	  20.75   19.69    4.15    3.28 
2000 3	  87.90   21.42    7.20    2.97 
2000 4	  69.53   24.44    9.57    3.12 
2000 5	  56.75   30.83   17.14    3.37 
2000 6	 275.35   30.16   20.23    2.56 
2000 7	   3.78   35.84   21.19    2.15 
2000 8	   0.00   38.28   22.12    2.04 
2000 9	  14.55   33.95   16.12    2.28 
2000 10	 119.57   25.08   14.15    2.77 
2000 11	 147.75   14.23    3.27    2.88 
2000 12	  62.97    8.68   -2.69    2.83 
2001 1	  79.47   10.96   -1.66    2.66 
2001 2	 196.95   14.65    1.66    3.16 
2001 3	  99.28   15.28    4.26    2.67 
2001 4	  35.23   24.51   12.15    3.55 
2001 5	  71.70   28.55   16.41    2.58 
2001 6	  35.33   32.81   19.25    2.19 
2001 7	   0.42   37.15   23.21    2.18 
2001 8	 110.45   34.63   22.02    2.18 
2001 9	  45.98   29.17   16.01    1.90 
2001 10	  56.17   24.74    9.09    2.46 
2001 11	  39.75   19.59    7.79    2.53 
2001 12	  56.42   15.08    0.80    2.78 
2002 1	  37.08   14.70   -0.36    2.82 
2002 2	  38.45   14.34   -1.17    2.95 
2002 3	 146.03   18.36    3.91    3.84 
2002 4	  72.55   25.12   13.60    3.63 
2002 5	 122.22   27.25   14.93    3.32 
2002 6	 118.37   30.96   19.13    1.98 
2002 7	  67.12   32.51   21.24    2.06 
2002 8	  12.45   35.03   21.13    1.99 
2002 9	  40.08   32.14   16.69    2.43 
2002 10	 189.55   21.79   12.00    2.27 
2002 11	  17.20   17.49    3.52    3.02 
2002 12	 113.08   14.43    0.46    3.17 
2003 1	   7.15   12.67   -1.70    2.78 
2003 2	  70.70   12.17    0.61    3.09 
2003 3	  22.05   19.23    4.94    2.64 
2003 4	  24.92   25.43   10.29    3.36 
2003 5	  97.50   29.31   16.01    2.99 
2003 6	 150.90   30.37   18.42    1.90 
2003 7	   1.98   35.54   21.90    2.00 
2003 8	  68.93   35.43   21.44    1.73 
2003 9	  99.98   28.62   16.19    1.68 
2003 10	  24.78   26.27   10.97    2.08 
2003 11	  79.33   19.69    7.22    3.07 
2003 12	  19.30   16.25    0.14    3.25 
2004 1	  46.45   14.90    1.06    3.12 
2004 2	 123.55   11.89   -0.55    3.17 
2004 3	  39.50   21.51    8.40    3.01 
2004 4	  98.70   23.96   10.94    3.25 
2004 5	  37.48   27.79   16.31    3.16 
2004 6	 410.00   29.76   19.40    1.85 
2004 7	  51.80   32.43   20.60    1.99 
2004 8	  62.10   31.28   19.21    1.86 
2004 9	  37.95   30.79   15.79    1.81 
2004 10	 105.62   26.33   12.73    2.67 
2004 11	 137.43   17.62    6.87    2.85 
2004 12	  15.93   14.41   -0.65    2.86 
2005 1	  48.48   14.43    1.42    3.31 
2005 2	  54.22   14.97    2.74    2.82 
2005 3	  58.65   18.63    4.06    2.83 
2005 4	   2.68   24.25    8.69    3.36 
2005 5	  89.28   26.66   14.58    2.48 
2005 6	  29.50   32.72   19.66    2.11 
2005 7	  39.05   33.95   20.79    1.75 
2005 8	  41.65   34.32   20.97    1.68 
2005 9	  13.57   34.42   18.25    2.05 
2005 10	  24.73   25.87   10.00    2.45 
2005 11	   0.60   22.22    5.50    2.73 
2005 12	   6.30   14.12   -2.15    2.71 
2006 1	  43.00   19.38    1.47    3.56 
2006 2	  86.50   13.87   -0.60    3.18 
2006 3	  82.68   21.39    7.92    3.48 
2006 4	  73.80   27.51   12.97    3.33 
2006 5	  68.80   29.56   16.03    2.78 
2006 6	  41.57   33.44   18.66    1.84 
2006 7	  26.33   35.76   22.29    2.02 
2006 8	  44.88   37.09   23.26    2.18 
2006 9	  88.40   29.81   15.46    2.19 
2006 10	  55.45   25.44   10.57    2.53 
2006 11	  79.45   19.82    5.52    2.97 
2006 12	  43.45   14.86    1.10    3.01 
2007 1	  70.27    9.40   -1.50    3.11 
2007 2	  12.82   14.14    0.44    3.00 
2007 3	 159.38   22.15    9.35    3.24 
2007 4	 109.73   21.19    8.67    2.96 
2007 5	 198.52   26.26   16.70    2.58 
2007 6	 294.43   29.61   19.64    2.10 
2007 7	  63.30   30.93   20.36    1.55 
2007 8	  26.50   34.14   21.85    1.63 
2007 9	 132.83   30.63   17.80    1.60 
2007 10	  31.32   26.75   11.20    2.40 
2007 11	  45.65   20.39    6.19    2.75 
2007 12	  30.45   13.92   -1.30    2.47 
2008 1	   4.40   12.99   -2.22    2.90 
2008 2	  22.20   17.49    0.81    3.20 
2008 3	 159.40   20.25    4.88    3.83 
2008 4	  93.10   24.11    9.14    3.25 
2008 5	  78.15   28.61   15.03    3.14 
2008 6	  40.33   34.12   21.63    3.11 
2008 7	  33.05   35.51   21.94    2.46 
2008 8	 116.70   33.32   21.00    1.76 
2008 9	  32.92   28.83   15.03    2.22 
2008 10	  36.95   25.47    9.49    2.21 
2008 11	  39.15   20.22    4.34    2.36 
2008 12	   9.10   14.50   -1.43    3.39 
2009 1	  14.50   15.35   -1.40    3.01 
2009 2	  24.08   19.56    3.38    3.74 
2009 3	  66.77   20.59    7.14    3.51 
2009 4	  67.72   23.91    9.23    3.59 
2009 5	  70.40   27.12   14.83    2.39 
2009 6	 100.45   33.14   20.66    2.62 
2009 7	  96.40   35.28   22.09    2.06 
2009 8	  33.40   34.80   21.47    2.22 
2009 9	 153.40   28.12   16.75    1.76 
2009 10	 213.70   20.71    9.33    2.71 
2009 11	  12.45   20.57    6.13    2.29 
2009 12	  34.15   10.22   -2.09    2.79 
2010 1	  64.55   10.93   -1.99    3.03 
2010 2	 147.73    8.27   -1.02    2.84 
2010 3	  84.45   17.92    3.69    3.15 
2010 4	  91.55   23.69   10.81    3.33 
2010 5	  67.30   28.24   15.92    2.66 
2010 6	  57.25   33.99   22.43    2.38 
2010 7	 128.65   33.17   22.78    2.13 
2010 8	   6.72   36.66   23.04    2.04 
2010 9	 231.58   30.51   19.21    2.06 
2010 10	  25.92   26.17    9.71    2.29 
2010 11	  13.25   20.09    5.07    3.29 
2010 12	  38.72   15.11    0.29    3.12 
