1949 1	 150.05   13.32    2.82    4.39 
1949 2	  68.15   17.52    6.15    4.19 
1949 3	  98.55   21.05    8.95    4.83 
1949 4	  92.28   23.19   11.99    4.43 
1949 5	  95.90   30.42   18.46    4.00 
1949 6	  73.12   32.88   21.02    3.01 
1949 7	  99.10   34.09   22.68    2.82 
1949 8	  48.55   32.78   20.58    2.71 
1949 9	  76.05   30.83   18.39    3.29 
1949 10	 259.02   24.63   15.12    4.35 
1949 11	   7.15   22.92    8.33    4.03 
1949 12	  39.05   17.07    6.29    5.39 
1950 1	 117.40   18.07    7.85    4.66 
1950 2	 132.43   18.90    7.74    3.65 
1950 3	  31.50   19.95    7.45    4.89 
1950 4	 165.07   23.54   11.75    4.64 
1950 5	 142.73   29.04   17.96    3.89 
1950 6	  73.53   30.63   20.48    3.27 
1950 7	 101.22   32.37   21.76    3.27 
1950 8	  61.90   33.54   21.52    2.46 
1950 9	  68.70   29.79   18.70    3.08 
1950 10	  26.20   28.72   15.41    3.70 
1950 11	  40.90   20.91    6.83    4.69 
1950 12	   0.12   16.31    3.23    4.24 
1951 1	  71.47   15.60    3.35    5.19 
1951 2	  66.18   16.75    4.81    4.79 
1951 3	  84.40   21.94    9.02    4.67 
1951 4	  63.05   24.45   12.10    4.70 
1951 5	 111.25   28.45   16.19    3.92 
1951 6	 101.87   31.98   21.32    4.01 
1951 7	  82.20   35.09   23.05    2.57 
1951 8	   0.45   37.97   24.15    2.45 
1951 9	 114.20   31.18   19.89    3.14 
1951 10	  31.45   26.98   14.22    3.69 
1951 11	  79.00   18.29    6.75    5.00 
1951 12	  73.05   17.92    5.68    5.42 
1952 1	  88.70   19.50    8.27    4.71 
1952 2	 139.40   18.34    7.94    4.96 
1952 3	  85.70   19.77    7.70    4.56 
1952 4	 134.12   23.08   11.17    4.02 
1952 5	 141.43   28.36   16.08    3.20 
1952 6	  16.77   32.96   21.66    2.94 
1952 7	  60.90   33.43   22.27    2.41 
1952 8	   1.98   36.41   23.14    3.29 
1952 9	  19.30   32.30   18.25    3.73 
1952 10	   0.90   25.84    9.42    3.69 
1952 11	 200.40   18.63    8.02    4.67 
1952 12	 121.67   14.36    4.05    4.03 
1953 1	  11.53   17.54    5.41    5.31 
1953 2	  50.77   16.84    4.54    4.36 
1953 3	 158.53   23.63   11.51    4.02 
1953 4	  87.50   24.37   10.95    4.24 
1953 5	 272.08   28.35   17.63    3.54 
1953 6	  16.27   35.45   22.22    2.83 
1953 7	  50.47   33.63   22.16    2.65 
1953 8	  30.33   34.53   21.53    2.23 
1953 9	  47.75   33.50   17.88    2.86 
1953 10	  60.62   29.02   13.52    3.31 
1953 11	  84.38   19.25    6.49    4.25 
1953 12	 163.30   13.64    2.59    4.60 
1954 1	  51.23   15.70    3.98    4.38 
1954 2	  14.83   21.42    6.48    4.49 
1954 3	  30.17   20.04    7.38    4.75 
1954 4	  75.75   26.97   15.08    3.92 
1954 5	 123.82   26.20   14.97    3.63 
1954 6	  43.15   34.02   21.22    3.10 
1954 7	  15.25   38.27   24.00    3.23 
1954 8	   5.10   38.25   22.92    3.14 
1954 9	  13.40   35.97   19.84    3.30 
1954 10	 241.82   27.82   15.40    3.94 
1954 11	  96.40   20.24    6.85    4.30 
1954 12	  52.28   17.49    4.32    4.33 
1955 1	  83.03   14.07    3.82    3.70 
1955 2	 100.15   15.45    3.99    4.93 
1955 3	 145.15   22.10    8.93    5.01 
1955 4	 129.45   26.93   14.53    4.18 
1955 5	 151.88   29.76   18.06    3.71 
1955 6	  39.93   31.28   18.77    2.87 
1955 7	  56.95   34.17   21.78    2.87 
1955 8	 125.65   32.58   21.76    2.39 
1955 9	  52.67   32.34   19.89    2.99 
1955 10	  59.95   27.59   12.46    3.89 
1955 11	   4.30   20.92    6.65    5.48 
1955 12	  36.27   16.34    4.01    4.82 
1956 1	  72.70   15.48    2.85    4.59 
1956 2	 120.68   17.63    5.65    4.36 
1956 3	  25.42   21.02    7.94    4.03 
1956 4	  70.10   24.70   11.75    4.48 
1956 5	 202.30   30.61   18.48    3.44 
1956 6	  31.83   32.99   20.15    3.13 
1956 7	   8.45   37.15   22.22    3.55 
1956 8	  27.50   36.94   21.48    3.05 
1956 9	  14.80   33.86   17.49    3.56 
1956 10	  17.62   29.34   14.15    3.22 
1956 11	  70.20   19.41    5.52    4.41 
1956 12	  48.43   18.36    5.68    4.07 
1957 1	  66.92   13.94    3.49    4.20 
1957 2	 120.45   19.25    9.25    3.69 
1957 3	 165.80   18.88    7.64    3.93 
1957 4	 294.22   23.66   12.71    4.88 
1957 5	 101.58   28.35   17.61    4.24 
1957 6	 128.60   30.97   20.88    3.53 
1957 7	  41.95   35.45   22.42    2.25 
1957 8	  68.30   32.99   20.80    3.14 
1957 9	  54.08   29.71   16.95    3.59 
1957 10	 223.10   23.41   11.01    4.50 
1957 11	 151.92   17.91    7.49    4.85 
1957 12	  34.35   17.77    5.92    4.52 
1958 1	  93.85   13.19    1.76    5.56 
1958 2	  49.40   12.41    2.13    5.46 
1958 3	  38.25   16.56    6.02    4.47 
1958 4	 187.38   23.29   12.09    4.14 
1958 5	  91.32   28.90   16.97    3.15 
1958 6	  81.55   32.74   20.91    3.15 
1958 7	  51.75   33.74   22.00    3.47 
1958 8	 106.85   33.71   21.37    2.56 
1958 9	 215.37   28.57   19.54    3.73 
1958 10	  62.55   23.32   13.18    4.71 
1958 11	  67.45   20.51    8.01    4.00 
1958 12	  28.33   13.36    1.23    4.47 
1959 1	  20.33   12.71    0.48    4.82 
1959 2	 114.33   15.41    4.55    4.81 
1959 3	  99.93   20.51    5.70    4.75 
1959 4	 107.50   22.41   11.27    4.51 
1959 5	 253.70   28.88   18.31    3.87 
1959 6	 135.30   31.14   20.47    3.23 
1959 7	 187.58   32.46   21.17    2.06 
1959 8	  54.15   32.84   21.06    2.64 
1959 9	  72.22   30.92   18.92    3.79 
1959 10	  69.85   26.00   12.99    4.00 
1959 11	  72.03   17.23    4.03    4.92 
1959 12	 176.23   16.42    5.12    4.91 
1960 1	  78.18   12.56    2.96    4.63 
1960 2	 110.08   12.58    1.37    5.24 
1960 3	  74.07   15.93    4.66    4.35 
1960 4	  58.65   25.96   13.48    4.50 
1960 5	  42.42   28.04   15.29    4.26 
1960 6	 136.43   32.68   20.22    3.30 
1960 7	 108.72   33.45   21.97    2.31 
1960 8	  39.70   33.65   21.53    2.93 
1960 9	  79.15   31.82   18.30    2.74 
1960 10	 102.80   27.06   14.66    3.31 
1960 11	 118.42   20.36    8.36    4.42 
1960 12	 233.72   11.68    2.22    4.62 
1961 1	 193.57   12.31    0.47    4.84 
1961 2	 119.55   16.80    5.45    4.25 
1961 3	 122.95   22.23   10.38    4.73 
1961 4	  26.83   23.19   10.59    4.84 
1961 5	  54.58   28.73   16.17    4.43 
1961 6	 156.60   29.88   19.35    3.30 
1961 7	  35.50   31.88   21.44    2.64 
1961 8	  24.30   32.66   19.86    2.31 
1961 9	  76.83   30.24   18.67    5.01 
1961 10	  39.93   25.68   13.01    4.08 
1961 11	  66.85   18.10    6.71    5.11 
1961 12	 102.53   14.01    3.05    4.25 
1962 1	  88.53   11.49   -1.42    5.15 
1962 2	  62.60   20.43    7.40    4.82 
1962 3	  34.15   18.93    6.00    4.68 
1962 4	 130.15   23.61   12.20    4.52 
1962 5	  19.10   29.67   17.82    4.50 
1962 6	 211.35   31.16   19.90    2.61 
1962 7	  54.30   33.95   21.82    2.47 
1962 8	  14.27   36.52   21.53    2.62 
1962 9	 161.07   31.25   18.82    2.86 
1962 10	 120.93   27.37   15.46    3.74 
1962 11	  84.05   18.80    7.32    4.91 
1962 12	  59.55   13.99    2.74    4.18 
1963 1	  42.10    9.67   -2.58    4.80 
1963 2	  55.30   15.42    0.52    5.28 
1963 3	  21.00   23.54    9.39    4.53 
1963 4	  35.25   27.10   15.22    5.01 
1963 5	 116.85   29.69   17.56    3.66 
1963 6	  43.75   33.40   21.07    3.03 
1963 7	   8.22   35.33   22.58    3.36 
1963 8	  71.80   36.23   21.76    2.38 
1963 9	  62.53   32.06   19.00    3.19 
1963 10	   2.08   31.61   14.98    2.29 
1963 11	  76.78   21.84    8.45    4.99 
1963 12	  78.15   11.00   -0.66    5.37 
1964 1	  62.53   14.81    1.15    4.52 
1964 2	  70.18   13.73    1.42    4.47 
1964 3	  78.53   20.62    6.90    4.54 
1964 4	  86.95   26.15   14.46    5.06 
1964 5	  73.42   28.83   18.08    3.57 
1964 6	  93.73   31.34   20.66    3.32 
1964 7	  45.05   36.34   22.04    2.99 
1964 8	  40.75   35.45   22.73    3.04 
1964 9	 115.68   30.82   19.64    2.92 
1964 10	  14.92   25.93   11.61    4.46 
1964 11	  94.75   22.30    9.44    4.22 
1964 12	  64.70   15.54    3.77    5.17 
1965 1	 100.25   16.47    3.33    4.50 
1965 2	 125.75   15.10    2.56    5.47 
1965 3	  77.02   16.23    4.58    4.96 
1965 4	  64.30   26.80   14.90    4.36 
1965 5	 146.17   27.44   18.05    4.81 
1965 6	  37.05   31.28   20.56    3.43 
1965 7	  40.08   34.98   21.70    2.47 
1965 8	  68.95   34.20   20.73    2.37 
1965 9	  55.85   31.12   19.32    4.23 
1965 10	  40.33   25.47   12.95    4.16 
1965 11	  42.50   23.45   12.52    3.97 
1965 12	  78.02   17.14    5.73    4.48 
1966 1	  76.78   10.97    1.29    5.24 
1966 2	  55.85   14.17    2.74    4.71 
1966 3	  48.82   20.76    7.70    4.40 
1966 4	 368.52   25.49   12.84    4.81 
1966 5	 108.30   27.13   16.53    3.83 
1966 6	  21.02   31.42   19.56    2.91 
1966 7	  47.07   35.11   23.10    2.40 
1966 8	 140.15   32.12   20.81    2.57 
1966 9	 132.12   28.97   18.21    2.41 
1966 10	  36.73   25.22   11.34    4.26 
1966 11	  46.22   22.97   10.46    4.26 
1966 12	  85.50   14.87    2.29    4.65 
1967 1	  15.22   15.68    2.80    4.59 
1967 2	  23.22   16.01    2.14    4.41 
1967 3	  73.25   24.73   10.25    4.51 
1967 4	 119.02   27.21   16.49    5.12 
1967 5	 117.20   27.85   15.97    4.90 
1967 6	  19.98   32.96   21.20    3.70 
1967 7	  29.65   33.00   20.99    3.62 
1967 8	  14.60   34.35   20.31    2.45 
1967 9	 130.55   29.10   17.43    3.84 
1967 10	  69.00   26.90   11.74    3.93 
1967 11	  66.23   20.48    7.71    4.17 
1967 12	 121.67   15.05    3.49    4.40 
1968 1	 136.82   11.83    3.44    4.98 
1968 2	  77.03   13.41    1.35    4.50 
1968 3	  81.55   18.66    8.05    4.66 
1968 4	 117.75   24.43   13.18    4.86 
1968 5	 284.00   28.28   16.84    4.08 
1968 6	  77.60   30.68   20.29    3.17 
1968 7	  77.53   31.80   20.88    2.65 
1968 8	  31.75   34.12   21.36    2.79 
1968 9	 206.15   29.56   16.70    3.45 
1968 10	  44.47   26.29   12.69    3.42 
1968 11	 188.75   18.60    6.10    4.86 
1968 12	  73.58   15.44    2.55    5.14 
1969 1	  34.25   15.30    4.26    4.99 
1969 2	 100.00   15.75    4.40    4.89 
1969 3	 165.98   16.01    4.67    4.81 
1969 4	 224.00   24.76   13.15    4.02 
1969 5	 135.65   28.43   16.12    2.99 
1969 6	  41.23   33.30   19.95    3.71 
1969 7	   5.10   37.73   23.01    2.87 
1969 8	  93.72   36.36   21.76    2.73 
1969 9	  29.43   31.90   18.42    3.05 
1969 10	  92.90   26.12   13.08    5.06 
1969 11	 152.10   20.08    6.45    4.15 
1969 12	 144.98   16.27    4.41    3.95 
1970 1	  27.92   11.19    0.25    4.67 
1970 2	 113.95   16.26    3.72    4.60 
1970 3	  81.20   17.76    6.37    4.59 
1970 4	  98.35   25.73   13.94    4.76 
1970 5	  38.00   28.73   15.78    4.16 
1970 6	  11.62   32.87   19.70    3.02 
1970 7	  39.95   35.11   21.14    2.59 
1970 8	  23.10   36.21   21.97    2.86 
1970 9	 143.95   31.34   20.22    3.92 
1970 10	  65.62   24.35   12.04    4.29 
1970 11	  23.62   19.21    5.68    5.01 
1970 12	  54.25   19.17    7.23    4.21 
1971 1	   6.30   18.20    4.52    4.90 
1971 2	  74.02   17.56    3.86    5.38 
1971 3	  12.57   21.33    6.41    4.61 
1971 4	  55.33   25.47   11.53    4.39 
1971 5	  65.62   28.10   15.85    3.95 
1971 6	  19.95   34.08   20.93    3.49 
1971 7	  67.15   35.77   22.07    3.10 
1971 8	  88.90   32.46   20.29    2.08 
1971 9	  41.83   31.84   19.12    3.58 
1971 10	 115.60   27.68   15.38    3.20 
1971 11	 126.17   21.12    7.62    4.43 
1971 12	 158.40   17.79    8.16    4.27 
1972 1	 176.73   15.65    3.23    5.07 
1972 2	  14.43   18.66    4.66    4.82 
1972 3	  17.15   23.83    9.47    4.46 
1972 4	  63.30   26.78   13.50    4.96 
1972 5	  48.12   29.68   15.80    2.58 
1972 6	 125.85   33.28   20.39    3.72 
1972 7	  55.70   33.11   20.86    3.47 
1972 8	  42.65   34.25   20.89    2.62 
1972 9	 129.07   33.15   20.69    2.56 
1972 10	 239.80   25.65   13.26    3.89 
1972 11	  92.97   15.56    4.87    5.19 
1972 12	  72.20   13.38    1.41    4.64 
1973 1	  97.90   11.98    1.29    5.49 
1973 2	  34.22   15.60    4.09    4.59 
1973 3	 182.35   21.97   10.10    4.78 
1973 4	 190.60   21.92   11.01    5.01 
1973 5	  70.62   28.31   15.29    4.64 
1973 6	 310.45   31.16   19.62    3.56 
1973 7	 195.93   34.01   22.10    2.65 
1973 8	  29.83   33.20   20.03    2.65 
1973 9	 296.40   30.28   19.51    3.36 
1973 10	 202.37   26.88   14.77    3.71 
1973 11	 127.78   23.18   10.87    4.75 
1973 12	 103.50   16.96    2.36    4.99 
1974 1	 121.35   13.14    2.91    4.02 
1974 2	  72.12   18.90    4.34    5.21 
1974 3	  31.72   24.16   11.85    5.13 
1974 4	  69.22   26.28   11.93    5.54 
1974 5	  86.50   29.84   18.70    4.43 
1974 6	  79.10   31.62   18.65    3.49 
1974 7	  21.85   35.95   21.18    2.29 
1974 8	 113.33   33.85   21.07    2.79 
1974 9	 289.55   25.86   16.49    4.55 
1974 10	 166.93   26.31   12.95    4.56 
1974 11	 107.75   18.63    7.29    4.79 
1974 12	  72.68   14.67    3.30    4.19 
1975 1	  59.70   16.71    5.14    4.55 
1975 2	 131.90   16.09    3.37    4.05 
1975 3	  70.15   19.37    7.16    5.20 
1975 4	 115.88   24.22   12.14    5.48 
1975 5	 178.95   28.37   17.36    3.97 
1975 6	 117.33   31.31   20.19    3.57 
1975 7	  50.57   33.18   21.34    2.50 
1975 8	  54.70   34.20   21.44    2.59 
1975 9	  27.00   30.32   16.67    3.28 
1975 10	 123.90   27.38   12.53    3.79 
1975 11	  56.95   20.92    7.26    4.35 
1975 12	  45.95   15.42    3.26    4.46 
1976 1	  49.50   15.59    1.49    5.08 
1976 2	  40.10   21.27    7.77    4.57 
1976 3	 157.75   21.41    9.57    5.21 
1976 4	 142.08   24.93   12.51    4.42 
1976 5	 193.65   26.31   13.95    3.61 
1976 6	 180.02   30.73   18.79    3.35 
1976 7	 108.00   31.69   21.11    2.15 
1976 8	  58.12   34.08   19.84    2.14 
1976 9	 107.53   29.90   17.44    2.73 
1976 10	  95.00   21.79    8.93    4.28 
1976 11	  28.80   16.10    3.61    4.78 
1976 12	 105.00   14.77    1.53    4.41 
1977 1	  71.55    9.36   -2.67    4.94 
1977 2	 104.83   17.92    3.75    5.01 
1977 3	 150.00   21.47    9.06    4.76 
1977 4	 144.02   25.07   12.57    3.99 
1977 5	  24.90   29.58   17.71    3.65 
1977 6	  88.90   33.12   21.25    3.35 
1977 7	  28.77   35.98   22.53    2.50 
1977 8	  64.00   34.43   22.41    3.25 
1977 9	  62.02   32.78   20.83    3.61 
1977 10	  38.85   27.51   13.44    3.63 
1977 11	 113.20   20.81    9.60    4.00 
1977 12	  38.77   16.28    3.65    5.48 
1978 1	 126.40    6.81   -2.36    5.98 
1978 2	  64.22    9.76   -0.79    5.35 
1978 3	  97.05   19.74    5.89    4.12 
1978 4	  39.55   25.97   13.42    4.51 
1978 5	  70.50   29.85   17.20    3.83 
1978 6	  42.88   33.47   20.57    2.69 
1978 7	  38.33   37.43   22.82    2.70 
1978 8	  48.28   35.17   21.80    2.75 
1978 9	 100.60   31.10   20.15    3.79 
1978 10	  56.30   27.55   12.21    3.45 
1978 11	 141.35   20.79    9.66    3.87 
1978 12	  67.72   14.72    2.59    5.06 
1979 1	 110.22    7.20   -2.23    5.67 
1979 2	  80.40   12.21    2.30    4.92 
1979 3	 173.75   20.76    8.71    4.73 
1979 4	 101.87   23.63   12.36    3.87 
1979 5	 181.68   27.26   15.30    3.97 
1979 6	  66.42   31.34   19.91    3.21 
1979 7	 185.90   32.58   21.66    3.25 
1979 8	  58.35   33.02   20.24    2.18 
1979 9	 153.18   29.92   16.39    4.16 
1979 10	  55.62   28.02   12.58    3.97 
1979 11	  44.25   18.82    4.64    5.09 
1979 12	 125.97   16.12    2.92    4.51 
1980 1	  95.25   14.06    3.77    3.90 
1980 2	  55.30   15.65    1.98    4.73 
1980 3	  59.97   19.87    6.07    4.64 
1980 4	 105.40   24.13   10.16    3.94 
1980 5	 114.60   28.31   16.97    3.30 
1980 6	  40.67   34.05   21.05    3.94 
1980 7	  55.08   38.07   22.09    2.24 
1980 8	  25.82   36.88   22.12    3.68 
1980 9	  66.70   33.46   20.02    3.02 
1980 10	  35.85   25.83    9.87    4.07 
1980 11	  92.68   18.96    5.97    4.53 
1980 12	  30.20   16.33    3.77    4.22 
1981 1	  47.47   14.45    1.48    4.05 
1981 2	  66.78   16.04    3.79    4.17 
1981 3	  90.90   20.44    7.58    4.28 
1981 4	  74.90   27.79   15.49    3.99 
1981 5	 225.95   27.13   15.37    4.29 
1981 6	 196.53   31.67   20.95    3.73 
1981 7	  69.65   33.97   22.24    2.79 
1981 8	  22.95   34.81   20.68    2.62 
1981 9	  40.05   30.71   16.90    3.10 
1981 10	 200.57   25.22   13.18    3.86 
1981 11	  44.00   21.78    7.65    3.74 
1981 12	  15.08   15.76    2.24    4.77 
1982 1	  70.23   15.08    1.09    5.31 
1982 2	  58.25   14.25    2.40    4.76 
1982 3	  69.45   21.53   10.60    5.15 
1982 4	 141.75   23.06   11.91    4.68 
1982 5	 105.70   28.50   17.57    4.04 
1982 6	 133.45   32.23   19.62    2.83 
1982 7	  28.68   34.56   22.34    2.76 
1982 8	   8.45   36.25   22.23    2.42 
1982 9	   8.53   33.14   16.50    3.70 
1982 10	 110.92   25.62   12.14    4.53 
1982 11	 168.40   18.88    7.54    4.49 
1982 12	 158.10   16.41    4.35    5.33 
1983 1	  33.78   13.00    1.52    4.37 
1983 2	 133.30   15.11    4.07    5.11 
1983 3	 137.20   19.69    6.81    4.64 
1983 4	  14.20   22.88    9.68    5.26 
1983 5	 201.75   27.95   15.37    3.93 
1983 6	 125.37   30.58   19.17    3.08 
1983 7	  65.88   33.35   21.74    3.27 
1983 8	 135.45   34.14   22.01    2.11 
1983 9	  21.20   31.26   17.04    3.76 
1983 10	  52.53   27.06   12.50    3.55 
1983 11	  96.57   20.51    7.66    4.63 
1983 12	  75.25    9.23   -2.39    5.49 
1984 1	  54.40   12.04   -1.29    4.91 
1984 2	 122.20   18.28    3.17    4.77 
1984 3	 147.38   21.28    7.69    4.33 
1984 4	  24.23   26.23   11.21    4.86 
1984 5	  67.90   30.31   16.55    4.51 
1984 6	  73.75   33.40   20.84    3.34 
1984 7	  38.75   35.30   21.89    2.51 
1984 8	  38.45   35.70   21.81    2.77 
1984 9	  44.18   30.42   17.57    4.67 
1984 10	 271.35   26.00   15.46    3.96 
1984 11	 112.25   19.99    7.63    4.91 
1984 12	  90.43   20.14    9.30    4.95 
1985 1	  46.50   11.72   -1.37    4.68 
1985 2	 110.73   14.31    2.50    4.74 
1985 3	  91.37   23.50   10.96    4.85 
1985 4	  72.05   26.89   13.49    4.49 
1985 5	  59.90   29.38   16.45    3.56 
1985 6	  41.00   33.66   20.21    3.75 
1985 7	 114.15   34.59   21.67    2.63 
1985 8	  18.52   36.73   22.30    2.56 
1985 9	  69.20   32.46   18.34    4.24 
1985 10	 219.40   25.74   15.22    5.13 
1985 11	 227.05   21.80   11.07    4.56 
1985 12	  87.95   14.09    0.30    4.37 
1986 1	  21.50   17.93    3.81    4.69 
1986 2	 100.75   20.45    6.21    4.76 
1986 3	  27.95   24.00    8.13    3.73 
1986 4	 161.75   25.71   14.08    4.27 
1986 5	 208.65   27.81   16.59    3.81 
1986 6	 163.40   31.94   21.21    2.48 
1986 7	  53.35   35.33   23.07    2.82 
1986 8	  55.95   34.71   21.06    2.61 
1986 9	  53.23   32.20   21.24    3.11 
1986 10	 144.73   25.47   13.18    3.79 
1986 11	 109.15   19.11    8.58    4.73 
1986 12	 131.25   13.56    3.29    4.53 
1987 1	  42.92   15.21    1.77    4.42 
1987 2	 135.23   16.92    5.57    4.83 
1987 3	  88.80   21.38    5.76    4.26 
1987 4	  13.92   27.37   10.31    3.22 
1987 5	 123.92   29.84   17.56    3.00 
1987 6	 126.47   31.80   20.19    3.65 
1987 7	  69.30   33.60   21.84    2.98 
1987 8	  39.08   36.34   23.38    2.91 
1987 9	  78.50   31.01   17.79    3.16 
1987 10	  18.80   26.60   10.78    4.01 
1987 11	 151.75   20.83    7.25    4.67 
1987 12	 206.67   15.51    4.15    4.47 
1988 1	  25.35   12.25    0.26    5.07 
1988 2	  73.08   16.30    3.08    4.60 
1988 3	 133.70   20.49    6.72    4.65 
1988 4	  64.70   25.85   10.72    3.90 
1988 5	  31.33   28.98   15.16    3.46 
1988 6	  46.25   32.58   19.28    3.06 
1988 7	  66.93   33.88   22.07    3.16 
1988 8	  51.80   35.57   22.41    2.66 
1988 9	  60.10   32.59   18.90    3.90 
1988 10	 108.63   25.82   12.00    3.75 
1988 11	  95.03   22.12    8.53    5.22 
1988 12	 126.10   16.55    4.23    4.32 
1989 1	  89.93   16.68    5.96    4.51 
1989 2	  81.55   13.08    2.35    5.76 
1989 3	 140.73   21.12    7.87    5.18 
1989 4	  53.85   25.84   13.09    4.29 
1989 5	 275.40   28.82   17.78    4.32 
1989 6	 198.62   29.88   19.48    4.25 
1989 7	  42.80   32.08   21.53    3.09 
1989 8	  29.60   32.72   21.24    2.55 
1989 9	  24.88   30.10   16.72    3.79 
1989 10	  61.03   27.15   12.28    4.12 
1989 11	  38.60   21.26    8.98    4.68 
1989 12	  24.85   11.69   -1.58    5.09 
1990 1	 210.62   17.90    5.92    4.29 
1990 2	  99.50   19.68    7.13    5.22 
1990 3	 181.33   21.21   10.05    4.65 
1990 4	 104.95   24.83   12.50    4.51 
1990 5	 286.48   28.44   16.85    4.67 
1990 6	  46.10   33.10   22.13    3.41 
1990 7	  87.15   32.94   21.41    2.59 
1990 8	  48.35   34.40   22.10    2.49 
1990 9	 147.50   31.55   20.22    2.30 
1990 10	 210.93   25.55   11.82    3.90 
1990 11	 149.65   22.17    9.55    4.32 
1990 12	  97.15   14.88    2.99    4.57 
1991 1	 165.17   11.76    2.47    4.77 
1991 2	 130.80   18.19    5.63    4.49 
1991 3	  62.22   22.74    9.26    5.09 
1991 4	 207.12   25.63   14.43    4.34 
1991 5	 158.30   28.62   18.75    4.49 
1991 6	 119.47   31.77   20.96    3.13 
1991 7	  58.88   33.51   21.98    2.57 
1991 8	 237.58   32.03   21.53    2.00 
1991 9	  36.20   29.61   18.05    3.50 
1991 10	 116.43   27.61   13.66    3.73 
1991 11	  97.18   17.07    5.58    5.24 
1991 12	 235.17   15.31    6.26    4.86 
1992 1	 115.45   13.62    3.69    4.18 
1992 2	 157.17   19.05    6.82    4.42 
1992 3	 108.05   22.64    9.25    4.30 
1992 4	  42.95   24.87   12.58    3.48 
1992 5	 103.65   27.04   16.59    3.16 
1992 6	  52.95   31.53   20.37    2.91 
1992 7	  78.48   33.71   22.65    3.78 
1992 8	  20.42   32.21   19.47    2.73 
1992 9	  77.80   30.86   18.96    3.93 
1992 10	 112.65   27.50   12.72    3.74 
1992 11	 101.32   17.41    6.11    4.69 
1992 12	 149.93   15.31    5.70    3.94 
1993 1	 142.25   13.22    3.19    4.37 
1993 2	 100.65   16.31    4.93    4.68 
1993 3	 152.97   19.09    7.64    4.36 
1993 4	 108.37   22.82   11.21    4.69 
1993 5	  76.92   26.68   15.94    3.94 
1993 6	 226.62   30.71   21.78    4.41 
1993 7	   0.17   33.74   23.59    3.30 
1993 8	  15.65   35.46   23.31    2.58 
1993 9	  76.23   31.99   18.04    3.24 
1993 10	 110.20   24.24   13.06    4.24 
1993 11	  80.35   17.12    5.47    4.77 
1993 12	  50.50   15.49    5.27    4.72 
1994 1	  65.07   14.68    3.24    5.12 
1994 2	 186.27   16.73    3.99    4.31 
1994 3	  67.75   21.64    9.19    3.82 
1994 4	  38.52   26.05   13.17    4.13 
1994 5	 180.28   26.73   16.56    3.48 
1994 6	  61.38   32.08   21.97    3.56 
1994 7	  82.58   33.69   22.29    3.47 
1994 8	 162.67   32.56   21.60    2.30 
1994 9	  56.65   30.16   17.92    2.78 
1994 10	 352.33   24.81   14.10    4.35 
1994 11	  76.35   20.91   10.27    4.71 
1994 12	 202.95   16.49    6.74    4.26 
1995 1	 144.95   15.94    4.98    4.99 
1995 2	  70.75   19.14    5.54    4.19 
1995 3	 109.62   20.63    9.21    4.73 
1995 4	 133.17   24.58   12.25    4.64 
1995 5	 160.15   28.59   18.20    4.39 
1995 6	  75.95   31.56   19.53    3.11 
1995 7	 102.53   34.23   22.98    3.28 
1995 8	  51.33   34.85   23.21    2.30 
1995 9	  71.33   31.32   19.02    2.91 
1995 10	  16.35   26.94   12.35    4.76 
1995 11	  17.77   20.54    7.02    4.79 
1995 12	  81.95   15.70    5.75    5.03 
1996 1	  32.60   15.41    1.75    5.15 
1996 2	   6.98   19.16    6.25    5.36 
1996 3	  30.27   19.75    5.29    5.05 
1996 4	  67.23   26.58   11.33    4.77 
1996 5	  18.45   31.33   20.83    4.76 
1996 6	  79.52   33.20   21.02    3.02 
1996 7	 140.40   35.19   23.69    2.94 
1996 8	 209.97   32.22   22.02    2.72 
1996 9	  73.62   29.49   18.00    2.87 
1996 10	  47.00   26.08   13.42    4.79 
1996 11	 163.32   19.13    8.53    5.02 
1996 12	  80.55   17.63    6.28    4.58 
1997 1	 100.17   13.85    2.90    5.32 
1997 2	 257.93   15.99    6.38    4.95 
1997 3	 120.25   23.36   10.45    4.07 
1997 4	 167.90   22.58   10.45    5.07 
1997 5	  94.00   27.84   16.21    3.49 
1997 6	 136.98   30.89   20.11    2.94 
1997 7	  13.68   34.55   23.00    1.97 
1997 8	 163.77   33.37   21.91    2.73 
1997 9	  63.00   32.86   19.93    2.95 
1997 10	 123.20   25.65   14.27    4.77 
1997 11	  93.65   17.17    7.10    4.49 
1997 12	 123.72   14.53    3.29    4.71 
1998 1	 192.35   16.90    6.35    4.19 
1998 2	 107.53   17.46    5.99    4.32 
1998 3	  99.67   19.56    7.50    5.35 
1998 4	  40.65   24.83   11.21    4.42 
1998 5	   0.32   32.30   19.62    3.74 
1998 6	  45.67   35.97   23.51    5.24 
1998 7	  46.10   38.48   25.04    3.44 
1998 8	  39.55   35.86   23.49    2.09 
1998 9	 144.35   33.21   22.40    4.99 
1998 10	 200.25   26.47   15.32    4.63 
1998 11	 170.63   20.42   10.50    4.02 
1998 12	 126.47   15.31    5.15    4.78 
1999 1	 204.32   17.86    5.29    5.23 
1999 2	  10.35   20.81    8.13    4.29 
1999 3	  76.07   20.10    8.15    4.60 
1999 4	  97.53   25.68   14.18    5.09 
1999 5	 131.40   28.22   16.97    3.48 
1999 6	 113.72   30.57   21.15    3.66 
1999 7	  57.85   33.78   22.93    2.59 
1999 8	   0.03   37.56   23.27    2.41 
1999 9	  29.92   32.54   18.30    3.67 
1999 10	  53.15   27.34   12.31    3.89 
1999 11	  12.50   23.75    9.03    3.59 
1999 12	  74.35   17.54    4.01    4.98 
2000 1	  65.75   17.11    5.08    5.10 
2000 2	  68.10   21.88    7.80    4.68 
2000 3	 102.60   23.51   10.95    4.13 
2000 4	 123.20   24.75   12.60    4.04 
2000 5	 208.95   29.85   19.27    4.28 
2000 6	 151.15   31.11   21.73    3.72 
2000 7	   4.25   35.86   23.08    2.87 
2000 8	   4.62   37.62   23.20    2.17 
2000 9	  39.08   33.48   19.07    3.94 
2000 10	  93.47   26.47   14.89    4.28 
2000 11	 317.58   16.67    6.81    4.72 
2000 12	 166.20   10.61    0.58    5.01 
2001 1	 130.70   12.13    1.43    4.56 
2001 2	 159.82   17.94    5.84    4.43 
2001 3	 204.35   17.37    6.75    4.03 
2001 4	  10.75   26.23   14.99    4.93 
2001 5	 150.42   29.38   17.82    3.73 
2001 6	 200.88   30.70   20.26    3.07 
2001 7	  18.52   34.26   23.50    2.40 
2001 8	  97.45   34.31   22.78    2.94 
2001 9	 131.65   28.92   18.85    3.77 
2001 10	  83.93   25.04   11.10    4.31 
2001 11	  80.75   21.76   10.35    3.57 
2001 12	 171.00   16.55    5.26    4.33 
2002 1	  49.15   15.76    3.67    4.36 
2002 2	  65.02   15.83    2.51    4.76 
2002 3	 110.93   19.51    6.84    5.03 
2002 4	  58.30   26.30   16.01    4.51 
2002 5	  86.47   28.95   17.70    4.86 
2002 6	 128.68   31.47   20.61    3.28 
2002 7	  84.82   33.27   23.22    2.77 
2002 8	  59.72   34.59   22.50    2.90 
2002 9	  42.42   31.56   19.53    4.61 
2002 10	 122.38   23.42   14.98    3.50 
2002 11	  86.70   18.55    6.16    4.57 
2002 12	 215.38   15.08    4.30    5.07 
2003 1	  13.88   13.60    1.20    4.58 
2003 2	 211.32   13.72    4.18    4.71 
2003 3	  46.60   20.10    7.58    3.44 
2003 4	  30.13   25.44   12.41    4.24 
2003 5	  56.57   29.73   18.65    4.29 
2003 6	 133.78   31.29   20.51    2.85 
2003 7	 122.47   33.34   22.29    2.98 
2003 8	  48.85   34.39   22.79    2.58 
2003 9	  61.15   29.53   18.02    3.32 
2003 10	  93.03   26.53   13.72    3.50 
2003 11	  73.17   21.17   10.23    4.77 
2003 12	  83.22   16.44    2.53    4.80 
2004 1	  93.35   15.06    3.98    4.69 
2004 2	 157.85   13.13    2.99    4.79 
2004 3	  70.22   22.99   11.00    4.06 
2004 4	 233.70   24.85   12.73    4.29 
2004 5	  47.93   28.53   18.15    4.39 
2004 6	 219.47   30.72   20.95    3.11 
2004 7	  54.03   32.92   22.04    2.41 
2004 8	 118.40   32.77   20.48    3.17 
2004 9	  36.08   31.15   18.65    3.51 
2004 10	 155.53   28.25   18.43    4.04 
2004 11	 199.70   19.56    9.88    4.57 
2004 12	  58.12   15.41    2.43    4.84 
2005 1	 112.30   15.76    4.92    4.58 
2005 2	 122.10   16.91    7.36    4.38 
2005 3	  59.30   20.77    7.20    3.98 
2005 4	  45.78   25.05   11.57    4.39 
2005 5	  76.58   28.36   15.98    3.29 
2005 6	   8.05   33.88   21.64    2.68 
2005 7	  96.83   34.24   22.47    2.70 
2005 8	  90.25   35.16   22.99    2.30 
2005 9	  53.72   34.44   20.98    3.55 
2005 10	  37.03   27.10   12.57    4.30 
2005 11	  14.82   22.60    9.69    4.65 
2005 12	  15.70   15.91    1.97    4.70 
2006 1	 113.05   19.72    4.77    4.59 
2006 2	  81.80   15.26    3.36    4.58 
2006 3	 145.05   22.21   10.18    4.99 
2006 4	  69.05   28.05   15.70    4.46 
2006 5	  47.47   29.68   17.33    3.78 
2006 6	  58.90   32.99   20.57    2.27 
2006 7	  31.97   34.53   22.97    2.43 
2006 8	  13.75   36.79   23.72    2.56 
2006 9	  34.00   31.65   18.02    3.29 
2006 10	 136.07   26.39   12.73    4.28 
2006 11	  95.57   20.99    7.06    4.37 
2006 12	 134.57   15.84    4.21    4.96 
2007 1	 243.43   11.56    1.51    4.96 
2007 2	  26.67   14.58    2.16    4.27 
2007 3	 138.18   23.09   11.45    4.05 
2007 4	  84.32   22.33   10.42    4.26 
2007 5	 215.87   27.80   17.80    3.96 
2007 6	 191.80   30.73   21.35    3.06 
2007 7	 389.00   30.38   21.81    3.03 
2007 8	  66.55   34.11   23.40    2.42 
2007 9	  30.40   31.31   20.63    2.77 
2007 10	  59.28   27.16   14.25    4.23 
2007 11	  53.23   20.67    9.76    3.94 
2007 12	  77.47   17.13    4.02    3.82 
2008 1	  52.40   13.47    1.92    5.24 
2008 2	  90.25   18.97    5.13    4.56 
2008 3	 179.15   21.91    8.79    5.32 
2008 4	  93.55   24.43   11.78    4.41 
2008 5	 149.03   28.25   17.17    4.51 
2008 6	  82.95   33.37   22.24    3.74 
2008 7	  10.65   35.75   22.74    2.95 
2008 8	 147.68   33.52   22.85    2.85 
2008 9	  93.22   28.83   17.50    4.61 
2008 10	  59.65   26.48   11.02    3.65 
2008 11	  81.22   19.90    6.66    4.05 
2008 12	  45.12   15.39    1.05    5.31 
2009 1	  39.80   15.90    1.49    4.40 
2009 2	  33.85   20.00    5.75    5.07 
2009 3	 197.50   20.30    8.13    4.48 
2009 4	 121.08   23.53   10.70    5.19 
2009 5	  44.85   28.24   17.02    3.78 
2009 6	  63.42   34.04   21.89    3.19 
2009 7	 150.95   34.85   23.12    2.67 
2009 8	  47.15   34.71   22.33    2.25 
2009 9	 165.85   28.75   18.87    2.89 
2009 10	 317.35   23.43   11.86    4.53 
2009 11	  53.98   21.16    8.23    4.08 
2009 12	  76.38   11.15    0.89    4.96 
2010 1	  65.20   11.57    0.23    4.64 
2010 2	 136.80   10.92    0.22    4.76 
2010 3	 103.40   18.81    5.54    4.08 
2010 4	  36.80   25.30   11.74    4.34 
2010 5	  17.38   30.96   18.57    3.52 
2010 6	 205.93   33.52   23.11    2.77 
2010 7	  95.67   33.54   23.53    3.17 
2010 8	  23.23   36.99   23.94    2.76 
2010 9	  44.23   32.03   20.11    3.43 
2010 10	  62.70   27.69   11.49    3.67 
2010 11	  63.45   20.77    8.11    4.76 
2010 12	  26.92   14.34    1.88    5.19 
