1949 1	  65.12    4.80   -6.73    3.68 
1949 2	   4.92   13.85   -1.50    3.29 
1949 3	   3.98   20.14    0.73    4.05 
1949 4	  65.90   20.83    4.84    3.25 
1949 5	  90.97   27.45   11.41    4.05 
1949 6	  64.47   31.87   15.15    4.31 
1949 7	  74.02   33.76   17.21    3.23 
1949 8	  44.47   32.21   15.42    2.51 
1949 9	 111.28   27.77   12.66    2.89 
1949 10	  14.62   22.76    5.37    2.99 
1949 11	   0.00   22.48    0.53    2.49 
1949 12	   5.90   13.30   -4.31    3.12 
1950 1	   3.78   16.41   -2.71    3.26 
1950 2	   0.30   18.96   -2.23    3.10 
1950 3	   0.00   20.62   -1.46    4.24 
1950 4	  15.10   24.81    4.71    4.26 
1950 5	  18.70   28.97    9.91    3.72 
1950 6	  43.33   33.24   16.07    4.36 
1950 7	 204.25   30.90   16.98    3.77 
1950 8	  47.57   32.12   15.54    3.09 
1950 9	 201.10   27.21   12.80    3.02 
1950 10	  11.00   27.41    7.64    2.95 
1950 11	   0.00   20.66   -1.84    2.91 
1950 12	   3.60   16.37   -5.23    2.22 
1951 1	   6.20   13.15   -6.54    3.38 
1951 2	  19.20   15.63   -3.56    4.01 
1951 3	   7.48   17.90   -0.18    3.85 
1951 4	   2.47   23.29    3.34    3.92 
1951 5	  98.15   28.53   10.88    4.08 
1951 6	   7.10   33.61   15.56    4.56 
1951 7	  15.25   35.52   18.48    3.78 
1951 8	  75.40   34.09   17.83    3.52 
1951 9	  29.08   30.77   12.25    3.58 
1951 10	  35.23   26.03    6.54    3.43 
1951 11	   3.95   16.59   -2.17    3.10 
1951 12	   2.28   14.21   -3.05    3.30 
1952 1	  10.32   15.44   -1.95    3.08 
1952 2	   3.92   16.28   -3.02    3.61 
1952 3	   0.43   17.83   -1.08    4.53 
1952 4	  28.10   22.81    5.15    3.75 
1952 5	  20.12   28.91   10.15    3.78 
1952 6	  24.08   34.50   17.42    4.89 
1952 7	  60.08   32.65   17.36    3.54 
1952 8	  32.22   35.48   18.53    3.43 
1952 9	  32.38   28.98   11.88    2.57 
1952 10	   0.00   24.74    3.39    2.82 
1952 11	  20.22   14.28   -1.52    2.99 
1952 12	   0.58   13.00   -5.54    2.67 
1953 1	  15.77   17.62   -1.52    3.95 
1953 2	  12.45   14.60   -3.55    3.21 
1953 3	   4.97   21.38    2.89    3.46 
1953 4	  22.15   23.79    4.52    3.71 
1953 5	  48.68   28.10    9.77    4.25 
1953 6	   4.40   36.27   18.57    4.65 
1953 7	  60.90   34.70   18.18    3.87 
1953 8	  52.40   33.02   17.33    3.01 
1953 9	   4.47   31.91   11.44    2.67 
1953 10	  65.13   24.36    7.50    3.22 
1953 11	   3.60   18.22    0.83    2.85 
1953 12	   4.62   10.96   -4.98    3.44 
1954 1	   0.30   15.28   -3.81    2.80 
1954 2	   0.03   19.60   -0.38    3.55 
1954 3	   0.00   18.48    0.17    3.70 
1954 4	  30.90   26.44    8.85    3.81 
1954 5	  82.20   25.48   10.16    3.72 
1954 6	  12.35   32.87   16.07    4.30 
1954 7	   6.55   35.41   18.60    3.08 
1954 8	  73.98   33.16   18.24    3.28 
1954 9	   9.05   32.01   14.58    3.14 
1954 10	  91.30   24.81    8.20    2.97 
1954 11	   1.08   19.78    0.10    2.65 
1954 12	   5.47   15.12   -3.45    3.03 
1955 1	  18.45   11.13   -2.98    3.09 
1955 2	   0.00   13.97   -5.25    3.30 
1955 3	   1.45   20.15    0.50    3.58 
1955 4	   6.95   25.55    5.85    4.18 
1955 5	  68.90   27.84   11.65    3.56 
1955 6	   6.25   32.96   14.88    4.13 
1955 7	  71.73   32.38   17.46    3.43 
1955 8	   4.57   33.21   16.92    2.50 
1955 9	  52.38   30.16   13.81    3.01 
1955 10	 147.93   24.35    7.34    2.70 
1955 11	   7.22   17.59   -0.23    3.10 
1955 12	   0.00   15.53   -2.30    3.06 
1956 1	   1.42   14.30   -3.34    2.81 
1956 2	  24.40   11.26   -4.72    3.65 
1956 3	   0.00   21.51    0.29    3.50 
1956 4	   8.52   23.88    4.43    3.75 
1956 5	  39.43   31.16   12.50    4.39 
1956 6	  40.98   34.51   17.42    4.06 
1956 7	  42.93   34.34   17.60    3.70 
1956 8	  19.80   33.45   16.14    3.36 
1956 9	   3.08   32.57   13.02    3.17 
1956 10	  32.60   25.98    8.47    2.80 
1956 11	   0.03   17.29   -1.63    2.73 
1956 12	   2.10   15.38   -2.15    3.01 
1957 1	   1.43   13.44   -3.36    3.15 
1957 2	  15.80   17.51    2.45    3.09 
1957 3	  21.12   18.12    1.66    3.67 
1957 4	  34.52   21.50    4.51    3.93 
1957 5	  83.52   25.50   10.49    3.24 
1957 6	  62.68   31.39   15.40    3.89 
1957 7	  41.02   34.94   18.02    3.32 
1957 8	  58.67   32.94   17.61    3.05 
1957 9	  26.95   28.92   11.66    2.89 
1957 10	  75.05   20.95    7.34    2.93 
1957 11	  22.57   12.81    0.00    2.95 
1957 12	   0.35   15.93   -2.15    3.06 
1958 1	  29.30    9.75   -4.68    3.12 
1958 2	  10.50   12.78   -2.14    3.86 
1958 3	  55.53   12.15   -0.61    3.40 
1958 4	  37.90   21.35    5.03    3.78 
1958 5	  47.43   28.29   11.65    2.83 
1958 6	  45.33   33.94   17.27    4.05 
1958 7	  56.28   34.80   18.51    4.39 
1958 8	  31.35   34.09   17.47    2.51 
1958 9	 165.60   27.98   14.41    2.91 
1958 10	  45.70   20.03    8.25    2.43 
1958 11	  17.83   18.02    1.35    2.60 
1958 12	   0.60   14.16   -4.01    2.79 
1959 1	   0.45   14.27   -5.48    3.28 
1959 2	   1.12   13.39   -2.69    3.75 
1959 3	   0.65   19.59   -0.88    3.99 
1959 4	  16.55   22.89    5.69    3.76 
1959 5	  97.03   27.98   12.32    4.09 
1959 6	  94.95   32.37   15.70    3.44 
1959 7	  77.38   31.76   17.05    2.56 
1959 8	  39.08   33.13   17.69    2.94 
1959 9	  36.10   31.54   13.21    3.62 
1959 10	  58.60   23.36    5.53    2.67 
1959 11	   1.00   16.59   -2.13    2.51 
1959 12	  29.63   13.20   -1.88    3.08 
1960 1	  17.88   10.65   -4.67    2.95 
1960 2	   8.78   11.79   -5.27    4.19 
1960 3	   9.90   17.46   -0.68    3.31 
1960 4	   7.30   26.23    5.92    3.95 
1960 5	  22.00   29.72    9.20    3.58 
1960 6	 105.57   33.99   16.80    3.79 
1960 7	 227.33   31.10   17.69    2.96 
1960 8	  30.98   32.22   17.20    3.07 
1960 9	  12.47   30.38   12.95    2.65 
1960 10	  96.70   24.61    7.78    2.76 
1960 11	   0.15   19.36    0.75    2.75 
1960 12	  35.33    7.95   -4.13    3.34 
1961 1	  10.30   11.20   -6.86    2.77 
1961 2	  28.73   14.66   -2.98    3.33 
1961 3	  29.40   18.42    0.30    3.62 
1961 4	   4.82   24.83    4.47    4.09 
1961 5	  17.95   30.01   10.76    3.93 
1961 6	  66.22   31.87   14.91    3.37 
1961 7	  84.62   31.09   16.35    3.10 
1961 8	  58.05   31.90   15.58    2.43 
1961 9	  11.65   29.05   12.16    3.54 
1961 10	  16.75   25.59    5.71    3.15 
1961 11	  36.78   13.89   -0.30    3.19 
1961 12	   6.05   13.06   -3.62    3.08 
1962 1	   7.57   11.38   -7.27    3.45 
1962 2	   8.18   19.22   -1.25    3.48 
1962 3	   2.30   17.63   -0.75    4.19 
1962 4	   4.95   24.96    5.63    3.66 
1962 5	  11.70   32.17   11.96    5.15 
1962 6	  58.75   31.58   15.25    3.68 
1962 7	 124.70   32.53   17.87    3.44 
1962 8	  22.78   34.11   16.46    2.71 
1962 9	 103.33   28.46   14.61    2.55 
1962 10	  70.30   24.33    8.17    2.97 
1962 11	   9.42   18.44    2.57    2.56 
1962 12	   3.47   14.05   -1.91    2.65 
1963 1	   0.60   11.89   -8.49    3.06 
1963 2	  15.90   16.61   -2.29    3.04 
1963 3	   7.03   20.92    1.21    3.98 
1963 4	  31.58   26.24    8.08    3.58 
1963 5	  78.00   29.26   12.27    4.02 
1963 6	  75.75   31.38   15.70    4.03 
1963 7	  54.80   34.03   18.27    3.75 
1963 8	  41.48   32.79   17.24    2.43 
1963 9	  48.27   29.68   13.76    2.01 
1963 10	  15.33   27.55    8.49    2.27 
1963 11	  18.52   19.26    1.41    2.61 
1963 12	   3.60   11.47   -4.81    2.51 
1964 1	   2.68   13.39   -5.31    3.32 
1964 2	   9.25   11.02   -5.73    3.47 
1964 3	   1.50   19.77   -0.89    3.69 
1964 4	   0.00   25.38    4.60    3.67 
1964 5	  21.67   30.08   12.04    3.96 
1964 6	  38.33   32.97   15.20    4.13 
1964 7	   7.85   35.28   18.33    3.14 
1964 8	  31.05   33.60   17.32    3.33 
1964 9	  65.60   27.76   13.88    2.66 
1964 10	   3.72   25.14    6.53    2.54 
1964 11	  15.35   17.48    1.26    3.06 
1964 12	  12.35   12.82   -2.81    3.04 
1965 1	   1.17   15.17   -2.77    3.40 
1965 2	  11.75   12.99   -4.95    3.42 
1965 3	   1.07   14.44   -3.50    3.68 
1965 4	  12.00   24.96    7.17    3.59 
1965 5	  24.70   28.01   12.09    3.92 
1965 6	 125.47   31.22   16.34    4.45 
1965 7	  26.52   33.71   17.91    3.03 
1965 8	  56.10   31.56   16.33    2.99 
1965 9	  45.65   29.04   12.79    3.12 
1965 10	   7.55   24.79    5.99    2.37 
1965 11	   2.58   21.04    3.44    2.30 
1965 12	  12.38   14.47   -1.16    3.31 
1966 1	   6.30    8.88   -7.14    2.92 
1966 2	   2.83   12.03   -5.52    3.34 
1966 3	   0.75   20.08    0.22    4.17 
1966 4	  65.27   22.43    5.31    3.56 
1966 5	  14.57   26.91   10.63    3.19 
1966 6	  93.55   30.68   15.89    4.11 
1966 7	   4.18   34.71   19.15    3.24 
1966 8	 263.40   29.55   16.55    2.97 
1966 9	  46.00   27.33   13.81    1.88 
1966 10	   1.45   23.08    4.50    2.39 
1966 11	   3.55   20.73    1.33    3.21 
1966 12	   1.20   13.39   -6.61    2.74 
1967 1	   0.00   15.18   -6.37    3.02 
1967 2	   0.32   15.63   -3.78    3.23 
1967 3	   6.20   23.69    1.99    4.11 
1967 4	   4.55   26.93    7.74    4.84 
1967 5	  10.52   28.93    7.71    3.68 
1967 6	 117.92   31.43   15.47    4.59 
1967 7	 111.75   31.42   16.87    3.58 
1967 8	  12.90   31.31   15.20    2.85 
1967 9	  52.97   27.18   11.93    2.72 
1967 10	  13.50   26.02    5.16    3.46 
1967 11	   2.98   18.25    0.60    3.07 
1967 12	   9.43   10.73   -5.39    3.43 
1968 1	  34.78   12.26   -3.21    3.24 
1968 2	  20.58   13.31   -2.85    2.97 
1968 3	  51.90   17.40    1.21    4.27 
1968 4	   9.22   21.85    3.83    4.00 
1968 5	  77.90   27.36    9.38    4.34 
1968 6	  36.00   32.47   13.91    4.06 
1968 7	 142.80   30.36   16.15    3.84 
1968 8	  78.82   30.71   16.09    3.83 
1968 9	  26.80   28.28   10.25    3.01 
1968 10	  12.98   25.63    6.71    3.67 
1968 11	  38.22   15.76    0.13    3.46 
1968 12	   5.05   14.30   -4.47    3.85 
1969 1	   0.17   16.55   -2.69    3.48 
1969 2	  20.32   14.41   -2.79    3.33 
1969 3	  42.93   12.87   -3.92    3.89 
1969 4	  38.35   24.06    6.29    4.29 
1969 5	 113.98   27.30   11.06    3.63 
1969 6	  79.03   30.92   14.23    3.83 
1969 7	  30.70   34.80   18.15    3.34 
1969 8	  51.70   33.58   17.57    2.88 
1969 9	 102.62   27.53   13.85    2.49 
1969 10	 138.20   20.18    6.28    3.62 
1969 11	   9.93   17.37   -0.13    2.69 
1969 12	  21.17   14.69   -2.52    2.76 
1970 1	   0.00   11.51   -6.14    2.67 
1970 2	   6.52   16.08   -1.64    2.85 
1970 3	  32.05   15.60   -1.24    3.39 
1970 4	  20.68   23.04    4.24    3.55 
1970 5	  31.70   28.90    9.30    3.80 
1970 6	  52.75   30.97   14.24    3.68 
1970 7	  18.58   33.18   17.27    3.33 
1970 8	  25.20   33.14   16.20    2.95 
1970 9	 133.60   28.06   13.43    3.25 
1970 10	  26.50   20.68    4.76    2.62 
1970 11	   0.00   17.73   -0.11    3.09 
1970 12	   0.30   16.64   -2.26    2.53 
1971 1	   0.00   14.68   -4.42    2.97 
1971 2	   7.12   14.39   -4.52    3.52 
1971 3	   0.75   20.63   -1.09    3.59 
1971 4	  17.20   23.38    4.51    3.60 
1971 5	  18.55   28.86    9.15    3.88 
1971 6	  22.77   32.63   15.72    4.30 
1971 7	  49.37   33.25   16.63    2.94 
1971 8	 124.60   27.70   15.25    2.26 
1971 9	 120.75   26.59   12.31    3.23 
1971 10	  41.30   22.56    7.30    2.74 
1971 11	  25.40   18.06    1.20    2.99 
1971 12	  17.40   13.06   -2.03    3.45 
1972 1	   0.40   14.94   -4.97    3.27 
1972 2	   0.60   17.19   -3.98    3.21 
1972 3	   5.32   22.85    2.20    3.63 
1972 4	   0.38   26.51    6.16    4.22 
1972 5	  58.30   26.71   10.47    3.39 
1972 6	  77.23   31.72   15.02    3.04 
1972 7	  80.57   30.69   16.14    3.60 
1972 8	 154.18   29.37   15.21    2.94 
1972 9	 116.85   27.48   12.90    2.97 
1972 10	  56.08   22.50    6.50    2.95 
1972 11	  12.30   12.33   -2.74    2.80 
1972 12	  11.12   12.39   -5.51    3.36 
1973 1	  30.47    8.23   -5.69    3.54 
1973 2	  30.52   11.55   -4.17    3.35 
1973 3	  40.85   17.02    0.55    4.04 
1973 4	  44.92   19.86    1.56    3.37 
1973 5	  19.55   27.19    8.71    3.45 
1973 6	  20.62   32.30   12.72    3.79 
1973 7	  85.80   32.24   15.88    3.35 
1973 8	  21.13   32.89   14.86    3.13 
1973 9	  22.77   28.71   12.02    3.29 
1973 10	  23.00   26.58    6.07    2.97 
1973 11	   0.62   20.92   -0.39    3.59 
1973 12	   0.00   15.70   -5.14    3.99 
1974 1	  11.62   13.61   -4.91    3.32 
1974 2	   0.22   17.13   -5.09    3.95 
1974 3	  10.43   23.95    2.88    4.20 
1974 4	  22.02   25.64    5.75    5.06 
1974 5	   4.22   31.76   11.93    4.07 
1974 6	  21.83   33.84   14.34    3.87 
1974 7	  10.18   33.63   16.87    3.43 
1974 8	 219.85   29.50   15.09    3.14 
1974 9	 177.48   23.22   10.26    3.11 
1974 10	  87.03   21.47    7.90    3.22 
1974 11	   6.05   16.06    0.50    2.90 
1974 12	  30.85   11.10   -3.98    3.19 
1975 1	  10.23   12.57   -3.67    3.62 
1975 2	  37.30   12.92   -3.13    3.40 
1975 3	   2.38   18.60   -0.71    3.93 
1975 4	  15.90   22.60    3.56    4.63 
1975 5	  39.50   27.30    8.97    3.56 
1975 6	  74.32   33.12   14.53    4.67 
1975 7	  85.57   29.51   16.62    3.00 
1975 8	   7.88   31.67   15.19    3.22 
1975 9	  90.37   26.18   10.52    3.15 
1975 10	   4.15   25.55    5.12    3.22 
1975 11	   7.40   19.01   -1.67    3.38 
1975 12	   6.38   14.82   -4.35    2.80 
1976 1	   0.00   13.81   -6.28    3.04 
1976 2	   6.90   19.76   -0.42    3.73 
1976 3	   1.08   19.79    0.05    4.11 
1976 4	  23.78   24.50    6.32    4.49 
1976 5	  21.95   26.76    8.39    3.41 
1976 6	  22.50   32.60   14.38    3.83 
1976 7	 102.18   29.38   15.99    3.20 
1976 8	  19.72   32.55   15.15    2.73 
1976 9	  85.55   27.23   12.60    2.31 
1976 10	  28.00   20.66    2.36    2.81 
1976 11	  14.38   14.07   -3.04    2.50 
1976 12	   0.00   13.79   -6.36    2.81 
1977 1	   2.28    9.47   -7.72    2.48 
1977 2	  11.02   15.96   -2.73    3.46 
1977 3	  19.00   18.58   -0.67    4.11 
1977 4	  67.47   22.56    5.68    3.76 
1977 5	  51.03   28.61   12.27    4.38 
1977 6	  52.10   33.69   15.68    3.88 
1977 7	  34.72   33.81   17.35    3.37 
1977 8	 112.05   33.37   17.87    3.40 
1977 9	  14.42   33.00   14.45    3.05 
1977 10	  36.22   25.29    7.45    2.65 
1977 11	   4.67   19.88    0.07    2.91 
1977 12	   1.75   15.81   -2.69    3.30 
1978 1	  12.15    8.72   -6.52    3.08 
1978 2	  18.90    8.87   -4.60    3.06 
1978 3	   2.62   19.98   -0.02    3.72 
1978 4	  11.80   27.21    6.08    4.03 
1978 5	  70.83   28.75   10.34    3.60 
1978 6	 103.93   32.56   15.63    4.04 
1978 7	  19.45   35.22   17.20    3.12 
1978 8	  30.20   32.50   15.96    3.00 
1978 9	  82.40   27.20   13.63    2.67 
1978 10	  27.07   24.23    6.82    2.56 
1978 11	  52.15   15.27    3.17    3.10 
1978 12	   3.27   11.49   -5.02    3.14 
1979 1	   8.23    7.48   -6.68    3.01 
1979 2	  19.77   13.66   -3.93    2.95 
1979 3	  13.40   17.99    0.59    3.86 
1979 4	  49.75   23.52    4.90    3.54 
1979 5	  39.67   26.52    9.76    3.50 
1979 6	  80.38   30.76   13.90    3.53 
1979 7	  88.37   33.70   17.27    3.34 
1979 8	 118.12   30.65   15.16    3.03 
1979 9	   6.85   29.84   11.43    2.24 
1979 10	   3.20   27.14    5.75    3.01 
1979 11	   3.38   14.74   -3.04    2.70 
1979 12	  13.75   13.16   -4.22    2.85 
1980 1	  20.50   12.04   -4.33    3.07 
1980 2	  16.52   14.22   -3.40    3.48 
1980 3	   2.55   18.51   -2.08    4.19 
1980 4	  16.38   22.85    2.29    3.76 
1980 5	  46.35   27.24    9.94    3.41 
1980 6	  37.85   36.79   17.15    4.82 
1980 7	  23.12   36.38   17.90    3.51 
1980 8	  72.95   33.01   17.31    3.90 
1980 9	 130.07   29.00   14.38    3.04 
1980 10	   9.77   22.98    5.48    2.64 
1980 11	  37.28   14.94   -1.64    2.83 
1980 12	   4.50   16.42   -2.21    3.05 
1981 1	   3.95   13.25   -3.87    2.46 
1981 2	   3.33   17.27   -3.43    3.17 
1981 3	   7.83   17.23    1.47    3.75 
1981 4	  38.45   24.70    7.36    4.04 
1981 5	  56.85   27.04   10.55    3.70 
1981 6	  36.02   33.89   15.85    4.12 
1981 7	 113.20   32.99   18.08    3.65 
1981 8	 106.83   29.32   16.27    2.68 
1981 9	 100.65   27.72   12.80    2.89 
1981 10	 129.10   22.13    7.95    3.05 
1981 11	  14.52   19.91    1.83    2.57 
1981 12	   3.98   15.07   -2.35    2.85 
1982 1	  10.68   11.43   -5.22    3.52 
1982 2	   8.05   12.25   -4.69    3.54 
1982 3	   4.78   19.61    0.95    3.78 
1982 4	   7.95   22.57    4.93    3.96 
1982 5	  51.03   26.96    9.65    4.06 
1982 6	  48.55   30.94   13.95    4.57 
1982 7	 138.38   32.44   17.40    3.80 
1982 8	   8.30   32.92   17.45    3.00 
1982 9	  28.77   30.24   13.56    3.07 
1982 10	   8.42   23.05    4.55    2.86 
1982 11	  27.77   15.23    0.26    3.44 
1982 12	  52.65    8.95   -4.06    3.48 
1983 1	  31.78    9.26   -5.98    3.03 
1983 2	  11.45   13.05   -1.77    3.21 
1983 3	   1.07   18.45    0.96    3.99 
1983 4	  15.05   20.34    1.84    4.16 
1983 5	  66.33   27.43    6.99    3.67 
1983 6	  35.42   30.92   12.62    3.95 
1983 7	  20.20   34.52   16.73    3.78 
1983 8	  12.75   34.64   16.40    2.31 
1983 9	  10.60   31.26   13.83    3.39 
1983 10	  83.32   23.21    8.68    3.09 
1983 11	  28.32   17.54    2.67    3.10 
1983 12	   7.35    7.50   -7.88    3.20 
1984 1	   2.58   10.42   -5.86    2.85 
1984 2	   1.00   16.08   -4.48    3.63 
1984 3	   5.35   18.54   -1.71    3.57 
1984 4	   1.00   22.35    2.75    3.72 
1984 5	  67.55   28.93   10.86    3.84 
1984 6	 100.45   30.11   16.14    3.68 
1984 7	  39.13   32.33   16.02    2.81 
1984 8	 111.30   30.40   15.84    2.72 
1984 9	  21.47   27.42    9.86    3.35 
1984 10	  78.57   20.11    5.76    2.97 
1984 11	  37.38   16.25    0.40    3.21 
1984 12	  42.95   12.24   -1.91    3.15 
1985 1	  16.02    9.14   -6.42    3.09 
1985 2	   9.38   12.01   -4.72    3.34 
1985 3	  37.03   18.52    1.50    4.40 
1985 4	   9.90   24.93    6.25    3.68 
1985 5	  86.13   28.49   10.21    3.36 
1985 6	 139.38   29.95   14.75    3.76 
1985 7	  66.57   33.22   15.81    2.77 
1985 8	  19.42   33.95   16.98    2.98 
1985 9	 111.35   27.81   12.92    3.09 
1985 10	 111.73   21.57    6.60    2.88 
1985 11	   7.15   18.32   -0.29    2.75 
1985 12	   4.55   12.03   -6.57    2.43 
1986 1	   0.00   15.84   -4.78    2.69 
1986 2	  22.15   15.10   -2.03    3.39 
1986 3	   5.02   21.08    2.04    3.72 
1986 4	   7.87   25.47    6.43    3.78 
1986 5	  71.90   27.77   10.15    3.37 
1986 6	 120.20   29.02   15.24    2.83 
1986 7	  49.57   33.09   17.46    3.94 
1986 8	  81.90   31.50   16.34    2.88 
1986 9	 104.27   28.08   13.49    3.07 
1986 10	  91.75   20.89    6.83    2.75 
1986 11	  53.25   14.95   -0.46    3.11 
1986 12	  47.23    9.51   -3.14    2.66 
1987 1	  16.23   10.35   -5.35    3.51 
1987 2	  24.85   13.41   -1.53    3.91 
1987 3	   5.32   15.94   -2.22    3.51 
1987 4	   4.90   22.71    2.63    3.22 
1987 5	 106.32   26.50   10.26    3.38 
1987 6	  58.05   30.37   14.99    3.00 
1987 7	  34.82   33.02   16.96    4.00 
1987 8	 131.40   31.57   16.46    3.08 
1987 9	  89.48   27.12   12.28    2.20 
1987 10	  22.57   24.44    6.23    3.03 
1987 11	   4.38   17.57   -0.29    2.96 
1987 12	  43.65   10.99   -5.24    3.06 
1988 1	   3.55    9.13   -6.40    3.27 
1988 2	   9.18   14.79   -4.54    3.12 
1988 3	  34.28   19.06   -2.28    3.95 
1988 4	  19.05   22.68    3.14    3.38 
1988 5	 107.00   26.94    8.99    3.99 
1988 6	  82.30   31.06   14.35    3.13 
1988 7	 103.98   30.45   16.72    2.81 
1988 8	  72.02   31.00   16.28    2.83 
1988 9	  68.03   28.84   11.42    2.86 
1988 10	   3.10   25.29    6.44    2.59 
1988 11	   2.68   20.13   -0.14    3.16 
1988 12	  11.93   12.82   -5.39    2.64 
1989 1	   2.75   14.94   -4.10    3.22 
1989 2	  20.20   12.32   -4.30    3.40 
1989 3	  13.90   22.17    0.28    3.57 
1989 4	   0.28   26.75    5.81    3.91 
1989 5	   9.45   30.61   11.61    4.20 
1989 6	  96.05   30.43   14.16    4.09 
1989 7	  52.60   33.12   16.49    3.10 
1989 8	 127.98   30.82   16.60    3.55 
1989 9	  56.67   26.82   10.75    2.70 
1989 10	   0.00   26.08    5.09    3.27 
1989 11	   2.80   19.02   -1.49    2.79 
1989 12	   3.45    9.40   -7.93    2.93 
1990 1	  20.85   13.27   -5.17    3.10 
1990 2	  34.83   16.02   -3.46    3.87 
1990 3	  30.08   16.86    0.97    3.67 
1990 4	  32.67   22.35    5.75    3.99 
1990 5	  11.88   27.01    8.89    3.77 
1990 6	   3.33   37.03   17.54    4.65 
1990 7	  82.12   30.82   16.53    3.27 
1990 8	  50.90   31.07   15.50    2.71 
1990 9	  51.10   28.60   13.86    2.11 
1990 10	  46.97   24.03    5.24    2.76 
1990 11	  29.18   18.66    1.09    3.23 
1990 12	   6.02   12.33   -6.39    2.88 
1991 1	  22.90    8.57   -4.71    2.57 
1991 2	   6.82   16.76   -2.31    3.14 
1991 3	  11.62   20.03    0.68    4.44 
1991 4	   0.00   24.75    5.27    3.47 
1991 5	  19.77   30.83   11.76    4.44 
1991 6	  45.58   33.11   15.92    4.23 
1991 7	 121.48   31.12   17.29    2.96 
1991 8	  82.85   30.83   16.39    2.47 
1991 9	 141.43   24.64   12.29    2.60 
1991 10	  15.20   24.92    6.20    3.05 
1991 11	  34.53   13.10   -0.47    3.10 
1991 12	  78.80   10.59   -1.80    3.11 
1992 1	  31.53    9.07   -3.23    2.54 
1992 2	  23.50   15.84   -0.22    3.66 
1992 3	  16.83   20.78    1.77    3.89 
1992 4	  27.08   24.06    6.10    3.54 
1992 5	 171.12   25.39   10.45    3.28 
1992 6	  98.10   30.56   14.58    3.17 
1992 7	  41.67   33.33   16.93    4.12 
1992 8	  77.00   30.76   15.80    3.27 
1992 9	   9.63   29.30   12.15    3.49 
1992 10	   0.28   25.76    6.44    2.58 
1992 11	  30.48   14.18   -1.72    3.11 
1992 12	  14.48   11.95   -3.46    3.07 
1993 1	  25.17   10.28   -3.71    2.92 
1993 2	  11.52   12.81   -3.54    3.49 
1993 3	  13.42   18.66    0.14    3.57 
1993 4	  20.38   23.33    4.51    3.78 
1993 5	  21.30   27.86   10.19    3.76 
1993 6	  38.70   32.74   15.78    4.18 
1993 7	  74.75   33.54   19.19    4.95 
1993 8	  36.72   32.61   16.73    3.18 
1993 9	  45.08   28.75   11.59    2.58 
1993 10	  15.25   22.38    4.80    2.78 
1993 11	  11.95   14.77   -2.41    2.95 
1993 12	   0.40   14.51   -4.52    3.08 
1994 1	   0.57   13.10   -5.84    3.15 
1994 2	   2.47   14.71   -5.17    3.20 
1994 3	   7.28   19.22    1.49    3.40 
1994 4	  20.73   23.68    4.57    3.36 
1994 5	  82.60   26.67   11.86    3.57 
1994 6	  12.02   35.53   17.45    3.96 
1994 7	  59.47   35.08   18.25    3.88 
1994 8	  13.00   33.07   17.09    3.16 
1994 9	  24.52   30.02   12.68    2.59 
1994 10	   7.00   24.19    7.02    2.86 
1994 11	  22.45   17.68    1.74    3.21 
1994 12	   1.23   15.13   -1.44    2.34 
1995 1	   7.03   12.22   -3.10    3.42 
1995 2	   3.88   17.43   -0.73    3.32 
1995 3	  10.07   17.99    1.09    3.97 
1995 4	  15.28   23.20    4.38    3.75 
1995 5	  55.90   27.06   11.07    4.33 
1995 6	  37.32   32.03   15.26    3.93 
1995 7	  33.70   34.42   17.67    3.16 
1995 8	  43.70   32.65   17.69    2.80 
1995 9	 130.55   26.88   13.65    2.52 
1995 10	   8.60   24.88    5.68    2.90 
1995 11	   1.90   19.06    1.04    2.76 
1995 12	   7.30   13.54   -2.71    2.79 
1996 1	   0.70   13.71   -5.15    3.47 
1996 2	   0.12   17.05   -1.55    3.51 
1996 3	   1.67   17.68   -1.53    3.85 
1996 4	   4.47   24.40    4.61    3.95 
1996 5	  27.12   32.80   13.98    5.05 
1996 6	 105.60   32.80   17.09    3.83 
1996 7	  97.97   32.46   18.87    3.30 
1996 8	 121.02   30.60   17.52    3.03 
1996 9	  38.18   26.74   12.29    2.28 
1996 10	  14.12   23.68    5.86    3.03 
1996 11	  10.62   17.89    0.16    3.45 
1996 12	   0.00   14.72   -3.97    3.36 
1997 1	  11.40    9.29   -4.63    3.59 
1997 2	  25.75   10.69   -2.98    3.74 
1997 3	   0.52   21.15    0.50    3.26 
1997 4	  86.05   19.02    3.47    3.90 
1997 5	  57.55   26.16   10.74    3.44 
1997 6	  49.15   31.32   14.95    3.60 
1997 7	  67.15   33.64   17.55    3.46 
1997 8	  63.45   32.02   16.84    2.92 
1997 9	  48.25   30.43   14.52    2.75 
1997 10	  35.97   23.05    7.19    3.13 
1997 11	  19.90   15.80   -0.84    2.55 
1997 12	  40.75    9.18   -4.85    3.60 
1998 1	   0.00   14.67   -2.94    2.78 
1998 2	  28.75   13.60   -1.60    3.25 
1998 3	  35.23   16.81   -1.44    3.91 
1998 4	   1.83   22.36    3.12    3.67 
1998 5	   5.75   32.20   11.80    3.77 
1998 6	   2.78   36.04   16.18    4.36 
1998 7	  17.52   36.41   19.08    3.40 
1998 8	  54.12   31.87   17.19    2.07 
1998 9	  20.00   32.41   15.28    2.74 
1998 10	  75.65   24.80    9.04    3.54 
1998 11	  11.65   18.56    2.71    2.69 
1998 12	  13.28   13.41   -2.69    2.82 
1999 1	  33.83   15.45   -2.18    3.59 
1999 2	   0.00   18.87   -0.99    3.44 
1999 3	  74.43   17.65    1.96    3.63 
1999 4	  56.73   22.90    5.23    4.17 
1999 5	  91.47   26.28   10.48    3.87 
1999 6	 138.40   30.70   15.72    4.17 
1999 7	  54.00   32.68   17.86    3.68 
1999 8	  60.12   34.02   17.66    2.39 
1999 9	  63.40   28.00   12.59    2.91 
1999 10	  18.60   24.79    5.27    2.92 
1999 11	   0.00   22.00    1.52    2.63 
1999 12	  21.35   12.84   -3.83    3.12 
2000 1	   0.65   15.57   -3.80    3.48 
2000 2	   0.00   19.84   -0.71    3.70 
2000 3	  40.97   20.29    1.44    3.77 
2000 4	  14.17   24.76    5.91    4.00 
2000 5	   2.20   31.79   12.63    4.04 
2000 6	 123.67   30.41   16.45    3.71 
2000 7	  29.17   34.29   18.06    3.42 
2000 8	  10.38   34.65   17.21    3.21 
2000 9	   0.00   32.43   12.89    2.59 
2000 10	  84.82   22.76    8.67    3.73 
2000 11	  53.50   12.59   -1.92    2.58 
2000 12	   7.55    9.72   -5.20    3.05 
2001 1	  30.83    8.97   -4.14    3.31 
2001 2	  12.85   15.46   -1.50    3.58 
2001 3	  70.07   14.76    1.37    3.13 
2001 4	   1.25   25.43    6.58    4.20 
2001 5	  86.05   29.07   11.53    3.92 
2001 6	  11.52   34.36   16.60    3.97 
2001 7	   7.90   36.61   19.35    3.58 
2001 8	  58.08   33.60   17.56    2.66 
2001 9	  55.83   29.67   13.22    2.45 
2001 10	  11.77   24.89    5.74    3.28 
2001 11	  38.72   17.65    2.94    3.31 
2001 12	   8.40   13.29   -3.20    3.03 
2002 1	  19.75   13.77   -3.56    3.17 
2002 2	  11.35   13.32   -4.25    3.46 
2002 3	  78.58   17.64   -2.14    3.42 
2002 4	  15.47   24.38    7.66    4.03 
2002 5	   1.17   29.49   10.54    4.16 
2002 6	  30.65   34.19   16.97    4.08 
2002 7	  34.22   32.93   18.03    3.28 
2002 8	  63.93   34.19   18.23    3.83 
2002 9	  47.65   29.50   13.20    2.44 
2002 10	  80.03   20.82    8.00    2.80 
2002 11	   9.35   14.92    0.11    2.79 
2002 12	  36.10   11.37   -2.41    3.12 
2003 1	   0.00   14.61   -4.14    3.05 
2003 2	   9.00   13.29   -2.73    3.50 
2003 3	   6.05   20.09    0.85    3.69 
2003 4	   0.30   25.84    5.37    4.14 
2003 5	  30.50   29.81   11.40    3.27 
2003 6	 100.95   30.72   14.96    3.77 
2003 7	   3.95   34.76   17.77    3.01 
2003 8	   8.70   34.47   17.82    2.70 
2003 9	   9.47   28.99   12.56    2.78 
2003 10	  13.38   25.95    9.00    2.68 
2003 11	  10.33   17.82    1.96    3.42 
2003 12	   0.03   15.13   -4.13    3.48 
2004 1	  20.97   13.24   -3.19    3.22 
2004 2	  66.80   12.14   -3.34    3.75 
2004 3	  35.00   19.58    4.78    3.87 
2004 4	  96.48   21.21    6.48    3.93 
2004 5	  17.12   29.91   11.74    4.43 
2004 6	  58.95   32.45   15.52    3.99 
2004 7	  61.05   32.10   17.06    3.42 
2004 8	 113.22   30.83   16.00    2.83 
2004 9	 226.58   27.57   12.89    2.97 
2004 10	  98.13   22.63    8.40    2.72 
2004 11	 111.18   13.16    1.32    3.11 
2004 12	  15.43   12.53   -3.50    3.16 
2005 1	  29.77   13.45   -1.78    3.39 
2005 2	  25.17   12.98    0.13    3.11 
2005 3	  14.25   17.20    0.04    3.49 
2005 4	   7.77   22.84    4.25    4.16 
2005 5	  84.02   26.10   11.24    4.04 
2005 6	  20.58   33.36   15.79    4.08 
2005 7	  45.60   33.56   17.02    3.35 
2005 8	 116.12   30.74   17.04    2.67 
2005 9	   3.70   31.56   13.99    2.71 
2005 10	  36.93   23.34    7.66    2.92 
2005 11	   0.00   19.92   -0.64    2.83 
2005 12	   0.70   13.91   -5.36    2.94 
2006 1	   0.00   16.81   -3.38    3.81 
2006 2	   2.82   15.92   -3.72    3.51 
2006 3	  33.50   18.91    2.00    4.39 
2006 4	  29.40   26.85    6.96    4.28 
2006 5	  19.23   31.31   12.43    4.34 
2006 6	  25.47   34.34   16.73    3.31 
2006 7	  42.35   34.71   18.21    3.26 
2006 8	  94.00   31.88   18.01    2.59 
2006 9	 134.47   26.07   11.80    2.60 
2006 10	  46.72   22.65    7.07    3.03 
2006 11	   3.45   19.57    0.69    3.29 
2006 12	  55.32   12.25   -3.57    3.41 
2007 1	  46.62    7.16   -5.35    3.29 
2007 2	   5.38   14.88   -3.65    3.67 
2007 3	 100.03   20.40    2.71    3.64 
2007 4	  43.62   20.87    3.15    4.13 
2007 5	 152.25   24.52   11.07    3.08 
2007 6	  69.60   30.06   14.81    3.02 
2007 7	  27.85   31.69   16.73    2.31 
2007 8	  56.33   33.20   17.92    3.06 
2007 9	 120.03   29.42   14.98    2.71 
2007 10	   1.10   26.86    6.97    3.03 
2007 11	  10.77   18.66    0.11    2.79 
2007 12	  26.15   13.20   -3.16    3.30 
2008 1	   0.00   12.19   -5.99    3.53 
2008 2	   9.20   16.90   -3.26    3.50 
2008 3	   8.98   19.77    0.25    4.09 
2008 4	   3.25   24.32    3.35    3.92 
2008 5	  71.55   28.37   10.22    4.11 
2008 6	  68.48   34.97   16.81    4.95 
2008 7	  53.10   31.31   17.67    3.78 
2008 8	  92.10   31.58   16.60    2.48 
2008 9	  61.38   26.94   11.76    2.20 
2008 10	  81.05   23.76    6.11    3.12 
2008 11	   0.98   19.50   -0.56    2.78 
2008 12	   2.92   13.85   -4.12    3.65 
2009 1	   0.00   14.99   -5.08    3.33 
2009 2	  10.68   18.43   -1.45    3.90 
2009 3	   9.07   20.69    1.61    4.05 
2009 4	  19.92   23.94    4.12    4.62 
2009 5	  22.58   28.61   11.14    3.24 
2009 6	  86.20   33.57   16.72    3.83 
2009 7	 140.10   32.97   18.28    3.19 
2009 8	  18.22   33.59   17.36    3.37 
2009 9	  17.85   28.16   11.70    2.50 
2009 10	  56.90   22.07    5.64    3.25 
2009 11	  12.50   19.91    0.42    2.55 
2009 12	  34.03    9.02   -5.90    2.87 
2010 1	  37.77   11.54   -5.91    3.45 
2010 2	  50.90    9.58   -3.55    3.35 
2010 3	  26.75   17.68   -0.00    4.43 
2010 4	  36.53   23.32    5.61    4.37 
2010 5	  26.10   27.18   10.34    3.66 
2010 6	  26.50   35.23   17.58    4.60 
2010 7	  97.25   30.76   18.14    3.31 
2010 8	  40.98   33.87   17.23    3.20 
2010 9	  32.58   31.45   14.92    2.63 
2010 10	  21.00   25.25    6.97    2.63 
2010 11	  10.12   18.59   -1.49    3.18 
2010 12	   0.17   15.28   -2.98    3.03 
