1949 1	 190.02   13.52    2.08    5.57 
1949 2	  66.78   18.40    6.56    5.17 
1949 3	  97.20   21.74    8.64    5.89 
1949 4	 140.38   23.52   11.29    5.57 
1949 5	  38.30   31.05   17.81    4.87 
1949 6	 123.62   33.51   20.43    3.76 
1949 7	  62.75   34.96   21.50    3.44 
1949 8	  76.80   34.49   19.39    3.23 
1949 9	 106.17   32.93   17.81    3.93 
1949 10	 271.30   26.25   13.97    5.25 
1949 11	   3.10   23.58    6.88    4.92 
1949 12	 171.40   17.69    6.56    6.64 
1950 1	  69.27   19.02    8.40    5.81 
1950 2	 115.10   19.70    8.25    4.50 
1950 3	  57.08   21.79    7.60    5.82 
1950 4	 121.47   24.73   12.61    5.73 
1950 5	  91.90   29.92   18.98    4.91 
1950 6	  84.97   32.26   21.27    3.91 
1950 7	  76.08   34.08   22.15    3.99 
1950 8	  46.10   35.89   21.61    3.04 
1950 9	 103.15   31.52   18.99    3.59 
1950 10	  13.55   29.78   14.49    4.66 
1950 11	  15.25   23.07    7.21    5.77 
1950 12	  29.12   18.65    3.61    5.21 
1951 1	  47.40   17.54    2.96    6.32 
1951 2	 108.40   18.63    5.31    6.01 
1951 3	 119.05   23.90    9.72    5.52 
1951 4	  42.55   25.69   11.84    5.51 
1951 5	  47.20   30.00   16.88    4.73 
1951 6	  92.38   33.85   22.12    4.98 
1951 7	  28.62   37.44   23.21    3.32 
1951 8	  11.75   39.18   23.77    2.85 
1951 9	 125.30   33.08   19.93    3.90 
1951 10	  24.93   29.15   14.70    4.61 
1951 11	  73.22   20.36    6.46    6.16 
1951 12	  56.10   19.46    5.84    6.58 
1952 1	  76.03   21.52    9.34    5.81 
1952 2	 107.45   19.81    7.85    5.98 
1952 3	  66.00   21.41    7.83    5.63 
1952 4	 150.88   24.82   11.05    4.85 
1952 5	 189.20   29.03   16.27    3.75 
1952 6	  42.25   33.80   21.57    3.50 
1952 7	  80.60   34.48   22.46    2.98 
1952 8	   9.65   37.80   23.72    3.69 
1952 9	  14.05   33.88   17.96    4.74 
1952 10	   0.00   27.56    8.15    4.51 
1952 11	 175.03   20.27    8.16    5.78 
1952 12	 110.28   16.24    4.97    5.01 
1953 1	  64.97   19.35    7.05    6.37 
1953 2	 101.55   17.82    5.83    5.55 
1953 3	  95.28   24.60   12.99    4.91 
1953 4	 159.20   25.11   11.90    5.24 
1953 5	 214.65   29.08   17.98    4.42 
1953 6	  32.35   35.91   22.00    3.35 
1953 7	  53.53   35.00   22.27    3.23 
1953 8	  96.60   35.20   21.63    2.60 
1953 9	  41.45   33.59   17.07    3.66 
1953 10	 126.97   29.58   13.09    4.29 
1953 11	  70.93   20.14    6.18    5.15 
1953 12	 136.98   14.80    2.46    5.84 
1954 1	  35.55   17.69    4.23    5.27 
1954 2	  18.53   22.46    6.99    5.33 
1954 3	  14.05   21.34    7.39    5.89 
1954 4	  92.90   27.81   15.25    4.79 
1954 5	 117.23   27.70   15.06    4.54 
1954 6	  19.25   35.25   20.17    3.83 
1954 7	  42.53   38.75   22.20    3.64 
1954 8	  22.33   37.92   21.22    3.77 
1954 9	  71.97   36.16   18.15    4.24 
1954 10	 184.40   28.69   14.43    5.06 
1954 11	  66.85   21.03    4.92    5.40 
1954 12	  65.05   19.61    3.98    5.31 
1955 1	  71.35   15.24    3.62    4.74 
1955 2	 147.82   17.23    4.84    5.88 
1955 3	  68.53   24.13   10.30    6.06 
1955 4	 144.10   27.69   15.22    5.04 
1955 5	 100.03   30.94   18.08    4.57 
1955 6	  65.45   32.85   18.35    3.48 
1955 7	  58.08   35.31   21.51    3.63 
1955 8	  86.70   34.43   21.22    2.78 
1955 9	  73.40   33.95   19.36    4.06 
1955 10	  16.17   29.79   11.43    4.83 
1955 11	  56.43   22.50    7.28    6.79 
1955 12	   8.15   18.13    4.06    5.85 
1956 1	  84.32   17.37    2.70    5.46 
1956 2	 100.00   19.34    5.82    5.48 
1956 3	  47.65   21.83    7.14    4.79 
1956 4	 101.15   25.46   11.45    5.52 
1956 5	  75.97   31.30   17.16    4.13 
1956 6	  26.38   34.25   18.46    3.73 
1956 7	  46.88   37.61   20.42    4.02 
1956 8	 103.23   37.83   20.02    3.49 
1956 9	   2.95   34.54   16.48    4.35 
1956 10	  12.67   30.86   13.17    3.93 
1956 11	 108.80   21.01    5.29    5.42 
1956 12	  74.65   19.90    5.89    5.01 
1957 1	  54.50   15.99    4.28    5.15 
1957 2	  79.75   20.61    7.64    4.38 
1957 3	 207.02   19.61    6.92    4.76 
1957 4	 317.12   24.31   13.47    5.92 
1957 5	  61.45   28.64   18.52    5.32 
1957 6	 103.72   31.74   21.33    4.45 
1957 7	  32.75   36.66   22.96    2.71 
1957 8	  60.72   35.37   21.70    3.80 
1957 9	 111.23   30.82   18.03    4.29 
1957 10	 287.10   24.81   12.26    5.44 
1957 11	 132.05   19.80    9.01    5.99 
1957 12	  61.23   19.51    6.36    5.62 
1958 1	  82.72   15.75    2.43    6.88 
1958 2	  73.70   14.00    3.45    6.54 
1958 3	  43.08   18.73    6.77    5.47 
1958 4	  80.60   25.15   13.12    4.91 
1958 5	  68.72   30.13   17.39    3.65 
1958 6	 117.73   34.31   21.75    3.93 
1958 7	  40.05   35.61   22.97    4.02 
1958 8	 115.95   36.03   22.73    3.06 
1958 9	 264.70   30.66   21.08    4.62 
1958 10	  52.10   25.03   14.62    5.86 
1958 11	  47.40   21.87    8.97    4.85 
1958 12	  43.38   15.84    2.43    5.41 
1959 1	  17.50   15.03    2.21    5.88 
1959 2	  94.85   17.52    6.61    5.84 
1959 3	  42.33   22.01    6.86    5.74 
1959 4	 171.23   23.49   12.57    5.41 
1959 5	 176.18   30.45   19.54    4.62 
1959 6	  74.35   32.89   21.25    3.89 
1959 7	 138.95   34.22   22.20    2.50 
1959 8	 103.03   33.83   22.20    3.12 
1959 9	  60.73   32.33   20.38    4.54 
1959 10	 110.57   27.35   14.10    4.82 
1959 11	  43.90   18.55    4.64    6.05 
1959 12	 105.07   17.32    5.90    5.93 
1960 1	  64.92   14.16    4.05    5.67 
1960 2	  95.58   14.40    2.00    6.36 
1960 3	  58.25   17.80    6.31    5.24 
1960 4	  79.18   27.12   14.47    5.41 
1960 5	  33.28   29.12   15.88    5.05 
1960 6	 198.15   34.16   21.16    3.97 
1960 7	  62.10   34.47   22.91    2.68 
1960 8	 170.70   33.28   22.53    3.66 
1960 9	  31.28   32.28   18.75    3.54 
1960 10	 199.93   27.73   15.69    4.11 
1960 11	 224.77   21.60    9.73    5.40 
1960 12	 155.17   13.97    3.83    5.63 
1961 1	 136.20   13.21    1.07    5.94 
1961 2	 131.62   18.73    6.60    5.03 
1961 3	  76.70   23.72   11.07    5.73 
1961 4	  20.98   25.34   11.24    5.67 
1961 5	  24.00   30.11   16.93    5.37 
1961 6	 166.62   31.06   20.26    4.04 
1961 7	 106.05   32.58   22.10    3.23 
1961 8	  51.05   33.61   20.26    2.81 
1961 9	 173.50   31.15   20.06    6.09 
1961 10	  24.92   26.95   13.19    5.09 
1961 11	  80.90   19.71    7.59    6.19 
1961 12	 139.40   16.56    5.34    5.20 
1962 1	  92.17   13.80   -0.31    6.32 
1962 2	  44.90   21.81    8.96    5.86 
1962 3	  20.12   20.04    6.88    5.66 
1962 4	 124.12   25.40   13.12    5.56 
1962 5	  27.90   31.13   17.89    5.41 
1962 6	 135.05   33.16   21.04    3.25 
1962 7	   5.80   36.23   22.70    2.75 
1962 8	  22.12   38.43   22.82    3.01 
1962 9	 139.50   32.68   20.41    3.58 
1962 10	  35.15   29.04   16.27    4.67 
1962 11	  85.55   20.55    7.76    6.03 
1962 12	  91.53   15.97    4.88    5.07 
1963 1	  38.65   11.84   -0.12    6.03 
1963 2	  78.58   17.44    2.78    6.44 
1963 3	   7.75   24.88   10.23    5.41 
1963 4	 118.15   28.11   16.31    5.92 
1963 5	  94.68   31.01   18.33    4.33 
1963 6	  84.15   34.28   21.27    3.70 
1963 7	  20.08   35.91   22.94    3.94 
1963 8	  22.02   37.42   22.43    2.71 
1963 9	  58.47   33.24   19.86    3.80 
1963 10	  17.62   31.42   14.44    3.32 
1963 11	 101.40   22.94    9.66    6.03 
1963 12	  91.60   12.53    0.64    6.56 
1964 1	  64.93   16.13    2.88    5.43 
1964 2	  55.70   14.84    2.21    5.46 
1964 3	  87.40   21.77    7.80    5.55 
1964 4	  95.28   26.76   14.86    6.08 
1964 5	  67.95   29.87   18.71    4.41 
1964 6	  62.48   32.53   21.21    3.94 
1964 7	  14.48   36.04   21.97    3.55 
1964 8	  85.82   36.59   22.83    3.59 
1964 9	 139.85   31.55   19.66    3.62 
1964 10	  70.55   26.01   10.65    5.49 
1964 11	  97.98   22.90    9.80    5.28 
1964 12	  48.55   17.28    4.82    6.35 
1965 1	  69.18   18.33    4.71    5.47 
1965 2	 168.33   16.00    3.97    6.64 
1965 3	  62.90   17.96    5.70    6.26 
1965 4	  26.40   27.67   15.78    5.41 
1965 5	 201.50   28.81   19.07    5.97 
1965 6	  48.40   32.68   20.98    4.19 
1965 7	  45.72   35.57   22.30    2.80 
1965 8	  34.83   35.39   21.31    2.76 
1965 9	  98.65   32.99   20.15    4.99 
1965 10	  42.93   26.06   12.36    5.06 
1965 11	 140.02   24.01   12.77    4.75 
1965 12	 175.70   18.18    6.27    5.57 
1966 1	 101.20   12.56    2.11    6.40 
1966 2	  90.23   15.64    3.34    5.73 
1966 3	  36.70   21.48    8.29    5.32 
1966 4	 195.35   26.13   13.57    5.74 
1966 5	  83.85   28.47   17.94    4.63 
1966 6	  20.45   32.55   19.80    3.50 
1966 7	  16.38   36.02   22.86    2.83 
1966 8	 120.87   33.39   21.74    3.18 
1966 9	 161.35   30.64   18.60    2.78 
1966 10	  26.95   26.77   11.43    5.23 
1966 11	   9.38   24.25    9.87    5.32 
1966 12	  47.65   16.93    3.40    5.68 
1967 1	  15.93   16.74    3.16    5.61 
1967 2	  53.83   17.37    2.45    5.56 
1967 3	  46.93   25.78   10.84    5.30 
1967 4	 110.55   28.90   17.56    6.18 
1967 5	 129.75   29.27   16.31    6.00 
1967 6	  17.55   34.33   21.26    4.47 
1967 7	  60.80   34.66   21.45    4.27 
1967 8	  73.03   35.26   20.69    2.94 
1967 9	  94.85   30.31   17.88    4.83 
1967 10	  65.45   27.77   11.71    4.88 
1967 11	  25.43   22.44    8.26    5.19 
1967 12	  78.35   16.67    4.24    5.35 
1968 1	 170.30   13.42    4.26    6.04 
1968 2	  44.88   15.19    2.03    5.51 
1968 3	  71.33   20.08    7.65    5.74 
1968 4	 185.45   25.50   14.17    5.99 
1968 5	 189.77   29.36   17.31    4.97 
1968 6	 294.45   31.37   20.96    3.97 
1968 7	  30.80   33.31   21.54    3.30 
1968 8	  77.30   35.25   21.62    3.44 
1968 9	  81.55   31.10   17.51    4.36 
1968 10	  27.48   28.63   13.69    4.32 
1968 11	 234.12   20.33    6.28    5.95 
1968 12	  69.98   17.21    3.48    6.30 
1969 1	  49.65   16.63    5.45    6.05 
1969 2	 107.78   16.95    5.22    6.01 
1969 3	 161.12   17.25    5.88    5.73 
1969 4	 184.90   25.84   13.59    4.84 
1969 5	 161.85   28.99   16.23    3.92 
1969 6	  11.88   33.62   19.97    4.46 
1969 7	  47.53   37.64   22.73    3.45 
1969 8	  22.95   37.16   21.80    3.33 
1969 9	  47.72   33.66   18.12    3.86 
1969 10	  97.95   27.64   13.70    6.34 
1969 11	  54.45   21.70    5.88    5.37 
1969 12	 123.13   18.53    4.63    4.87 
1970 1	  69.83   12.21    0.66    5.89 
1970 2	  70.45   17.63    4.18    5.75 
1970 3	 126.63   19.17    7.13    5.49 
1970 4	  99.88   26.59   14.68    5.79 
1970 5	  54.72   28.86   15.91    5.31 
1970 6	  28.78   32.96   19.60    3.61 
1970 7	  19.50   35.71   21.34    3.02 
1970 8	  22.90   36.58   21.94    3.45 
1970 9	 201.17   31.65   20.04    5.07 
1970 10	 148.75   25.25   11.57    5.49 
1970 11	  21.95   20.41    5.01    6.05 
1970 12	  37.80   21.02    7.78    5.14 
1971 1	   1.47   19.45    4.77    6.00 
1971 2	  66.50   19.14    4.25    6.58 
1971 3	  16.47   22.94    6.58    5.59 
1971 4	  48.62   26.35   11.35    5.39 
1971 5	 125.78   29.03   16.38    4.95 
1971 6	  77.93   34.22   20.94    4.17 
1971 7	  77.62   36.23   22.01    3.62 
1971 8	 103.88   33.20   20.46    2.58 
1971 9	  68.78   31.77   19.21    4.42 
1971 10	 143.18   28.35   14.56    4.12 
1971 11	  81.72   22.47    6.87    5.45 
1971 12	 132.43   19.24    8.45    5.16 
1972 1	 102.95   17.56    3.89    6.12 
1972 2	  24.50   19.42    4.64    5.89 
1972 3	  22.65   24.81    9.02    5.40 
1972 4	  58.62   28.02   12.83    5.85 
1972 5	  36.40   30.00   14.86    3.32 
1972 6	  77.53   33.95   19.63    4.68 
1972 7	 102.73   33.56   20.18    4.26 
1972 8	 149.97   34.68   20.39    3.13 
1972 9	  46.53   33.81   20.43    3.19 
1972 10	 154.27   27.31   12.84    4.83 
1972 11	  75.58   16.93    5.17    6.38 
1972 12	  71.97   14.61    1.27    5.87 
1973 1	 145.57   13.15    0.72    6.66 
1973 2	  53.80   15.84    3.62    5.72 
1973 3	 190.62   23.24    9.70    5.62 
1973 4	 121.15   22.83   11.01    6.16 
1973 5	 130.30   28.67   15.21    5.64 
1973 6	 162.25   31.10   19.68    4.35 
1973 7	  52.00   34.47   22.26    3.21 
1973 8	  54.05   33.41   20.02    3.35 
1973 9	 233.20   31.50   19.73    3.98 
1973 10	 262.98   27.45   14.77    4.78 
1973 11	  55.17   25.08   11.35    5.89 
1973 12	  73.07   18.70    2.61    6.21 
1974 1	 137.55   14.75    3.71    4.81 
1974 2	  13.10   20.13    4.17    6.22 
1974 3	  58.05   25.03   12.59    5.99 
1974 4	 101.80   27.01   12.31    6.76 
1974 5	  47.55   30.70   18.90    5.38 
1974 6	  69.55   32.59   18.97    4.21 
1974 7	  73.65   35.97   20.88    2.73 
1974 8	 259.55   33.74   21.03    3.35 
1974 9	 232.80   27.31   16.73    5.67 
1974 10	  84.88   27.21   12.88    5.84 
1974 11	 119.38   19.75    7.33    5.84 
1974 12	  70.60   16.42    4.06    5.10 
1975 1	  68.50   18.12    5.43    5.53 
1975 2	  80.05   17.28    3.54    4.88 
1975 3	  37.75   20.86    7.91    6.12 
1975 4	  89.43   24.92   13.03    6.60 
1975 5	 148.52   29.17   17.96    4.94 
1975 6	 141.60   32.09   20.77    4.39 
1975 7	  72.15   33.61   21.62    3.09 
1975 8	  87.47   34.02   21.50    3.28 
1975 9	  66.20   30.47   16.74    4.07 
1975 10	  69.22   28.13   12.81    4.79 
1975 11	  25.38   22.48    6.87    5.39 
1975 12	  33.75   17.13    3.75    5.52 
1976 1	  50.78   17.16    1.43    6.21 
1976 2	  54.17   22.26    7.76    5.46 
1976 3	  92.18   22.61    9.75    6.35 
1976 4	 140.33   25.52   12.93    5.42 
1976 5	 227.05   27.40   14.71    4.34 
1976 6	  67.23   31.46   19.56    4.18 
1976 7	  98.97   32.36   21.57    2.89 
1976 8	  47.20   34.94   20.46    2.58 
1976 9	 105.53   31.18   18.09    3.32 
1976 10	  97.85   22.30    9.02    5.23 
1976 11	  59.88   16.59    3.99    6.14 
1976 12	 113.63   15.30    1.99    5.55 
1977 1	  58.60   10.57   -1.34    6.07 
1977 2	  78.60   18.95    3.95    6.13 
1977 3	 122.28   22.41    9.00    5.72 
1977 4	 141.45   25.39   12.67    4.80 
1977 5	  16.75   30.19   18.01    4.41 
1977 6	  96.58   33.71   21.18    4.03 
1977 7	  27.50   36.33   22.42    2.96 
1977 8	  44.05   35.58   22.95    3.93 
1977 9	  94.70   33.45   21.06    4.19 
1977 10	  45.15   28.12   13.44    4.37 
1977 11	  84.65   22.27   10.28    5.07 
1977 12	  59.00   17.92    4.47    6.58 
1978 1	 136.53    8.56   -0.43    7.26 
1978 2	  66.97   11.18    0.35    6.34 
1978 3	  56.30   21.36    6.46    4.85 
1978 4	  44.10   26.73   14.21    5.32 
1978 5	  48.42   31.51   18.14    4.61 
1978 6	  79.27   34.14   21.17    3.33 
1978 7	  63.90   37.11   23.17    3.17 
1978 8	  51.33   36.20   22.39    3.40 
1978 9	 152.50   31.15   20.76    4.79 
1978 10	  16.15   28.02   12.34    4.42 
1978 11	 189.68   21.66   10.37    4.91 
1978 12	  89.45   16.14    3.40    6.27 
1979 1	  87.83    9.11   -0.13    6.99 
1979 2	 136.98   13.52    4.02    5.90 
1979 3	 133.00   22.16    9.68    5.62 
1979 4	 161.95   25.12   13.58    4.73 
1979 5	 222.40   28.06   15.71    4.92 
1979 6	  76.10   31.93   20.66    3.94 
1979 7	 187.57   32.98   22.73    3.93 
1979 8	  65.60   33.68   21.23    2.79 
1979 9	 193.00   30.26   17.62    5.21 
1979 10	  52.93   29.02   13.21    4.71 
1979 11	  94.80   19.79    5.29    6.49 
1979 12	 134.80   17.63    3.64    5.55 
1980 1	  83.45   16.32    5.52    4.81 
1980 2	  58.55   17.07    3.22    5.76 
1980 3	 109.63   21.58    7.47    5.54 
1980 4	  67.80   25.34   10.24    4.81 
1980 5	 209.57   29.20   17.86    4.01 
1980 6	  15.70   34.69   22.19    4.67 
1980 7	  49.88   38.29   23.23    2.54 
1980 8	  14.55   37.02   23.28    4.51 
1980 9	 105.07   34.59   21.57    3.61 
1980 10	  19.10   27.03   10.63    5.14 
1980 11	  91.97   20.45    5.98    5.54 
1980 12	  19.95   18.01    4.65    5.12 
1981 1	  60.80   15.89    2.08    5.01 
1981 2	  61.55   17.98    4.53    5.16 
1981 3	  90.18   21.19    8.30    5.20 
1981 4	  42.72   28.05   15.86    4.87 
1981 5	 204.93   28.73   16.78    5.08 
1981 6	 284.37   32.72   22.01    4.64 
1981 7	 141.38   34.51   22.80    3.34 
1981 8	  83.47   35.36   21.18    3.20 
1981 9	  73.30   31.48   17.53    3.96 
1981 10	 241.10   26.54   14.75    4.75 
1981 11	  35.50   23.52    8.76    4.69 
1981 12	  14.52   17.65    3.80    5.83 
1982 1	  36.00   17.08    2.47    6.41 
1982 2	  60.93   16.17    3.31    5.78 
1982 3	  69.25   22.76   11.83    6.11 
1982 4	 127.60   24.59   13.28    5.78 
1982 5	 181.05   29.49   17.81    5.02 
1982 6	  73.15   33.26   20.38    3.48 
1982 7	  39.32   36.11   22.34    3.31 
1982 8	  29.17   37.23   22.03    2.89 
1982 9	  28.18   34.45   17.56    4.59 
1982 10	  99.23   27.02   12.84    5.54 
1982 11	 120.17   20.17    9.15    5.49 
1982 12	  78.50   17.69    5.44    6.48 
1983 1	  34.00   14.66    2.26    5.24 
1983 2	 117.15   16.83    4.57    6.23 
1983 3	 143.88   20.61    6.66    5.47 
1983 4	   4.85   23.76   10.16    6.25 
1983 5	 222.70   29.06   15.55    4.81 
1983 6	  81.55   31.47   19.85    3.72 
1983 7	  75.95   33.62   21.94    4.00 
1983 8	 168.15   34.41   22.37    2.59 
1983 9	  86.42   30.92   17.87    4.79 
1983 10	  75.75   27.18   13.05    4.44 
1983 11	  68.15   22.08    9.39    5.63 
1983 12	  86.05   11.24   -0.12    6.72 
1984 1	  45.10   13.15    0.47    6.03 
1984 2	  38.45   19.59    4.27    5.79 
1984 3	  66.35   22.77    9.02    5.20 
1984 4	   1.55   27.14   11.68    5.78 
1984 5	  81.35   31.14   16.56    5.57 
1984 6	  79.93   33.12   19.93    4.13 
1984 7	  54.28   34.41   20.98    2.96 
1984 8	  57.65   35.82   20.64    3.27 
1984 9	  67.68   31.58   17.73    5.79 
1984 10	 601.28   26.29   15.59    5.07 
1984 11	  72.88   20.98    7.60    5.97 
1984 12	 100.22   21.44    9.70    6.00 
1985 1	  71.98   13.09   -0.22    5.68 
1985 2	 122.23   14.93    3.25    5.80 
1985 3	  63.35   23.65   11.82    5.81 
1985 4	  16.58   26.92   14.15    5.61 
1985 5	 128.60   29.49   17.13    4.16 
1985 6	  21.80   33.48   20.00    4.61 
1985 7	 125.38   34.98   21.32    3.06 
1985 8	  30.30   37.53   21.89    2.99 
1985 9	 117.12   33.54   18.87    5.23 
1985 10	 132.93   26.67   15.87    6.34 
1985 11	 226.88   22.22   11.73    5.51 
1985 12	  41.80   15.33    1.49    5.47 
1986 1	  18.35   18.24    3.89    5.69 
1986 2	  41.58   20.54    7.06    5.74 
1986 3	   6.53   24.25    8.03    4.58 
1986 4	 177.93   26.31   15.10    5.20 
1986 5	 127.50   28.14   17.51    4.64 
1986 6	 137.38   32.24   21.85    3.03 
1986 7	   2.58   35.97   22.83    3.44 
1986 8	  39.33   35.20   21.76    3.02 
1986 9	 217.52   32.19   22.23    3.93 
1986 10	  81.25   25.51   13.88    4.78 
1986 11	 149.07   19.79   10.46    5.88 
1986 12	 127.43   13.99    5.05    5.70 
1987 1	  39.53   15.66    3.26    5.42 
1987 2	 127.70   17.60    6.73    5.82 
1987 3	  59.98   21.54    6.65    5.15 
1987 4	  21.12   27.28   10.02    3.76 
1987 5	 154.80   29.52   18.76    3.77 
1987 6	 201.38   31.76   21.25    4.47 
1987 7	  95.30   33.59   22.56    3.64 
1987 8	  38.70   36.29   23.32    3.44 
1987 9	 101.32   32.06   18.31    3.95 
1987 10	  16.40   27.82   11.56    5.00 
1987 11	 174.60   21.68    7.90    5.88 
1987 12	 108.45   16.56    5.29    5.51 
1988 1	  24.15   13.78    1.28    6.24 
1988 2	  22.45   17.26    4.11    5.79 
1988 3	 103.77   21.97    8.06    5.71 
1988 4	  47.10   26.50   11.68    4.64 
1988 5	  35.78   29.19   15.56    4.15 
1988 6	  40.45   32.76   19.65    3.78 
1988 7	  56.67   34.95   22.63    3.64 
1988 8	  35.45   36.62   23.12    3.32 
1988 9	  34.12   33.68   19.60    4.94 
1988 10	  49.17   28.36   13.66    4.67 
1988 11	  47.08   24.08    9.72    6.32 
1988 12	 110.20   18.11    5.27    5.35 
1989 1	 214.60   17.37    7.24    5.44 
1989 2	  43.75   14.66    4.29    7.03 
1989 3	 184.90   21.95    8.96    6.13 
1989 4	  34.12   26.29   13.93    5.09 
1989 5	 154.62   29.63   18.91    5.18 
1989 6	 205.37   30.49   20.82    5.33 
1989 7	  56.82   32.52   22.09    3.72 
1989 8	  27.82   33.54   21.72    3.18 
1989 9	  16.33   31.35   17.31    4.76 
1989 10	  75.70   28.15   13.25    5.12 
1989 11	  46.55   22.16   10.03    5.88 
1989 12	  35.10   12.40   -0.91    6.40 
1990 1	 170.48   18.82    6.80    5.25 
1990 2	 101.42   20.11    8.01    6.32 
1990 3	  71.40   21.73   10.71    5.64 
1990 4	 116.20   25.58   13.68    5.60 
1990 5	 115.72   29.68   19.10    5.64 
1990 6	  46.50   34.55   22.43    4.13 
1990 7	  95.07   33.84   21.65    3.23 
1990 8	  25.55   36.09   22.09    2.88 
1990 9	 117.43   32.71   20.64    2.93 
1990 10	  59.87   27.07   12.17    4.92 
1990 11	  82.62   23.48    9.68    5.45 
1990 12	  81.33   16.61    3.28    5.64 
1991 1	 341.52   12.50    3.18    5.92 
1991 2	 113.85   18.63    6.36    5.58 
1991 3	  17.65   23.50    9.69    6.19 
1991 4	 185.50   26.37   15.62    5.38 
1991 5	  80.57   29.15   19.14    5.57 
1991 6	  55.25   32.63   21.60    3.89 
1991 7	  86.50   34.38   22.19    3.10 
1991 8	 126.55   33.56   21.90    2.55 
1991 9	 128.67   30.45   18.80    4.46 
1991 10	  43.77   29.07   13.82    4.75 
1991 11	  57.98   18.71    5.83    6.58 
1991 12	 238.15   16.89    6.81    6.13 
1992 1	 116.25   14.61    4.35    5.28 
1992 2	 228.05   19.80    7.20    5.42 
1992 3	 103.70   23.26   10.30    5.22 
1992 4	 101.28   25.42   13.04    4.20 
1992 5	 132.07   27.91   16.38    3.94 
1992 6	  61.75   32.27   21.49    3.43 
1992 7	  62.77   34.38   23.26    4.52 
1992 8	  32.53   33.36   19.77    3.17 
1992 9	  54.90   32.30   19.92    4.77 
1992 10	 112.65   29.08   13.04    4.74 
1992 11	 100.25   18.60    6.38    5.89 
1992 12	 211.07   16.36    6.03    4.87 
1993 1	  86.68   14.92    3.96    5.37 
1993 2	  43.92   17.75    5.49    5.70 
1993 3	 145.98   20.30    7.86    5.08 
1993 4	 113.53   23.82   11.52    5.59 
1993 5	 206.35   27.67   16.20    4.60 
1993 6	 302.98   31.33   21.99    5.44 
1993 7	  12.77   34.56   23.17    3.90 
1993 8	  49.77   36.69   22.87    3.02 
1993 9	  15.88   33.53   18.50    4.10 
1993 10	 117.07   25.97   13.55    5.28 
1993 11	  78.20   18.40    5.33    5.90 
1993 12	  89.65   17.00    5.47    5.84 
1994 1	  43.87   15.85    3.96    6.35 
1994 2	 132.85   17.54    4.47    5.47 
1994 3	  49.67   22.47    9.30    4.73 
1994 4	  99.55   26.59   13.36    5.09 
1994 5	 228.45   28.04   17.17    4.36 
1994 6	  81.90   32.90   22.28    4.23 
1994 7	   3.38   35.58   22.55    4.16 
1994 8	 118.35   33.92   21.78    2.95 
1994 9	  51.15   31.33   17.97    3.43 
1994 10	 193.30   26.36   14.44    5.32 
1994 11	  28.50   22.62   10.94    5.83 
1994 12	 259.10   17.41    6.43    5.36 
1995 1	 108.65   16.76    4.39    6.13 
1995 2	  54.03   19.44    5.48    4.98 
1995 3	  85.60   21.79    9.91    5.63 
1995 4	  63.53   25.57   12.17    5.73 
1995 5	  99.85   29.79   18.19    5.35 
1995 6	  67.00   32.31   19.17    3.81 
1995 7	 238.45   35.25   22.82    3.77 
1995 8	  53.10   34.39   23.14    2.94 
1995 9	 126.38   32.34   19.39    3.68 
1995 10	 107.17   27.43   12.57    6.21 
1995 11	  59.60   21.35    7.28    5.84 
1995 12	  95.33   17.38    6.07    6.19 
1996 1	   2.47   16.98    2.21    6.37 
1996 2	   2.12   20.31    6.39    6.30 
1996 3	  22.33   19.46    4.25    6.07 
1996 4	  66.85   26.53   10.33    5.72 
1996 5	   6.85   32.10   19.79    5.56 
1996 6	  39.83   34.20   20.06    3.78 
1996 7	  55.35   36.97   22.79    3.58 
1996 8	 182.70   34.24   21.80    3.52 
1996 9	 150.50   30.67   18.34    3.46 
1996 10	  16.40   26.59   12.55    6.05 
1996 11	 120.03   20.40    8.49    6.21 
1996 12	  67.20   18.41    4.93    5.55 
1997 1	  57.77   14.64    2.84    6.35 
1997 2	 203.50   16.65    5.58    6.13 
1997 3	  68.10   22.46   10.16    4.83 
1997 4	 116.23   22.24    9.65    6.21 
1997 5	 114.27   28.40   16.09    4.32 
1997 6	 234.48   31.38   19.59    3.56 
1997 7	  43.17   35.74   22.47    2.38 
1997 8	  73.40   35.33   22.10    3.30 
1997 9	  59.30   33.87   19.12    3.54 
1997 10	 101.00   26.73   13.64    5.96 
1997 11	 123.03   18.62    5.41    5.50 
1997 12	  85.57   15.69    1.77    5.85 
1998 1	  90.55   18.28    5.35    5.10 
1998 2	 127.25   18.41    5.78    5.27 
1998 3	  56.95   20.50    7.28    6.30 
1998 4	  20.28   25.27   10.20    5.25 
1998 5	  10.20   32.02   18.42    4.33 
1998 6	  15.25   36.33   23.44    6.10 
1998 7	   5.32   38.51   24.43    3.94 
1998 8	 161.92   36.21   22.68    2.59 
1998 9	 145.30   33.41   22.29    6.14 
1998 10	 216.15   27.30   15.20    5.99 
1998 11	 124.13   21.32   11.66    5.12 
1998 12	 155.52   16.73    5.17    5.85 
1999 1	 167.45   18.66    5.00    6.37 
1999 2	   7.10   21.81    7.37    5.15 
1999 3	  84.10   21.64    8.16    5.44 
1999 4	  74.93   27.36   14.51    6.05 
1999 5	 130.80   29.51   17.33    4.32 
1999 6	 110.20   31.91   22.11    4.44 
1999 7	  94.22   33.39   22.53    3.06 
1999 8	  11.75   37.60   22.73    2.76 
1999 9	  20.98   33.47   17.53    4.43 
1999 10	  34.35   28.11   11.26    5.01 
1999 11	  25.00   24.46    7.68    4.57 
1999 12	  39.78   18.62    1.84    6.14 
2000 1	  68.30   17.80    4.79    6.19 
2000 2	  42.38   22.03    7.01    5.70 
2000 3	  83.37   23.69   10.83    4.96 
2000 4	 129.73   25.56   11.86    4.80 
2000 5	 218.53   30.16   19.68    5.09 
2000 6	  84.22   31.61   21.84    4.57 
2000 7	  10.23   36.97   22.43    3.18 
2000 8	   1.12   37.67   22.09    2.38 
2000 9	 110.38   34.30   18.27    4.85 
2000 10	  44.35   26.91   15.55    5.46 
2000 11	 413.50   17.84    7.37    5.87 
2000 12	 131.43   12.49    1.72    6.22 
2001 1	 103.40   13.29    2.30    5.58 
2001 2	 114.45   18.95    7.26    5.36 
2001 3	 143.18   18.24    6.75    4.93 
2001 4	  47.77   26.82   15.20    6.10 
2001 5	 120.63   30.27   18.03    4.60 
2001 6	 335.88   31.60   20.66    3.66 
2001 7	  13.75   34.45   23.12    2.86 
2001 8	 197.95   35.19   22.75    3.60 
2001 9	 124.62   30.04   19.14    4.76 
2001 10	  92.35   26.28   10.95    5.43 
2001 11	 130.38   22.91   10.19    4.62 
2001 12	 128.83   17.63    4.90    5.37 
2002 1	  49.33   17.52    3.98    5.40 
2002 2	  16.95   16.88    2.03    5.92 
2002 3	  46.15   21.18    8.30    6.10 
2002 4	  55.10   26.87   16.79    5.40 
2002 5	  49.73   29.77   17.93    5.95 
2002 6	 170.88   32.53   20.62    4.15 
2002 7	  90.58   33.16   22.84    3.50 
2002 8	  44.05   34.86   22.52    3.50 
2002 9	  24.40   32.52   19.42    5.65 
2002 10	 209.57   25.04   15.66    4.34 
2002 11	 280.77   19.38    6.69    5.60 
2002 12	 151.85   16.92    4.97    6.31 
2003 1	  24.12   15.06    2.81    5.55 
2003 2	 170.20   15.31    5.71    5.69 
2003 3	  46.03   20.47    8.30    4.05 
2003 4	  44.42   26.20   13.92    4.99 
2003 5	  49.92   30.18   19.81    5.10 
2003 6	 141.78   32.04   21.16    3.44 
2003 7	  87.15   33.18   22.69    3.66 
2003 8	  93.68   35.21   22.90    3.15 
2003 9	  88.17   30.16   18.47    4.23 
2003 10	  78.55   27.71   13.91    4.53 
2003 11	 116.70   22.57   10.59    5.92 
2003 12	  67.95   18.17    2.92    5.83 
2004 1	 110.88   16.84    5.81    5.76 
2004 2	 138.82   15.14    4.43    5.82 
2004 3	  49.42   23.93   12.01    4.96 
2004 4	  98.77   25.41   13.63    5.24 
2004 5	 221.70   28.66   18.46    5.35 
2004 6	 325.70   31.14   21.64    3.98 
2004 7	  18.50   33.20   21.89    2.80 
2004 8	  62.95   33.72   20.89    3.87 
2004 9	  27.98   32.31   18.56    4.13 
2004 10	  97.75   29.38   18.84    4.96 
2004 11	 155.33   20.71   10.38    5.63 
2004 12	  88.95   17.06    2.64    6.05 
2005 1	  96.82   17.77    6.62    5.44 
2005 2	 123.10   17.31    7.88    5.35 
2005 3	  56.28   20.89    8.02    4.68 
2005 4	  36.62   25.61   11.25    5.20 
2005 5	 135.05   28.95   16.08    4.07 
2005 6	   0.03   34.31   21.18    3.44 
2005 7	 174.62   35.33   22.26    3.43 
2005 8	 122.10   34.66   22.26    2.84 
2005 9	  59.25   35.71   20.33    4.40 
2005 10	  63.62   28.74   11.42    5.38 
2005 11	  12.95   24.41    8.13    5.76 
2005 12	  17.97   17.66    0.20    5.89 
2006 1	 138.65   20.77    2.35    5.53 
2006 2	  58.83   17.31    3.22    5.55 
2006 3	 139.10   23.20   10.21    6.01 
2006 4	  84.80   28.56   15.62    5.29 
2006 5	 110.78   30.36   17.45    4.61 
2006 6	  67.03   33.25   19.71    2.73 
2006 7	  22.12   34.22   22.11    2.89 
2006 8	  56.08   36.42   22.60    3.11 
2006 9	  76.45   32.86   17.95    3.87 
2006 10	 306.98   27.21   12.94    5.31 
2006 11	  63.00   22.61    8.09    5.41 
2006 12	 154.22   17.03    4.54    6.08 
2007 1	 185.70   12.97    1.96    6.10 
2007 2	  17.88   17.05    3.37    5.19 
2007 3	 107.32   24.35   11.13    4.97 
2007 4	  96.85   23.83   10.66    5.24 
2007 5	 202.05   28.81   17.94    4.86 
2007 6	 112.45   32.02   21.53    3.82 
2007 7	 237.85   31.61   22.08    3.85 
2007 8	 116.53   35.25   22.94    3.00 
2007 9	  15.12   32.90   20.03    3.49 
2007 10	  29.52   28.96   13.66    5.31 
2007 11	  88.92   22.66    9.41    4.78 
2007 12	  97.58   19.14    3.99    4.69 
2008 1	  76.92   15.31    2.26    6.52 
2008 2	 138.30   20.62    4.58    5.57 
2008 3	 126.82   22.99    8.81    6.40 
2008 4	  55.70   26.18   12.55    5.44 
2008 5	  71.95   29.83   17.58    5.46 
2008 6	  31.57   34.98   22.20    4.31 
2008 7	  14.20   36.12   21.71    3.55 
2008 8	 223.08   33.83   22.77    3.36 
2008 9	 119.62   30.26   17.43    5.55 
2008 10	  48.40   26.77   10.28    4.71 
2008 11	  61.22   22.34    7.13    5.11 
2008 12	  39.62   16.86    2.61    6.50 
2009 1	  12.40   17.19    2.39    5.40 
2009 2	  28.88   21.60    6.37    6.05 
2009 3	  86.45   21.45    8.55    5.49 
2009 4	 137.22   24.55   11.09    6.15 
2009 5	  55.10   29.96   17.87    4.64 
2009 6	  10.25   35.93   21.63    3.67 
2009 7	  69.38   36.67   23.75    3.04 
2009 8	  41.52   36.08   22.86    2.44 
2009 9	 121.50   29.72   19.35    3.51 
2009 10	 205.60   24.80   13.32    5.69 
2009 11	  76.50   21.95    8.04    5.26 
2009 12	  99.05   12.04    1.87    6.15 
2010 1	  76.62   13.48    0.72    5.75 
2010 2	 121.22   11.78    1.47    5.98 
2010 3	  70.60   19.73    5.83    4.87 
2010 4	  40.65   25.87   12.34    5.24 
2010 5	  19.95   31.49   18.78    4.28 
2010 6	 170.12   33.35   23.06    3.67 
2010 7	 114.58   33.66   23.65    4.00 
2010 8	  71.83   37.33   23.64    2.99 
2010 9	  72.53   32.45   20.48    4.56 
2010 10	   7.85   29.17   11.49    4.43 
2010 11	  32.33   22.09    8.07    5.84 
2010 12	  49.20   17.03    2.66    6.27 
