1949 1	  87.90   10.35   -1.18    3.43 
1949 2	  52.70   16.73    3.32    2.95 
1949 3	  57.90   20.62    6.98    3.02 
1949 4	 150.88   22.81   10.28    2.90 
1949 5	  67.92   29.08   17.47    2.74 
1949 6	 119.55   33.12   20.10    2.69 
1949 7	   9.75   36.14   22.33    2.23 
1949 8	  38.00   35.54   20.60    2.04 
1949 9	  49.75   31.28   17.96    2.20 
1949 10	 106.05   25.47   12.10    3.06 
1949 11	   0.00   24.61    5.45    2.56 
1949 12	  36.42   17.00    3.33    3.40 
1950 1	  71.70   17.00    3.37    3.56 
1950 2	  45.72   18.55    4.81    3.01 
1950 3	   3.77   21.80    4.83    3.65 
1950 4	 102.10   25.04   10.83    3.40 
1950 5	 118.92   28.83   16.39    2.70 
1950 6	  42.32   31.74   19.99    2.74 
1950 7	  79.30   33.70   21.78    2.93 
1950 8	  48.60   35.27   21.11    2.41 
1950 9	  38.90   31.00   18.51    2.39 
1950 10	  15.50   30.43   14.00    2.64 
1950 11	   1.23   21.76    3.42    3.35 
1950 12	   0.00   16.93    0.02    2.80 
1951 1	   1.95   16.69   -0.77    3.47 
1951 2	  25.28   16.91    1.20    3.69 
1951 3	  31.95   21.70    5.82    3.62 
1951 4	  60.43   27.09   10.31    3.40 
1951 5	  81.77   29.21   16.60    2.89 
1951 6	 178.90   33.29   20.83    3.39 
1951 7	  14.30   37.08   23.61    2.63 
1951 8	   6.00   38.23   23.82    2.59 
1951 9	  25.03   33.78   19.12    2.35 
1951 10	  22.65   29.10   14.40    2.60 
1951 11	   9.82   19.12    4.38    3.44 
1951 12	   2.10   18.76    1.91    3.40 
1952 1	   3.97   19.99    4.66    3.60 
1952 2	  12.23   20.43    4.56    3.60 
1952 3	  43.60   20.53    5.15    3.35 
1952 4	 103.57   24.53   10.48    3.17 
1952 5	 107.45   28.97   15.53    2.68 
1952 6	   5.35   34.58   21.68    2.80 
1952 7	   8.55   35.73   22.81    2.24 
1952 8	   9.12   39.06   24.15    2.86 
1952 9	 111.60   31.73   17.41    2.06 
1952 10	   0.00   26.31    8.34    2.32 
1952 11	 118.28   19.50    6.08    3.10 
1952 12	  58.62   15.19    1.51    2.66 
1953 1	   1.22   20.66    3.19    3.75 
1953 2	   9.73   18.25    2.75    2.89 
1953 3	  85.70   23.35    9.20    2.77 
1953 4	  54.88   25.29    9.73    2.80 
1953 5	 105.45   28.87   15.44    2.94 
1953 6	  32.42   37.13   22.70    2.62 
1953 7	  38.67   35.58   22.40    2.49 
1953 8	  40.90   35.06   21.53    2.06 
1953 9	  29.65   34.02   17.22    1.65 
1953 10	 129.40   27.05   13.24    2.34 
1953 11	  17.75   19.02    5.17    2.29 
1953 12	  18.45   14.67    0.40    3.13 
1954 1	  10.53   15.61    1.46    3.30 
1954 2	   4.03   22.52    4.19    3.15 
1954 3	  16.00   20.74    5.49    3.44 
1954 4	  63.45   28.06   14.59    3.72 
1954 5	  66.38   27.54   15.53    2.80 
1954 6	  22.98   34.79   21.63    3.07 
1954 7	   8.55   38.50   23.56    2.50 
1954 8	  10.22   37.39   23.79    2.95 
1954 9	  30.75   35.25   19.40    2.14 
1954 10	  40.23   27.84   14.34    2.42 
1954 11	  59.60   20.45    5.67    2.55 
1954 12	  12.53   18.66    3.17    3.01 
1955 1	  28.30   14.71    2.04    2.99 
1955 2	  35.70   15.83    2.50    3.78 
1955 3	   6.10   22.50    6.85    3.58 
1955 4	  37.95   28.25   14.46    3.24 
1955 5	 117.90   31.10   17.64    3.04 
1955 6	  96.35   31.99   19.14    2.66 
1955 7	  34.65   35.24   22.57    2.64 
1955 8	  36.52   35.50   21.90    1.82 
1955 9	 121.10   32.65   19.81    2.07 
1955 10	  16.90   28.19   11.25    2.62 
1955 11	  16.27   21.14    3.92    3.51 
1955 12	   0.00   16.54    0.92    2.91 
1956 1	  33.77   14.92    0.02    3.40 
1956 2	  36.23   15.91    2.49    3.30 
1956 3	   0.38   23.04    5.99    3.04 
1956 4	  93.03   25.58   11.11    3.05 
1956 5	 103.40   31.29   18.07    2.88 
1956 6	   7.05   35.65   21.89    2.61 
1956 7	   0.17   37.43   23.26    3.12 
1956 8	  48.97   37.20   22.17    2.84 
1956 9	   6.42   33.82   18.21    2.16 
1956 10	  46.57   29.19   14.02    2.16 
1956 11	  32.50   19.57    4.67    2.95 
1956 12	  53.93   17.54    1.91    2.99 
1957 1	  23.50   13.21    0.29    3.11 
1957 2	  35.53   18.29    7.46    2.90 
1957 3	  67.55   19.56    5.87    3.09 
1957 4	 185.38   22.41   10.42    3.28 
1957 5	 203.23   25.88   15.88    2.95 
1957 6	  28.02   31.73   20.07    2.27 
1957 7	  31.90   37.30   23.35    2.08 
1957 8	   9.25   36.88   22.65    2.37 
1957 9	  80.32   30.87   17.28    2.54 
1957 10	 177.68   23.07   11.54    2.68 
1957 11	  96.58   16.12    5.20    3.12 
1957 12	  27.80   17.94    2.45    3.28 
1958 1	  57.22   13.75    0.69    3.35 
1958 2	  69.20   12.48    1.37    3.63 
1958 3	  68.25   15.51    3.71    2.98 
1958 4	 118.05   23.50   10.22    2.87 
1958 5	  87.43   28.21   15.79    2.26 
1958 6	  87.28   34.04   20.88    2.57 
1958 7	  48.35   35.66   22.45    3.09 
1958 8	  10.52   36.50   21.65    2.20 
1958 9	  63.92   30.78   19.33    2.21 
1958 10	  48.25   24.03   11.93    2.71 
1958 11	  47.93   20.77    5.24    2.44 
1958 12	  13.98   14.36   -2.05    2.88 
1959 1	   0.43   13.80   -2.35    3.41 
1959 2	  36.28   15.39    1.68    3.13 
1959 3	   4.22   22.62    3.67    3.39 
1959 4	  53.85   24.61    9.74    3.32 
1959 5	  87.60   31.06   18.23    3.08 
1959 6	 222.17   33.52   20.16    2.50 
1959 7	  78.20   33.74   21.34    1.90 
1959 8	  32.70   35.24   21.59    2.24 
1959 9	  86.95   33.80   19.48    2.80 
1959 10	 225.05   25.01   11.02    2.53 
1959 11	  17.17   15.78    2.36    2.95 
1959 12	  84.07   16.90    3.76    3.20 
1960 1	  54.03   12.61    1.49    3.13 
1960 2	  40.18   13.39   -0.77    3.78 
1960 3	  19.60   16.50    4.07    3.11 
1960 4	  67.12   26.89   13.05    3.67 
1960 5	  66.80   29.02   14.85    3.20 
1960 6	  28.40   35.94   20.92    2.65 
1960 7	  29.62   36.33   22.15    1.99 
1960 8	  53.15   35.19   22.01    2.15 
1960 9	  59.25   33.65   18.35    1.93 
1960 10	  56.78   27.38   15.21    2.30 
1960 11	   8.80   20.62    8.42    2.70 
1960 12	 116.22   11.66    1.57    2.94 
1961 1	  93.05   11.91   -0.41    2.89 
1961 2	  81.75   17.65    3.74    3.50 
1961 3	  24.98   22.71    8.30    3.48 
1961 4	  37.80   26.42   10.80    3.66 
1961 5	  50.10   30.41   16.72    3.41 
1961 6	 226.27   31.58   19.38    2.52 
1961 7	 126.62   32.31   21.00    2.39 
1961 8	   2.92   34.46   19.87    1.84 
1961 9	  64.10   31.28   18.35    3.14 
1961 10	  98.93   26.13   13.24    2.81 
1961 11	  54.05   17.19    5.43    3.00 
1961 12	  21.23   14.25    2.32    2.89 
1962 1	   3.50   12.77   -2.27    3.42 
1962 2	  26.10   21.72    4.56    3.33 
1962 3	   8.03   19.31    5.30    3.26 
1962 4	  73.55   24.73   12.21    3.39 
1962 5	  17.20   31.80   17.65    4.02 
1962 6	 138.40   32.31   19.56    2.00 
1962 7	  25.15   36.37   22.35    2.54 
1962 8	  14.33   38.79   22.24    2.18 
1962 9	  74.45   32.58   18.78    2.10 
1962 10	 170.80   27.25   15.12    2.80 
1962 11	  53.57   18.76    6.50    2.92 
1962 12	  16.33   14.26    2.18    2.57 
1963 1	   5.40   11.71   -3.96    3.01 
1963 2	  24.00   17.12    0.34    3.33 
1963 3	   4.72   24.02    8.05    3.46 
1963 4	  34.23   29.02   14.78    4.16 
1963 5	  88.90   30.38   18.05    3.06 
1963 6	  88.55   33.96   21.38    2.55 
1963 7	   6.70   37.51   22.95    2.93 
1963 8	  41.15   37.54   22.74    2.24 
1963 9	  14.72   32.82   19.56    1.99 
1963 10	  25.27   30.37   14.43    1.78 
1963 11	 108.30   20.96    7.70    3.25 
1963 12	  17.65   10.70   -1.16    3.01 
1964 1	  62.83   14.76   -0.33    3.32 
1964 2	  37.27   13.72    0.68    3.18 
1964 3	  78.25   21.20    5.82    3.29 
1964 4	  74.58   26.04   13.24    3.78 
1964 5	  35.75   30.44   17.42    3.15 
1964 6	  46.92   33.89   20.08    2.89 
1964 7	   9.90   38.28   22.51    2.41 
1964 8	  43.32   37.23   22.72    2.85 
1964 9	 206.70   31.56   18.96    2.14 
1964 10	  41.77   25.00   10.59    2.43 
1964 11	  59.78   20.54    7.77    2.84 
1964 12	  19.02   15.36    1.54    3.15 
1965 1	  67.38   16.18    2.92    3.04 
1965 2	  88.50   13.20    1.25    3.31 
1965 3	   9.45   16.00    3.11    3.43 
1965 4	  29.80   27.20   13.70    3.17 
1965 5	 224.35   27.43   17.62    3.28 
1965 6	  22.30   32.99   20.63    2.62 
1965 7	  21.33   37.21   22.10    2.12 
1965 8	  22.20   36.39   21.32    2.20 
1965 9	  10.70   33.40   19.32    2.55 
1965 10	  95.07   24.83   11.29    2.36 
1965 11	  95.48   22.41    9.96    2.37 
1965 12	  48.75   15.85    4.58    3.02 
1966 1	  17.07   10.71   -0.82    3.17 
1966 2	  43.38   14.28    0.72    3.36 
1966 3	  23.00   20.93    7.01    3.31 
1966 4	 164.45   26.16   12.00    3.51 
1966 5	  23.73   28.32   16.03    2.57 
1966 6	  32.35   33.11   19.63    2.23 
1966 7	  10.92   37.30   22.95    2.37 
1966 8	 197.00   34.19   21.06    2.13 
1966 9	 113.67   29.62   18.34    1.67 
1966 10	  13.73   25.39   10.60    2.42 
1966 11	   4.43   23.05    8.47    3.11 
1966 12	   3.97   16.04    0.29    3.05 
1967 1	   3.08   17.14    0.31    3.51 
1967 2	  20.38   17.49    1.46    3.31 
1967 3	  47.20   26.59   10.07    3.81 
1967 4	  46.75   29.59   16.37    4.22 
1967 5	  92.85   30.65   15.61    3.45 
1967 6	  39.92   35.95   21.29    2.97 
1967 7	  57.35   36.16   21.59    2.98 
1967 8	  28.60   36.10   20.11    2.00 
1967 9	 123.35   29.12   16.93    2.43 
1967 10	  42.20   25.90   11.20    2.64 
1967 11	  74.72   18.72    7.19    2.56 
1967 12	  37.50   13.77    1.69    2.72 
1968 1	 167.10   11.39    2.13    3.31 
1968 2	  37.42   12.97    1.07    2.66 
1968 3	  76.70   17.88    6.61    3.76 
1968 4	  64.28   24.32   11.83    3.39 
1968 5	 112.15   28.20   16.48    3.25 
1968 6	  74.25   31.11   20.05    2.53 
1968 7	  36.42   33.22   20.75    2.36 
1968 8	  48.10   35.16   21.29    2.71 
1968 9	  77.05   30.39   16.50    2.18 
1968 10	   2.22   27.81   13.04    2.52 
1968 11	 124.82   18.72    5.04    3.13 
1968 12	   1.45   16.25    0.97    3.55 
1969 1	   4.88   16.81    3.25    3.28 
1969 2	  34.67   15.97    3.19    3.08 
1969 3	  39.55   15.99    3.51    3.30 
1969 4	 105.27   25.78   12.48    3.18 
1969 5	  83.58   28.50   15.58    2.21 
1969 6	  38.68   33.83   20.34    3.25 
1969 7	  21.65   37.95   23.18    2.56 
1969 8	  70.40   35.94   22.07    2.26 
1969 9	  94.83   31.02   18.62    1.99 
1969 10	 221.25   24.06   12.01    3.35 
1969 11	  70.20   19.07    4.52    2.57 
1969 12	  63.92   16.51    2.86    2.47 
1970 1	  16.00   11.93   -1.06    2.73 
1970 2	  64.47   16.22    3.51    3.35 
1970 3	  98.28   17.42    5.30    3.22 
1970 4	  31.45   25.81   13.22    3.54 
1970 5	 139.82   28.10   15.39    2.81 
1970 6	  26.48   32.85   19.32    2.50 
1970 7	   2.03   35.92   21.37    2.12 
1970 8	  66.07   36.32   21.38    2.25 
1970 9	  87.93   31.31   18.91    2.60 
1970 10	  40.65   24.33   10.85    2.42 
1970 11	   0.00   19.86    3.77    3.37 
1970 12	  11.30   20.18    4.87    3.05 
1971 1	   0.25   18.58    1.36    3.39 
1971 2	  32.90   18.26    2.60    3.81 
1971 3	   0.95   23.33    5.53    3.58 
1971 4	  49.75   25.96   10.91    3.28 
1971 5	  79.02   30.34   15.62    3.38 
1971 6	  29.83   34.32   21.12    2.86 
1971 7	 141.33   35.53   22.09    2.54 
1971 8	 203.57   30.67   19.98    1.87 
1971 9	  86.02   30.19   18.72    2.51 
1971 10	 172.65   26.20   14.24    2.33 
1971 11	  18.85   20.18    7.96    2.91 
1971 12	  65.40   16.48    5.00    3.11 
1972 1	  12.35   14.84    1.04    3.37 
1972 2	   7.10   18.57    2.29    3.17 
1972 3	   0.80   25.33    9.39    3.35 
1972 4	  67.53   28.94   14.18    3.68 
1972 5	  96.95   28.43   15.79    2.03 
1972 6	  32.62   34.52   20.66    2.51 
1972 7	  24.25   34.58   21.25    2.72 
1972 8	  60.90   34.67   21.07    2.25 
1972 9	  61.48   32.98   20.33    2.04 
1972 10	  62.48   26.52   12.98    2.47 
1972 11	  18.73   15.45    3.89    2.87 
1972 12	   8.18   14.75   -0.62    3.09 
1973 1	 101.65   10.61   -1.15    3.80 
1973 2	  63.78   14.93    1.97    3.14 
1973 3	  52.83   22.23    8.42    3.13 
1973 4	  81.33   22.05   10.09    3.35 
1973 5	  33.78   30.27   15.24    3.21 
1973 6	  88.17   31.82   19.46    2.75 
1973 7	 104.18   34.41   21.82    2.44 
1973 8	   0.00   34.79   20.97    2.06 
1973 9	 106.25   30.82   19.08    2.37 
1973 10	 188.85   26.35   14.31    2.43 
1973 11	  23.70   22.77    9.76    3.28 
1973 12	   0.05   17.74    1.46    3.33 
1974 1	  15.45   14.50    0.09    3.02 
1974 2	  15.85   20.15    2.44    3.89 
1974 3	  35.92   25.25   10.90    4.31 
1974 4	  43.75   27.58   12.18    3.86 
1974 5	  52.00   31.16   18.26    3.16 
1974 6	  30.68   33.82   19.55    2.80 
1974 7	  15.98   36.06   21.97    2.27 
1974 8	 153.10   31.85   21.00    2.61 
1974 9	 154.85   25.96   15.26    2.84 
1974 10	  83.05   26.14   13.02    2.72 
1974 11	  31.50   18.91    6.55    2.89 
1974 12	  51.17   14.50    1.97    2.60 
1975 1	  41.42   16.62    2.72    3.34 
1975 2	  30.80   16.25    1.73    3.26 
1975 3	  27.48   20.08    5.16    3.75 
1975 4	  88.47   23.72   11.26    3.93 
1975 5	 161.88   28.36   15.25    2.94 
1975 6	  26.18   32.36   20.23    2.81 
1975 7	  66.45   33.78   21.06    1.99 
1975 8	  51.35   34.95   21.11    2.29 
1975 9	  22.23   29.94   15.54    2.29 
1975 10	  20.83   26.78   12.03    2.82 
1975 11	  36.58   21.27    6.39    3.14 
1975 12	  18.20   16.17    2.10    3.33 
1976 1	   1.40   15.54   -1.31    3.21 
1976 2	  12.33   21.70    5.57    4.21 
1976 3	  27.78   22.63    8.52    3.80 
1976 4	  88.35   24.48   13.08    3.46 
1976 5	 112.05   26.56   14.25    2.55 
1976 6	  37.92   32.21   19.31    2.83 
1976 7	 146.57   30.86   20.75    2.21 
1976 8	  34.50   35.00   20.76    1.77 
1976 9	  60.05   30.15   18.16    1.79 
1976 10	 104.07   21.17    8.49    2.65 
1976 11	  18.37   15.30    2.51    2.76 
1976 12	  39.08   14.37   -0.64    2.73 
1977 1	  41.70    9.11   -3.51    2.94 
1977 2	   9.07   17.68    2.15    3.04 
1977 3	 114.18   21.54    6.82    3.33 
1977 4	 195.18   23.64   11.63    3.16 
1977 5	  18.25   28.31   18.34    3.02 
1977 6	  34.42   33.31   20.74    2.65 
1977 7	  19.32   35.68   22.30    2.49 
1977 8	  22.60   35.41   22.44    2.57 
1977 9	   6.45   35.40   20.82    2.58 
1977 10	  40.22   28.45   13.55    2.40 
1977 11	  44.22   22.36    7.17    2.63 
1977 12	   4.53   19.24    2.45    3.50 
1978 1	  17.10    8.81   -2.31    3.59 
1978 2	  62.70   10.64   -0.86    3.24 
1978 3	  15.62   21.73    5.18    3.30 
1978 4	  24.62   28.55   13.24    3.83 
1978 5	  74.80   31.43   17.59    3.16 
1978 6	  14.72   34.00   20.51    2.30 
1978 7	  11.55   37.72   23.50    2.64 
1978 8	  92.05   33.58   21.58    2.40 
1978 9	  70.73   30.26   19.71    2.44 
1978 10	  13.65   27.38   11.86    2.12 
1978 11	  91.45   19.85    8.34    2.69 
1978 12	   6.10   15.74    1.04    3.00 
1979 1	  40.78    8.12   -1.84    3.47 
1979 2	  67.15   14.74    1.05    3.39 
1979 3	 111.80   21.03    8.36    3.64 
1979 4	  54.47   25.12   11.87    2.71 
1979 5	  85.00   27.13   14.56    3.17 
1979 6	  62.25   31.39   19.43    2.40 
1979 7	  61.15   34.47   21.83    2.16 
1979 8	 114.18   32.90   20.32    2.03 
1979 9	   0.57   32.01   16.13    2.23 
1979 10	  26.85   30.65   12.21    2.83 
1979 11	   3.85   18.96    3.33    3.00 
1979 12	  76.93   17.17    2.02    3.05 
1980 1	  37.67   15.59    1.87    3.11 
1980 2	  20.33   17.69    1.46    3.12 
1980 3	  35.35   21.67    5.55    3.18 
1980 4	  27.38   26.38    9.69    3.33 
1980 5	 169.32   29.05   16.20    2.72 
1980 6	  68.07   34.88   21.38    3.20 
1980 7	   0.72   38.24   22.62    2.49 
1980 8	  23.75   36.53   21.88    3.14 
1980 9	 187.98   31.76   19.44    2.35 
1980 10	   7.75   26.39   10.79    2.33 
1980 11	  69.35   19.01    4.65    2.76 
1980 12	  55.48   17.42    3.26    3.09 
1981 1	  12.77   15.09    1.13    2.74 
1981 2	  34.12   16.64    4.14    3.33 
1981 3	  66.70   19.78    7.48    3.14 
1981 4	  52.08   27.09   14.56    3.41 
1981 5	  52.65   28.67   15.74    3.26 
1981 6	  96.33   31.67   20.21    2.48 
1981 7	  25.48   34.94   21.92    2.48 
1981 8	  57.90   34.30   21.27    2.12 
1981 9	  73.28   31.02   17.51    2.24 
1981 10	 123.50   25.81   13.80    2.86 
1981 11	  24.25   22.62    7.10    2.59 
1981 12	   3.15   17.17    1.99    3.03 
1982 1	  23.38   16.82    0.15    3.75 
1982 2	  43.22   14.59    1.00    3.37 
1982 3	  67.12   22.51    9.19    4.07 
1982 4	  70.18   24.41   11.61    3.37 
1982 5	 125.85   28.30   16.34    3.15 
1982 6	 166.78   32.41   19.39    2.80 
1982 7	  18.25   35.36   21.82    2.99 
1982 8	  29.15   36.86   21.80    2.58 
1982 9	   4.55   33.90   17.42    2.41 
1982 10	  14.60   27.35   11.63    2.77 
1982 11	  82.05   19.60    6.50    2.98 
1982 12	  43.33   16.07    2.15    3.64 
1983 1	  41.45   13.86   -0.51    2.61 
1983 2	  21.18   16.30    1.56    3.16 
1983 3	  74.65   19.75    5.66    3.49 
1983 4	  17.85   23.96    8.29    3.84 
1983 5	  80.97   29.06   14.08    3.13 
1983 6	 134.05   30.68   17.71    2.45 
1983 7	  19.92   34.19   21.04    2.44 
1983 8	  50.12   35.81   21.42    1.48 
1983 9	   1.77   33.27   18.21    2.30 
1983 10	  39.72   28.16   13.20    2.53 
1983 11	  37.53   22.86    7.53    2.99 
1983 12	  13.65    9.67   -3.88    3.38 
1984 1	  27.75   12.74   -1.83    2.97 
1984 2	  41.75   19.81    2.00    3.49 
1984 3	  62.22   22.63    6.89    3.80 
1984 4	  15.18   27.34   10.03    3.17 
1984 5	  18.05   32.09   16.34    3.34 
1984 6	  15.62   35.24   20.86    2.98 
1984 7	  32.20   36.26   21.31    2.26 
1984 8	  53.30   36.24   20.99    2.31 
1984 9	  40.10   30.12   17.29    2.99 
1984 10	 163.85   24.65   14.32    2.58 
1984 11	  33.25   19.16    6.30    3.06 
1984 12	 121.35   18.32    5.14    3.53 
1985 1	  13.77   12.03   -1.63    3.23 
1985 2	  60.50   13.84    2.05    3.49 
1985 3	  63.77   21.54    9.47    3.56 
1985 4	  57.17   26.72   12.94    3.35 
1985 5	  87.20   30.53   16.69    2.85 
1985 6	 164.70   32.36   19.45    2.60 
1985 7	  33.80   35.35   20.54    2.35 
1985 8	  20.42   38.00   21.40    2.29 
1985 9	  48.80   31.98   18.02    2.79 
1985 10	  78.83   25.38   14.38    3.41 
1985 11	  28.72   20.89    8.08    3.41 
1985 12	   0.82   15.01   -1.50    2.77 
1986 1	   0.00   18.91    0.30    3.09 
1986 2	  56.03   19.77    4.74    3.11 
1986 3	  19.30   24.74    7.20    3.18 
1986 4	  37.65   27.89   14.00    3.55 
1986 5	 153.43   28.69   16.46    3.23 
1986 6	 118.75   32.02   20.51    1.83 
1986 7	  21.30   36.11   21.53    2.72 
1986 8	  71.45   34.43   21.43    2.25 
1986 9	 125.33   30.70   21.18    2.57 
1986 10	 129.10   24.34   12.63    2.48 
1986 11	  67.45   18.35    5.88    2.83 
1986 12	  98.65   12.38    2.09    2.76 
1987 1	  17.67   14.52    0.34    3.05 
1987 2	  69.45   16.11    4.24    3.63 
1987 3	  95.10   19.13    3.89    3.00 
1987 4	  26.03   26.04    8.51    2.58 
1987 5	 191.43   29.12   16.36    2.63 
1987 6	 103.50   30.76   19.22    2.23 
1987 7	   8.38   33.73   21.06    2.37 
1987 8	  42.33   34.71   21.66    2.54 
1987 9	 100.00   31.22   16.94    2.21 
1987 10	   5.45   26.77   10.93    2.64 
1987 11	  66.75   20.11    5.92    2.70 
1987 12	  31.80   15.76    1.68    3.03 
1988 1	   3.75   12.67   -1.20    3.37 
1988 2	  24.38   17.05    1.44    3.22 
1988 3	  40.20   22.34    4.63    3.54 
1988 4	  14.43   27.34    9.08    2.70 
1988 5	  95.12   29.31   14.61    2.88 
1988 6	  80.92   32.19   18.65    2.11 
1988 7	  70.28   33.81   20.96    2.38 
1988 8	   3.35   36.42   21.51    2.09 
1988 9	  40.47   32.95   17.38    2.56 
1988 10	  30.32   27.45   11.62    2.41 
1988 11	   3.57   23.11    6.13    3.08 
1988 12	  26.98   16.51    1.64    2.97 
1989 1	  34.72   17.04    2.60    2.96 
1989 2	  84.45   12.73    0.17    4.18 
1989 3	  64.68   21.67    5.44    3.57 
1989 4	  44.53   27.33   12.21    3.37 
1989 5	  92.93   32.09   17.45    3.67 
1989 6	 170.02   32.05   18.32    2.83 
1989 7	  15.70   36.32   20.64    2.09 
1989 8	  71.53   34.34   21.08    2.59 
1989 9	  20.92   31.48   15.33    2.56 
1989 10	  50.00   28.94   11.44    2.83 
1989 11	  16.02   22.52    6.54    2.83 
1989 12	  13.43   12.95   -3.69    3.33 
1990 1	  61.88   19.30    3.14    3.19 
1990 2	  71.75   19.87    4.95    3.44 
1990 3	  79.50   20.64    8.28    3.81 
1990 4	 138.22   25.11   12.28    3.50 
1990 5	 107.40   29.53   16.84    3.55 
1990 6	  37.45   35.42   22.02    3.20 
1990 7	 102.30   33.29   20.70    2.51 
1990 8	  46.55   34.22   20.56    2.54 
1990 9	 107.12   31.62   18.92    1.64 
1990 10	  48.58   27.05   11.02    2.53 
1990 11	  74.87   22.34    8.41    3.03 
1990 12	   7.05   15.77   -0.44    3.12 
1991 1	  73.75   12.91    0.82    3.04 
1991 2	  30.28   19.54    4.49    2.93 
1991 3	   5.50   23.76    8.10    3.51 
1991 4	  56.22   27.94   12.96    3.12 
1991 5	  74.05   29.68   16.96    2.94 
1991 6	 123.67   33.00   19.54    2.37 
1991 7	  55.40   34.93   20.59    2.27 
1991 8	  92.17   33.73   20.50    2.10 
1991 9	 134.82   28.51   16.61    2.21 
1991 10	 131.52   27.97   11.61    2.57 
1991 11	  10.98   18.65    4.61    3.23 
1991 12	 193.78   15.62    4.79    3.24 
1992 1	  71.40   13.84    2.07    2.50 
1992 2	 150.38   18.57    5.40    3.09 
1992 3	  49.82   22.57    7.92    3.11 
1992 4	  44.08   25.33   11.46    2.74 
1992 5	 111.90   26.70   15.49    2.41 
1992 6	 180.00   31.98   19.55    2.11 
1992 7	  42.33   33.26   21.50    3.31 
1992 8	  89.55   32.51   19.31    2.03 
1992 9	  37.65   31.37   17.78    2.76 
1992 10	  31.48   28.52   11.85    2.44 
1992 11	  88.57   18.33    5.47    2.88 
1992 12	  91.50   16.43    3.78    2.81 
1993 1	  36.68   13.83    1.25    2.82 
1993 2	  66.28   16.75    3.31    3.19 
1993 3	  46.55   20.69    6.58    3.10 
1993 4	  73.38   24.55    9.99    3.70 
1993 5	  48.27   28.19   14.50    2.87 
1993 6	 117.85   32.22   20.52    3.00 
1993 7	   0.00   35.31   22.50    3.50 
1993 8	  36.40   36.03   21.94    2.55 
1993 9	  60.50   31.63   16.99    2.17 
1993 10	  76.65   24.97   11.23    2.78 
1993 11	  26.85   17.61    3.82    2.92 
1993 12	  32.83   16.59    3.61    3.17 
1994 1	  41.77   15.05    1.61    3.36 
1994 2	  36.83   16.98    2.45    3.26 
1994 3	  21.68   23.19    7.44    3.15 
1994 4	  49.53   26.38   11.35    3.47 
1994 5	 246.60   27.44   16.14    2.53 
1994 6	   8.88   34.10   21.52    2.26 
1994 7	  48.30   35.10   21.73    2.94 
1994 8	  28.75   35.06   21.23    2.01 
1994 9	  81.00   30.73   16.68    1.74 
1994 10	 194.98   26.09   13.39    2.47 
1994 11	  88.05   20.52    8.62    3.20 
1994 12	  87.05   15.99    4.12    2.64 
1995 1	  26.52   15.99    2.19    3.28 
1995 2	  53.53   18.88    4.25    2.90 
1995 3	  85.53   18.92    6.88    3.48 
1995 4	 108.75   25.35   11.04    3.34 
1995 5	 179.95   28.99   16.58    3.15 
1995 6	  69.05   31.18   18.67    2.58 
1995 7	 128.68   35.47   21.51    2.37 
1995 8	  37.33   33.92   21.76    1.65 
1995 9	 100.80   30.69   18.26    1.92 
1995 10	  14.25   27.62   11.03    2.62 
1995 11	  59.85   21.95    5.58    2.88 
1995 12	  10.40   16.78    2.12    3.14 
1996 1	   7.35   17.02   -1.52    3.41 
1996 2	   7.45   20.26    3.11    4.05 
1996 3	  18.03   21.00    4.20    3.67 
1996 4	  53.65   27.10    9.70    3.65 
1996 5	 100.10   32.33   19.36    4.18 
1996 6	  98.70   33.71   20.55    2.49 
1996 7	  79.33   35.18   22.63    2.65 
1996 8	 222.18   32.45   21.37    2.51 
1996 9	  98.28   29.77   17.42    1.57 
1996 10	  90.75   26.00   12.34    2.98 
1996 11	 107.15   20.14    7.26    3.20 
1996 12	  17.42   18.53    2.09    2.96 
1997 1	  25.55   13.97    0.71    3.59 
1997 2	 165.43   14.97    4.14    3.27 
1997 3	 104.15   22.09    8.60    2.95 
1997 4	 108.22   21.84    9.54    3.22 
1997 5	 106.73   27.03   16.30    2.53 
1997 6	 249.70   30.72   19.38    2.09 
1997 7	   1.23   34.67   21.54    2.05 
1997 8	  30.53   34.64   21.22    2.53 
1997 9	  13.45   33.32   18.86    2.01 
1997 10	  80.67   26.67   12.56    2.80 
1997 11	  30.25   18.49    5.30    2.77 
1997 12	  61.50   14.80    0.87    3.23 
1998 1	  60.68   18.04    2.81    3.24 
1998 2	  97.33   16.89    4.33    2.98 
1998 3	 112.55   18.97    5.76    3.77 
1998 4	  22.38   25.75    9.95    3.04 
1998 5	  38.17   33.20   17.89    3.31 
1998 6	  58.75   34.58   21.99    3.81 
1998 7	 138.02   36.13   23.23    2.95 
1998 8	  43.38   34.34   21.85    1.65 
1998 9	  77.90   32.83   20.72    2.10 
1998 10	 198.32   26.14   15.14    2.98 
1998 11	  32.05   21.15    9.13    2.65 
1998 12	  37.25   15.34    2.00    3.32 
1999 1	  24.70   18.44    2.02    3.85 
1999 2	   3.88   21.70    5.43    3.21 
1999 3	  92.00   20.37    7.71    3.49 
1999 4	  78.58   26.89   12.16    3.67 
1999 5	 110.72   28.92   16.93    2.71 
1999 6	  66.27   31.68   21.04    2.70 
1999 7	  36.42   34.43   21.75    2.12 
1999 8	   5.67   37.64   22.79    1.68 
1999 9	   3.85   33.41   18.24    2.48 
1999 10	  44.58   28.16   11.55    2.45 
1999 11	   0.00   24.42    7.68    2.54 
1999 12	  52.35   17.84    1.75    3.33 
2000 1	  20.70   18.59    2.93    3.58 
2000 2	  33.45   21.39    6.08    3.66 
2000 3	  21.65   24.72    9.18    3.12 
2000 4	  54.30   26.81   12.15    3.26 
2000 5	  68.10   32.29   18.46    3.43 
2000 6	 161.50   31.05   20.78    2.85 
2000 7	  11.65   36.91   22.44    2.38 
2000 8	   0.05   37.34   22.57    2.03 
2000 9	  13.20   34.23   17.91    2.39 
2000 10	 161.25   24.89   15.01    3.03 
2000 11	 173.25   15.99    5.69    3.10 
2000 12	  18.82   12.29   -0.06    3.05 
2001 1	  59.45   13.17   -0.10    3.00 
2001 2	  91.80   17.14    4.13    3.39 
2001 3	  79.70   17.12    5.38    2.76 
2001 4	  65.70   25.33   13.25    3.71 
2001 5	  80.60   29.50   16.83    2.89 
2001 6	  28.20   33.38   20.43    2.18 
2001 7	   8.65   37.01   22.80    2.37 
2001 8	  76.45   35.13   22.35    2.34 
2001 9	 100.67   30.54   17.16    2.20 
2001 10	  22.42   25.59   10.94    2.66 
2001 11	  98.90   21.06    9.17    2.67 
2001 12	  35.92   16.84    3.29    2.99 
2002 1	  40.20   17.21    1.60    2.94 
2002 2	  37.73   16.04    0.60    3.12 
2002 3	  82.15   20.84    5.35    3.91 
2002 4	  19.08   26.94   14.61    3.85 
2002 5	  79.68   30.37   16.62    3.64 
2002 6	  91.05   32.32   20.12    2.28 
2002 7	 119.82   31.58   21.50    2.42 
2002 8	  18.72   35.05   21.98    2.12 
2002 9	  54.70   31.68   17.91    2.51 
2002 10	 123.73   23.28   13.15    2.34 
2002 11	  17.90   18.79    4.50    2.98 
2002 12	  70.00   15.90    1.92    3.21 
2003 1	  13.68   14.76    0.11    2.95 
2003 2	  62.08   15.20    2.43    3.16 
2003 3	  24.83   21.30    6.86    2.61 
2003 4	  19.12   27.35   11.61    3.39 
2003 5	  33.17   31.66   18.20    3.02 
2003 6	 194.62   31.58   19.11    2.02 
2003 7	  27.00   34.94   21.64    1.94 
2003 8	  97.07   35.84   21.69    1.70 
2003 9	 111.12   29.37   17.37    1.77 
2003 10	 100.33   26.54   12.74    2.20 
2003 11	  11.20   20.61    7.99    3.21 
2003 12	   2.45   18.38    1.95    3.32 
2004 1	  31.17   16.41    3.43    3.38 
2004 2	 100.15   14.49    1.14    3.26 
2004 3	  40.78   22.86   10.46    3.13 
2004 4	 145.10   24.18   11.89    3.42 
2004 5	  13.77   28.74   16.49    3.22 
2004 6	 164.90   31.26   19.74    2.16 
2004 7	  13.68   33.33   20.92    1.84 
2004 8	 203.23   31.93   20.32    1.99 
2004 9	  23.17   29.94   18.16    1.81 
2004 10	 126.35   26.81   15.83    2.86 
2004 11	 134.12   19.28    8.01    3.01 
2004 12	  11.75   15.76    0.92    3.17 
2005 1	  37.95   16.84    3.33    3.46 
2005 2	 100.10   16.16    4.69    3.09 
2005 3	  48.10   20.39    6.12    2.92 
2005 4	   7.85   26.06   10.02    3.33 
2005 5	 149.90   27.97   15.36    2.67 
2005 6	   7.60   33.30   19.36    2.54 
2005 7	  35.35   35.44   21.42    1.99 
2005 8	 197.95   33.48   20.85    2.07 
2005 9	  11.30   33.95   19.09    2.11 
2005 10	  24.50   26.94   11.58    2.55 
2005 11	   0.12   24.23    5.99    2.84 
2005 12	   1.75   16.37   -1.87    2.81 
2006 1	  33.05   20.65    2.09    3.58 
2006 2	  19.20   16.94    1.40    3.34 
2006 3	  75.45   22.64    9.17    3.58 
2006 4	  27.30   28.90   13.22    3.39 
2006 5	 100.90   30.87   16.03    2.89 
2006 6	  71.80   35.05   18.55    1.93 
2006 7	   9.50   36.05   21.48    1.99 
2006 8	  43.10   37.43   22.74    2.40 
2006 9	  57.97   31.17   16.58    2.20 
2006 10	  89.88   27.31   11.30    2.67 
2006 11	  14.10   22.16    7.01    3.11 
2006 12	  11.60   16.42    1.86    3.16 
2007 1	  63.48   10.68   -0.96    3.34 
2007 2	   8.50   16.45    1.30    2.97 
2007 3	 163.72   22.41    9.99    3.39 
2007 4	  94.72   22.76    9.19    3.06 
2007 5	 159.55   26.80   16.42    2.81 
2007 6	 313.83   30.91   19.37    2.25 
2007 7	 110.20   31.30   20.50    1.79 
2007 8	  38.55   34.77   21.26    1.79 
2007 9	  53.65   32.00   18.59    1.78 
2007 10	  28.00   28.70   11.88    2.44 
2007 11	  42.73   21.72    7.20    2.85 
2007 12	   8.97   16.98   -0.32    2.72 
2008 1	   9.50   14.61   -1.31    3.09 
2008 2	   7.70   20.27    1.29    3.40 
2008 3	  99.45   22.19    5.88    3.94 
2008 4	  52.93   26.62    9.39    3.28 
2008 5	  39.83   31.48   15.65    3.28 
2008 6	  67.22   36.82   21.67    3.12 
2008 7	  18.20   36.41   20.92    2.73 
2008 8	 130.60   34.47   21.12    1.82 
2008 9	  47.30   30.91   15.73    2.23 
2008 10	  40.47   27.37    9.78    2.37 
2008 11	   6.97   22.43    4.99    2.33 
2008 12	   0.88   16.62   -0.66    3.47 
2009 1	   5.90   17.08   -1.66    3.13 
2009 2	  14.18   22.03    3.09    3.95 
2009 3	 104.50   23.01    7.55    3.58 
2009 4	 103.70   25.38    9.46    3.64 
2009 5	  93.07   28.98   15.54    2.59 
2009 6	 155.95   34.44   20.55    2.74 
2009 7	 107.25   35.08   21.41    2.41 
2009 8	  40.38   36.49   21.23    2.28 
2009 9	 130.35   29.40   17.43    1.74 
2009 10	 155.80   23.66   11.00    2.92 
2009 11	  28.65   22.08    6.52    2.42 
2009 12	  28.65   12.16   -0.95    2.89 
2010 1	 106.68   13.67   -0.79    3.35 
2010 2	  75.00   11.47   -0.07    3.08 
2010 3	  44.95   19.89    4.41    3.14 
2010 4	  53.88   24.95   11.48    3.44 
2010 5	  30.65   29.97   17.46    2.85 
2010 6	  76.17   35.27   21.92    2.68 
2010 7	  82.90   33.69   22.50    2.32 
2010 8	   5.03   38.18   22.69    2.03 
2010 9	 110.90   32.18   19.35    2.26 
2010 10	  10.73   28.59   11.42    2.42 
2010 11	   2.95   22.56    5.83    3.54 
2010 12	  30.45   17.47    0.99    3.20 
