1949 1	  90.18   12.58    0.40    4.62 
1949 2	  56.22   19.02    5.20    4.00 
1949 3	  75.15   23.41    7.47    4.38 
1949 4	 145.00   24.85   11.21    4.04 
1949 5	  15.37   31.74   19.19    3.64 
1949 6	 116.47   34.36   21.39    3.04 
1949 7	  47.35   36.51   22.85    2.61 
1949 8	  34.45   36.24   21.43    2.45 
1949 9	  21.85   34.66   19.70    2.87 
1949 10	  82.58   28.17   14.41    4.00 
1949 11	   1.32   26.27    7.44    3.60 
1949 12	  72.45   18.67    5.21    4.94 
1950 1	  32.33   17.90    6.22    5.05 
1950 2	 108.75   18.87    6.30    3.72 
1950 3	  10.75   22.88    6.29    4.72 
1950 4	  99.68   26.11   12.07    4.45 
1950 5	 118.27   30.04   18.23    3.68 
1950 6	  56.73   32.83   20.92    3.29 
1950 7	  37.15   35.16   22.67    3.37 
1950 8	  10.65   36.71   21.73    2.64 
1950 9	  59.13   32.11   18.83    2.80 
1950 10	  35.27   31.43   15.49    3.52 
1950 11	  18.98   24.16    5.17    4.46 
1950 12	   0.88   19.09    2.27    3.99 
1951 1	  24.32   19.29    1.18    5.08 
1951 2	  65.35   18.93    4.82    5.05 
1951 3	  52.30   24.08    8.91    4.56 
1951 4	  78.40   25.99   11.73    4.38 
1951 5	 190.50   28.48   17.09    3.75 
1951 6	  67.42   32.63   21.74    4.19 
1951 7	   1.62   37.02   24.37    2.90 
1951 8	   0.17   38.56   24.76    2.75 
1951 9	 132.12   32.71   20.48    3.00 
1951 10	  35.33   28.15   14.61    3.37 
1951 11	  19.75   19.06    6.16    4.74 
1951 12	  10.97   18.13    3.82    4.92 
1952 1	  14.35   20.14    7.63    4.85 
1952 2	  70.83   19.75    6.85    4.73 
1952 3	  64.35   20.17    6.98    4.35 
1952 4	 130.50   23.60   10.94    4.02 
1952 5	 147.90   28.68   16.00    3.07 
1952 6	  43.77   33.43   21.79    3.15 
1952 7	  12.47   34.90   22.83    2.34 
1952 8	   0.38   38.07   24.01    3.15 
1952 9	  13.45   33.57   19.15    3.25 
1952 10	   0.00   27.16   10.61    3.27 
1952 11	 132.77   19.88    8.23    4.44 
1952 12	 124.88   14.48    3.08    3.87 
1953 1	  18.07   19.67    4.81    5.13 
1953 2	  34.28   17.03    4.25    4.16 
1953 3	  52.17   23.67   11.22    4.04 
1953 4	  71.95   24.87   11.44    3.91 
1953 5	 198.28   28.38   17.53    3.52 
1953 6	   9.43   35.25   22.75    2.88 
1953 7	  37.33   35.33   23.21    2.64 
1953 8	  81.12   35.13   22.69    2.20 
1953 9	  67.70   33.08   18.47    2.52 
1953 10	 207.90   28.21   14.94    3.20 
1953 11	  43.40   19.15    7.14    3.56 
1953 12	  63.07   14.38    2.58    4.41 
1954 1	  25.70   15.90    3.41    4.39 
1954 2	   8.10   22.45    5.87    4.11 
1954 3	  15.42   20.84    7.15    4.77 
1954 4	  74.50   28.02   15.63    4.39 
1954 5	  66.72   27.41   16.33    3.66 
1954 6	   0.80   34.94   21.64    3.48 
1954 7	  19.25   38.29   24.74    2.92 
1954 8	  18.88   37.36   23.65    3.30 
1954 9	  19.23   35.36   21.26    3.10 
1954 10	  37.12   28.62   16.19    3.57 
1954 11	  54.80   21.29    7.64    3.80 
1954 12	   4.80   19.23    4.65    4.10 
1955 1	  54.10   15.22    3.72    3.92 
1955 2	  70.32   16.94    4.84    4.97 
1955 3	  38.10   23.20    8.53    4.94 
1955 4	  77.95   28.15   14.70    4.08 
1955 5	 163.55   30.41   18.44    3.85 
1955 6	  86.35   30.96   19.24    2.98 
1955 7	  34.08   35.31   22.37    2.95 
1955 8	 239.98   34.04   21.92    2.22 
1955 9	  43.48   33.50   20.82    3.02 
1955 10	   6.62   29.60   13.24    3.64 
1955 11	  45.92   21.55    6.67    5.16 
1955 12	   0.70   16.61    3.45    4.33 
1956 1	  76.52   15.23    2.43    4.41 
1956 2	  45.42   16.73    4.36    4.46 
1956 3	   4.22   21.76    7.38    3.91 
1956 4	  12.67   25.31   12.35    4.16 
1956 5	 112.25   31.04   19.43    3.51 
1956 6	   6.42   34.36   21.60    3.04 
1956 7	  12.72   36.92   22.88    3.49 
1956 8	   2.88   36.87   22.89    3.07 
1956 9	   0.62   35.03   20.22    3.06 
1956 10	  43.82   30.90   16.05    3.01 
1956 11	  56.08   20.09    7.35    4.11 
1956 12	  54.17   19.46    5.29    4.08 
1957 1	  50.30   14.38    3.44    4.17 
1957 2	  51.60   19.21    9.65    3.59 
1957 3	 120.85   19.71    7.87    3.82 
1957 4	 209.58   22.87   12.40    4.48 
1957 5	 113.57   27.74   18.45    4.08 
1957 6	  54.22   32.07   21.99    3.03 
1957 7	  25.88   36.66   24.21    2.23 
1957 8	   0.05   36.88   23.55    2.98 
1957 9	 157.08   31.03   18.64    3.27 
1957 10	 244.53   23.38   12.28    3.84 
1957 11	 111.05   17.82    7.71    4.49 
1957 12	  21.80   19.02    5.92    4.44 
1958 1	  43.98   14.33    2.70    5.02 
1958 2	 162.65   13.14    2.95    4.87 
1958 3	  43.15   16.83    5.83    4.17 
1958 4	 108.43   23.93   12.53    3.71 
1958 5	  71.92   29.91   17.74    2.87 
1958 6	 122.85   33.84   22.53    3.18 
1958 7	  27.58   35.20   23.39    3.37 
1958 8	  61.00   36.18   22.78    2.56 
1958 9	 122.33   31.34   21.00    3.09 
1958 10	  43.23   24.40   14.58    4.12 
1958 11	  26.18   21.17    8.97    3.60 
1958 12	  33.72   14.72    1.76    4.02 
1959 1	  20.00   13.41    0.40    4.65 
1959 2	  81.40   14.54    4.71    4.43 
1959 3	  16.85   21.93    5.99    4.43 
1959 4	  92.72   23.33   11.92    4.35 
1959 5	  88.85   29.73   19.61    3.75 
1959 6	 116.77   33.10   21.72    3.07 
1959 7	 100.80   34.73   22.72    1.95 
1959 8	 123.30   34.28   22.54    2.44 
1959 9	  82.42   31.78   20.55    3.49 
1959 10	 230.60   26.41   14.11    3.50 
1959 11	  45.72   17.29    4.22    4.41 
1959 12	 103.57   17.31    5.70    4.39 
1960 1	  41.13   13.42    3.58    4.33 
1960 2	  61.25   13.55    1.33    4.96 
1960 3	  31.90   16.35    5.21    4.15 
1960 4	  54.82   27.24   14.86    4.52 
1960 5	  33.40   28.66   16.50    3.94 
1960 6	 102.90   34.88   21.94    3.25 
1960 7	  59.25   34.68   23.53    2.22 
1960 8	  55.85   34.50   23.14    2.72 
1960 9	  31.20   33.72   19.93    2.49 
1960 10	 210.88   27.83   16.18    3.00 
1960 11	  90.53   20.94    9.39    3.93 
1960 12	 141.08   12.81    3.40    4.09 
1961 1	  91.65   12.22    0.85    4.33 
1961 2	  95.50   18.48    5.69    4.26 
1961 3	  62.02   22.90    9.80    4.53 
1961 4	  17.02   26.14   11.56    4.51 
1961 5	  29.00   29.91   17.19    4.35 
1961 6	 129.77   32.27   20.49    3.10 
1961 7	 115.82   32.55   22.19    2.72 
1961 8	   9.43   34.47   21.67    2.07 
1961 9	 132.40   31.50   19.94    4.37 
1961 10	  46.62   26.14   14.45    3.73 
1961 11	  54.43   18.27    7.15    4.48 
1961 12	  36.08   15.57    3.82    3.86 
1962 1	  25.48   12.29   -0.82    4.85 
1962 2	  61.20   21.43    7.34    4.53 
1962 3	  17.67   19.73    6.52    4.35 
1962 4	 112.25   24.51   13.09    4.47 
1962 5	  56.12   30.40   18.62    4.61 
1962 6	  95.85   32.37   20.91    2.44 
1962 7	  29.12   35.64   23.25    2.51 
1962 8	  37.92   38.64   23.88    2.42 
1962 9	  54.47   32.89   20.45    2.65 
1962 10	  88.75   28.40   16.52    3.59 
1962 11	  82.30   20.16    8.20    4.36 
1962 12	  50.13   15.14    4.16    3.68 
1963 1	   5.52   10.41   -2.00    4.27 
1963 2	  35.55   18.05    1.48    4.80 
1963 3	  11.47   24.41   10.15    4.41 
1963 4	  64.48   27.94   15.67    5.10 
1963 5	  21.02   30.36   18.58    3.69 
1963 6	 137.57   34.87   21.78    2.96 
1963 7	  42.12   36.20   23.38    3.32 
1963 8	   5.20   37.28   23.44    2.45 
1963 9	  56.33   33.44   20.68    2.59 
1963 10	   8.70   31.12   16.34    2.48 
1963 11	  81.18   21.80    9.39    4.54 
1963 12	  43.83   11.56   -0.00    4.74 
1964 1	  74.30   15.25    1.63    4.24 
1964 2	  54.50   13.67    1.65    4.01 
1964 3	  64.93   21.10    6.95    4.31 
1964 4	  52.15   26.25   14.69    4.89 
1964 5	  77.88   29.77   18.78    3.75 
1964 6	 151.85   32.80   21.22    3.36 
1964 7	   9.18   36.58   23.19    2.78 
1964 8	  75.18   36.79   23.48    3.10 
1964 9	 163.57   31.31   20.14    2.80 
1964 10	  41.53   26.20   12.45    3.78 
1964 11	  97.45   22.46   10.32    4.00 
1964 12	  33.33   16.34    3.47    4.77 
1965 1	 138.15   16.70    4.64    4.24 
1965 2	 102.18   14.10    2.48    4.87 
1965 3	  50.87   16.27    4.21    4.73 
1965 4	  39.53   26.77   15.66    4.28 
1965 5	 308.02   27.21   18.46    4.51 
1965 6	  27.72   32.16   21.56    3.22 
1965 7	   6.37   35.61   23.05    2.35 
1965 8	  45.30   35.31   22.19    2.32 
1965 9	  88.68   32.22   20.61    3.55 
1965 10	  62.12   24.84   12.89    3.58 
1965 11	 108.15   22.51   12.43    3.49 
1965 12	 120.58   16.00    5.87    4.15 
1966 1	  47.60   10.55    1.14    4.73 
1966 2	  93.95   13.46    2.76    4.57 
1966 3	  17.48   20.04    8.30    4.17 
1966 4	 162.67   24.93   13.19    4.57 
1966 5	 139.95   27.59   17.50    3.39 
1966 6	  91.48   31.82   20.53    2.65 
1966 7	  12.07   35.14   23.57    2.49 
1966 8	  80.48   33.60   22.39    2.57 
1966 9	 138.93   30.40   19.24    2.01 
1966 10	   9.52   27.36   12.37    3.68 
1966 11	   0.17   23.84    9.54    4.13 
1966 12	  36.32   17.27    1.77    4.43 
1967 1	   5.55   16.00    2.80    4.56 
1967 2	  16.55   16.87    2.26    4.39 
1967 3	  23.53   25.43   10.93    4.45 
1967 4	  94.55   29.18   17.03    5.22 
1967 5	 159.83   29.24   17.14    4.63 
1967 6	   0.03   34.70   22.32    3.67 
1967 7	  12.20   36.19   22.59    3.52 
1967 8	  43.97   35.75   22.02    2.35 
1967 9	 115.02   29.64   18.75    3.43 
1967 10	 135.88   26.85   12.81    3.57 
1967 11	  90.25   19.25    8.96    3.74 
1967 12	  99.65   14.36    3.49    4.09 
1968 1	 181.10   11.77    2.92    4.61 
1968 2	  55.20   13.75    2.47    3.95 
1968 3	  66.92   18.58    7.13    4.66 
1968 4	  67.43   24.59   13.31    4.68 
1968 5	 293.18   28.65   17.64    4.01 
1968 6	 143.43   31.58   21.61    3.03 
1968 7	  99.35   33.11   21.97    2.67 
1968 8	   6.90   35.74   22.83    2.99 
1968 9	  75.68   31.19   18.04    3.17 
1968 10	   3.88   28.31   14.93    3.27 
1968 11	 135.48   20.20    6.49    4.42 
1968 12	  26.32   16.60    2.94    4.95 
1969 1	  29.45   16.89    5.17    4.66 
1969 2	  82.50   16.09    4.84    4.56 
1969 3	  87.27   16.40    5.25    4.46 
1969 4	 112.48   25.60   13.83    3.91 
1969 5	  48.07   28.64   16.48    2.97 
1969 6	  15.92   33.99   20.80    3.78 
1969 7	  15.93   38.03   23.98    2.97 
1969 8	  65.50   36.63   23.18    2.68 
1969 9	  16.05   32.77   20.00    2.82 
1969 10	 104.85   26.48   13.74    4.76 
1969 11	  53.85   20.19    7.11    3.81 
1969 12	  76.65   17.14    5.35    3.41 
1970 1	  65.30   11.21    0.17    4.19 
1970 2	  61.47   16.23    3.72    4.59 
1970 3	 111.47   18.00    6.43    4.28 
1970 4	  72.90   25.97   14.64    4.69 
1970 5	 104.80   28.30   16.46    4.03 
1970 6	   1.70   32.77   20.52    2.89 
1970 7	   5.20   35.82   22.70    2.43 
1970 8	  51.42   36.97   23.43    2.73 
1970 9	 117.70   31.23   20.80    3.67 
1970 10	  86.07   25.01   12.23    3.92 
1970 11	   0.08   20.96    5.68    4.68 
1970 12	  13.98   20.39    7.25    4.26 
1971 1	   1.08   19.15    3.90    4.76 
1971 2	  44.27   18.55    4.27    5.19 
1971 3	   2.22   22.82    7.41    4.52 
1971 4	  47.95   26.32   12.23    4.32 
1971 5	 129.02   29.72   17.20    4.22 
1971 6	  15.12   34.74   22.10    3.47 
1971 7	 118.30   36.56   23.20    3.01 
1971 8	 139.18   32.03   21.62    2.20 
1971 9	  70.05   31.19   20.62    3.29 
1971 10	 116.60   27.89   16.24    3.18 
1971 11	  65.93   21.55    8.56    3.95 
1971 12	  92.42   16.88    6.85    4.05 
1972 1	  33.97   15.14    2.88    4.84 
1972 2	   6.45   18.56    4.28    4.56 
1972 3	  15.15   25.33   10.64    4.36 
1972 4	  46.37   29.03   14.45    4.76 
1972 5	  90.35   28.97   17.19    2.65 
1972 6	  87.77   33.27   21.51    3.49 
1972 7	  65.55   33.57   21.90    3.31 
1972 8	  55.05   35.42   22.00    2.62 
1972 9	  45.15   34.43   21.76    2.47 
1972 10	 137.90   26.66   13.98    3.57 
1972 11	  55.08   16.01    5.33    4.57 
1972 12	  61.50   13.95    1.20    4.49 
1973 1	 115.47   11.34    0.77    5.26 
1973 2	  88.45   14.83    3.68    4.40 
1973 3	  96.88   23.23    9.97    4.17 
1973 4	  59.80   20.02   11.47    4.70 
1973 5	  92.32   29.05   15.99    4.43 
1973 6	 116.82   31.06   20.29    3.46 
1973 7	  96.70   34.91   22.79    2.76 
1973 8	   4.32   35.28   21.49    2.56 
1973 9	 193.80   31.74   20.10    2.81 
1973 10	 216.10   27.12   15.75    3.44 
1973 11	  29.53   23.17   11.35    4.49 
1973 12	  29.55   18.12    3.21    4.62 
1974 1	  54.88   13.08    2.03    3.94 
1974 2	  11.10   19.56    4.54    5.08 
1974 3	  26.05   24.24   12.23    5.24 
1974 4	  86.32   26.84   12.99    5.25 
1974 5	  29.00   30.85   19.09    4.12 
1974 6	  23.58   33.53   20.30    3.35 
1974 7	  25.90   36.65   22.51    2.38 
1974 8	 175.80   32.83   21.59    2.95 
1974 9	 153.02   26.53   16.56    4.13 
1974 10	 118.50   27.23   14.21    4.02 
1974 11	 140.30   18.83    7.30    4.15 
1974 12	  50.38   14.70    3.01    3.87 
1975 1	  36.82   16.85    5.27    4.37 
1975 2	  84.97   15.86    3.18    4.07 
1975 3	  35.10   20.68    7.57    4.90 
1975 4	  40.03   24.29   12.41    5.09 
1975 5	 187.30   28.67   17.57    3.78 
1975 6	 141.68   31.48   20.93    3.46 
1975 7	  79.50   33.91   22.14    2.37 
1975 8	  97.62   33.90   22.33    2.66 
1975 9	 101.85   30.04   17.91    2.97 
1975 10	  67.50   26.89   13.43    3.61 
1975 11	  23.90   22.16    7.61    4.10 
1975 12	  38.27   16.36    3.71    4.52 
1976 1	   2.72   16.60    0.78    4.65 
1976 2	  28.80   21.94    7.19    4.95 
1976 3	  85.12   22.74    9.55    5.01 
1976 4	 187.23   24.95   13.59    4.41 
1976 5	 112.20   26.43   15.05    3.22 
1976 6	  81.17   31.63   20.06    3.44 
1976 7	 120.10   31.67   22.10    2.55 
1976 8	  15.05   35.52   22.44    2.08 
1976 9	 181.32   30.77   19.47    2.45 
1976 10	 112.10   21.50   10.18    3.67 
1976 11	  53.72   16.02    4.69    4.35 
1976 12	  70.70   14.73    2.04    3.94 
1977 1	  46.70    9.20   -1.62    4.48 
1977 2	  79.87   18.44    4.45    4.44 
1977 3	  48.85   21.57    9.09    4.41 
1977 4	 185.77   24.63   12.89    3.81 
1977 5	  60.50   28.42   18.49    3.49 
1977 6	  52.97   33.12   22.14    3.23 
1977 7	   0.05   35.14   23.85    2.74 
1977 8	  24.55   34.73   24.33    3.02 
1977 9	  31.40   33.56   22.54    3.23 
1977 10	  27.03   27.01   15.15    3.16 
1977 11	  79.60   20.45    9.50    3.65 
1977 12	  12.12   16.44    4.34    5.03 
1978 1	  34.20    8.31   -1.20    5.44 
1978 2	  50.05    9.40    0.18    4.70 
1978 3	  57.48   20.16    6.30    3.95 
1978 4	  73.82   26.49   13.64    4.46 
1978 5	  63.75   29.46   18.08    3.78 
1978 6	  82.22   33.21   22.02    2.75 
1978 7	  29.35   38.08   23.91    2.89 
1978 8	  74.25   35.79   23.26    2.81 
1978 9	  49.15   31.53   21.48    3.48 
1978 10	  44.90   29.06   14.52    3.13 
1978 11	 149.00   21.01    9.58    3.80 
1978 12	  69.70   14.70    1.82    4.70 
1979 1	  55.10    7.55   -1.51    5.22 
1979 2	  76.82   13.27    2.11    4.75 
1979 3	 135.25   21.14    9.14    4.53 
1979 4	 107.68   24.00   13.46    3.62 
1979 5	 238.12   26.24   15.41    3.99 
1979 6	 126.77   31.50   20.78    3.04 
1979 7	 132.65   33.68   23.10    2.89 
1979 8	  69.03   33.63   21.92    2.29 
1979 9	  74.77   31.02   18.31    3.44 
1979 10	  38.00   29.64   14.31    3.67 
1979 11	  19.92   19.16    5.74    4.79 
1979 12	  94.32   16.85    3.39    4.30 
1980 1	  32.33   14.32    3.83    3.83 
1980 2	  54.58   15.54    2.08    4.50 
1980 3	  62.25   20.49    5.24    4.21 
1980 4	  69.93   24.45   10.66    4.04 
1980 5	 172.85   28.25   17.15    3.27 
1980 6	  19.82   34.67   21.86    3.90 
1980 7	   0.10   37.72   23.19    2.41 
1980 8	   0.25   36.61   23.12    3.73 
1980 9	  88.67   33.08   21.02    2.80 
1980 10	  23.02   26.66   12.29    3.68 
1980 11	  83.55   20.43    7.16    4.06 
1980 12	  34.05   16.77    5.02    4.00 
1981 1	  31.55   14.78    2.63    3.93 
1981 2	  75.72   16.34    5.04    4.39 
1981 3	  74.00   19.67    8.74    4.14 
1981 4	  57.45   27.13   15.96    4.30 
1981 5	  97.10   28.52   16.25    4.07 
1981 6	 318.87   31.68   21.49    3.37 
1981 7	  33.08   34.76   23.23    2.78 
1981 8	  75.25   34.76   22.08    2.55 
1981 9	 115.17   31.32   18.46    2.98 
1981 10	 201.50   25.91   14.58    3.74 
1981 11	  26.32   21.88    8.57    3.68 
1981 12	  13.30   15.50    3.57    4.43 
1982 1	  25.75   15.10    0.61    5.21 
1982 2	  29.50   14.07    1.99    4.52 
1982 3	  49.13   20.95   10.98    5.22 
1982 4	  80.32   24.30   12.65    4.44 
1982 5	 123.55   28.91   17.85    4.06 
1982 6	  41.12   33.06   20.51    3.13 
1982 7	   6.10   36.69   23.19    3.22 
1982 8	  51.85   37.41   23.37    2.78 
1982 9	   7.43   34.38   18.68    3.37 
1982 10	  47.15   26.51   12.96    3.99 
1982 11	 112.85   19.48    8.40    4.00 
1982 12	  68.90   16.38    5.12    4.89 
1983 1	  48.00   13.00    1.90    3.87 
1983 2	  89.38   15.09    3.43    4.58 
1983 3	  94.65   19.39    6.79    4.32 
1983 4	   3.53   24.11    9.88    4.96 
1983 5	 247.82   28.35   15.37    3.86 
1983 6	  15.77   30.88   18.94    2.89 
1983 7	  20.05   34.52   21.64    3.08 
1983 8	 114.30   34.41   21.44    1.89 
1983 9	  95.83   31.75   17.84    3.30 
1983 10	  26.02   27.98   13.65    3.23 
1983 11	  56.03   22.66    8.58    4.32 
1983 12	  28.87    9.98   -1.95    5.01 
1984 1	  30.20   12.01   -0.54    4.50 
1984 2	  13.50   19.41    3.57    4.58 
1984 3	  94.55   22.49    8.55    4.45 
1984 4	  14.00   27.62   12.05    4.43 
1984 5	  28.45   31.28   17.22    4.44 
1984 6	 132.03   33.48   20.81    3.55 
1984 7	  77.95   35.59   22.31    2.67 
1984 8	  13.45   36.25   22.27    2.70 
1984 9	  52.10   30.84   18.17    4.21 
1984 10	 227.12   25.08   14.93    3.66 
1984 11	  72.47   19.70    7.63    4.41 
1984 12	 106.08   18.31    7.84    4.88 
1985 1	  33.00   11.32   -1.30    4.41 
1985 2	 133.75   12.97    2.32    4.72 
1985 3	 143.45   21.84   11.16    4.68 
1985 4	  79.28   25.99   14.31    4.54 
1985 5	  72.50   29.35   17.65    3.49 
1985 6	  95.28   32.27   20.70    3.56 
1985 7	  32.48   35.02   21.76    2.69 
1985 8	   9.23   37.69   23.34    2.56 
1985 9	 200.23   32.48   19.45    3.89 
1985 10	 204.35   25.19   15.48    4.77 
1985 11	 158.97   20.49    9.94    4.59 
1985 12	  65.50   14.21    0.63    4.12 
1986 1	  14.50   17.28    3.14    4.34 
1986 2	 178.48   19.17    6.32    4.40 
1986 3	  11.02   23.18    8.78    3.86 
1986 4	 117.43   26.12   15.06    4.38 
1986 5	  97.62   27.51   17.30    3.90 
1986 6	 123.08   31.96   21.75    2.33 
1986 7	   0.15   36.58   23.06    2.95 
1986 8	  48.88   35.27   22.59    2.48 
1986 9	 182.95   31.85   22.25    3.09 
1986 10	 174.32   24.61   14.13    3.51 
1986 11	  62.13   18.35    7.52    4.26 
1986 12	 130.98   13.07    4.41    4.10 
1987 1	  25.55   14.09    1.75    4.12 
1987 2	  87.32   16.40    6.19    4.68 
1987 3	  41.73   19.68    6.09    3.81 
1987 4	  34.85   26.03   10.42    3.03 
1987 5	 108.53   29.00   18.33    3.26 
1987 6	 154.80   31.13   20.86    3.12 
1987 7	  79.20   33.54   22.10    2.84 
1987 8	  16.77   36.08   23.43    2.91 
1987 9	  79.93   31.93   18.34    2.98 
1987 10	   5.65   26.85   11.66    3.62 
1987 11	 117.45   20.62    7.57    4.13 
1987 12	  92.45   15.60    3.91    4.27 
1988 1	   9.65   12.72   -0.03    4.78 
1988 2	  24.50   15.94    2.71    4.51 
1988 3	  69.32   21.26    7.04    4.59 
1988 4	  22.38   26.39   10.76    3.52 
1988 5	  58.70   28.82   16.03    3.44 
1988 6	  81.12   31.96   19.77    2.85 
1988 7	 137.90   34.70   22.26    2.88 
1988 8	  19.80   36.84   23.29    2.59 
1988 9	  42.05   33.64   19.89    3.60 
1988 10	  54.95   27.35   13.88    3.43 
1988 11	  23.12   23.39    8.16    4.71 
1988 12	  57.20   16.88    4.38    4.10 
1989 1	  77.00   16.20    4.61    4.20 
1989 2	  87.07   12.27    1.82    5.81 
1989 3	  70.25   19.91    7.01    4.91 
1989 4	  15.70   25.27   12.67    4.25 
1989 5	 173.45   29.57   18.50    4.41 
1989 6	 116.58   30.89   19.84    3.76 
1989 7	  12.13   34.46   21.58    2.69 
1989 8	  78.22   33.47   21.86    2.78 
1989 9	   9.23   31.20   16.99    3.53 
1989 10	  53.05   28.17   13.42    3.83 
1989 11	  20.65   21.50    7.98    4.31 
1989 12	   5.33   11.05   -2.75    4.71 
1990 1	  63.42   18.50    5.13    4.35 
1990 2	  73.12   19.29    6.31    4.87 
1990 3	 132.07   19.88    9.54    4.87 
1990 4	  91.00   24.63   12.73    4.57 
1990 5	  85.53   29.63   17.45    4.52 
1990 6	  14.55   35.69   22.50    3.67 
1990 7	  53.98   33.76   21.29    2.85 
1990 8	  22.98   35.99   22.26    2.66 
1990 9	 144.00   32.23   20.20    2.17 
1990 10	  94.05   26.86   11.58    3.60 
1990 11	  72.92   22.13    9.72    4.27 
1990 12	  17.67   15.64    2.23    4.39 
1991 1	 129.80   11.72    2.16    4.43 
1991 2	  35.92   18.77    6.21    4.12 
1991 3	   9.25   22.75    9.79    4.78 
1991 4	  44.70   25.76   14.60    4.37 
1991 5	 182.85   28.34   18.43    4.06 
1991 6	 100.70   31.94   20.15    2.99 
1991 7	 101.00   33.25   20.86    2.50 
1991 8	  87.35   34.34   21.22    2.27 
1991 9	 180.45   27.84   16.53    3.15 
1991 10	  69.20   25.30   10.95    3.46 
1991 11	  24.35   15.82    3.51    4.96 
1991 12	 228.82   13.20    3.50    4.68 
1992 1	 108.85   10.88    1.62    3.70 
1992 2	 159.20   15.91    4.54    4.11 
1992 3	 110.67   19.27    6.91    4.15 
1992 4	  36.97   20.95    9.08    3.37 
1992 5	 277.95   22.50   11.89    3.21 
1992 6	  87.60   25.73   15.36    2.54 
1992 7	  55.58   25.25   15.75    3.81 
1992 8	  42.35   34.77   20.46    2.48 
1992 9	  82.80   32.27   19.42    3.61 
1992 10	  13.90   28.87   13.16    3.50 
1992 11	 101.80   18.60    6.09    4.22 
1992 12	  88.05   16.76    5.91    3.89 
1993 1	  92.62   13.90    3.41    4.07 
1993 2	  77.85   17.16    5.58    4.47 
1993 3	 133.20   20.75    7.62    3.87 
1993 4	  96.28   23.87   11.46    4.68 
1993 5	 156.83   28.16   15.96    3.62 
1993 6	 114.30   31.83   21.57    4.05 
1993 7	   0.00   34.38   23.10    3.69 
1993 8	   0.03   36.45   23.57    2.76 
1993 9	 134.55   33.37   18.61    3.10 
1993 10	  68.25   25.74   13.31    4.04 
1993 11	  28.08   17.94    5.49    4.25 
1993 12	  42.00   16.33    5.44    4.47 
1994 1	  25.33   15.77    3.40    4.88 
1994 2	  78.57   17.96    4.39    4.47 
1994 3	  32.38   23.05   10.34    3.88 
1994 4	  55.30   26.18   13.37    4.30 
1994 5	 143.70   27.79   17.22    3.36 
1994 6	  57.97   33.79   21.89    2.93 
1994 7	  15.98   36.53   22.70    3.42 
1994 8	  28.00   35.10   21.71    2.30 
1994 9	  88.20   32.70   17.69    2.36 
1994 10	 104.25   27.09   15.21    3.74 
1994 11	  29.65   21.98   10.67    4.58 
1994 12	 101.10   16.68    5.83    4.00 
1995 1	  22.05   17.08    4.36    4.80 
1995 2	  24.63   19.52    6.55    3.85 
1995 3	  66.35   19.46    8.57    4.60 
1995 4	  73.65   24.08   11.57    4.54 
1995 5	 147.63   29.03   17.96    4.14 
1995 6	  28.97   31.22   19.15    3.01 
1995 7	  32.00   35.48   22.09    2.81 
1995 8	  29.80   35.16   22.39    2.12 
1995 9	  29.23   32.15   18.77    2.61 
1995 10	  19.88   29.04   11.56    4.31 
1995 11	  20.60   20.77    7.48    4.30 
1995 12	  18.08   16.67    4.44    4.66 
1996 1	   4.05   16.57   -0.29    5.03 
1996 2	   2.22   20.90    4.28    5.37 
1996 3	  38.03   18.97    4.19    4.79 
1996 4	  39.08   27.16    9.97    4.71 
1996 5	 103.00   32.48   20.64    4.77 
1996 6	  50.28   33.82   20.96    3.12 
1996 7	  29.55   36.65   23.66    3.07 
1996 8	 141.98   34.19   22.34    2.92 
1996 9	 241.40   30.62   18.06    2.32 
1996 10	  16.15   25.40   13.26    4.38 
1996 11	 114.22   19.76    7.56    4.67 
1996 12	  55.15   16.83    3.73    4.25 
1997 1	  43.75   13.43    1.72    5.06 
1997 2	 149.93   14.92    4.94    4.66 
1997 3	  66.70   20.88    8.70    3.80 
1997 4	 214.30   21.66    9.61    4.57 
1997 5	 145.95   26.99   14.64    3.34 
1997 6	  96.93   30.31   17.68    2.63 
1997 7	  52.38   35.13   23.07    2.07 
1997 8	  17.80   34.42   21.69    2.87 
1997 9	  19.55   33.26   19.50    2.62 
1997 10	 101.38   26.50   13.22    4.20 
1997 11	 113.55   17.80    6.03    4.11 
1997 12	 147.38   15.12    1.79    4.45 
1998 1	 116.90   16.82    4.81    4.36 
1998 2	 112.15   16.31    4.72    4.18 
1998 3	  49.40   19.06    7.29    5.00 
1998 4	  22.15   24.60   10.53    3.99 
1998 5	   7.78   31.78   17.88    3.75 
1998 6	   4.98   35.29   22.28    4.84 
1998 7	  35.12   38.22   24.10    3.36 
1998 8	  42.27   35.56   22.58    2.09 
1998 9	 221.75   32.81   20.32    3.76 
1998 10	 333.60   26.43   15.40    4.38 
1998 11	  87.98   21.54   11.33    3.95 
1998 12	  62.23   14.87    5.24    4.71 
1999 1	  36.78   17.59    3.51    5.28 
1999 2	   1.70   21.07    6.86    4.31 
1999 3	  53.78   20.10    7.55    4.47 
1999 4	  44.70   26.88   14.33    4.94 
1999 5	 110.62   28.48   16.80    3.40 
1999 6	  78.70   31.86   21.79    3.38 
1999 7	 105.68   33.70   21.64    2.43 
1999 8	  13.90   37.27   19.49    1.96 
1999 9	  43.12   34.24   18.84    3.16 
1999 10	  55.32   27.90   11.39    3.59 
1999 11	   3.18   24.22    7.78    3.52 
1999 12	  46.72   17.95    3.36    4.69 
2000 1	  73.03   17.23    3.86    4.93 
2000 2	  49.03   20.65    6.82    4.89 
2000 3	  44.88   23.05    9.97    4.00 
2000 4	 121.77   24.59   11.80    4.01 
2000 5	  31.80   29.71   18.95    4.22 
2000 6	 156.52   31.53   21.09    3.67 
2000 7	   1.33   36.60   23.00    2.63 
2000 8	  20.00   38.34   22.85    2.09 
2000 9	  86.25   34.25   18.62    3.43 
2000 10	 116.67   25.34   15.55    4.09 
2000 11	 201.52   16.92    6.20    4.45 
2000 12	  75.35   10.77    0.26    4.68 
2001 1	  76.80   12.33    1.66    4.24 
2001 2	  19.75   18.09    5.39    4.34 
2001 3	  69.47   15.63    6.02    3.70 
2001 4	  24.88   25.37   13.52    4.93 
2001 5	 116.68   29.13   17.68    3.63 
2001 6	  90.00   31.82   20.68    2.52 
2001 7	   1.73   34.59   22.56    2.50 
2001 8	 250.98   34.54   23.08    2.80 
2001 9	  24.67   29.57   17.74    3.37 
2001 10	  79.25   25.15   10.88    3.82 
2001 11	 157.60   21.01    9.59    3.53 
2001 12	  98.50   16.51    4.85    4.07 
2002 1	  31.67   16.43    2.86    4.14 
2002 2	  28.80   15.73    1.62    4.46 
2002 3	  31.85   18.05    5.18    4.93 
2002 4	   8.40   26.16   16.67    4.62 
2002 5	  70.40   29.97   17.90    4.64 
2002 6	  77.62   32.02   20.29    3.06 
2002 7	  62.02   32.49   22.16    2.98 
2002 8	  55.67   34.57   22.59    2.55 
2002 9	  55.65   32.97   19.41    3.79 
2002 10	 134.42   24.33   13.99    3.18 
2002 11	  52.08   19.28    5.83    4.16 
2002 12	 132.80   15.92    4.24    4.74 
2003 1	  18.58   14.24    1.98    4.23 
2003 2	  94.70   14.22    4.23    4.48 
2003 3	  28.12   19.07    6.81    3.27 
2003 4	   9.78   26.53   12.01    4.12 
2003 5	  27.72   30.48   18.31    3.96 
2003 6	 123.75   31.87   19.86    2.54 
2003 7	  47.35   34.90   22.74    2.61 
2003 8	  54.60   35.20   22.56    2.20 
2003 9	  68.17   30.31   18.12    2.84 
2003 10	 119.75   27.87   13.83    3.28 
2003 11	  36.05   22.22    9.83    4.51 
2003 12	  21.45   18.49    2.48    4.50 
2004 1	  74.47   16.97    4.55    4.67 
2004 2	 117.72   14.12    2.88    4.41 
2004 3	  40.05   23.69   11.87    3.99 
2004 4	 142.57   25.52   13.25    4.35 
2004 5	 151.95   28.44   17.93    4.21 
2004 6	 327.50   30.12   20.77    2.89 
2004 7	  20.48   33.19   21.46    2.19 
2004 8	 112.93   31.98   20.21    2.81 
2004 9	  19.95   31.58   18.55    2.60 
2004 10	 169.00   27.36   17.48    3.89 
2004 11	 200.13   20.15    9.13    4.16 
2004 12	  29.80   15.98    2.26    4.49 
2005 1	  81.50   16.61    5.19    4.45 
2005 2	  78.80   16.35    5.85    4.28 
2005 3	  70.63   20.60    7.58    3.77 
2005 4	  13.68   25.71   11.18    4.12 
2005 5	 142.38   28.38   16.19    3.31 
2005 6	  12.73   32.86   21.17    2.97 
2005 7	 124.67   34.49   21.94    2.59 
2005 8	 208.18   33.80   21.89    2.40 
2005 9	  23.42   34.44   20.41    3.13 
2005 10	  49.67   27.42   11.59    3.75 
2005 11	  27.75   24.33    8.53    4.32 
2005 12	   5.15   17.30    0.25    4.38 
2006 1	  49.28   21.58    2.93    4.67 
2006 2	  44.67   17.31    2.44    4.52 
2006 3	  99.65   23.34    9.87    4.77 
2006 4	  77.65   28.71   14.99    4.33 
2006 5	 119.45   30.41   16.94    3.62 
2006 6	  69.53   32.98   19.84    2.16 
2006 7	  25.15   34.46   21.83    2.30 
2006 8	  10.40   37.07   22.72    2.57 
2006 9	  93.90   32.49   17.44    2.87 
2006 10	 112.53   28.48   12.37    3.98 
2006 11	  13.75   22.95    7.52    4.16 
2006 12	  78.65   17.22    3.29    4.54 
2007 1	 199.18   12.90    0.49    4.65 
2007 2	   6.10   17.04    2.44    4.16 
2007 3	 204.68   23.21   10.97    4.21 
2007 4	  62.33   22.65   10.29    4.09 
2007 5	 315.43   27.26   16.69    3.71 
2007 6	 189.20   30.81   20.12    2.99 
2007 7	 126.15   31.09   21.36    2.79 
2007 8	  15.85   34.22   22.52    2.15 
2007 9	  66.87   31.90   19.78    2.34 
2007 10	  25.62   28.15   13.44    3.66 
2007 11	  45.15   22.07    9.11    3.73 
2007 12	  47.07   18.74    2.15    3.66 
2008 1	  25.98   15.04    0.96    4.86 
2008 2	  22.77   20.80    3.52    4.69 
2008 3	 116.30   22.04    7.45    5.18 
2008 4	  70.43   25.59   11.36    4.26 
2008 5	 130.35   29.18   17.16    4.36 
2008 6	   8.57   34.63   22.03    3.56 
2008 7	  31.05   35.87   21.44    2.95 
2008 8	 117.23   35.16   22.05    2.35 
2008 9	   8.62   31.73   17.29    3.71 
2008 10	  20.45   27.85   11.46    3.35 
2008 11	  17.25   23.16    7.34    3.57 
2008 12	  12.90   17.19    0.87    5.13 
2009 1	  20.95   16.71    0.13    4.22 
2009 2	  27.15   22.03    4.91    5.03 
2009 3	  83.83   22.32    8.04    4.50 
2009 4	 106.35   25.19   11.55    4.69 
2009 5	  61.12   29.70   17.77    3.53 
2009 6	   2.85   35.72   22.05    3.06 
2009 7	  41.88   37.22   23.94    2.67 
2009 8	  19.38   36.99   23.00    2.17 
2009 9	 296.45   29.40   19.15    2.43 
2009 10	 280.15   23.69   12.69    4.22 
2009 11	  50.22   21.42    9.02    3.72 
2009 12	  46.03   11.68    1.64    4.45 
2010 1	  85.15   13.31    1.49    4.53 
2010 2	  72.05   11.31    1.41    4.40 
2010 3	  93.10   19.44    6.11    3.82 
2010 4	  45.88   25.30   12.36    4.36 
2010 5	  26.48   31.01   17.77    3.51 
2010 6	  62.40   33.74   22.65    3.18 
2010 7	  91.60   33.78   23.54    2.95 
2010 8	   6.38   37.27   23.58    2.19 
2010 9	 220.65   32.07   19.87    3.23 
2010 10	   9.97   28.22   12.06    3.38 
2010 11	  24.98   22.14    7.66    4.76 
2010 12	  24.88   16.77    2.69    4.75 
