1949 1	 101.32   11.63   -0.94    3.83 
1949 2	  85.12   15.90    2.42    3.53 
1949 3	  71.70   19.92    6.35    4.04 
1949 4	  61.10   22.48   10.43    3.64 
1949 5	  76.90   29.81   17.46    3.42 
1949 6	  55.78   32.96   20.41    2.69 
1949 7	 100.50   35.22   21.58    2.41 
1949 8	  58.45   34.95   19.45    2.28 
1949 9	  18.62   33.31   16.18    2.73 
1949 10	 177.20   24.99   11.39    3.72 
1949 11	   8.25   23.23    4.15    3.31 
1949 12	  34.90   16.97    3.81    4.42 
1950 1	  70.30   16.35    5.20    4.14 
1950 2	 139.10   16.56    5.41    3.21 
1950 3	  34.50   20.13    5.25    4.27 
1950 4	 132.07   23.20   10.93    4.03 
1950 5	  85.08   27.95   17.18    3.29 
1950 6	  53.33   31.45   20.42    2.96 
1950 7	  64.25   33.48   22.01    2.87 
1950 8	  34.62   35.72   21.44    2.28 
1950 9	  66.90   30.35   18.39    2.66 
1950 10	  24.62   30.13   13.56    3.12 
1950 11	  15.47   20.66    4.30    4.00 
1950 12	  17.10   16.31    1.51    3.51 
1951 1	  58.53   15.81    0.96    4.42 
1951 2	  69.43   15.67    2.44    4.22 
1951 3	  32.50   21.92    7.29    4.14 
1951 4	  66.47   25.42   10.73    4.12 
1951 5	  57.48   29.28   15.88    3.45 
1951 6	 109.05   33.08   21.09    3.63 
1951 7	  11.60   38.26   23.82    2.34 
1951 8	  26.08   40.22   24.47    2.33 
1951 9	 104.37   33.38   19.29    2.67 
1951 10	  68.85   28.47   13.38    3.05 
1951 11	  16.33   18.86    4.34    4.22 
1951 12	  20.12   17.92    2.46    4.47 
1952 1	  29.73   19.06    6.27    4.10 
1952 2	  80.73   18.72    5.57    4.29 
1952 3	  79.40   19.77    5.77    3.91 
1952 4	 150.02   23.35   10.03    3.54 
1952 5	 133.65   28.96   15.30    2.80 
1952 6	   2.55   35.01   21.93    2.76 
1952 7	  55.90   36.20   22.80    2.09 
1952 8	   0.30   39.95   24.07    2.93 
1952 9	   7.65   35.06   18.17    2.96 
1952 10	   4.38   28.06    8.33    3.04 
1952 11	 197.77   20.01    6.42    3.92 
1952 12	 117.18   13.30    2.22    3.37 
1953 1	  22.63   17.77    3.70    4.65 
1953 2	  46.70   16.12    3.04    3.58 
1953 3	  96.42   22.78    9.85    3.50 
1953 4	  68.53   24.19    9.61    3.56 
1953 5	 165.90   28.42   16.72    3.08 
1953 6	  14.25   36.81   22.73    2.54 
1953 7	  40.33   35.55   22.86    2.29 
1953 8	  67.85   36.21   22.03    2.02 
1953 9	  54.27   34.17   16.81    2.23 
1953 10	 105.05   29.23   13.51    2.75 
1953 11	  48.85   18.38    5.54    3.38 
1953 12	 134.25   13.44    1.75    3.85 
1954 1	  53.88   14.55    2.30    3.89 
1954 2	  12.35   21.22    5.09    3.84 
1954 3	  22.70   20.07    5.82    4.17 
1954 4	  88.45   27.22   14.43    3.72 
1954 5	  95.75   26.47   14.75    3.13 
1954 6	   0.62   35.88   21.24    2.84 
1954 7	  15.88   40.17   24.51    2.80 
1954 8	  14.25   39.24   23.23    2.84 
1954 9	  78.22   36.72   19.31    2.72 
1954 10	 100.03   28.03   15.01    3.19 
1954 11	  75.50   20.17    5.48    3.49 
1954 12	  30.15   17.32    2.87    3.63 
1955 1	  53.55   13.79    2.38    3.20 
1955 2	  86.15   15.39    3.37    4.39 
1955 3	  68.05   20.79    7.72    4.33 
1955 4	  65.18   27.29   13.74    3.72 
1955 5	 101.78   30.92   17.94    3.27 
1955 6	  72.65   32.63   19.13    2.49 
1955 7	  22.28   37.07   22.85    2.47 
1955 8	 143.40   35.56   21.86    2.00 
1955 9	  97.55   34.40   19.95    2.44 
1955 10	  16.95   28.99   11.58    3.28 
1955 11	  36.77   21.54    4.49    4.55 
1955 12	   0.00   15.62    2.09    3.96 
1956 1	  84.62   14.44    1.27    4.02 
1956 2	  77.15   15.91    3.65    3.78 
1956 3	   5.88   21.51    6.66    3.51 
1956 4	  71.18   25.36   11.46    3.82 
1956 5	 110.20   31.76   18.65    3.14 
1956 6	  46.62   34.71   21.12    2.76 
1956 7	   4.95   38.93   23.62    3.24 
1956 8	  53.23   38.58   22.60    2.84 
1956 9	   2.90   34.95   17.96    2.90 
1956 10	  31.80   29.70   13.68    2.70 
1956 11	 129.35   18.57    3.97    3.69 
1956 12	  61.75   17.34    3.67    3.56 
1957 1	  88.67   11.98    1.76    3.65 
1957 2	  31.32   17.24    7.63    3.21 
1957 3	 120.90   18.13    5.71    3.40 
1957 4	 402.10   22.11   11.29    4.13 
1957 5	 193.65   27.55   16.78    3.60 
1957 6	  72.65   31.87   20.65    2.81 
1957 7	  19.92   37.77   23.35    1.85 
1957 8	  57.57   35.80   21.46    2.65 
1957 9	 137.88   31.03   16.64    3.04 
1957 10	 161.62   23.06   10.27    3.63 
1957 11	 184.85   16.65    6.40    4.04 
1957 12	  31.85   17.91    4.37    3.87 
1958 1	  59.22   13.02    0.99    4.56 
1958 2	  33.28   12.02    1.57    4.59 
1958 3	  54.65   15.32    4.90    3.78 
1958 4	 195.48   22.77   10.88    3.46 
1958 5	  59.95   29.66   16.47    2.71 
1958 6	  40.55   34.48   21.59    2.73 
1958 7	  54.13   36.30   23.30    3.15 
1958 8	 118.62   36.65   22.43    2.27 
1958 9	 109.08   30.96   20.35    2.97 
1958 10	  36.88   24.34   13.01    3.78 
1958 11	  63.45   21.53    7.11    3.32 
1958 12	  26.50   13.55   -0.05    3.74 
1959 1	  10.10   11.88   -0.96    4.17 
1959 2	  87.72   14.06    3.58    4.02 
1959 3	  35.45   20.65    4.75    4.08 
1959 4	 108.03   22.83   10.39    3.97 
1959 5	 199.92   28.99   18.58    3.43 
1959 6	 242.38   31.96   20.53    2.79 
1959 7	  67.22   34.21   22.17    1.73 
1959 8	  51.03   36.01   22.38    2.30 
1959 9	  81.93   33.37   19.91    3.25 
1959 10	 196.07   26.37   12.73    3.25 
1959 11	  27.50   17.97    3.08    4.02 
1959 12	 107.35   16.56    4.54    4.07 
1960 1	  72.38   12.23    2.55    3.88 
1960 2	  59.28   12.65    0.37    4.45 
1960 3	  14.52   15.73    3.88    3.73 
1960 4	  45.30   27.19   13.53    4.05 
1960 5	  66.78   28.93   15.14    3.66 
1960 6	 167.47   34.68   21.01    2.91 
1960 7	  14.30   36.47   23.16    2.00 
1960 8	  89.22   35.88   22.96    2.45 
1960 9	  33.47   34.22   19.36    2.16 
1960 10	 131.43   27.78   15.49    2.73 
1960 11	  49.55   21.30    7.54    3.64 
1960 12	 219.80   11.87    2.23    3.76 
1961 1	 139.07   11.55   -0.25    3.95 
1961 2	  97.95   17.31    5.50    3.77 
1961 3	 115.73   22.40    9.41    4.04 
1961 4	  37.50   24.72   10.85    4.27 
1961 5	  93.20   29.21   16.86    3.92 
1961 6	 162.95   30.73   20.23    2.82 
1961 7	  90.67   32.60   22.45    2.36 
1961 8	  36.00   35.05   21.24    1.97 
1961 9	  93.72   31.85   19.62    4.17 
1961 10	  59.12   26.55   12.45    3.38 
1961 11	 129.53   18.31    6.26    4.17 
1961 12	  75.70   13.82    2.79    3.57 
1962 1	  38.15   11.13   -2.44    4.33 
1962 2	  53.90   20.77    6.11    4.06 
1962 3	  31.32   18.45    5.18    4.01 
1962 4	 113.07   23.45   11.86    3.90 
1962 5	  58.00   30.26   18.09    4.19 
1962 6	 128.32   31.91   20.35    2.21 
1962 7	  19.92   35.25   22.74    2.23 
1962 8	  10.65   37.57   22.85    2.26 
1962 9	 140.85   32.19   19.80    2.39 
1962 10	 167.95   27.77   15.75    3.16 
1962 11	  63.78   19.15    6.81    4.02 
1962 12	  36.57   14.36    2.98    3.42 
1963 1	  19.75    9.50   -3.16    3.90 
1963 2	  18.65   15.80   -0.02    4.40 
1963 3	  20.58   23.50    7.99    4.04 
1963 4	 164.55   27.45   14.82    4.59 
1963 5	 100.72   29.14   17.69    3.33 
1963 6	  35.70   33.87   21.58    2.62 
1963 7	  36.18   36.36   23.28    3.05 
1963 8	  12.65   37.62   23.22    2.22 
1963 9	  29.35   33.48   19.61    2.61 
1963 10	   2.60   31.60   14.25    1.89 
1963 11	  72.25   22.52    7.07    4.17 
1963 12	  41.15   10.36   -1.46    4.33 
1964 1	  67.40   14.66   -0.30    3.85 
1964 2	  53.85   13.08    0.19    3.70 
1964 3	  67.65   19.81    5.41    3.84 
1964 4	  52.70   25.97   13.66    4.48 
1964 5	  68.43   29.91   17.99    3.26 
1964 6	  41.73   32.88   21.22    3.05 
1964 7	   4.15   37.88   23.45    2.55 
1964 8	  23.23   36.46   24.26    2.79 
1964 9	 100.85   31.98   20.34    2.47 
1964 10	  13.73   25.55   11.13    3.53 
1964 11	  81.85   21.98    8.86    3.51 
1964 12	  23.07   15.20    2.26    4.28 
1965 1	  72.10   15.97    2.60    3.83 
1965 2	 115.33   13.68    1.57    4.51 
1965 3	  47.83   15.50    2.99    4.14 
1965 4	  46.17   26.84   14.44    3.76 
1965 5	 239.02   27.44   18.48    4.10 
1965 6	  41.60   31.88   20.84    2.95 
1965 7	   4.78   36.28   23.03    2.17 
1965 8	  72.35   35.80   21.99    2.14 
1965 9	  92.60   32.10   19.90    3.48 
1965 10	  31.70   25.52   11.68    3.39 
1965 11	  88.53   23.62   10.97    3.28 
1965 12	  74.15   16.65    4.72    3.76 
1966 1	  50.55   11.11    0.52    4.33 
1966 2	  67.78   13.79    1.74    4.09 
1966 3	  58.67   20.31    7.12    3.83 
1966 4	 367.37   24.63   12.33    4.23 
1966 5	  47.12   27.71   17.09    3.20 
1966 6	  50.10   31.94   20.23    2.46 
1966 7	  66.45   35.95   23.43    2.20 
1966 8	 119.50   33.28   21.15    2.22 
1966 9	  82.07   29.57   17.48    2.00 
1966 10	  13.28   26.11    9.85    3.46 
1966 11	   3.42   23.47    7.85    3.64 
1966 12	  47.53   14.90    0.47    3.95 
1967 1	  10.38   15.24    1.18    4.04 
1967 2	  27.05   15.51    1.07    3.75 
1967 3	  44.08   24.49    9.22    4.10 
1967 4	  99.12   27.42   15.83    4.66 
1967 5	 107.62   27.98   15.30    4.21 
1967 6	  31.53   33.08   21.01    3.26 
1967 7	  88.97   34.49   20.77    3.15 
1967 8	  23.02   34.94   20.31    2.08 
1967 9	 256.77   28.48   17.43    3.12 
1967 10	 265.23   25.47   11.16    3.27 
1967 11	  82.97   19.41    6.66    3.39 
1967 12	 115.45   13.80    2.24    3.68 
1968 1	  98.63   10.57    2.80    4.22 
1968 2	  67.65   12.78    1.09    3.61 
1968 3	  87.97   17.85    6.03    4.11 
1968 4	 115.97   23.69   12.31    4.18 
1968 5	 313.85   27.51   16.03    3.59 
1968 6	 146.70   30.86   20.25    2.70 
1968 7	  60.30   32.44   21.36    2.32 
1968 8	  12.32   34.75   21.72    2.59 
1968 9	  86.55   30.24   16.20    2.85 
1968 10	  26.42   26.56   12.14    2.89 
1968 11	 152.65   18.90    4.87    4.01 
1968 12	  43.38   15.77    1.60    4.37 
1969 1	  48.50   14.94    2.76    4.22 
1969 2	  72.53   14.88    3.95    4.15 
1969 3	 133.50   14.78    4.20    4.13 
1969 4	  84.88   24.28   12.62    3.48 
1969 5	 213.43   28.00   15.96    2.48 
1969 6	  14.03   32.65   20.51    3.38 
1969 7	   3.80   37.59   23.97    2.50 
1969 8	  34.80   36.19   22.55    2.39 
1969 9	  68.10   31.95   18.36    2.48 
1969 10	 154.35   25.61   12.30    4.25 
1969 11	  48.30   19.39    4.98    3.35 
1969 12	 118.78   16.09    3.23    3.10 
1970 1	  30.77   10.61   -0.95    3.76 
1970 2	 115.00   14.90    2.61    3.93 
1970 3	 114.93   16.27    5.41    3.91 
1970 4	  72.80   24.94   13.56    4.18 
1970 5	  68.70   27.80   15.67    3.46 
1970 6	  10.42   32.50   19.72    2.64 
1970 7	  11.10   35.11   21.53    2.29 
1970 8	  52.25   36.20   22.64    2.47 
1970 9	 131.80   30.77   19.35    3.25 
1970 10	 162.05   23.62   11.28    3.45 
1970 11	  16.73   18.76    4.47    4.28 
1970 12	  25.82   18.97    6.15    3.63 
1971 1	   1.95   17.32    2.08    4.22 
1971 2	  57.78   17.20    2.84    4.63 
1971 3	   9.75   20.88    5.68    4.06 
1971 4	  51.05   25.04   11.31    3.86 
1971 5	  72.62   28.34   15.89    3.59 
1971 6	  52.10   34.18   21.80    3.14 
1971 7	 131.38   34.91   23.21    2.72 
1971 8	  55.77   31.45   21.21    1.84 
1971 9	  52.22   31.34   19.58    3.00 
1971 10	 147.90   26.58   15.01    2.76 
1971 11	  93.50   20.21    7.37    3.65 
1971 12	 204.67   16.26    6.54    3.66 
1972 1	  76.33   13.66    1.49    4.36 
1972 2	   5.32   17.30    3.51    4.08 
1972 3	  19.02   23.64    9.12    3.93 
1972 4	  51.80   26.89   13.46    4.42 
1972 5	  42.22   29.22   16.24    2.20 
1972 6	 109.87   33.54   21.29    3.09 
1972 7	  29.17   33.42   21.80    3.00 
1972 8	  18.85   35.29   22.27    2.33 
1972 9	  62.10   33.20   21.41    2.20 
1972 10	 178.30   25.90   13.16    3.22 
1972 11	  65.90   15.02    4.59    4.22 
1972 12	  46.90   12.00    0.37    3.86 
1973 1	 114.50   10.70    0.30    4.72 
1973 2	  39.83   13.97    2.72    3.87 
1973 3	 110.47   21.40    9.29    4.05 
1973 4	 185.00   20.81   11.15    4.24 
1973 5	  45.97   27.79   15.34    4.00 
1973 6	 206.10   30.50   19.98    3.09 
1973 7	  95.82   33.57   22.90    2.34 
1973 8	  32.20   34.16   20.71    2.30 
1973 9	 134.77   30.72   19.33    2.73 
1973 10	 168.50   26.89   14.93    3.03 
1973 11	  40.97   22.40   10.63    4.06 
1973 12	  44.12   16.63    2.15    4.11 
1974 1	  58.92   11.83    1.44    3.54 
1974 2	  30.02   17.92    3.57    4.58 
1974 3	  21.38   22.87   11.01    4.76 
1974 4	  63.73   25.73   11.86    4.80 
1974 5	  84.80   29.39   18.79    3.82 
1974 6	  51.02   31.76   19.66    3.08 
1974 7	  26.47   36.42   22.58    2.07 
1974 8	 172.47   33.24   21.71    2.58 
1974 9	 171.95   25.61   16.34    3.73 
1974 10	 206.05   26.52   13.25    3.64 
1974 11	 128.82   18.38    6.98    3.86 
1974 12	  72.40   14.00    2.59    3.51 
1975 1	  49.88   15.61    3.77    3.96 
1975 2	  61.30   14.68    2.15    3.59 
1975 3	  65.25   18.29    6.17    4.52 
1975 4	 182.07   22.87   11.51    4.77 
1975 5	 179.67   27.65   17.10    3.42 
1975 6	  87.37   31.46   20.80    3.06 
1975 7	  37.10   33.90   21.24    2.04 
1975 8	  44.48   34.23   22.34    2.28 
1975 9	  62.18   29.88   17.13    2.76 
1975 10	  25.82   26.81   12.39    3.22 
1975 11	  34.28   21.36    6.65    3.68 
1975 12	  54.72   15.40    2.27    3.87 
1976 1	  14.10   15.13   -0.37    4.21 
1976 2	  21.15   21.15    6.72    4.29 
1976 3	 115.80   21.17    8.38    4.56 
1976 4	 179.65   24.12   12.58    3.92 
1976 5	 212.05   26.02   14.29    2.99 
1976 6	 105.78   30.75   19.46    2.94 
1976 7	 105.75   31.69   21.36    1.97 
1976 8	  69.43   35.20   20.91    1.86 
1976 9	 181.55   29.97   17.99    2.25 
1976 10	 126.53   21.71    9.16    3.50 
1976 11	  24.12   15.41    3.22    3.84 
1976 12	  72.62   14.56    0.72    3.57 
1977 1	  48.75    8.05   -3.60    4.06 
1977 2	  94.17   17.31    3.07    4.05 
1977 3	 129.17   20.98    7.90    4.08 
1977 4	 155.73   24.43   12.47    3.48 
1977 5	  29.15   28.84   18.02    3.18 
1977 6	  18.42   33.91   21.71    2.96 
1977 7	  44.60   36.46   23.57    2.32 
1977 8	  55.53   35.79   23.25    2.76 
1977 9	  33.20   33.94   21.29    3.11 
1977 10	  27.40   27.65   13.36    2.93 
1977 11	  84.88   20.97    9.09    3.28 
1977 12	  12.27   16.40    2.17    4.61 
1978 1	  70.22    7.02   -3.23    4.96 
1978 2	  84.35    8.56   -1.34    4.47 
1978 3	  97.62   19.19    5.37    3.61 
1978 4	  24.83   25.93   13.44    4.08 
1978 5	  99.20   29.35   17.37    3.43 
1978 6	   8.32   34.08   21.20    2.39 
1978 7	  35.98   37.54   24.09    2.52 
1978 8	  73.32   35.04   22.91    2.45 
1978 9	  62.32   31.73   20.98    3.13 
1978 10	  32.55   27.55   12.82    2.78 
1978 11	  94.20   20.63    9.13    3.19 
1978 12	  62.82   14.40    1.66    4.14 
1979 1	  60.20    6.58   -2.30    4.69 
1979 2	  58.85   11.10    0.85    4.25 
1979 3	 122.25   20.53    8.45    4.17 
1979 4	  62.62   23.85   12.46    3.30 
1979 5	 248.25   25.96   15.13    3.52 
1979 6	  43.78   31.15   20.28    2.75 
1979 7	 116.20   32.96   22.98    2.67 
1979 8	  81.90   32.85   21.13    1.88 
1979 9	 105.57   30.33   17.89    3.22 
1979 10	  65.65   28.43   13.43    3.41 
1979 11	  17.17   18.57    4.51    4.17 
1979 12	  97.95   16.05    2.91    3.80 
1980 1	  71.77   13.51    2.76    3.36 
1980 2	  49.53   15.09    1.31    4.00 
1980 3	  59.33   19.72    5.31    3.94 
1980 4	 106.68   23.81    9.52    3.57 
1980 5	  95.65   28.34   17.39    2.89 
1980 6	  13.02   34.50   22.50    3.54 
1980 7	  20.67   38.34   24.21    2.09 
1980 8	   5.03   37.31   23.85    3.29 
1980 9	 102.28   33.88   21.64    2.62 
1980 10	  16.35   26.32   11.36    3.28 
1980 11	  44.30   19.71    6.41    3.72 
1980 12	  83.08   15.97    3.96    3.65 
1981 1	  41.85   14.51    1.32    3.44 
1981 2	  49.23   16.12    3.50    3.68 
1981 3	  69.90   19.46    7.46    3.73 
1981 4	  35.47   27.10   14.67    3.70 
1981 5	 224.25   27.14   15.34    3.79 
1981 6	 244.38   31.03   21.43    3.13 
1981 7	  51.50   34.38   23.10    2.45 
1981 8	  38.90   34.55   21.70    2.26 
1981 9	  30.10   31.30   17.29    2.57 
1981 10	 239.38   25.35   13.45    3.30 
1981 11	  68.12   21.45    6.87    3.15 
1981 12	   8.65   15.11    1.96    4.03 
1982 1	  47.07   14.57   -0.36    4.61 
1982 2	  44.12   13.78    1.61    4.12 
1982 3	  63.28   20.83    9.96    4.65 
1982 4	 110.57   22.86   11.39    4.01 
1982 5	 145.93   27.82   17.43    3.59 
1982 6	 139.32   31.68   20.10    2.56 
1982 7	  87.43   34.58   23.25    2.62 
1982 8	  48.88   35.99   23.40    2.33 
1982 9	   4.60   32.90   18.07    3.08 
1982 10	  60.78   25.82   12.72    3.71 
1982 11	 115.38   18.96    7.50    3.70 
1982 12	  99.43   16.27    3.51    4.44 
1983 1	  23.98   11.92    1.16    3.58 
1983 2	 112.62   14.87    3.38    4.20 
1983 3	  90.03   18.56    6.29    4.06 
1983 4	   1.30   22.48    8.66    4.62 
1983 5	 157.47   27.55   13.88    3.43 
1983 6	 103.70   29.96   19.15    2.63 
1983 7	  41.60   33.56   22.01    2.78 
1983 8	  86.22   34.97   22.99    1.71 
1983 9	  37.43   31.72   17.91    3.00 
1983 10	  54.00   27.02   12.95    2.90 
1983 11	  65.03   21.43    7.71    3.92 
1983 12	  42.07    8.25   -3.14    4.51 
1984 1	  36.38   10.98   -1.87    4.04 
1984 2	  75.15   18.69    2.61    4.15 
1984 3	 123.12   20.89    7.25    3.94 
1984 4	  19.05   25.62   10.98    4.13 
1984 5	  93.50   29.66   16.70    3.92 
1984 6	  62.55   32.66   20.82    3.02 
1984 7	  25.05   35.96   22.19    2.32 
1984 8	  26.58   36.75   22.11    2.42 
1984 9	  11.38   30.89   17.66    3.88 
1984 10	 200.23   25.43   13.81    3.23 
1984 11	  64.25   19.08    5.94    4.06 
1984 12	 135.72   18.00    6.01    4.32 
1985 1	  28.60   10.44   -3.16    4.00 
1985 2	  80.10   12.90    1.09    4.16 
1985 3	  79.15   21.61   10.07    4.27 
1985 4	  55.92   25.78   12.40    3.91 
1985 5	  54.60   28.70   16.27    3.16 
1985 6	  55.17   32.53   19.39    3.19 
1985 7	  96.40   34.43   21.30    2.32 
1985 8	  15.18   37.09   22.24    2.26 
1985 9	 104.75   32.54   17.77    3.54 
1985 10	 273.68   25.28   13.63    4.34 
1985 11	 126.00   19.93    7.86    4.00 
1985 12	  81.95   13.07   -1.75    3.61 
1986 1	   2.12   16.83    1.14    3.98 
1986 2	 128.57   18.13    4.25    4.07 
1986 3	  14.10   22.98    7.28    3.36 
1986 4	  91.95   25.08   12.61    3.86 
1986 5	 162.28   27.40   16.06    3.46 
1986 6	 165.98   31.59   21.42    2.08 
1986 7	  55.83   35.28   23.16    2.51 
1986 8	  39.62   33.99   21.86    2.30 
1986 9	  99.03   31.82   21.13    2.71 
1986 10	 174.23   24.45   13.23    3.12 
1986 11	 134.60   17.30    6.27    3.85 
1986 12	  88.40   12.56    3.07    3.68 
1987 1	  49.68   13.22    1.00    3.70 
1987 2	 103.07   15.97    4.87    4.24 
1987 3	  47.95   19.35    5.47    3.63 
1987 4	  18.73   25.19    9.85    2.83 
1987 5	 174.62   28.94   17.75    2.73 
1987 6	 111.47   31.04   20.15    2.97 
1987 7	  43.77   33.34   21.54    2.59 
1987 8	   8.38   36.12   23.37    2.60 
1987 9	  65.32   31.71   16.81    2.62 
1987 10	  25.13   26.17   10.40    3.32 
1987 11	 112.28   19.85    6.47    3.76 
1987 12	 170.80   13.81    2.77    3.73 
1988 1	  13.75   11.03   -1.29    4.29 
1988 2	  78.48   14.70    1.56    3.88 
1988 3	  81.47   20.08    5.93    4.06 
1988 4	  31.95   25.02    8.94    3.34 
1988 5	  98.70   28.05   14.61    3.06 
1988 6	  36.17   31.49   18.71    2.51 
1988 7	  65.35   34.63   21.76    2.70 
1988 8	  17.58   36.48   22.72    2.26 
1988 9	 170.50   32.43   18.66    3.19 
1988 10	  29.13   24.95   11.38    3.09 
1988 11	  74.40   21.74    6.61    4.32 
1988 12	  72.62   15.82    2.64    3.65 
1989 1	  61.22   15.24    3.29    3.80 
1989 2	  70.80   10.74    0.29    5.04 
1989 3	  75.50   19.14    6.21    4.51 
1989 4	 111.62   24.71   11.72    3.82 
1989 5	 265.55   28.01   17.46    3.92 
1989 6	 126.13   30.02   18.88    3.39 
1989 7	  59.08   32.46   21.31    2.52 
1989 8	  55.77   32.55   20.58    2.34 
1989 9	  50.60   29.76   16.11    3.15 
1989 10	  43.72   27.43   11.98    3.44 
1989 11	  20.73   21.05    7.11    3.86 
1989 12	  13.80   10.09   -4.11    4.21 
1990 1	 199.95   17.25    3.82    3.77 
1990 2	 101.87   18.30    5.12    4.44 
1990 3	 220.15   19.13    9.30    4.23 
1990 4	  62.18   22.92   11.82    3.99 
1990 5	 188.80   27.85   16.74    4.10 
1990 6	  23.45   33.34   22.09    3.13 
1990 7	  31.70   33.77   21.59    2.35 
1990 8	  34.02   35.26   22.45    2.25 
1990 9	  72.13   32.27   20.28    1.93 
1990 10	  66.40   25.89   11.20    3.21 
1990 11	  98.67   21.54    9.02    3.68 
1990 12	  60.37   13.39    0.46    3.84 
1991 1	 105.15   10.39    0.72    3.92 
1991 2	 128.35   17.89    4.57    3.69 
1991 3	  12.97   21.74    8.18    4.33 
1991 4	  81.17   25.12   13.51    3.83 
1991 5	  81.55   28.57   17.94    3.72 
1991 6	  66.43   31.94   20.53    2.59 
1991 7	  64.90   34.47   21.98    2.17 
1991 8	 140.90   32.88   21.58    1.79 
1991 9	 112.35   29.26   18.13    2.84 
1991 10	 106.45   26.57   12.78    3.05 
1991 11	  56.28   16.63    3.95    4.35 
1991 12	 246.87   14.78    4.76    4.03 
1992 1	  97.25   12.61    2.56    3.32 
1992 2	 127.95   17.76    5.39    3.76 
1992 3	 115.33   21.42    8.18    3.71 
1992 4	  49.50   23.91   11.75    3.07 
1992 5	 180.65   26.26   15.40    2.76 
1992 6	 101.65   30.68   19.97    2.39 
1992 7	  80.20   33.51   22.18    3.40 
1992 8	  22.75   32.11   19.23    2.37 
1992 9	  90.95   31.42   18.30    3.36 
1992 10	  48.62   27.65   11.69    3.08 
1992 11	 128.45   17.60    4.94    3.80 
1992 12	 122.45   14.19    3.74    3.36 
1993 1	  63.82   12.05    1.62    3.65 
1993 2	 107.60   15.05    3.51    4.02 
1993 3	  93.95   17.99    6.89    3.75 
1993 4	  98.95   22.01   10.26    4.17 
1993 5	  47.17   26.76   15.64    3.44 
1993 6	  99.43   31.18   21.27    3.75 
1993 7	   0.00   34.61   23.27    3.19 
1993 8	  13.02   36.69   23.47    2.40 
1993 9	 123.40   32.24   17.69    2.68 
1993 10	 282.70   23.87   12.00    3.55 
1993 11	  67.15   15.84    3.87    3.90 
1993 12	  42.42   15.65    3.49    3.98 
1994 1	  33.90   13.01    1.81    4.33 
1994 2	 149.90   14.96    1.50    3.74 
1994 3	  79.70   20.70    7.93    3.39 
1994 4	  80.25   25.03   11.09    3.75 
1994 5	 112.95   26.37   16.07    2.97 
1994 6	  62.92   32.90   21.59    2.94 
1994 7	  30.52   34.51   22.37    3.07 
1994 8	  44.80   34.71   21.70    1.99 
1994 9	  44.38   31.26   16.71    2.24 
1994 10	 185.73   25.54   13.68    3.48 
1994 11	 111.30   20.67    9.38    4.00 
1994 12	 192.25   15.28    4.69    3.51 
1995 1	  82.77   14.62    2.80    4.26 
1995 2	  26.62   17.66    4.03    3.62 
1995 3	 101.10   18.26    7.91    4.16 
1995 4	 125.40   23.31   10.44    4.07 
1995 5	 146.62   27.36   16.77    3.77 
1995 6	  91.15   31.52   19.05    2.63 
1995 7	 168.38   34.56   22.13    2.72 
1995 8	  28.15   34.55   22.87    1.88 
1995 9	  74.20   30.77   18.22    2.37 
1995 10	   9.20   27.59   10.95    3.77 
1995 11	  11.80   20.00    5.42    3.96 
1995 12	  55.72   14.76    3.08    4.20 
1996 1	  19.90   14.63   -1.25    4.35 
1996 2	  22.27   18.49    3.98    4.84 
1996 3	  51.85   18.75    3.51    4.40 
1996 4	  80.85   25.01    9.53    4.23 
1996 5	  18.83   31.17   19.93    4.40 
1996 6	  55.97   33.78   21.02    2.65 
1996 7	  52.88   36.24   23.97    2.65 
1996 8	 197.22   33.16   22.33    2.37 
1996 9	  91.85   29.56   17.83    2.17 
1996 10	  41.97   25.83   12.65    3.96 
1996 11	 101.88   18.33    7.25    4.14 
1996 12	  53.00   16.27    3.24    3.88 
1997 1	  58.58   12.15    1.22    4.58 
1997 2	 177.83   14.70    4.67    4.18 
1997 3	 102.92   20.58    7.90    3.47 
1997 4	 205.17   21.14   10.02    4.25 
1997 5	  92.47   26.81   15.10    3.04 
1997 6	 146.53   30.71   20.13    2.47 
1997 7	  32.75   35.00   22.93    1.70 
1997 8	  89.15   33.96   22.00    2.46 
1997 9	   3.10   33.78   19.53    2.50 
1997 10	 138.68   26.13   13.60    3.85 
1997 11	  62.28   17.74    5.01    3.74 
1997 12	 154.20   14.30    1.74    3.99 
1998 1	 183.68   15.49    3.80    3.74 
1998 2	  77.85   17.12    4.35    3.70 
1998 3	  84.22   18.75    6.61    4.69 
1998 4	  29.78   24.51   10.38    3.78 
1998 5	   7.15   32.45   18.36    3.40 
1998 6	  17.08   36.30   23.29    4.59 
1998 7	   7.65   39.13   25.74    3.04 
1998 8	  92.65   36.58   23.85    1.72 
1998 9	 196.38   33.22   22.21    3.73 
1998 10	 223.95   26.58   15.16    3.80 
1998 11	 202.25   19.57    9.66    3.38 
1998 12	 113.45   14.85    3.95    4.12 
1999 1	 113.23   16.92    3.71    4.59 
1999 2	   5.85   20.45    6.22    3.79 
1999 3	  86.58   19.33    7.19    4.06 
1999 4	  68.05   26.08   13.43    4.50 
1999 5	  94.20   28.30   16.38    3.02 
1999 6	  69.20   32.63   22.05    3.14 
1999 7	  17.12   34.99   23.02    2.19 
1999 8	  15.12   38.60   23.98    1.97 
1999 9	  36.62   33.18   18.15    3.05 
1999 10	  56.95   28.17   11.98    3.15 
1999 11	  15.42   24.18    8.23    3.01 
1999 12	  73.40   17.47    2.39    4.19 
2000 1	  46.08   16.54    3.14    4.43 
2000 2	  78.65   20.74    5.80    4.19 
2000 3	 104.78   22.11    8.95    3.62 
2000 4	 107.15   24.05   10.85    3.56 
2000 5	 118.95   29.73   18.18    3.82 
2000 6	 171.43   31.03   21.57    3.21 
2000 7	   5.70   36.12   23.89    2.45 
2000 8	   0.30   38.23   23.72    1.97 
2000 9	  33.03   34.48   18.62    3.23 
2000 10	  76.05   26.84   15.45    3.61 
2000 11	 243.95   16.22    5.72    3.93 
2000 12	 115.40   10.63   -0.57    4.15 
2001 1	  93.98   11.94    0.09    3.79 
2001 2	 152.40   16.99    4.31    3.87 
2001 3	 174.20   16.28    5.82    3.40 
2001 4	  29.85   25.51   13.80    4.36 
2001 5	  99.82   29.32   17.58    3.21 
2001 6	  50.65   32.26   20.29    2.46 
2001 7	  22.75   36.04   24.00    2.21 
2001 8	  43.90   36.26   23.71    2.54 
2001 9	  86.93   30.22   17.61    3.02 
2001 10	  93.10   26.02    9.98    3.46 
2001 11	  88.18   21.54    9.16    3.02 
2001 12	 186.40   16.51    3.14    3.61 
2002 1	  33.17   15.69    1.10    3.65 
2002 2	  41.75   15.22   -0.07    3.99 
2002 3	  88.25   18.48    4.51    4.41 
2002 4	  36.32   25.42   14.86    4.14 
2002 5	 118.15   28.92   16.20    4.19 
2002 6	  58.50   32.55   20.09    2.72 
2002 7	 106.72   33.35   22.36    2.47 
2002 8	  15.73   35.77   22.05    2.43 
2002 9	  70.07   32.74   18.63    3.65 
2002 10	 148.62   23.58   13.04    2.89 
2002 11	  30.22   19.43    4.65    3.84 
2002 12	 178.38   15.53    2.24    4.23 
2003 1	  10.90   14.00    0.04    3.86 
2003 2	 124.80   13.39    2.83    4.05 
2003 3	  25.10   19.55    6.03    3.02 
2003 4	  29.98   26.15   11.01    3.79 
2003 5	  89.05   30.15   18.07    3.68 
2003 6	 139.53   31.64   19.82    2.34 
2003 7	  16.33   35.53   22.54    2.46 
2003 8	  62.40   36.40   22.61    2.12 
2003 9	  59.30   30.31   17.48    2.59 
2003 10	 100.17   27.84   12.76    2.84 
2003 11	  32.22   21.10    9.41    4.01 
2003 12	  26.65   17.25    0.92    4.06 
2004 1	  60.15   16.51    3.13    4.07 
2004 2	 110.30   13.69    1.66    4.05 
2004 3	  36.75   23.14   10.09    3.59 
2004 4	 231.12   25.10   12.54    3.84 
2004 5	  15.93   28.79   17.92    3.83 
2004 6	 220.38   31.24   21.39    2.51 
2004 7	  55.95   33.78   22.43    2.09 
2004 8	  78.15   33.26   21.38    2.60 
2004 9	   5.15   32.54   17.87    2.71 
2004 10	 204.93   28.04   17.24    3.44 
2004 11	 170.38   19.46   10.17    3.76 
2004 12	  37.43   15.55    2.40    3.99 
2005 1	  83.03   16.10    4.96    4.04 
2005 2	  74.72   16.26    5.69    3.75 
2005 3	  61.10   20.01    6.41    3.47 
2005 4	  36.48   25.02   10.99    3.89 
2005 5	  87.25   28.31   16.50    2.91 
2005 6	   3.93   33.95   22.00    2.42 
2005 7	  88.60   34.62   22.53    2.22 
2005 8	  73.20   35.48   22.87    2.00 
2005 9	  51.15   35.26   20.18    2.79 
2005 10	  36.40   27.59   11.78    3.47 
2005 11	   9.23   23.74    7.85    3.86 
2005 12	  11.35   16.13   -0.23    3.86 
2006 1	  85.55   20.76    3.49    4.14 
2006 2	  62.20   15.91    2.24    4.00 
2006 3	  94.65   22.37    9.43    4.35 
2006 4	  89.30   28.07   15.20    3.93 
2006 5	  34.28   29.92   18.44    3.27 
2006 6	  58.87   33.98   20.53    1.98 
2006 7	  23.90   36.02   23.37    2.13 
2006 8	  16.60   38.11   24.64    2.30 
2006 9	  66.20   32.56   17.54    2.74 
2006 10	 102.30   27.34   11.78    3.59 
2006 11	  41.75   21.76    7.44    3.72 
2006 12	  86.12   16.38    3.83    4.10 
2007 1	 141.68   11.21    0.22    4.20 
2007 2	  26.35   15.32    1.94    3.73 
2007 3	 242.00   23.26   11.20    3.68 
2007 4	  49.12   22.28   10.15    3.70 
2007 5	 213.98   27.63   18.25    3.40 
2007 6	 221.18   30.99   21.44    2.60 
2007 7	 138.50   31.51   22.62    2.42 
2007 8	  10.25   34.94   23.54    1.99 
2007 9	  92.68   31.91   20.63    2.18 
2007 10	  25.70   28.04   13.94    3.38 
2007 11	  51.28   22.01    9.60    3.38 
2007 12	  58.28   17.23    2.93    3.18 
2008 1	  27.08   13.80    0.34    4.30 
2008 2	  46.70   19.25    3.36    4.03 
2008 3	 178.25   21.64    8.25    4.70 
2008 4	 148.75   24.88   12.10    3.82 
2008 5	 117.60   29.06   17.91    3.92 
2008 6	  18.45   34.36   22.90    3.35 
2008 7	  38.33   36.40   23.13    2.65 
2008 8	  90.62   34.68   23.00    2.26 
2008 9	  48.28   30.37   17.54    3.55 
2008 10	  53.45   26.81   11.68    2.95 
2008 11	  45.55   21.73    7.15    3.24 
2008 12	  35.53   16.23    1.04    4.56 
2009 1	  31.35   15.34    0.85    3.77 
2009 2	  32.50   21.22    5.22    4.51 
2009 3	 199.00   20.93    8.37    3.98 
2009 4	 150.82   23.59   10.05    4.43 
2009 5	  53.63   28.17   16.85    3.18 
2009 6	  48.80   34.85   22.10    2.86 
2009 7	  89.55   35.60   23.71    2.32 
2009 8	  33.22   36.11   22.84    2.09 
2009 9	 203.95   29.55   19.11    2.29 
2009 10	 335.32   22.79   11.29    3.74 
2009 11	  45.88   21.79    8.41    3.30 
2009 12	  62.70   10.94    0.46    4.04 
2010 1	 106.43   11.94    0.58    3.95 
2010 2	  95.83    9.51    0.64    3.92 
2010 3	 116.35   18.22    5.91    3.56 
2010 4	  71.83   24.92   12.34    3.90 
2010 5	  20.98   30.07   18.20    3.11 
2010 6	  62.67   33.60   23.41    2.54 
2010 7	  50.08   34.19   23.93    2.62 
2010 8	  46.52   37.73   24.28    2.29 
2010 9	 166.32   31.62   20.34    2.80 
2010 10	  54.52   27.62   11.65    3.05 
2010 11	  62.48   20.76    8.09    4.17 
2010 12	  28.62   15.45    2.67    4.32 
