1949 1	 110.28    5.33   -6.14    3.71 
1949 2	   8.00   13.45   -0.84    3.07 
1949 3	  19.77   18.70    1.67    3.57 
1949 4	  35.65   21.28    6.48    2.93 
1949 5	 126.20   27.05   13.19    3.42 
1949 6	  84.33   31.71   17.11    3.63 
1949 7	  36.90   34.39   19.45    2.82 
1949 8	  43.12   32.45   17.56    2.39 
1949 9	  88.55   28.08   14.14    2.61 
1949 10	  47.17   23.37    7.53    2.99 
1949 11	   0.00   23.19    2.30    2.66 
1949 12	  23.75   13.20   -2.44    3.16 
1950 1	   2.77   15.09   -2.52    3.48 
1950 2	   4.70   18.35   -0.95    3.18 
1950 3	   0.00   20.54   -0.28    4.14 
1950 4	  22.35   24.50    6.20    4.19 
1950 5	  72.82   28.24   11.59    3.21 
1950 6	  64.38   32.72   17.35    3.69 
1950 7	 126.75   30.99   17.85    3.41 
1950 8	  47.02   32.63   16.28    2.93 
1950 9	 136.68   26.32   13.95    2.71 
1950 10	   1.38   27.05    9.12    3.00 
1950 11	   0.15   19.31   -1.07    3.32 
1950 12	   0.28   14.94   -5.29    2.66 
1951 1	  11.32   12.74   -5.77    3.70 
1951 2	  17.68   15.88   -3.00    4.15 
1951 3	  21.88   18.15   -0.06    3.78 
1951 4	  17.25   23.20    4.74    3.79 
1951 5	  91.60   28.33   11.84    3.49 
1951 6	  42.22   32.87   16.89    3.86 
1951 7	  59.55   35.47   20.20    3.20 
1951 8	  48.93   34.36   19.59    3.08 
1951 9	  42.45   30.79   14.57    3.24 
1951 10	  25.00   25.66    8.76    3.38 
1951 11	   5.12   15.36   -0.56    3.32 
1951 12	   3.38   14.20   -2.79    3.55 
1952 1	  23.25   14.52   -1.35    3.46 
1952 2	   1.62   16.72   -1.75    3.70 
1952 3	   8.60   17.93   -0.05    4.20 
1952 4	  71.50   22.73    6.32    3.53 
1952 5	  36.50   28.57   11.92    3.68 
1952 6	  30.53   35.49   19.38    4.12 
1952 7	  88.25   33.15   18.57    3.24 
1952 8	  38.70   36.23   20.18    3.22 
1952 9	  29.25   29.51   13.57    2.23 
1952 10	   0.00   25.13    5.25    2.76 
1952 11	  17.45   15.39    0.32    3.12 
1952 12	  15.93   12.97   -3.22    2.82 
1953 1	   6.98   17.62   -1.20    4.10 
1953 2	  12.90   15.26   -2.67    3.15 
1953 3	  21.67   22.50    4.38    3.28 
1953 4	  20.30   24.75    5.66    3.57 
1953 5	  34.42   28.98   11.41    3.99 
1953 6	   7.53   37.51   20.25    4.05 
1953 7	  71.47   34.28   19.52    3.28 
1953 8	  37.80   33.07   18.24    2.54 
1953 9	   5.38   32.32   12.96    2.42 
1953 10	 126.92   23.79    9.06    3.05 
1953 11	   2.65   17.03    2.04    2.80 
1953 12	   2.95   11.36   -3.80    3.70 
1954 1	   2.33   14.68   -3.64    3.18 
1954 2	   0.00   19.85   -0.07    3.81 
1954 3	   1.30   17.78    0.61    3.63 
1954 4	  53.30   26.14    9.89    3.98 
1954 5	 121.30   24.22   10.54    3.39 
1954 6	   8.65   33.39   17.55    3.85 
1954 7	   6.85   36.61   19.99    2.93 
1954 8	  27.17   33.94   19.56    3.37 
1954 9	   1.80   32.50   15.71    2.84 
1954 10	  12.25   24.71    9.44    2.95 
1954 11	   3.25   19.78    1.38    2.69 
1954 12	  17.78   16.13   -1.63    3.29 
1955 1	  20.88   11.40   -2.38    3.30 
1955 2	  13.60   14.58   -3.92    3.50 
1955 3	   1.78   21.47    0.71    3.71 
1955 4	   0.90   26.83    7.29    4.09 
1955 5	  74.22   28.38   13.26    3.29 
1955 6	 126.00   31.82   16.24    3.80 
1955 7	  89.43   32.99   19.63    3.15 
1955 8	  11.65   34.01   18.31    2.25 
1955 9	  57.33   30.31   15.45    2.72 
1955 10	 113.68   24.89    8.05    2.76 
1955 11	   3.25   18.64   -0.12    3.21 
1955 12	   0.00   16.48   -2.54    3.14 
1956 1	   0.25   14.40   -3.64    3.08 
1956 2	  38.50   12.52   -3.74    3.58 
1956 3	   0.45   22.34    1.09    3.66 
1956 4	  16.77   24.77    5.77    3.66 
1956 5	  30.60   31.14   13.98    3.84 
1956 6	  49.62   35.36   18.82    3.56 
1956 7	  22.62   35.43   18.96    3.43 
1956 8	   1.05   35.15   17.09    3.35 
1956 9	   0.65   33.46   13.60    2.97 
1956 10	   9.73   26.99    8.90    2.54 
1956 11	   1.08   18.38   -1.63    3.00 
1956 12	   7.62   16.24   -1.91    3.32 
1957 1	   4.73   13.40   -3.22    3.34 
1957 2	  25.17   17.35    2.73    3.07 
1957 3	  20.05   18.31    1.98    3.56 
1957 4	 108.80   21.29    5.74    3.76 
1957 5	 189.25   24.47   11.77    3.05 
1957 6	 103.23   30.09   16.75    3.35 
1957 7	  25.27   35.89   19.40    2.82 
1957 8	  44.63   33.78   18.69    2.82 
1957 9	  11.40   29.70   12.23    2.83 
1957 10	 112.12   21.70    7.76    2.83 
1957 11	  46.80   12.93    0.49    2.92 
1957 12	   0.22   15.63   -2.20    3.54 
1958 1	  25.08   10.15   -3.84    3.22 
1958 2	   8.75   11.12   -2.57    3.83 
1958 3	  59.32   11.57   -0.87    3.07 
1958 4	  60.47   20.19    5.81    3.48 
1958 5	  75.72   27.96   12.22    2.63 
1958 6	  26.52   34.14   17.67    3.36 
1958 7	  78.72   34.80   19.51    3.97 
1958 8	  16.75   34.84   18.51    2.38 
1958 9	  64.43   29.14   15.85    2.68 
1958 10	  14.12   22.15    9.19    2.42 
1958 11	  11.32   18.71    1.81    2.72 
1958 12	   0.32   13.67   -4.28    3.10 
1959 1	   3.30   12.96   -5.97    3.70 
1959 2	   1.45   14.19   -2.06    3.60 
1959 3	   0.60   20.61    0.11    4.05 
1959 4	  31.32   24.08    6.34    3.81 
1959 5	  92.82   28.74   13.64    3.77 
1959 6	 149.77   31.97   17.72    2.92 
1959 7	  65.95   32.46   18.50    2.43 
1959 8	   5.70   34.88   18.86    2.90 
1959 9	  23.23   32.24   14.51    3.48 
1959 10	  51.00   22.66    6.08    2.67 
1959 11	   2.70   16.00   -2.33    2.85 
1959 12	  69.03   12.88   -1.28    3.30 
1960 1	  27.35    9.41   -4.50    3.15 
1960 2	  24.00   10.01   -5.81    4.22 
1960 3	  18.27   15.33   -1.78    3.10 
1960 4	   4.88   26.32    7.05    4.11 
1960 5	  41.65   29.60    9.99    3.51 
1960 6	  98.22   33.67   17.11    3.31 
1960 7	 202.02   32.31   18.55    2.67 
1960 8	  21.02   33.42   18.11    2.86 
1960 9	  34.90   30.97   14.45    2.54 
1960 10	 173.12   24.90    9.48    2.90 
1960 11	   0.00   19.22    2.28    2.99 
1960 12	  50.00    7.99   -3.01    3.45 
1961 1	  15.10   10.47   -6.41    3.07 
1961 2	  51.35   12.92   -2.34    3.43 
1961 3	  32.88   19.08    1.73    3.65 
1961 4	   6.57   25.32    5.80    4.22 
1961 5	  34.55   29.52   11.88    3.60 
1961 6	 125.27   30.10   15.67    3.00 
1961 7	 126.15   30.17   16.79    2.91 
1961 8	  44.58   31.80   16.00    2.35 
1961 9	  28.28   28.68   12.81    3.62 
1961 10	  23.70   24.93    6.79    3.35 
1961 11	  38.85   13.12    0.23    3.29 
1961 12	  11.57   11.56   -3.00    3.20 
1962 1	   7.12   10.36   -7.10    3.54 
1962 2	   0.32   19.96   -0.94    3.74 
1962 3	   1.23   18.32   -0.56    3.97 
1962 4	  34.17   24.64    7.31    3.52 
1962 5	  27.58   32.95   14.08    5.10 
1962 6	 114.12   31.03   16.19    2.97 
1962 7	  82.07   33.51   18.97    3.11 
1962 8	  34.22   34.96   16.92    2.73 
1962 9	  98.15   28.05   14.90    2.43 
1962 10	  46.42   25.34    9.59    3.17 
1962 11	  31.07   18.08    3.16    2.58 
1962 12	  22.65   13.76   -1.24    2.81 
1963 1	   0.65   11.33   -8.92    3.35 
1963 2	  11.65   16.02   -3.49    3.32 
1963 3	  21.28   21.61    2.18    3.97 
1963 4	   7.00   26.92    8.90    3.76 
1963 5	 120.30   29.22   13.73    3.65 
1963 6	 113.10   30.92   17.15    3.58 
1963 7	  38.58   34.57   20.12    3.41 
1963 8	  65.80   33.47   18.82    2.38 
1963 9	  32.38   30.29   15.64    2.04 
1963 10	  14.40   27.92   10.33    2.36 
1963 11	  44.20   19.18    2.38    2.89 
1963 12	   2.92   10.06   -4.64    2.70 
1964 1	  12.25   13.41   -4.72    3.61 
1964 2	  15.38   11.39   -5.25    3.55 
1964 3	  14.40   19.36   -0.51    3.75 
1964 4	  10.80   26.22    6.53    3.94 
1964 5	  40.72   30.02   13.39    3.67 
1964 6	  69.75   32.24   16.59    3.84 
1964 7	  18.22   35.24   19.74    2.91 
1964 8	  37.58   33.92   18.64    3.40 
1964 9	  74.90   27.72   14.44    2.53 
1964 10	  11.58   24.36    7.89    2.59 
1964 11	  22.70   16.82    2.47    3.23 
1964 12	  32.62   12.56   -2.73    3.33 
1965 1	   1.95   14.81   -2.38    3.68 
1965 2	   9.75   12.34   -4.41    3.63 
1965 3	   2.80   12.38   -3.71    3.81 
1965 4	  43.17   25.57    8.44    3.51 
1965 5	  66.57   28.21   13.40    3.73 
1965 6	  27.53   31.31   17.27    3.66 
1965 7	   6.90   35.15   19.88    2.68 
1965 8	  30.10   32.87   18.10    2.84 
1965 9	  96.95   29.60   14.24    3.06 
1965 10	  32.02   23.90    8.24    2.53 
1965 11	   0.00   21.21    4.57    2.27 
1965 12	   8.50   14.46    0.10    3.50 
1966 1	  11.32    7.13   -6.84    2.93 
1966 2	   5.78   11.00   -5.05    3.44 
1966 3	   1.25   20.61    2.29    4.14 
1966 4	  53.72   21.97    6.44    3.35 
1966 5	  14.10   26.91   11.69    2.97 
1966 6	  70.57   31.44   17.61    3.46 
1966 7	  25.40   35.44   21.19    2.89 
1966 8	 171.57   29.88   17.67    2.71 
1966 9	  45.98   26.99   14.80    1.90 
1966 10	   1.45   22.82    5.74    2.47 
1966 11	   1.05   20.50    3.67    3.48 
1966 12	   0.12   11.56   -5.24    2.91 
1967 1	   0.00   14.51   -5.05    3.47 
1967 2	   2.90   14.06   -3.59    3.56 
1967 3	  53.65   22.09    3.48    4.42 
1967 4	   8.15   25.18    9.55    4.72 
1967 5	  88.80   27.03    9.53    3.54 
1967 6	  61.90   30.78   17.60    3.84 
1967 7	  88.80   31.34   18.48    3.16 
1967 8	  19.12   31.60   17.34    2.72 
1967 9	  33.23   26.54   13.55    2.63 
1967 10	   9.62   24.82    7.40    3.49 
1967 11	   1.77   16.72    2.05    2.89 
1967 12	   8.68    9.90   -4.16    3.51 
1968 1	  32.58   10.12   -2.28    3.75 
1968 2	  36.90   10.90   -3.66    2.97 
1968 3	  40.88   15.81    2.26    4.61 
1968 4	  11.83   20.87    5.09    3.79 
1968 5	  77.60   26.00   10.95    4.03 
1968 6	  71.90   30.87   15.95    3.63 
1968 7	 136.15   31.00   18.14    3.38 
1968 8	  74.78   31.25   17.87    3.56 
1968 9	  20.30   28.13   12.12    2.84 
1968 10	  26.82   24.92    8.64    3.71 
1968 11	  56.65   14.97    1.44    3.54 
1968 12	   9.53   12.23   -3.80    4.11 
1969 1	   0.08   13.80   -2.90    3.53 
1969 2	  32.97   12.78   -1.25    3.42 
1969 3	  27.65   11.04   -2.63    3.68 
1969 4	  35.67   23.36    7.77    4.15 
1969 5	 161.33   26.17   12.32    3.10 
1969 6	  44.23   31.37   15.96    3.69 
1969 7	  16.07   35.88   20.88    3.03 
1969 8	  59.03   34.01   19.32    2.61 
1969 9	  76.85   26.55   15.22    2.29 
1969 10	 154.55   19.14    7.20    3.50 
1969 11	  15.42   16.84    0.85    2.79 
1969 12	  11.47   13.68   -1.98    3.12 
1970 1	   0.00    9.90   -5.81    3.08 
1970 2	   0.90   15.06   -2.01    3.19 
1970 3	  52.50   14.03   -0.60    3.51 
1970 4	   8.35   22.14    5.39    3.51 
1970 5	  58.15   28.42   11.20    3.50 
1970 6	  32.15   31.58   16.01    3.59 
1970 7	   2.78   34.64   19.51    3.09 
1970 8	  36.25   33.88   18.21    2.93 
1970 9	  94.05   27.70   14.83    3.15 
1970 10	  44.73   20.83    5.62    2.69 
1970 11	   0.85   16.63   -0.30    3.41 
1970 12	   0.92   15.85   -1.67    2.85 
1971 1	   0.00   13.64   -4.50    3.23 
1971 2	   7.78   13.55   -3.92    3.91 
1971 3	   0.93   18.70   -0.28    3.88 
1971 4	  32.08   22.84    6.35    3.56 
1971 5	 114.75   27.91   10.60    3.75 
1971 6	  62.58   32.44   18.04    3.83 
1971 7	  31.78   33.45   18.97    2.74 
1971 8	  98.45   28.21   16.63    2.22 
1971 9	 191.82   26.84   13.78    3.01 
1971 10	  32.58   23.04    9.17    2.80 
1971 11	  12.80   17.50    2.34    3.25 
1971 12	  22.80   12.13   -1.25    3.64 
1972 1	   1.67   12.99   -4.88    3.37 
1972 2	   2.53   16.22   -2.86    3.47 
1972 3	   3.92   22.35    3.24    3.66 
1972 4	   4.55   26.66    8.16    4.15 
1972 5	  84.05   26.12   11.34    2.74 
1972 6	  90.93   31.76   17.29    2.81 
1972 7	  52.67   31.02   18.03    3.30 
1972 8	 124.00   29.78   17.36    2.79 
1972 9	 102.15   28.16   15.17    2.87 
1972 10	  56.88   22.81    8.43    2.85 
1972 11	  26.02   11.01   -0.90    2.72 
1972 12	   5.32   10.01   -5.25    3.50 
1973 1	  30.45    6.49   -5.03    3.60 
1973 2	  28.40   10.87   -3.22    3.48 
1973 3	  82.03   16.76    2.67    4.25 
1973 4	  37.68   19.07    4.18    3.45 
1973 5	  18.17   26.89   10.68    3.29 
1973 6	  23.55   32.23   15.96    3.56 
1973 7	  71.62   32.12   18.26    2.90 
1973 8	  45.55   32.73   17.59    2.97 
1973 9	  43.92   27.71   14.00    3.13 
1973 10	  42.62   25.57    9.10    3.10 
1973 11	   0.55   19.28    2.68    3.95 
1973 12	   0.00   14.47   -3.88    4.20 
1974 1	   1.45   11.18   -5.09    3.39 
1974 2	   0.00   16.32   -3.58    4.33 
1974 3	  38.67   21.89    3.96    4.54 
1974 4	  39.65   24.43    7.10    4.72 
1974 5	  27.02   30.26   14.10    3.89 
1974 6	  91.92   32.19   16.69    3.47 
1974 7	  29.20   33.95   19.41    3.04 
1974 8	 129.10   29.53   17.09    3.00 
1974 9	 172.50   23.26   11.19    2.80 
1974 10	  84.85   21.56    9.62    3.19 
1974 11	  25.53   15.37    1.92    3.01 
1974 12	  22.92   10.65   -3.13    3.18 
1975 1	  13.00   11.08   -3.96    3.91 
1975 2	  41.97   10.54   -3.70    3.64 
1975 3	   1.45   16.91   -1.35    4.14 
1975 4	  10.03   22.43    5.14    4.59 
1975 5	  76.72   27.38   10.93    3.31 
1975 6	  92.80   31.83   16.58    4.07 
1975 7	  75.18   30.41   17.84    2.57 
1975 8	  63.83   32.09   17.32    3.08 
1975 9	  56.58   26.39   11.26    3.07 
1975 10	   1.70   25.44    6.15    3.42 
1975 11	  39.22   17.96    0.57    3.90 
1975 12	   9.67   14.02   -3.27    3.23 
1976 1	   0.10   13.13   -6.07    3.47 
1976 2	   0.28   19.23   -0.25    4.20 
1976 3	   6.72   19.60    0.85    4.17 
1976 4	  97.05   23.57    8.01    4.18 
1976 5	  20.65   25.13    9.15    3.21 
1976 6	  27.18   32.08   15.64    3.44 
1976 7	  93.23   30.17   17.34    2.91 
1976 8	  46.72   32.85   17.05    2.40 
1976 9	  71.03   27.29   13.69    2.26 
1976 10	  39.18   19.20    3.57    2.85 
1976 11	  16.12   12.82   -2.29    2.77 
1976 12	   0.00   12.73   -5.04    3.09 
1977 1	   7.55    7.34   -7.96    2.54 
1977 2	  13.98   15.15   -1.95    3.57 
1977 3	  26.20   18.81    0.83    4.09 
1977 4	  65.42   21.49    7.51    3.68 
1977 5	  93.25   27.61   14.31    4.05 
1977 6	  69.22   33.23   17.92    3.41 
1977 7	  30.80   34.19   18.96    2.93 
1977 8	 143.10   32.33   18.74    3.17 
1977 9	   0.52   32.16   15.78    3.03 
1977 10	  24.33   24.33    8.40    2.67 
1977 11	   0.00   18.93    2.35    3.21 
1977 12	   0.67   14.51   -2.44    3.48 
1978 1	  16.40    5.65   -7.71    3.07 
1978 2	  38.95    4.75   -5.99    3.25 
1978 3	   6.20   18.28    0.75    3.76 
1978 4	   2.53   27.15    8.09    4.26 
1978 5	  85.95   27.05   12.13    3.44 
1978 6	  94.43   32.25   17.92    3.43 
1978 7	  16.65   35.80   19.94    2.85 
1978 8	  10.25   32.65   17.91    2.99 
1978 9	 114.00   28.55   15.84    2.67 
1978 10	  19.68   23.64    8.47    2.52 
1978 11	  30.12   14.65    3.42    2.97 
1978 12	   3.53   10.54   -4.73    3.50 
1979 1	   9.80    4.05   -7.54    3.24 
1979 2	  17.52   12.47   -4.48    3.16 
1979 3	  75.93   17.00    2.16    3.84 
1979 4	  23.02   22.95    7.15    3.33 
1979 5	  77.95   26.66   11.74    3.58 
1979 6	 165.03   30.20   16.30    3.25 
1979 7	  68.68   33.32   19.40    2.84 
1979 8	  58.42   30.90   17.08    2.75 
1979 9	   7.18   30.38   13.60    2.18 
1979 10	  14.17   26.95    8.04    3.19 
1979 11	   4.45   14.14   -1.12    2.71 
1979 12	  25.17   11.78   -1.90    3.20 
1980 1	  10.32   10.38   -2.94    3.41 
1980 2	  14.85   13.63   -2.64    3.57 
1980 3	  12.52   18.23   -0.65    4.24 
1980 4	  35.97   23.01    5.05    3.65 
1980 5	  79.68   26.27   11.73    3.13 
1980 6	  56.05   34.87   19.27    4.13 
1980 7	   6.88   37.01   20.40    3.16 
1980 8	  37.65   34.10   19.43    3.71 
1980 9	 117.20   28.49   16.06    2.96 
1980 10	  10.05   23.03    7.21    2.71 
1980 11	  41.20   14.62    0.25    2.84 
1980 12	  18.73   14.43   -1.03    3.41 
1981 1	   3.17   12.47   -2.90    2.44 
1981 2	  30.78   15.16   -2.69    3.38 
1981 3	  31.55   16.54    2.90    3.67 
1981 4	  61.40   24.17    9.39    4.00 
1981 5	  68.85   26.87   11.65    3.53 
1981 6	  34.22   33.11   17.60    3.59 
1981 7	  88.40   34.44   20.08    3.25 
1981 8	 148.27   30.45   17.94    2.63 
1981 9	  48.45   27.83   14.54    2.78 
1981 10	  81.20   21.17    9.12    3.22 
1981 11	  16.08   18.78    3.47    2.57 
1981 12	   5.72   13.63   -1.35    3.04 
1982 1	   5.48   12.26   -5.03    3.67 
1982 2	   5.93   11.84   -3.79    3.33 
1982 3	  30.68   18.91    1.75    3.79 
1982 4	  43.58   22.49    6.66    3.84 
1982 5	 149.40   26.43   11.99    3.61 
1982 6	 167.15   28.73   15.64    3.51 
1982 7	  47.40   33.68   19.39    3.29 
1982 8	   6.88   34.47   19.31    2.93 
1982 9	  68.62   30.72   15.11    2.99 
1982 10	   7.10   23.67    7.01    2.82 
1982 11	  35.40   15.74    1.64    3.53 
1982 12	  49.48    9.75   -2.54    3.54 
1983 1	  56.55    6.88   -5.70    3.04 
1983 2	  11.77   11.47   -1.70    3.16 
1983 3	  12.55   17.68    1.21    4.06 
1983 4	  21.92   20.20    3.79    4.22 
1983 5	  30.72   27.49    9.66    3.31 
1983 6	  31.43   30.50   14.36    3.29 
1983 7	  16.72   35.37   18.98    3.39 
1983 8	   7.38   35.30   19.03    2.25 
1983 9	  12.43   31.79   14.84    3.23 
1983 10	 216.93   23.80   10.64    3.22 
1983 11	  16.90   17.03    3.75    3.27 
1983 12	   9.32    4.29   -7.68    3.15 
1984 1	   2.20    9.46   -4.96    2.75 
1984 2	  13.00   15.75   -3.17    3.82 
1984 3	   7.63   17.15    0.26    3.69 
1984 4	   7.90   21.82    4.59    3.63 
1984 5	  17.30   29.29   11.73    3.65 
1984 6	  83.32   31.92   18.23    3.60 
1984 7	  49.25   33.06   18.18    2.54 
1984 8	 118.67   32.22   18.14    2.44 
1984 9	  20.40   27.66   12.36    3.19 
1984 10	  33.03   20.94    7.31    2.92 
1984 11	  52.12   16.16    1.98    3.30 
1984 12	  49.45   11.99   -0.68    3.34 
1985 1	   8.50    8.63   -5.80    3.13 
1985 2	  14.47   11.22   -3.09    3.33 
1985 3	  58.95   18.21    3.33    4.21 
1985 4	  31.15   25.03    8.15    3.62 
1985 5	  90.98   28.59   12.62    3.23 
1985 6	 215.23   30.12   16.28    3.11 
1985 7	  86.25   33.22   17.91    2.52 
1985 8	  39.18   34.25   18.59    2.72 
1985 9	 101.55   28.07   14.22    3.03 
1985 10	 142.95   21.62    8.79    3.13 
1985 11	   3.67   15.91    1.16    2.96 
1985 12	   2.80   10.19   -5.16    2.81 
1986 1	   0.00   15.52   -3.37    2.92 
1986 2	  21.42   14.09   -0.67    3.53 
1986 3	   5.90   21.20    3.24    3.80 
1986 4	  41.70   25.38    8.23    3.76 
1986 5	  53.08   27.91   11.75    3.49 
1986 6	 161.08   29.94   17.10    2.32 
1986 7	  36.68   34.29   18.74    3.61 
1986 8	 148.78   31.46   18.23    2.88 
1986 9	 159.30   26.62   15.27    3.13 
1986 10	 111.33   20.58    8.34    2.65 
1986 11	  51.35   14.86    0.82    3.16 
1986 12	  31.78   10.02   -1.27    2.69 
1987 1	  14.85    9.80   -3.82    3.48 
1987 2	  42.55   13.04    0.36    3.82 
1987 3	  11.25   15.58    0.34    3.52 
1987 4	  16.67   23.29    5.46    3.17 
1987 5	  89.15   26.80   12.68    3.08 
1987 6	  76.65   30.27   17.08    2.65 
1987 7	 131.90   31.76   18.68    3.46 
1987 8	  74.68   32.38   18.87    2.88 
1987 9	  90.12   27.46   14.45    2.19 
1987 10	  17.07   24.05    8.04    3.08 
1987 11	   1.60   17.47    1.63    3.16 
1987 12	  28.95   10.42   -3.37    3.09 
1988 1	   4.03    7.44   -5.10    3.49 
1988 2	   5.80   13.27   -3.12    3.40 
1988 3	  34.25   18.56   -0.08    3.98 
1988 4	  45.43   22.90    5.54    3.41 
1988 5	  63.32   26.68   12.04    3.73 
1988 6	  62.77   31.48   17.33    2.71 
1988 7	  66.40   31.61   19.09    2.57 
1988 8	  47.72   32.42   18.89    2.56 
1988 9	 112.70   28.43   13.93    2.66 
1988 10	   0.30   23.67    8.07    2.62 
1988 11	   3.75   19.16    1.74    3.29 
1988 12	   4.53   12.47   -2.87    2.85 
1989 1	  18.75   14.62   -2.16    3.44 
1989 2	  26.00    8.35   -3.89    3.54 
1989 3	  23.65   20.72    2.09    3.79 
1989 4	   0.43   25.52    8.41    3.88 
1989 5	  56.43   28.79   13.45    4.07 
1989 6	 137.57   28.88   15.77    3.42 
1989 7	  10.32   33.60   19.17    2.71 
1989 8	 113.92   31.69   18.51    3.32 
1989 9	 123.97   27.13   12.78    2.68 
1989 10	   0.05   25.61    8.89    3.34 
1989 11	   1.02   18.90    0.79    2.99 
1989 12	   6.40    8.38   -7.14    3.24 
1990 1	  12.73   13.61   -2.93    3.39 
1990 2	  62.48   15.66   -0.97    3.67 
1990 3	  27.92   16.20    2.98    3.72 
1990 4	  59.42   22.22    7.40    3.77 
1990 5	  48.60   27.04   11.57    3.72 
1990 6	  12.48   35.53   19.65    4.07 
1990 7	  65.68   31.06   18.41    2.92 
1990 8	  29.82   31.39   18.04    2.72 
1990 9	  28.82   29.28   16.09    2.07 
1990 10	  15.63   23.57    7.17    2.87 
1990 11	  37.00   18.51    3.81    3.45 
1990 12	  11.88   10.83   -5.10    3.10 
1991 1	  30.65    8.17   -3.99    2.80 
1991 2	   1.40   16.97   -0.30    3.19 
1991 3	   1.20   19.88    2.90    4.27 
1991 4	   3.72   25.53    7.23    3.52 
1991 5	  33.45   30.15   13.45    3.76 
1991 6	 104.40   31.46   17.55    3.30 
1991 7	  59.32   32.16   18.92    2.69 
1991 8	  96.43   31.07   18.19    2.42 
1991 9	 160.35   24.88   13.88    2.44 
1991 10	   6.78   24.37    7.88    3.29 
1991 11	  30.50   12.22   -0.26    3.34 
1991 12	  66.28   10.88   -0.25    3.39 
1992 1	  27.65    9.39   -2.42    2.69 
1992 2	  59.12   15.64    1.00    3.72 
1992 3	  26.67   20.19    3.29    3.80 
1992 4	  63.23   23.05    8.06    3.23 
1992 5	 145.95   24.66   12.11    2.93 
1992 6	 141.25   29.39   16.29    2.78 
1992 7	  52.97   32.76   18.87    3.76 
1992 8	  51.40   30.63   17.17    2.94 
1992 9	   4.30   29.21   14.42    3.35 
1992 10	   0.00   25.76    8.26    2.64 
1992 11	  49.58   14.09    0.55    3.35 
1992 12	  30.15   10.50   -2.44    3.36 
1993 1	  17.98    8.22   -3.70    2.82 
1993 2	  22.62   11.69   -3.29    3.35 
1993 3	   5.00   17.37    0.72    3.69 
1993 4	  34.10   22.82    5.34    3.76 
1993 5	  30.48   26.93   11.81    3.53 
1993 6	  44.95   31.88   17.33    3.59 
1993 7	  33.85   34.18   20.57    4.61 
1993 8	  53.15   33.23   18.67    2.89 
1993 9	  12.20   28.93   13.11    2.51 
1993 10	  32.28   22.32    6.57    2.89 
1993 11	  10.50   13.94   -1.65    3.21 
1993 12	  16.50   13.39   -2.62    3.46 
1994 1	   6.40   12.02   -4.33    3.42 
1994 2	  19.18   12.82   -4.38    3.46 
1994 3	   6.80   19.07    2.22    3.41 
1994 4	  81.75   23.40    5.73    3.51 
1994 5	  91.53   25.54   12.72    2.86 
1994 6	  18.45   34.94   19.13    3.31 
1994 7	  40.22   34.77   19.07    3.36 
1994 8	  71.72   33.04   18.61    2.90 
1994 9	  58.55   29.32   14.06    2.41 
1994 10	  26.48   23.75    8.98    2.82 
1994 11	  20.82   17.29    2.39    3.24 
1994 12	   5.45   14.32   -0.97    2.41 
1995 1	   6.93   12.15   -2.47    3.41 
1995 2	  10.22   16.01   -0.50    3.49 
1995 3	   7.68   17.45    1.85    3.74 
1995 4	  31.15   22.60    5.91    3.85 
1995 5	 113.07   25.89   11.32    3.79 
1995 6	  84.00   30.83   15.96    3.31 
1995 7	  46.70   35.14   18.93    2.85 
1995 8	  57.60   32.46   19.11    2.43 
1995 9	 195.65   27.21   14.55    2.48 
1995 10	  18.23   24.56    7.42    2.86 
1995 11	   0.12   18.85    1.73    2.93 
1995 12	  19.40   12.83   -2.41    3.00 
1996 1	   1.65   12.56   -5.50    3.79 
1996 2	   1.42   16.38   -1.78    3.68 
1996 3	   3.92   16.70   -1.53    4.14 
1996 4	   1.35   24.45    5.74    3.94 
1996 5	  96.42   32.09   15.33    5.14 
1996 6	  86.40   32.81   17.99    3.09 
1996 7	  63.38   32.96   19.66    2.86 
1996 8	 121.18   31.29   18.48    2.88 
1996 9	  49.92   27.02   13.67    2.08 
1996 10	  22.23   23.44    7.45    3.05 
1996 11	  22.45   16.80    0.94    3.59 
1996 12	   0.00   14.73   -3.08    3.65 
1997 1	  10.65    9.75   -4.18    3.70 
1997 2	  50.07   10.70   -1.40    3.54 
1997 3	   1.00   20.73    1.58    3.19 
1997 4	 178.02   18.19    4.43    3.50 
1997 5	 114.78   25.02   11.55    3.04 
1997 6	 103.53   29.39   16.36    2.98 
1997 7	  50.83   33.35   19.51    2.92 
1997 8	  54.30   32.38   18.65    2.85 
1997 9	  55.17   30.20   16.11    2.55 
1997 10	  36.58   23.30    8.11    3.05 
1997 11	  14.02   14.81    0.06    2.69 
1997 12	  49.23    9.19   -3.70    3.58 
1998 1	   0.00   13.90   -1.73    3.24 
1998 2	  42.83   12.60   -0.07    2.94 
1998 3	  36.60   15.78    0.04    4.04 
1998 4	   9.38   22.26    4.84    3.56 
1998 5	   1.92   31.93   13.70    3.74 
1998 6	  15.25   35.86   18.22    4.26 
1998 7	  20.30   36.89   21.15    3.24 
1998 8	  63.32   32.79   19.01    1.89 
1998 9	   2.85   32.65   16.94    2.57 
1998 10	  99.20   24.64   11.05    3.55 
1998 11	  13.67   17.93    4.01    2.75 
1998 12	  10.07   11.91   -2.26    2.95 
1999 1	  44.92   13.47   -2.27    3.92 
1999 2	   0.60   18.80    0.86    3.65 
1999 3	  36.60   16.07    2.33    3.76 
1999 4	 104.25   22.95    6.94    3.82 
1999 5	 123.68   25.76   11.81    3.62 
1999 6	 101.30   30.70   17.41    3.62 
1999 7	  22.80   33.57   20.30    3.26 
1999 8	  16.15   35.65   20.28    2.34 
1999 9	  44.18   28.26   14.48    2.97 
1999 10	  19.88   24.36    7.54    2.95 
1999 11	   0.00   21.83    4.11    2.84 
1999 12	   8.85   12.89   -2.06    3.38 
2000 1	   1.20   14.30   -2.12    3.63 
2000 2	  10.98   18.64    0.65    3.74 
2000 3	 118.93   20.02    3.31    3.85 
2000 4	  22.65   23.93    7.67    3.79 
2000 5	   9.27   31.56   14.46    4.03 
2000 6	 107.90   29.11   17.64    3.24 
2000 7	  42.78   34.76   20.09    3.00 
2000 8	   0.57   35.73   19.67    3.00 
2000 9	   0.17   32.57   14.97    2.55 
2000 10	  70.72   22.57   10.68    3.86 
2000 11	  26.85   11.78   -0.44    2.71 
2000 12	  25.48    7.53   -4.88    3.10 
2001 1	  22.18    7.45   -3.14    3.27 
2001 2	  13.15   13.57   -0.99    3.73 
2001 3	  72.35   14.33    1.53    2.82 
2001 4	   1.32   25.68    8.41    4.27 
2001 5	  54.65   28.34   12.89    3.65 
2001 6	  23.98   33.90   18.40    3.61 
2001 7	  32.00   36.71   21.38    3.13 
2001 8	  52.50   33.26   19.38    2.60 
2001 9	  15.35   29.55   14.47    2.23 
2001 10	   0.22   24.68    7.81    3.29 
2001 11	  89.57   17.59    4.97    3.52 
2001 12	   4.40   12.71   -1.24    3.23 
2002 1	  20.38   12.72   -2.50    3.61 
2002 2	  19.90   12.74   -2.95    3.46 
2002 3	  46.88   17.48   -0.65    3.96 
2002 4	  32.95   23.45    8.84    4.04 
2002 5	  29.15   28.44   11.94    3.96 
2002 6	  53.42   32.99   18.36    3.12 
2002 7	  68.55   32.62   19.53    2.68 
2002 8	  52.90   34.19   20.02    3.19 
2002 9	  29.02   29.87   14.83    2.32 
2002 10	 103.43   19.90    8.64    2.53 
2002 11	   6.43   14.68    1.34    3.01 
2002 12	  39.28   11.39   -1.47    3.42 
2003 1	   0.20   13.16   -3.04    3.19 
2003 2	   0.93   12.81   -2.25    3.56 
2003 3	  17.30   20.00    2.37    3.57 
2003 4	  49.00   25.40    8.02    4.31 
2003 5	  49.05   29.13   13.25    3.15 
2003 6	 166.18   29.62   16.46    3.03 
2003 7	   2.88   35.04   20.42    2.74 
2003 8	  15.85   34.99   20.55    2.36 
2003 9	  11.02   28.62   14.23    2.60 
2003 10	  37.85   25.78   10.45    2.65 
2003 11	  12.15   17.10    3.52    3.55 
2003 12	   0.00   14.70   -2.41    4.02 
2004 1	  69.60   12.36   -1.64    3.45 
2004 2	  49.75   11.51   -1.67    3.77 
2004 3	  65.55   19.15    6.51    3.77 
2004 4	  59.75   22.00    8.28    3.76 
2004 5	   4.57   30.12   14.22    4.12 
2004 6	 146.07   30.97   17.42    3.25 
2004 7	  80.05   31.90   19.26    2.90 
2004 8	  63.12   30.41   17.97    2.62 
2004 9	  83.15   27.77   14.80    2.72 
2004 10	  49.63   23.45   10.36    2.88 
2004 11	 140.15   13.62    3.09    3.23 
2004 12	  12.07   12.77   -2.88    3.42 
2005 1	  33.93   12.11   -0.75    3.57 
2005 2	  25.55   12.72    1.03    3.02 
2005 3	  40.70   16.89    1.47    3.51 
2005 4	   9.35   22.97    6.25    4.12 
2005 5	  62.12   25.70   12.79    3.44 
2005 6	  61.75   32.34   17.89    3.42 
2005 7	  69.12   32.95   18.81    2.65 
2005 8	  63.35   31.26   18.51    2.46 
2005 9	  62.85   31.72   16.43    2.49 
2005 10	  57.35   23.46    9.41    2.76 
2005 11	   0.03   19.97    1.62    3.07 
2005 12	   0.65   12.87   -4.51    3.15 
2006 1	   0.22   17.24   -1.86    4.06 
2006 2	  14.55   15.03   -2.67    3.48 
2006 3	  42.88   18.99    3.91    4.24 
2006 4	  18.55   27.04    9.24    4.01 
2006 5	  53.65   30.37   13.83    3.99 
2006 6	  43.60   33.75   18.04    2.84 
2006 7	  20.32   35.12   20.34    3.08 
2006 8	  55.35   33.10   19.82    2.73 
2006 9	 142.02   26.34   13.44    2.47 
2006 10	  71.15   22.57    8.86    2.85 
2006 11	   8.98   18.87    2.59    3.54 
2006 12	  54.47   11.29   -2.54    3.55 
2007 1	  28.47    6.36   -4.39    3.25 
2007 2	   3.30   12.57   -3.26    3.90 
2007 3	 129.38   19.83    5.50    3.92 
2007 4	  34.55   18.91    4.76    3.75 
2007 5	 140.10   24.12   12.78    2.75 
2007 6	 104.58   29.32   16.43    2.46 
2007 7	  20.55   30.89   18.44    1.95 
2007 8	 107.80   31.95   19.70    2.78 
2007 9	  73.35   29.11   16.25    2.42 
2007 10	   2.85   26.59    9.11    2.98 
2007 11	   4.90   18.16    1.75    3.03 
2007 12	  31.88   11.14   -2.48    3.40 
2008 1	   0.03   12.05   -4.57    3.66 
2008 2	   8.32   16.22   -2.43    3.59 
2008 3	   9.50   19.50    1.11    4.31 
2008 4	  18.82   23.77    5.60    4.05 
2008 5	  99.93   28.41   11.93    3.73 
2008 6	  53.10   34.68   18.28    4.40 
2008 7	  52.65   32.25   19.40    3.55 
2008 8	  56.00   31.65   18.50    2.32 
2008 9	 215.70   26.75   13.89    2.20 
2008 10	  82.78   22.88    8.46    3.08 
2008 11	   1.33   18.92    2.18    3.09 
2008 12	   0.05   12.82   -3.14    3.89 
2009 1	   2.22   13.73   -4.58    3.55 
2009 2	  15.98   17.90   -0.52    4.22 
2009 3	  10.72   20.98    3.06    4.38 
2009 4	  37.40   23.74    6.15    4.61 
2009 5	  39.67   26.79   12.23    2.91 
2009 6	 106.00   32.56   18.38    3.53 
2009 7	  88.60   33.17   19.48    2.73 
2009 8	  32.67   33.70   18.78    3.14 
2009 9	  54.20   27.19   13.75    2.45 
2009 10	  18.25   20.90    6.30    3.27 
2009 11	   5.78   20.03    2.25    2.75 
2009 12	  40.50    7.97   -5.55    3.07 
2010 1	  20.85    9.59   -4.83    3.60 
2010 2	  61.18    8.11   -3.26    3.43 
2010 3	  53.32   17.06    1.38    4.54 
2010 4	 139.10   22.72    7.65    4.22 
2010 5	  70.50   26.64   12.52    3.27 
2010 6	  90.90   33.41   19.58    3.90 
2010 7	 220.05   29.81   19.88    3.01 
2010 8	  41.80   33.52   19.72    2.96 
2010 9	  67.77   30.00   16.16    2.64 
2010 10	  58.33   25.02    8.96    2.62 
2010 11	   5.35   18.37    1.11    3.59 
2010 12	   0.10   14.45   -1.69    3.28 
