1949 1	  43.00   14.79    4.14    4.94 
1949 2	  61.52   20.17    9.69    4.47 
1949 3	  29.83   24.39   10.74    4.33 
1949 4	 151.70   25.00   13.04    4.15 
1949 5	  14.90   32.20   20.39    3.87 
1949 6	 194.57   34.45   21.65    3.63 
1949 7	  45.77   36.43   22.37    3.39 
1949 8	  84.93   36.62   21.16    2.71 
1949 9	  19.62   35.45   20.64    2.85 
1949 10	  89.10   29.08   15.64    3.79 
1949 11	   0.38   26.97    7.92    3.08 
1949 12	  78.25   19.44    8.85    4.48 
1950 1	   2.95   21.77   10.87    5.29 
1950 2	  25.60   21.86    9.06    4.17 
1950 3	   1.90   25.81    9.72    4.51 
1950 4	  37.85   28.57   15.26    4.53 
1950 5	  96.70   32.99   20.76    4.25 
1950 6	  69.40   34.85   21.68    3.82 
1950 7	  64.62   37.24   22.63    4.50 
1950 8	  16.75   37.78   21.56    2.82 
1950 9	  97.05   35.11   21.20    2.86 
1950 10	   0.92   32.52   15.93    3.10 
1950 11	   0.20   25.20    8.22    4.25 
1950 12	   0.00   22.78    3.19    3.89 
1951 1	   1.30   21.16    2.93    4.96 
1951 2	  22.08   21.48    5.77    5.55 
1951 3	  65.85   25.95   11.00    4.83 
1951 4	  21.07   30.41   13.96    4.36 
1951 5	  94.90   32.41   18.61    3.76 
1951 6	  35.70   35.71   22.32    4.73 
1951 7	   0.00   38.66   23.40    3.89 
1951 8	  22.93   38.78   22.83    3.48 
1951 9	  57.50   34.76   20.89    3.17 
1951 10	  52.78   30.96   16.53    3.30 
1951 11	  14.12   22.65    8.09    4.65 
1951 12	   2.22   21.93    5.87    4.43 
1952 1	   2.42   23.40    8.27    5.07 
1952 2	  24.00   23.37    6.71    4.41 
1952 3	  59.90   24.60    9.45    4.39 
1952 4	  14.55   27.50   13.13    4.29 
1952 5	  73.20   32.11   16.50    3.72 
1952 6	  48.33   34.74   21.43    3.75 
1952 7	  14.55   37.35   22.00    3.03 
1952 8	   0.00   39.12   22.56    3.81 
1952 9	  32.07   34.63   18.57    2.68 
1952 10	   0.00   29.42   10.58    2.94 
1952 11	  34.80   22.40   10.06    4.18 
1952 12	  31.95   17.95    5.17    3.96 
1953 1	   5.15   23.22    4.74    4.17 
1953 2	  19.17   20.84    6.50    4.21 
1953 3	  10.47   28.53   14.90    4.27 
1953 4	  42.70   31.03   15.40    3.75 
1953 5	  51.00   33.58   19.59    4.11 
1953 6	  11.78   38.89   23.46    3.73 
1953 7	   7.12   38.77   24.35    3.60 
1953 8	 111.30   36.38   23.33    2.57 
1953 9	  22.23   33.58   19.07    2.47 
1953 10	 106.12   28.05   15.95    2.89 
1953 11	   0.32   22.92    8.38    3.21 
1953 12	  22.97   16.60    3.53    4.05 
1954 1	   6.02   20.76    6.20    4.26 
1954 2	   0.00   26.03    7.89    3.61 
1954 3	   0.40   26.11    9.83    4.51 
1954 4	  88.88   29.93   17.67    5.02 
1954 5	  57.28   31.71   18.06    3.80 
1954 6	  90.70   35.46   22.98    4.18 
1954 7	   6.92   36.81   22.69    3.54 
1954 8	   7.83   38.04   23.19    3.76 
1954 9	  18.10   36.63   21.11    2.46 
1954 10	  28.05   30.84   16.76    3.12 
1954 11	   6.30   24.98    7.93    3.24 
1954 12	   0.95   22.80    6.87    3.82 
1955 1	  30.05   18.45    5.51    4.55 
1955 2	  46.38   20.93    7.60    5.00 
1955 3	   4.38   27.02   11.33    5.04 
1955 4	   0.80   31.81   16.77    4.07 
1955 5	 133.02   33.88   20.24    4.16 
1955 6	  21.60   35.77   21.30    3.89 
1955 7	  50.80   36.72   23.31    3.68 
1955 8	  53.62   37.16   23.12    2.48 
1955 9	  42.75   33.83   22.26    2.61 
1955 10	  22.70   30.49   13.54    3.11 
1955 11	  35.77   23.21    9.56    4.36 
1955 12	   2.20   20.54    4.69    3.56 
1956 1	   8.38   19.95    4.36    3.93 
1956 2	  13.05   22.37    7.52    4.56 
1956 3	   0.82   26.91    9.94    4.20 
1956 4	  13.52   29.33   15.40    4.13 
1956 5	   7.53   34.13   19.98    3.97 
1956 6	  30.02   37.17   22.65    3.24 
1956 7	  40.42   38.00   22.60    3.79 
1956 8	   3.55   37.72   23.02    3.26 
1956 9	   9.75   35.60   20.35    2.37 
1956 10	  32.92   31.88   16.90    2.67 
1956 11	  13.45   22.48    8.23    3.86 
1956 12	  19.23   21.49    6.85    3.90 
1957 1	   6.43   18.42    7.34    4.46 
1957 2	  48.58   23.88   12.45    3.64 
1957 3	  47.68   25.16   11.18    3.93 
1957 4	 164.73   26.55   14.79    4.67 
1957 5	 139.08   29.58   19.37    4.16 
1957 6	  36.67   33.39   22.17    3.27 
1957 7	   0.50   38.57   22.06    3.58 
1957 8	   0.00   38.82   22.62    2.99 
1957 9	 150.45   33.67   19.51    2.62 
1957 10	  70.88   26.39   14.04    3.46 
1957 11	  89.70   20.11    8.38    4.15 
1957 12	  15.72   20.89    5.70    4.12 
1958 1	 144.93   16.67    3.20    4.11 
1958 2	  97.05   16.86    4.85    4.38 
1958 3	  12.05   20.07    7.72    4.22 
1958 4	  25.77   27.29   13.99    4.05 
1958 5	  68.65   30.66   17.44    3.00 
1958 6	  45.70   35.59   22.26    3.76 
1958 7	  41.25   37.51   22.76    3.84 
1958 8	  18.83   38.44   22.46    3.21 
1958 9	 182.38   32.41   22.35    2.56 
1958 10	 149.33   24.23   15.60    3.44 
1958 11	  16.17   22.17   10.53    3.30 
1958 12	  11.73   17.06    3.92    3.73 
1959 1	  12.38   15.90    3.44    4.36 
1959 2	  52.85   16.98    7.17    3.99 
1959 3	   1.50   23.52    7.97    4.22 
1959 4	  31.93   26.02   13.00    4.18 
1959 5	 105.72   32.23   19.50    4.11 
1959 6	  56.32   35.68   21.77    3.24 
1959 7	  55.40   36.61   22.16    2.85 
1959 8	  12.90   37.07   22.77    2.91 
1959 9	 110.07   35.77   21.42    3.33 
1959 10	 132.85   28.21   15.45    3.31 
1959 11	  39.35   20.43    5.72    3.84 
1959 12	  22.65   20.04    5.72    4.03 
1960 1	  17.87   16.37    4.97    4.33 
1960 2	  29.62   18.90    2.92    4.70 
1960 3	  11.23   20.42    7.57    4.27 
1960 4	  40.17   29.48   15.27    4.69 
1960 5	  33.88   31.71   17.56    4.33 
1960 6	  89.50   36.67   21.78    3.40 
1960 7	  70.40   35.86   22.65    2.92 
1960 8	 108.10   35.08   23.24    3.35 
1960 9	  30.18   33.89   18.95    2.27 
1960 10	 104.20   29.98   17.67    3.08 
1960 11	  57.45   22.53   11.30    3.40 
1960 12	  94.47   14.81    4.42    3.93 
1961 1	  23.90   15.15    2.70    3.90 
1961 2	  41.67   21.11    5.52    4.20 
1961 3	   1.88   26.09   10.58    4.30 
1961 4	  23.65   28.84   12.33    4.45 
1961 5	   6.68   34.24   19.04    4.40 
1961 6	  98.40   35.03   22.13    3.39 
1961 7	  82.62   35.15   21.73    3.58 
1961 8	  51.60   35.52   20.79    1.89 
1961 9	   7.40   34.59   20.73    3.85 
1961 10	  13.10   30.27   14.37    3.55 
1961 11	  20.77   21.98    8.80    3.91 
1961 12	  15.30   19.26    6.06    3.51 
1962 1	   6.42   15.98    0.61    4.43 
1962 2	   5.50   27.73   10.16    4.05 
1962 3	  13.60   24.76    7.63    4.20 
1962 4	  57.45   30.10   14.54    4.44 
1962 5	  56.07   34.31   19.32    4.86 
1962 6	  61.40   35.22   21.75    3.41 
1962 7	   0.00   38.83   22.94    3.60 
1962 8	  27.07   39.33   22.94    2.63 
1962 9	  72.68   34.94   21.49    2.48 
1962 10	   2.77   32.77   18.55    3.48 
1962 11	  57.18   24.40    9.19    3.42 
1962 12	  17.42   18.17    5.59    3.44 
1963 1	   4.55   15.67    0.91    3.94 
1963 2	  47.85   20.73    3.41    3.95 
1963 3	   1.18   27.54   11.81    4.33 
1963 4	  45.75   32.80   17.98    5.12 
1963 5	  61.62   32.87   19.82    3.90 
1963 6	 103.70   36.16   22.69    3.94 
1963 7	  20.75   36.52   22.59    3.77 
1963 8	   9.93   38.43   22.74    2.90 
1963 9	  42.90   34.95   20.84    2.12 
1963 10	  39.82   31.51   16.40    2.71 
1963 11	  30.20   24.71   11.31    4.23 
1963 12	  52.28   14.69    2.15    4.14 
1964 1	  20.15   18.81    2.69    3.91 
1964 2	  32.53   17.92    3.85    3.81 
1964 3	  32.33   24.73    8.88    4.34 
1964 4	  35.78   31.01   16.41    4.55 
1964 5	  84.95   32.66   19.94    3.80 
1964 6	  12.05   35.94   21.79    3.39 
1964 7	   7.00   38.60   23.30    3.23 
1964 8	  81.60   38.07   23.49    3.56 
1964 9	  92.10   33.67   21.58    2.60 
1964 10	  22.17   28.55   12.17    3.21 
1964 11	  24.10   25.50   11.39    3.89 
1964 12	   7.85   19.98    5.50    4.03 
1965 1	   1.15   21.91    5.88    3.78 
1965 2	  72.70   17.68    4.70    4.16 
1965 3	  24.85   21.38    7.16    4.60 
1965 4	  46.40   30.34   16.52    4.43 
1965 5	 169.62   30.16   19.92    4.52 
1965 6	  20.33   34.60   21.53    3.72 
1965 7	   2.33   37.92   21.97    3.03 
1965 8	  39.93   36.84   21.83    2.48 
1965 9	  64.53   35.51   21.12    3.05 
1965 10	  60.07   26.84   13.71    3.06 
1965 11	  34.60   25.29   12.84    2.64 
1965 12	  99.02   19.49    8.36    3.85 
1966 1	  30.38   14.55    2.66    4.13 
1966 2	  33.12   17.64    4.41    4.15 
1966 3	  10.25   23.58    9.70    3.90 
1966 4	 102.47   29.50   15.52    4.02 
1966 5	 126.28   29.35   18.86    3.46 
1966 6	  30.45   32.65   20.51    2.96 
1966 7	   7.25   36.78   22.66    3.00 
1966 8	  42.80   36.47   22.54    3.24 
1966 9	  95.93   33.34   20.19    2.03 
1966 10	  29.72   29.13   13.47    3.01 
1966 11	   0.00   26.46   10.55    3.64 
1966 12	   0.93   20.50    3.52    4.13 
1967 1	   7.65   18.94    3.80    4.24 
1967 2	  30.68   19.97    5.42    4.45 
1967 3	   5.35   28.30   13.24    4.41 
1967 4	  95.75   32.33   18.92    5.15 
1967 5	   6.75   34.25   18.80    4.46 
1967 6	   5.30   37.27   22.32    3.93 
1967 7	  31.33   38.16   22.97    3.83 
1967 8	  95.80   35.17   21.68    2.65 
1967 9	 287.92   29.62   19.07    2.58 
1967 10	  50.35   26.96   13.30    3.02 
1967 11	  71.68   22.47   10.53    3.15 
1967 12	  21.48   17.31    5.27    3.60 
1968 1	 105.32   15.81    5.16    4.31 
1968 2	  53.70   16.51    3.80    3.85 
1968 3	  22.77   21.20    8.41    4.88 
1968 4	  63.80   26.92   14.99    4.60 
1968 5	  51.80   30.42   19.16    4.26 
1968 6	 114.28   33.52   21.22    2.98 
1968 7	  27.10   34.71   21.81    3.11 
1968 8	  25.30   36.59   21.74    3.04 
1968 9	 169.28   30.79   18.88    2.74 
1968 10	  21.57   29.51   16.03    3.02 
1968 11	  66.40   23.16    7.24    4.01 
1968 12	   9.15   19.90    4.34    4.48 
1969 1	  13.75   18.98    6.00    4.14 
1969 2	  34.28   20.18    7.49    4.05 
1969 3	  18.83   21.27    7.06    4.44 
1969 4	  44.60   28.86   14.84    4.39 
1969 5	  27.47   31.07   17.59    3.10 
1969 6	  34.38   36.80   21.44    3.70 
1969 7	  19.65   39.17   23.38    3.51 
1969 8	  90.98   37.75   22.76    2.57 
1969 9	   9.10   33.93   20.34    2.35 
1969 10	 185.43   27.99   15.60    4.08 
1969 11	  40.50   22.15    8.59    3.91 
1969 12	  35.05   20.36    6.77    3.19 
1970 1	  42.35   13.80    2.58    3.88 
1970 2	  59.60   19.98    6.32    4.43 
1970 3	  21.75   21.87    7.70    4.18 
1970 4	  13.73   29.71   15.08    4.77 
1970 5	 154.47   29.91   16.45    3.95 
1970 6	  22.10   32.88   20.50    3.37 
1970 7	   3.17   36.05   21.76    2.55 
1970 8	  71.62   36.28   22.19    2.55 
1970 9	 141.35   32.68   20.50    3.20 
1970 10	   6.83   27.35   13.32    3.31 
1970 11	   0.00   24.56    5.29    4.13 
1970 12	   4.68   23.31    9.10    4.40 
1971 1	   1.55   23.09    6.10    4.42 
1971 2	   6.90   23.33    5.82    4.76 
1971 3	   0.05   28.25    9.23    4.47 
1971 4	  25.70   29.89   13.31    4.27 
1971 5	  22.00   34.03   18.57    4.44 
1971 6	 213.20   35.07   22.29    3.90 
1971 7	   9.08   35.69   22.00    3.25 
1971 8	 212.22   31.98   21.09    2.36 
1971 9	 117.22   31.44   20.84    2.73 
1971 10	 225.93   27.46   16.89    3.03 
1971 11	  23.60   23.80   10.03    3.41 
1971 12	  33.30   20.31    8.52    3.70 
1972 1	  33.42   20.15    4.67    4.21 
1972 2	   5.57   21.38    6.06    4.12 
1972 3	   7.53   27.54   12.10    3.71 
1972 4	  21.18   32.16   16.08    4.36 
1972 5	 126.53   29.03   17.42    3.14 
1972 6	  56.35   33.30   20.93    2.98 
1972 7	  59.48   34.73   21.44    2.95 
1972 8	  94.85   35.42   21.61    2.72 
1972 9	 109.12   34.42   21.28    2.26 
1972 10	   5.62   29.33   15.53    3.23 
1972 11	  33.22   20.19    6.13    3.83 
1972 12	  17.82   17.76    3.14    4.10 
1973 1	  47.95   15.67    2.00    4.62 
1973 2	  81.32   17.47    4.67    4.56 
1973 3	   6.65   26.66   11.52    3.65 
1973 4	  73.50   26.16   12.75    4.72 
1973 5	  10.70   32.89   17.13    4.17 
1973 6	 126.35   33.02   20.68    3.96 
1973 7	  87.48   34.74   22.05    3.50 
1973 8	  33.83   35.13   21.09    2.39 
1973 9	 249.35   32.02   20.83    2.87 
1973 10	 103.85   28.03   16.64    3.11 
1973 11	   1.10   26.18   12.42    3.76 
1973 12	   0.62   21.70    2.56    4.18 
1974 1	  25.20   17.50    4.59    3.66 
1974 2	   2.15   23.83    4.54    4.67 
1974 3	  81.25   27.69   13.48    5.02 
1974 4	  63.12   30.08   14.62    4.61 
1974 5	  22.80   32.47   19.76    3.91 
1974 6	  39.82   35.15   19.88    3.20 
1974 7	  16.65   37.42   21.06    2.99 
1974 8	 232.93   34.86   22.06    3.48 
1974 9	  79.30   29.23   17.81    3.31 
1974 10	  72.55   28.35   14.56    3.35 
1974 11	  21.25   21.64    8.76    3.60 
1974 12	  24.15   17.93    4.30    3.59 
1975 1	   5.95   21.07    5.50    3.96 
1975 2	  40.15   21.42    6.38    4.02 
1975 3	  21.60   27.42   10.48    4.62 
1975 4	  39.03   29.00   15.30    5.00 
1975 5	 184.57   31.20   19.61    4.06 
1975 6	  86.43   33.43   21.27    3.76 
1975 7	  55.62   33.99   21.42    2.86 
1975 8	  55.12   35.25   22.13    2.86 
1975 9	 119.50   31.48   18.70    2.40 
1975 10	  58.97   29.50   14.53    3.28 
1975 11	   0.03   25.21    9.01    3.68 
1975 12	   6.62   20.33    5.08    4.44 
1976 1	   3.45   18.97    2.41    4.15 
1976 2	   0.10   25.63    8.48    4.91 
1976 3	  32.10   25.96   12.47    4.61 
1976 4	  96.90   27.66   15.35    4.35 
1976 5	  65.25   28.88   16.73    3.45 
1976 6	  25.00   34.92   20.87    3.45 
1976 7	 154.02   31.93   21.70    3.16 
1976 8	  44.48   35.40   21.44    2.11 
1976 9	 111.28   33.48   20.84    2.48 
1976 10	 161.42   24.01   11.38    3.35 
1976 11	  64.03   17.80    6.80    4.02 
1976 12	  65.55   16.31    4.48    3.77 
1977 1	  45.48   13.25    2.51    3.88 
1977 2	   9.20   20.53    6.06    3.87 
1977 3	  10.35   25.23   10.76    4.19 
1977 4	 120.13   26.74   13.84    3.75 
1977 5	  13.72   30.01   19.85    4.33 
1977 6	  44.60   34.49   21.75    3.26 
1977 7	  11.12   36.97   22.50    3.41 
1977 8	   8.45   38.31   23.65    3.38 
1977 9	   6.93   37.24   22.54    2.97 
1977 10	  53.42   30.83   16.39    3.01 
1977 11	  34.17   25.20   10.60    3.26 
1977 12	   7.70   21.65    5.65    4.14 
1978 1	   6.80   13.53    2.31    4.63 
1978 2	  10.08   15.81    3.16    4.12 
1978 3	   0.57   26.69    9.07    3.83 
1978 4	   7.45   30.87   16.23    4.85 
1978 5	 116.82   33.94   20.70    4.13 
1978 6	 118.53   34.72   22.16    3.00 
1978 7	  28.73   37.72   23.12    3.59 
1978 8	 111.82   35.07   22.58    2.90 
1978 9	  90.72   30.99   21.19    2.95 
1978 10	  39.78   28.27   14.87    2.95 
1978 11	  26.62   23.07   12.61    3.94 
1978 12	  26.75   18.65    5.32    4.23 
1979 1	  25.85   13.39    2.23    4.74 
1979 2	  24.73   17.61    5.48    4.34 
1979 3	  20.57   24.33   11.88    4.54 
1979 4	  99.77   27.90   15.61    3.57 
1979 5	  28.60   30.41   17.68    4.11 
1979 6	 168.45   33.06   21.04    3.20 
1979 7	  28.37   36.65   23.73    3.18 
1979 8	  14.47   36.68   22.71    2.81 
1979 9	   9.35   33.95   18.67    2.85 
1979 10	   0.32   32.65   16.13    3.43 
1979 11	  20.88   22.35    8.32    4.28 
1979 12	  33.28   19.68    6.82    4.36 
1980 1	  11.95   19.36    6.73    3.98 
1980 2	  13.38   19.99    5.68    4.22 
1980 3	   6.15   25.43   10.37    4.19 
1980 4	  19.02   29.65   13.59    4.11 
1980 5	 283.47   31.82   20.09    4.14 
1980 6	   0.00   37.28   23.25    4.26 
1980 7	   5.32   39.32   23.70    3.43 
1980 8	 113.95   35.19   23.34    3.88 
1980 9	  40.00   34.44   22.53    2.78 
1980 10	   6.17   29.45   15.11    3.41 
1980 11	  89.58   21.74    8.39    3.78 
1980 12	  25.80   18.85    7.70    3.78 
1981 1	  45.38   18.02    6.02    3.84 
1981 2	  18.15   19.43    7.37    4.54 
1981 3	  47.23   23.52   11.02    4.10 
1981 4	  59.28   29.15   17.75    4.50 
1981 5	 135.37   30.90   19.13    4.29 
1981 6	 186.60   32.43   22.35    3.42 
1981 7	  14.80   35.13   22.94    3.75 
1981 8	  77.03   36.00   22.83    3.03 
1981 9	  58.85   33.14   20.15    3.16 
1981 10	 219.30   29.18   17.07    3.89 
1981 11	   0.60   26.60   10.41    3.42 
1981 12	  16.77   21.06    5.31    3.64 
1982 1	   9.43   20.23    4.46    4.63 
1982 2	  67.40   18.79    5.22    4.32 
1982 3	  15.53   25.40   12.88    5.05 
1982 4	  83.75   28.20   15.38    4.47 
1982 5	  46.02   29.87   19.33    4.53 
1982 6	  71.83   34.69   22.40    4.34 
1982 7	   0.10   37.67   23.31    4.28 
1982 8	   6.98   38.43   23.13    3.33 
1982 9	  19.03   35.86   20.85    2.87 
1982 10	  50.40   28.43   15.70    3.39 
1982 11	  73.68   23.19   11.35    3.91 
1982 12	  45.60   19.07    6.70    3.98 
1983 1	  20.70   17.22    4.35    3.37 
1983 2	  57.78   19.43    6.26    3.88 
1983 3	  39.50   23.94    9.93    4.01 
1983 4	   0.00   28.84   12.98    4.54 
1983 5	  60.85   32.05   19.21    4.07 
1983 6	  81.12   34.36   21.46    3.53 
1983 7	  78.12   35.75   23.13    3.22 
1983 8	  37.35   37.17   23.20    2.31 
1983 9	  36.20   33.90   20.76    3.14 
1983 10	  40.78   30.16   16.63    3.26 
1983 11	  25.67   26.53   11.80    3.78 
1983 12	   4.40   15.09    1.51    4.35 
1984 1	  54.70   15.22    4.46    4.26 
1984 2	   3.75   22.37    6.81    4.03 
1984 3	  31.73   27.32   12.24    4.62 
1984 4	  10.70   32.57   15.39    3.91 
1984 5	  44.90   34.01   19.33    4.16 
1984 6	  20.10   35.86   22.59    4.41 
1984 7	  29.30   37.52   22.93    3.19 
1984 8	  34.58   37.18   23.05    3.28 
1984 9	  70.57   33.29   20.01    3.55 
1984 10	 131.42   27.37   18.28    3.44 
1984 11	  17.48   22.59   10.54    3.91 
1984 12	  49.58   21.75   11.19    4.32 
1985 1	  60.22   13.97    2.02    4.11 
1985 2	  17.72   16.70    5.89    4.66 
1985 3	  78.67   24.27   13.37    4.40 
1985 4	  75.13   28.73   16.21    4.32 
1985 5	  42.80   32.18   19.34    3.74 
1985 6	  71.42   33.66   20.06    3.56 
1985 7	  79.95   35.76   21.90    3.38 
1985 8	   6.62   38.76   23.33    3.15 
1985 9	  51.70   35.18   21.53    3.42 
1985 10	 149.67   29.09   17.11    4.08 
1985 11	  44.25   24.15   14.02    4.14 
1985 12	   1.10   17.73    3.94    3.98 
1986 1	  32.70   20.33    5.22    3.84 
1986 2	  26.73   23.59    8.08    3.74 
1986 3	   9.95   27.18   10.23    3.79 
1986 4	  28.47   31.25   17.72    4.56 
1986 5	 154.62   30.71   19.15    4.20 
1986 6	  28.28   33.31   21.84    2.94 
1986 7	   4.45   38.02   22.42    3.88 
1986 8	  20.75   37.77   23.12    2.96 
1986 9	  44.23   35.22   23.26    3.38 
1986 10	 225.83   27.87   16.12    3.27 
1986 11	  25.53   21.35   10.25    3.68 
1986 12	 106.65   16.07    6.63    3.90 
1987 1	  18.55   17.98    4.52    3.77 
1987 2	  54.02   19.64    7.54    4.24 
1987 3	  28.23   21.75    7.64    3.79 
1987 4	  22.70   27.32   11.32    3.52 
1987 5	 158.05   31.41   19.11    3.91 
1987 6	 215.47   32.23   20.35    2.85 
1987 7	  31.95   35.19   23.08    3.28 
1987 8	  85.55   36.98   23.33    3.53 
1987 9	  16.73   33.44   20.54    3.17 
1987 10	   3.85   30.42   14.68    3.30 
1987 11	  43.62   24.11    9.96    3.82 
1987 12	  26.60   21.32    6.78    3.89 
1988 1	   4.67   17.02    3.35    4.47 
1988 2	   5.10   20.91    6.78    4.30 
1988 3	   7.90   26.74   10.60    4.50 
1988 4	  26.53   31.15   14.44    3.32 
1988 5	  41.32   32.08   19.26    3.84 
1988 6	  43.07   35.15   22.03    2.80 
1988 7	  35.45   36.35   24.04    3.19 
1988 8	  17.07   36.48   24.04    2.71 
1988 9	  66.93   34.62   21.03    3.23 
1988 10	  54.00   30.43   16.70    2.98 
1988 11	   0.00   25.95   11.39    4.10 
1988 12	   2.57   20.70    7.51    4.06 
1989 1	  47.45   20.73    8.92    3.89 
1989 2	  21.70   18.95    7.14    5.32 
1989 3	  28.07   26.74    9.72    4.41 
1989 4	  70.47   30.01   15.40    4.19 
1989 5	   7.82   35.32   21.86    4.81 
1989 6	  58.15   36.02   22.88    3.64 
1989 7	  23.02   37.28   23.72    3.11 
1989 8	  59.10   36.23   23.49    3.48 
1989 9	   4.40   33.54   19.41    3.31 
1989 10	 105.05   30.00   15.56    3.53 
1989 11	  24.50   23.33   11.87    3.70 
1989 12	  14.35   14.38    1.43    4.23 
1990 1	  18.08   21.64    8.45    4.32 
1990 2	  78.43   23.74    9.81    4.10 
1990 3	  60.28   23.71   12.33    5.13 
1990 4	  84.40   27.35   16.68    4.84 
1990 5	  54.10   32.69   20.77    4.85 
1990 6	   0.00   38.09   24.32    4.51 
1990 7	 182.83   34.54   23.10    3.63 
1990 8	  23.33   35.37   23.26    3.39 
1990 9	  50.60   32.36   21.51    2.47 
1990 10	  46.90   29.30   14.56    3.14 
1990 11	  41.58   24.94   12.23    4.11 
1990 12	   3.85   20.19    6.01    4.18 
1991 1	  69.65   16.87    5.80    4.01 
1991 2	  88.53   21.43    8.55    4.02 
1991 3	   3.10   27.92   12.01    4.38 
1991 4	  88.02   29.58   17.73    4.04 
1991 5	  20.50   32.45   20.45    4.18 
1991 6	  36.12   35.73   22.58    3.49 
1991 7	  44.33   36.24   22.88    3.37 
1991 8	  40.75   36.72   23.27    3.05 
1991 9	 119.17   30.92   19.74    2.67 
1991 10	  23.50   30.59   16.66    3.10 
1991 11	   4.60   21.47    8.77    4.57 
1991 12	  96.38   18.86    9.01    4.44 
1992 1	 125.30   15.09    6.27    3.73 
1992 2	 127.40   21.09    9.16    3.70 
1992 3	  20.23   24.49   11.45    4.04 
1992 4	  74.00   25.80   14.72    3.61 
1992 5	 102.98   29.07   17.90    3.48 
1992 6	  35.12   34.28   21.66    3.36 
1992 7	  37.22   36.13   22.75    4.46 
1992 8	  29.58   34.95   21.67    2.32 
1992 9	  41.45   34.21   20.74    3.15 
1992 10	  15.90   30.16   15.25    2.95 
1992 11	  71.68   22.11    8.99    3.83 
1992 12	  33.78   18.03    8.13    3.61 
1993 1	  36.33   17.26    5.63    3.53 
1993 2	  28.93   19.37    7.83    4.17 
1993 3	  33.40   23.45   10.51    3.55 
1993 4	  23.93   28.39   13.70    4.49 
1993 5	 104.95   30.15   17.15    3.49 
1993 6	 158.98   32.34   22.10    3.54 
1993 7	   0.00   36.30   23.20    4.49 
1993 8	   3.27   37.19   22.82    3.42 
1993 9	  22.98   33.59   20.12    2.88 
1993 10	  20.38   29.31   14.85    3.65 
1993 11	  14.90   21.10    7.59    3.73 
1993 12	  15.10   20.67    7.82    4.08 
1994 1	  51.65   19.20    5.87    4.53 
1994 2	  36.48   20.23    8.07    4.77 
1994 3	  76.88   24.49   12.20    3.93 
1994 4	  38.00   28.06   15.22    4.31 
1994 5	  48.62   29.55   19.21    3.76 
1994 6	 111.15   35.16   22.52    2.98 
1994 7	  32.75   37.16   23.04    4.05 
1994 8	   7.47   35.60   22.55    2.68 
1994 9	  34.68   32.83   19.02    2.06 
1994 10	 112.95   29.12   17.17    3.18 
1994 11	   6.27   24.83   12.61    4.10 
1994 12	  51.98   19.94    9.04    3.85 
1995 1	  11.93   19.22    5.37    4.33 
1995 2	  20.15   22.01    8.24    3.78 
1995 3	  46.08   22.67   11.15    4.09 
1995 4	  41.57   28.71   14.08    4.34 
1995 5	  76.58   33.29   20.13    4.54 
1995 6	  63.95   34.21   21.29    3.64 
1995 7	  26.97   36.81   23.23    3.22 
1995 8	  39.30   36.23   23.74    2.13 
1995 9	  57.52   33.62   21.19    2.44 
1995 10	  19.20   29.63   14.67    3.45 
1995 11	  67.93   22.57   10.22    3.43 
1995 12	  16.98   19.05    7.31    4.13 
1996 1	   0.00   20.41    2.59    4.56 
1996 2	   4.38   22.60    7.46    4.84 
1996 3	   6.62   22.32    7.70    4.48 
1996 4	  34.08   29.75   13.48    4.43 
1996 5	  43.72   34.90   21.95    5.34 
1996 6	   9.65   36.22   23.20    3.62 
1996 7	  51.10   37.03   23.84    3.83 
1996 8	  76.38   35.55   23.38    3.45 
1996 9	  52.10   32.70   21.13    2.61 
1996 10	  20.20   29.26   16.35    3.46 
1996 11	  39.28   24.30   11.41    4.00 
1996 12	   7.90   19.61    6.01    3.79 
1997 1	   9.88   16.11    4.92    4.41 
1997 2	  41.93   18.79    7.34    4.11 
1997 3	  74.20   25.02   12.89    3.65 
1997 4	 110.85   24.70   13.02    3.97 
1997 5	 127.52   30.31   18.74    3.17 
1997 6	 189.03   33.02   21.71    3.71 
1997 7	  13.85   36.36   23.05    3.38 
1997 8	  18.48   37.18   23.42    3.27 
1997 9	  60.35   34.90   21.42    2.18 
1997 10	  49.92   28.00   15.63    3.46 
1997 11	  34.75   21.04    9.44    3.44 
1997 12	  21.65   18.73    3.60    4.13 
1998 1	  31.60   22.07    7.96    3.98 
1998 2	  49.30   22.32    7.34    3.84 
1998 3	  66.17   23.74   10.10    4.86 
1998 4	   3.12   29.17   13.12    3.97 
1998 5	   1.43   35.39   20.27    4.26 
1998 6	  16.80   38.54   24.14    4.79 
1998 7	   6.68   38.92   24.51    3.79 
1998 8	 276.90   34.69   23.53    2.78 
1998 9	  53.67   32.67   22.48    2.54 
1998 10	 158.77   27.96   16.87    3.87 
1998 11	  56.20   22.83   13.34    3.53 
1998 12	  16.78   19.27    6.54    4.40 
1999 1	   5.78   21.94    4.80    4.70 
1999 2	   0.22   25.72    9.59    4.28 
1999 3	  98.85   25.70   11.88    4.60 
1999 4	  16.98   30.00   16.20    4.68 
1999 5	  64.67   32.26   19.68    3.98 
1999 6	 111.93   34.68   22.65    3.69 
1999 7	  40.35   35.76   22.43    3.16 
1999 8	  78.00   37.18   22.82    2.18 
1999 9	  10.78   33.77   19.81    2.67 
1999 10	  35.65   29.10   13.63    3.17 
1999 11	   0.10   26.43    9.66    3.20 
1999 12	   9.57   21.17    5.08    4.15 
2000 1	  37.93   21.85    6.74    4.22 
2000 2	  19.78   25.21   10.82    4.56 
2000 3	  29.93   27.51   14.13    4.01 
2000 4	  39.47   30.15   15.43    4.20 
2000 5	  65.23   34.21   21.19    4.50 
2000 6	  43.25   35.13   22.89    3.98 
2000 7	   5.35   38.95   23.38    3.46 
2000 8	   2.65   37.70   22.94    2.55 
2000 9	  29.42   35.92   19.60    2.72 
2000 10	  76.62   27.26   17.46    3.74 
2000 11	 107.05   20.48    9.55    3.85 
2000 12	  34.28   14.92    3.36    4.12 
2001 1	  57.27   16.02    4.75    4.13 
2001 2	   8.88   21.88    8.52    4.26 
2001 3	  47.28   20.40    8.45    3.54 
2001 4	  24.83   29.20   17.19    4.84 
2001 5	  78.28   33.12   19.64    3.83 
2001 6	  15.02   36.70   22.85    2.81 
2001 7	  15.43   37.92   23.60    3.32 
2001 8	  36.05   37.32   23.74    3.02 
2001 9	  40.68   33.21   19.93    2.97 
2001 10	   1.58   29.04   14.53    3.36 
2001 11	  56.85   24.80   13.26    3.43 
2001 12	  39.33   19.31    6.61    3.72 
2002 1	   0.22   20.70    5.88    4.08 
2002 2	   6.00   20.24    4.04    3.98 
2002 3	   3.53   24.61   10.39    4.72 
2002 4	  22.30   31.59   18.49    4.57 
2002 5	  68.95   33.41   20.70    4.72 
2002 6	 216.80   35.69   23.31    3.21 
2002 7	 218.70   32.54   22.87    3.44 
2002 8	  39.47   35.87   23.47    2.58 
2002 9	 331.05   31.25   20.16    2.77 
2002 10	 111.60   27.03   17.83    2.91 
2002 11	  34.17   21.03    8.35    3.53 
2002 12	  31.20   19.21    5.33    4.34 
2003 1	  17.75   17.52    4.82    3.69 
2003 2	  74.20   19.93    7.67    4.39 
2003 3	  39.73   23.38   11.44    3.37 
2003 4	   2.95   28.42   16.07    4.21 
2003 5	   2.43   33.58   21.63    3.92 
2003 6	  99.60   34.76   22.04    2.77 
2003 7	 203.88   33.48   22.47    2.99 
2003 8	  17.00   35.54   22.55    2.48 
2003 9	 189.47   30.32   20.24    2.33 
2003 10	  76.10   27.65   15.47    2.99 
2003 11	  20.47   23.52   11.48    4.02 
2003 12	   0.00   21.38    4.42    4.09 
2004 1	  40.67   18.54    7.24    4.58 
2004 2	  38.48   19.21    5.82    4.12 
2004 3	  74.20   25.55   13.90    4.06 
2004 4	 125.58   26.25   14.36    4.48 
2004 5	  29.23   29.60   18.67    4.37 
2004 6	 235.48   33.13   21.91    3.31 
2004 7	  34.85   33.33   22.33    2.91 
2004 8	 218.53   34.46   22.13    2.78 
2004 9	  70.92   31.51   20.57    2.00 
2004 10	  53.40   30.87   19.23    3.58 
2004 11	  63.90   23.38   10.86    3.83 
2004 12	   5.95   19.67    3.96    4.19 
2005 1	  42.90   20.38    7.87    4.33 
2005 2	  45.70   18.34    9.76    4.33 
2005 3	  47.52   25.03    9.86    3.63 
2005 4	   1.27   28.71   13.15    4.11 
2005 5	  89.35   30.85   18.37    3.95 
2005 6	  14.27   35.09   21.69    3.78 
2005 7	  46.02   36.41   23.37    3.14 
2005 8	  29.42   36.52   23.34    3.04 
2005 9	  20.83   35.98   22.20    2.59 
2005 10	  80.67   28.84   16.17    3.03 
2005 11	   1.17   27.16   10.58    3.81 
2005 12	   9.60   20.76    4.47    3.83 
2006 1	   4.78   24.40    5.95    4.07 
2006 2	   1.42   22.56    5.66    4.23 
2006 3	  16.70   28.14   13.68    4.49 
2006 4	  14.43   32.81   17.86    4.35 
2006 5	  54.35   35.09   18.92    4.13 
2006 6	   8.03   36.78   21.34    2.78 
2006 7	  44.55   36.19   23.18    3.05 
2006 8	   0.75   38.36   24.18    3.03 
2006 9	 117.38   33.36   20.56    2.62 
2006 10	  11.93   29.95   16.76    3.19 
2006 11	   0.47   26.76   11.05    3.69 
2006 12	  51.45   18.92    6.48    4.06 
2007 1	  99.10   15.13    4.27    4.38 
2007 2	   1.93   20.80    6.40    3.65 
2007 3	 131.25   25.63   13.41    4.38 
2007 4	  48.32   25.69   13.03    3.91 
2007 5	 162.52   29.08   19.04    3.74 
2007 6	 163.65   31.65   21.51    3.65 
2007 7	 219.13   31.17   22.27    3.12 
2007 8	  54.05   33.94   23.15    2.45 
2007 9	  80.38   32.31   21.15    2.04 
2007 10	   8.55   30.95   15.40    2.94 
2007 11	   8.30   24.91   11.09    3.43 
2007 12	   3.78   22.41    5.85    3.68 
2008 1	   2.65   19.59    4.18    4.41 
2008 2	   0.40   26.47    7.58    4.30 
2008 3	  38.47   27.27   10.19    4.79 
2008 4	   7.87   30.28   14.43    4.39 
2008 5	  41.17   34.60   21.17    4.16 
2008 6	   1.88   36.93   23.48    3.98 
2008 7	  96.38   34.65   22.76    3.50 
2008 8	  72.25   35.49   23.20    2.79 
2008 9	  22.33   32.63   19.62    2.58 
2008 10	  23.35   30.16   14.28    3.06 
2008 11	   2.28   25.61    9.59    3.02 
2008 12	   3.53   21.15    5.41    4.41 
2009 1	   0.55   21.91    3.51    3.79 
2009 2	   0.43   26.11    6.92    4.61 
2009 3	  26.83   26.95   10.94    4.56 
2009 4	  55.30   30.55   13.90    4.39 
2009 5	  36.73   34.53   19.85    3.82 
2009 6	   1.35   37.65   22.67    3.65 
2009 7	  16.12   39.27   23.86    3.79 
2009 8	   8.05   38.92   23.33    2.82 
2009 9	 123.48   32.18   20.62    2.22 
2009 10	  93.40   28.63   15.90    3.75 
2009 11	  68.85   23.76    8.57    3.56 
2009 12	  27.00   14.82    4.02    4.00 
2010 1	  69.85   17.44    3.37    4.55 
2010 2	  96.77   17.01    3.89    4.20 
2010 3	  23.60   24.37    7.10    3.86 
2010 4	  64.05   27.80   14.90    4.03 
2010 5	  54.02   32.16   19.04    3.83 
2010 6	  66.80   35.52   23.01    3.75 
2010 7	  51.53   34.03   23.68    3.12 
2010 8	   1.83   38.11   23.05    2.39 
2010 9	  88.98   32.68   21.38    2.61 
2010 10	   0.00   30.29   12.62    3.40 
2010 11	   8.75   26.06    8.48    4.42 
2010 12	   4.28   21.67    2.40    4.23 
