1949 1	  89.30    5.68   -5.15    3.55 
1949 2	   5.30   14.52   -0.27    3.07 
1949 3	   9.95   20.24    2.20    3.73 
1949 4	  37.15   21.02    6.39    3.09 
1949 5	 138.55   28.22   13.18    3.81 
1949 6	  88.18   32.30   16.76    4.06 
1949 7	  28.10   34.13   18.92    3.05 
1949 8	  21.22   32.27   17.03    2.39 
1949 9	 189.58   28.40   13.90    2.72 
1949 10	  31.25   23.00    7.25    2.93 
1949 11	   0.00   23.12    2.29    2.47 
1949 12	  13.60   13.73   -2.19    3.08 
1950 1	   3.00   16.58   -1.37    3.22 
1950 2	   1.55   18.81   -0.26    3.10 
1950 3	   0.00   21.18    0.03    4.07 
1950 4	  10.25   25.89    6.22    4.17 
1950 5	  64.22   29.49   11.73    3.45 
1950 6	  20.72   33.50   17.20    3.94 
1950 7	 130.63   32.15   18.38    3.64 
1950 8	  41.08   33.41   17.26    3.03 
1950 9	 116.22   28.19   14.67    2.89 
1950 10	  16.43   28.20    9.24    2.94 
1950 11	   0.05   21.58   -0.59    3.08 
1950 12	   0.20   16.95   -4.02    2.36 
1951 1	   2.05   14.09   -5.23    3.40 
1951 2	  12.68   17.10   -1.97    3.94 
1951 3	  18.02   19.10    1.19    3.75 
1951 4	   1.87   24.49    5.28    3.77 
1951 5	 100.80   30.03   12.47    3.76 
1951 6	  24.83   35.07   17.76    4.26 
1951 7	  10.37   36.21   19.87    3.48 
1951 8	 120.00   34.82   19.10    3.32 
1951 9	  20.95   31.42   13.80    3.32 
1951 10	  19.42   26.93    8.37    3.33 
1951 11	   2.90   17.60   -1.00    3.14 
1951 12	   0.60   15.73   -1.88    3.22 
1952 1	  19.03   16.86   -0.16    3.09 
1952 2	   7.30   17.23   -1.08    3.53 
1952 3	   0.40   18.79    0.45    4.19 
1952 4	  31.55   23.48    6.49    3.59 
1952 5	  61.48   29.95   11.33    3.67 
1952 6	  20.35   35.30   18.65    4.40 
1952 7	  51.42   33.36   18.26    3.36 
1952 8	   6.90   36.47   19.79    3.38 
1952 9	  24.10   29.91   13.44    2.38 
1952 10	   0.00   25.54    4.49    2.77 
1952 11	  19.35   15.75    0.24    3.02 
1952 12	   2.30   14.09   -4.22    2.58 
1953 1	   5.32   18.76   -0.61    3.90 
1953 2	   3.55   15.70   -2.64    3.11 
1953 3	  23.52   22.40    4.15    3.19 
1953 4	  19.72   24.86    5.89    3.49 
1953 5	  22.22   29.67   11.53    4.04 
1953 6	  26.95   37.00   20.21    4.24 
1953 7	  57.38   35.42   19.20    3.64 
1953 8	  23.70   33.86   17.93    2.71 
1953 9	  15.03   32.40   12.97    2.46 
1953 10	 101.38   24.52    9.12    3.05 
1953 11	   1.08   18.22    1.82    2.65 
1953 12	   3.05   11.51   -3.58    3.40 
1954 1	   0.00   14.99   -3.05    2.86 
1954 2	   0.00   20.00    0.68    3.51 
1954 3	   0.00   18.76    0.87    3.53 
1954 4	  50.88   26.35    9.94    3.83 
1954 5	  61.05   25.45   10.66    3.57 
1954 6	  16.15   33.54   16.96    4.06 
1954 7	   1.95   36.34   18.66    3.01 
1954 8	  27.80   34.24   18.37    3.26 
1954 9	   1.10   33.03   14.24    2.91 
1954 10	  47.35   25.69    9.16    2.88 
1954 11	   4.35   19.94    0.79    2.59 
1954 12	   6.93   15.65   -3.45    3.01 
1955 1	  23.57   11.48   -3.15    3.11 
1955 2	   1.27   14.85   -5.23    3.28 
1955 3	   2.60   20.37    0.32    3.50 
1955 4	   3.95   26.52    7.19    3.98 
1955 5	  43.83   29.25   13.07    3.40 
1955 6	  31.00   33.48   15.41    3.95 
1955 7	  81.00   33.04   18.72    3.38 
1955 8	   5.60   33.56   17.32    2.32 
1955 9	  53.17   29.84   14.17    2.76 
1955 10	 151.70   24.57    7.62    2.64 
1955 11	   1.42   18.32   -0.31    3.05 
1955 12	   0.00   15.89   -2.32    2.93 
1956 1	   0.00   14.02   -4.20    2.89 
1956 2	  21.27   11.99   -4.70    3.53 
1956 3	   0.00   21.73    0.61    3.41 
1956 4	   6.32   24.24    5.05    3.63 
1956 5	  28.07   31.25   13.78    4.08 
1956 6	  43.92   35.28   18.33    3.78 
1956 7	  25.32   35.25   18.08    3.62 
1956 8	   7.35   34.35   16.04    3.34 
1956 9	  20.45   32.82   12.91    2.93 
1956 10	  43.35   26.37    8.18    2.58 
1956 11	   0.00   17.29   -0.96    2.75 
1956 12	   6.20   15.74   -1.70    3.01 
1957 1	   2.98   12.40   -3.50    3.04 
1957 2	  25.55   16.52    2.70    3.07 
1957 3	  10.95   17.85    1.84    3.57 
1957 4	  33.15   21.60    5.45    3.79 
1957 5	 101.38   24.78   11.87    3.16 
1957 6	 102.67   30.06   16.40    3.53 
1957 7	  62.70   34.79   18.79    3.09 
1957 8	  55.90   32.96   17.82    2.92 
1957 9	  59.50   28.08   12.24    2.83 
1957 10	 111.93   21.04    7.19    2.78 
1957 11	  37.62   12.68    0.91    2.83 
1957 12	   0.50   15.97   -1.83    3.14 
1958 1	  28.10    9.36   -4.47    3.07 
1958 2	  20.63   11.86   -2.04    3.79 
1958 3	  51.38   11.40   -0.26    3.21 
1958 4	  39.20   20.91    5.33    3.58 
1958 5	  44.98   27.57   12.62    2.66 
1958 6	  48.50   33.40   17.71    3.67 
1958 7	  81.47   35.11   19.18    4.16 
1958 8	  31.08   33.41   17.64    2.43 
1958 9	  47.05   29.18   15.23    2.74 
1958 10	  44.90   21.25    9.39    2.37 
1958 11	  23.95   18.15    2.53    2.49 
1958 12	   0.00   13.81   -3.61    2.82 
1959 1	   1.38   13.48   -5.85    3.36 
1959 2	   0.80   13.23   -2.35    3.54 
1959 3	   0.00   19.28   -0.94    3.92 
1959 4	  32.60   23.12    5.83    3.68 
1959 5	  53.38   28.76   13.09    3.91 
1959 6	 127.65   32.91   16.93    3.22 
1959 7	  61.88   31.23   17.40    2.47 
1959 8	   3.85   34.37   17.78    2.82 
1959 9	  29.35   32.23   13.72    3.42 
1959 10	  51.75   23.09    6.73    2.60 
1959 11	   2.53   15.96   -1.49    2.56 
1959 12	  22.62   13.95   -0.96    3.03 
1960 1	  14.12   11.20   -3.88    2.92 
1960 2	  22.00   11.90   -4.65    4.13 
1960 3	   8.60   15.98   -0.53    3.15 
1960 4	   4.28   26.74    7.56    3.96 
1960 5	  35.15   30.16   10.99    3.50 
1960 6	  33.60   35.25   17.97    3.58 
1960 7	 139.57   32.28   18.53    2.85 
1960 8	  14.10   33.41   17.74    2.82 
1960 9	  15.03   31.29   14.36    2.54 
1960 10	 106.33   25.34    9.10    2.76 
1960 11	   0.00   19.49    2.25    2.79 
1960 12	  27.52    8.85   -3.06    3.25 
1961 1	  15.80   11.06   -5.81    2.80 
1961 2	  39.75   14.34   -1.70    3.35 
1961 3	  48.07   19.31    1.85    3.54 
1961 4	   0.93   24.76    6.81    4.07 
1961 5	  19.40   30.08   12.19    3.72 
1961 6	  89.10   31.73   16.30    3.22 
1961 7	  65.70   31.69   17.09    3.01 
1961 8	  10.50   32.77   16.14    2.33 
1961 9	   2.62   30.12   13.03    3.54 
1961 10	   7.95   26.65    6.59    3.17 
1961 11	  39.30   13.74    0.63    3.13 
1961 12	   0.78   12.69   -3.00    3.04 
1962 1	   4.95   10.18   -6.91    3.41 
1962 2	   3.35   19.94   -0.85    3.47 
1962 3	   2.12   17.32   -0.79    3.95 
1962 4	  44.53   24.01    7.29    3.53 
1962 5	  14.67   32.57   14.25    5.07 
1962 6	  45.75   32.17   16.69    3.32 
1962 7	 105.47   33.78   19.73    3.32 
1962 8	  76.20   34.67   18.10    2.64 
1962 9	  75.48   28.87   15.89    2.45 
1962 10	  90.75   25.25   10.81    3.01 
1962 11	  21.00   18.56    4.30    2.51 
1962 12	  10.75   13.55   -0.56    2.64 
1963 1	   3.97   10.11   -9.17    3.03 
1963 2	  14.05   16.24   -2.50    3.08 
1963 3	  18.65   20.80    2.18    3.89 
1963 4	  10.00   27.04   10.91    3.60 
1963 5	 207.90   29.34   13.64    3.81 
1963 6	  63.45   31.29   17.53    3.81 
1963 7	  67.68   34.78   19.68    3.58 
1963 8	  49.47   33.78   18.72    2.39 
1963 9	   3.75   31.16   15.89    1.98 
1963 10	  10.13   28.53    9.41    2.22 
1963 11	  14.75   19.80    1.79    2.65 
1963 12	   3.08    9.88   -3.42    2.52 
1964 1	  12.23   13.18   -4.53    3.32 
1964 2	   8.03    7.05   -5.55    3.51 
1964 3	   9.40   19.54   -0.59    3.60 
1964 4	   0.03   25.95    6.49    3.67 
1964 5	  31.30   30.15   13.60    3.73 
1964 6	  39.30   33.50   16.19    3.97 
1964 7	   4.10   36.01   18.77    2.97 
1964 8	  22.48   34.81   18.41    3.36 
1964 9	  54.68   28.02   14.41    2.53 
1964 10	   5.15   25.40    7.20    2.45 
1964 11	  14.77   18.33    2.36    3.04 
1964 12	  20.50   13.32   -1.73    3.03 
1965 1	   0.70   14.55   -2.05    3.39 
1965 2	   7.18   12.48   -4.85    3.43 
1965 3	   0.70   14.56   -2.42    3.61 
1965 4	  19.70   26.55    8.72    3.43 
1965 5	  88.72   29.32   14.33    3.80 
1965 6	  87.12   33.13   18.15    4.05 
1965 7	   1.80   35.97   19.89    2.85 
1965 8	  72.77   33.52   18.56    2.89 
1965 9	 111.38   30.35   15.12    3.00 
1965 10	  12.40   25.60    8.08    2.37 
1965 11	   0.00   22.01    4.77    2.17 
1965 12	  17.20   14.34    0.13    3.29 
1966 1	  24.47    7.61   -5.81    2.89 
1966 2	   0.55   12.37   -4.66    3.34 
1966 3	  11.82   21.10    2.03    4.04 
1966 4	 130.95   22.66    6.84    3.43 
1966 5	  12.70   27.36   12.08    3.02 
1966 6	  60.63   31.92   17.54    3.75 
1966 7	  12.62   35.64   19.87    3.05 
1966 8	 220.80   29.89   17.70    2.80 
1966 9	  53.12   28.29   14.72    1.81 
1966 10	   4.43   23.52    6.01    2.34 
1966 11	   0.20   21.61    2.64    3.19 
1966 12	   0.00   12.67   -4.74    2.69 
1967 1	   0.00   14.00   -5.01    3.10 
1967 2	   0.95   15.28   -2.74    3.36 
1967 3	  22.70   23.42    4.09    4.23 
1967 4	  24.50   26.65   10.24    4.69 
1967 5	  16.50   29.63    9.40    3.56 
1967 6	 225.50   32.17   17.42    4.23 
1967 7	  88.27   32.84   18.68    3.39 
1967 8	   3.10   31.72   16.45    2.71 
1967 9	  47.25   27.00   13.69    2.66 
1967 10	   9.83   25.69    7.05    3.36 
1967 11	   6.97   17.66    2.43    2.91 
1967 12	  10.30   10.25   -3.60    3.24 
1968 1	  53.17   10.75   -2.25    3.33 
1968 2	  13.75   11.70   -2.70    2.83 
1968 3	  73.68   17.23    3.26    4.34 
1968 4	  13.23   22.29    4.84    3.72 
1968 5	  71.95   27.96   11.10    4.17 
1968 6	  74.15   32.11   15.87    3.77 
1968 7	  82.30   31.74   17.44    3.57 
1968 8	  94.83   31.80   17.56    3.63 
1968 9	   6.70   29.14   11.14    2.80 
1968 10	  12.73   26.80    7.89    3.55 
1968 11	  49.80   16.35    1.60    3.37 
1968 12	  11.88   14.11   -3.17    3.71 
1969 1	   0.00   15.92   -1.94    3.36 
1969 2	  46.55   14.47   -1.13    3.19 
1969 3	  56.12   13.01   -2.47    3.82 
1969 4	  50.05   24.70    7.77    4.16 
1969 5	  91.30   27.54   12.01    3.26 
1969 6	  30.23   32.71   16.05    3.80 
1969 7	  66.97   35.18   19.32    3.16 
1969 8	  73.62   34.42   18.20    2.74 
1969 9	 101.22   27.52   14.55    2.28 
1969 10	 161.02   20.52    7.23    3.51 
1969 11	  15.38   17.80    0.79    2.63 
1969 12	  14.18   15.50   -1.50    2.79 
1970 1	   0.00   12.22   -5.44    2.73 
1970 2	  10.10   15.67   -2.09    2.94 
1970 3	  86.10   15.64   -0.64    3.37 
1970 4	   2.70   23.79    5.89    3.41 
1970 5	  56.00   28.95    9.95    3.54 
1970 6	  35.55   31.72   15.16    3.53 
1970 7	   6.93   34.30   18.03    3.13 
1970 8	  35.40   34.08   17.15    2.91 
1970 9	  46.20   28.32   14.31    3.11 
1970 10	  33.27   22.06    5.66    2.54 
1970 11	   0.00   18.12    0.50    3.04 
1970 12	   1.78   17.30   -1.85    2.54 
1971 1	   0.00   15.02   -3.97    3.05 
1971 2	   8.40   15.05   -3.90    3.60 
1971 3	   0.85   20.74   -0.61    3.55 
1971 4	  28.57   24.26    5.41    3.49 
1971 5	  92.72   28.97   10.25    3.76 
1971 6	  11.85   33.04   17.05    4.00 
1971 7	  49.22   34.14   17.61    2.82 
1971 8	  80.97   28.47   16.37    2.20 
1971 9	 112.92   27.49   13.68    3.01 
1971 10	  39.15   23.25    8.69    2.72 
1971 11	   9.98   19.05    2.12    3.02 
1971 12	  17.75   13.56   -1.04    3.43 
1972 1	   4.18   15.08   -4.88    3.21 
1972 2	   0.33   17.58   -3.18    3.22 
1972 3	  14.50   24.37    2.72    3.61 
1972 4	   0.90   27.93    7.79    4.06 
1972 5	 124.55   26.69   11.32    3.02 
1972 6	 146.75   31.90   16.06    2.93 
1972 7	  95.82   30.91   17.08    3.37 
1972 8	 162.77   30.09   16.33    2.88 
1972 9	 140.35   28.89   14.90    2.88 
1972 10	  60.30   23.43    7.69    2.85 
1972 11	  15.30   13.07   -1.17    2.64 
1972 12	   6.20   12.37   -4.42    3.27 
1973 1	  45.98    8.23   -4.32    3.45 
1973 2	  64.98   11.98   -2.46    3.35 
1973 3	  25.20   18.80    2.74    3.95 
1973 4	  13.73   21.22    3.65    3.35 
1973 5	  55.43   28.24    9.94    3.36 
1973 6	  16.62   32.91   13.93    3.64 
1973 7	 102.15   33.13   15.31    3.10 
1973 8	   9.42   33.96   16.46    2.92 
1973 9	  26.20   29.12   14.05    3.02 
1973 10	  14.55   27.37    8.71    2.88 
1973 11	   1.38   21.45    2.53    3.50 
1973 12	   0.00   16.34   -3.84    3.85 
1974 1	   0.15   13.64   -4.09    3.08 
1974 2	   0.20   17.99   -3.27    3.95 
1974 3	  26.25   24.27    4.58    4.20 
1974 4	  36.92   26.28    7.26    4.73 
1974 5	   5.73   31.94   12.95    3.88 
1974 6	  30.45   34.70   15.23    3.60 
1974 7	  12.42   36.11   17.69    3.24 
1974 8	 166.98   31.59   15.80    3.01 
1974 9	 231.00   24.16   10.85    2.90 
1974 10	 114.85   22.89    8.28    3.11 
1974 11	  17.23   16.97    1.14    2.80 
1974 12	   7.55   12.28   -3.60    2.97 
1975 1	  14.87   12.96   -3.53    3.60 
1975 2	  30.20   13.67   -3.14    3.43 
1975 3	   1.75   19.50   -0.86    3.89 
1975 4	   7.55   24.27    3.29    4.42 
1975 5	  58.15   29.00    9.91    3.36 
1975 6	  38.73   34.20   14.55    4.32 
1975 7	 112.72   30.57   16.60    2.81 
1975 8	  38.05   32.44   16.13    3.08 
1975 9	  72.00   26.97   10.87    3.06 
1975 10	   1.20   26.40    5.54    3.21 
1975 11	  34.40   19.42   -0.13    3.49 
1975 12	  11.95   14.79   -3.14    2.86 
1976 1	   1.50   14.03   -5.09    3.11 
1976 2	   1.52   21.21    0.99    3.80 
1976 3	   2.05   21.05    0.93    4.07 
1976 4	  34.50   25.71    7.59    4.20 
1976 5	   6.45   27.84    9.00    3.31 
1976 6	  40.17   33.79   14.08    3.66 
1976 7	 177.23   29.98   15.34    3.00 
1976 8	  13.02   33.61   16.56    2.44 
1976 9	  90.40   28.32   14.08    2.19 
1976 10	  37.90   21.07    4.14    2.77 
1976 11	  18.15   14.30   -1.82    2.49 
1976 12	   0.00   14.17   -3.94    2.84 
1977 1	   7.45    9.38   -6.71    2.48 
1977 2	   5.22   16.72   -1.10    3.40 
1977 3	  17.75   19.99    0.70    3.97 
1977 4	  46.58   23.01    7.04    3.67 
1977 5	  30.75   30.28   14.52    4.25 
1977 6	 110.30   34.65   17.28    3.61 
1977 7	   6.67   35.03   18.61    3.13 
1977 8	  63.10   35.11   18.98    3.22 
1977 9	   2.10   33.29   16.07    3.00 
1977 10	   9.25   25.83    8.91    2.63 
1977 11	   0.00   20.14    1.71    2.91 
1977 12	   1.38   16.05   -1.68    3.24 
1978 1	  20.95    7.83   -5.74    2.99 
1978 2	  28.70    8.43   -3.94    3.10 
1978 3	   4.12   20.63    1.12    3.72 
1978 4	   3.55   28.43    7.75    4.13 
1978 5	  69.75   29.51   11.96    3.53 
1978 6	  73.53   33.37   16.92    3.67 
1978 7	  18.67   36.04   19.05    2.96 
1978 8	  36.05   33.57   17.33    2.90 
1978 9	 101.90   28.99   15.52    2.64 
1978 10	  25.95   24.46    8.70    2.43 
1978 11	  32.02   16.18    4.09    3.01 
1978 12	   1.98   12.28   -3.93    3.11 
1979 1	   9.40    6.44   -6.13    3.07 
1979 2	   9.10   14.46   -3.31    2.96 
1979 3	  33.10   18.55    2.31    3.76 
1979 4	  19.97   24.75    6.80    3.35 
1979 5	  63.15   26.90   11.21    3.52 
1979 6	 101.25   31.11   15.30    3.36 
1979 7	  82.35   33.84   18.93    3.06 
1979 8	  44.40   31.48   16.71    2.84 
1979 9	   1.55   31.08   13.83    2.16 
1979 10	   3.03   27.90    7.81    3.00 
1979 11	   5.15   15.37   -0.73    2.68 
1979 12	  27.25   13.99   -1.83    2.95 
1980 1	  16.20   12.07   -2.39    3.19 
1980 2	  15.32   14.88   -1.88    3.42 
1980 3	   2.50   19.54   -0.36    4.04 
1980 4	  14.00   23.84    4.45    3.69 
1980 5	  91.95   27.87   11.72    3.28 
1980 6	  50.50   35.53   18.55    4.45 
1980 7	  11.62   36.73   19.58    3.29 
1980 8	  11.75   33.68   19.23    3.74 
1980 9	 192.25   28.96   15.80    3.00 
1980 10	   0.03   24.30    7.06    2.56 
1980 11	  33.40   15.76    0.48    2.72 
1980 12	  17.25   15.82   -0.69    3.12 
1981 1	   6.80   13.74   -1.96    2.39 
1981 2	  27.10   17.16   -1.91    3.24 
1981 3	   9.00   17.91    2.58    3.59 
1981 4	  46.03   25.29    9.10    3.94 
1981 5	  56.87   28.47   11.70    3.59 
1981 6	  47.38   33.70   17.09    3.76 
1981 7	  87.35   34.24   19.23    3.44 
1981 8	  82.57   31.61   17.76    2.63 
1981 9	  55.08   29.58   14.74    2.82 
1981 10	 109.92   23.26    9.31    3.08 
1981 11	  11.62   21.04    3.36    2.45 
1981 12	   8.68   16.12   -0.89    2.85 
1982 1	  18.12   12.69   -3.97    3.42 
1982 2	   7.90   13.59   -2.82    3.40 
1982 3	  23.17   20.54    2.63    3.69 
1982 4	  23.65   23.68    6.24    3.85 
1982 5	 177.33   27.53   11.49    3.80 
1982 6	  76.35   31.04   15.97    4.20 
1982 7	  78.35   34.11   19.51    3.57 
1982 8	  12.55   34.63   19.40    2.93 
1982 9	  35.40   31.63   15.53    2.91 
1982 10	  14.88   24.79    7.64    2.79 
1982 11	  33.70   16.99    2.38    3.37 
1982 12	  48.28   11.15   -2.13    3.43 
1983 1	  50.62    9.69   -4.39    2.89 
1983 2	   5.45   14.28   -0.09    3.12 
1983 3	   0.55   20.20    1.71    3.97 
1983 4	  32.60   21.68    4.29    4.11 
1983 5	  18.42   29.14   10.08    3.46 
1983 6	  39.07   31.68   15.30    3.62 
1983 7	  32.85   34.92   18.94    3.51 
1983 8	   7.30   35.22   18.77    2.18 
1983 9	   9.20   32.63   14.89    3.17 
1983 10	 213.73   25.22   10.85    3.14 
1983 11	  29.18   18.62    3.49    2.99 
1983 12	   8.70    7.27   -6.49    3.08 
1984 1	   2.30   11.03   -4.19    2.75 
1984 2	   2.85   17.50   -2.24    3.52 
1984 3	   1.50   19.42    0.31    3.61 
1984 4	   2.40   24.13    4.91    3.53 
1984 5	  30.85   30.61   12.03    3.70 
1984 6	 251.17   31.85   18.17    3.62 
1984 7	  13.82   33.31   18.30    2.64 
1984 8	 103.63   32.07   18.10    2.66 
1984 9	  28.23   28.18   12.49    3.16 
1984 10	  94.70   21.19    8.00    2.83 
1984 11	  44.47   17.05    2.62    3.12 
1984 12	  34.82   13.86    0.43    3.14 
1985 1	   9.45   10.72   -4.94    3.07 
1985 2	  13.52   13.26   -2.61    3.32 
1985 3	  17.65   20.33    3.89    4.29 
1985 4	   7.75   26.44    8.89    3.49 
1985 5	  96.15   30.16   13.21    3.27 
1985 6	  80.45   31.52   16.31    3.35 
1985 7	  42.53   34.33   18.14    2.69 
1985 8	  20.25   35.10   19.05    2.76 
1985 9	 117.17   29.14   14.24    2.96 
1985 10	  99.75   22.65    9.01    2.97 
1985 11	   8.88   18.99    2.50    2.75 
1985 12	   2.65   12.68   -4.45    2.55 
1986 1	   0.00   16.49   -2.00    2.73 
1986 2	  13.40   16.19    0.52    3.31 
1986 3	   2.97   22.23    4.19    3.73 
1986 4	  17.02   26.58    9.16    3.69 
1986 5	 114.42   29.18   12.20    3.40 
1986 6	 172.57   30.21   17.00    2.61 
1986 7	  29.42   33.88   19.23    3.74 
1986 8	  72.90   32.03   18.60    2.81 
1986 9	  82.12   28.07   15.91    3.05 
1986 10	  48.10   22.08    9.29    2.65 
1986 11	  50.32   16.28    1.39    3.04 
1986 12	  58.88   10.24   -0.63    2.68 
1987 1	   5.95   11.59   -2.69    3.33 
1987 2	  45.83   14.18    0.82    3.88 
1987 3	   9.15   16.73    0.16    3.47 
1987 4	   3.75   23.54    5.37    3.13 
1987 5	 157.65   27.25   12.55    3.13 
1987 6	 101.75   30.90   17.11    2.79 
1987 7	 102.13   32.68   18.65    3.61 
1987 8	  63.73   32.51   18.05    2.95 
1987 9	  65.80   28.27   13.98    2.14 
1987 10	   5.70   25.84    8.35    2.99 
1987 11	   6.38   18.65    1.75    2.94 
1987 12	  33.47   12.42   -2.54    2.96 
1988 1	   9.22    9.19   -4.20    3.23 
1988 2	  23.52   15.02   -2.49    3.20 
1988 3	  29.53   20.36   -0.07    3.86 
1988 4	  21.72   23.84    5.73    3.31 
1988 5	 104.72   27.46   11.64    3.76 
1988 6	  14.95   32.16   16.85    2.90 
1988 7	 109.63   31.83   18.52    2.70 
1988 8	  21.65   32.65   18.41    2.66 
1988 9	  78.23   29.65   13.81    2.69 
1988 10	   0.03   25.59    8.39    2.56 
1988 11	   0.55   20.80    2.50    3.03 
1988 12	  12.12   13.56   -2.63    2.63 
1989 1	   8.33   15.30   -1.40    3.22 
1989 2	  35.10   12.14   -2.68    3.43 
1989 3	  19.70   21.83    2.42    3.56 
1989 4	   9.75   26.61    7.79    3.85 
1989 5	  15.80   30.95   13.64    4.20 
1989 6	  59.93   31.09   15.71    3.75 
1989 7	  48.20   33.73   18.79    2.92 
1989 8	 103.13   31.92   17.84    3.41 
1989 9	  44.80   28.12   12.23    2.63 
1989 10	   0.00   27.31    8.06    3.20 
1989 11	   0.03   20.10    1.27    2.77 
1989 12	  12.68   10.22   -5.82    2.98 
1990 1	  12.10   15.04   -2.13    3.02 
1990 2	  26.00   17.51   -0.49    3.65 
1990 3	  27.15   17.77    3.03    3.71 
1990 4	  20.08   23.82    7.48    3.89 
1990 5	  25.95   28.02   11.62    3.69 
1990 6	   0.25   36.83   19.26    4.35 
1990 7	  79.85   30.88   18.19    3.06 
1990 8	  51.90   31.11   17.36    2.72 
1990 9	  17.90   29.49   15.86    2.03 
1990 10	  16.35   25.07    7.12    2.71 
1990 11	  23.83   19.96    3.97    3.21 
1990 12	  14.95   12.87   -4.28    2.82 
1991 1	  23.90    9.36   -2.79    2.65 
1991 2	   5.10   17.86    0.16    3.01 
1991 3	  13.65   20.68    3.07    4.26 
1991 4	   0.00   25.68    7.34    3.29 
1991 5	   6.23   31.05   13.57    4.01 
1991 6	 118.73   32.13   17.50    3.77 
1991 7	  78.90   31.45   18.58    2.85 
1991 8	  28.37   31.74   17.81    2.44 
1991 9	 144.65   25.45   13.61    2.46 
1991 10	   7.17   25.69    7.66    3.04 
1991 11	  61.55   13.95    0.33    3.09 
1991 12	  65.05   11.59   -0.25    3.18 
1992 1	  44.42    9.88   -1.91    2.51 
1992 2	  54.27   16.13    1.48    3.58 
1992 3	  29.05   21.20    3.94    3.74 
1992 4	  20.05   23.93    8.14    3.37 
1992 5	 200.87   25.86   12.11    3.09 
1992 6	  27.17   30.79   15.96    3.02 
1992 7	  36.88   33.16   18.79    3.95 
1992 8	  80.45   29.90   16.61    2.99 
1992 9	   8.53   29.78   13.66    3.38 
1992 10	   0.17   26.32    7.88    2.52 
1992 11	  30.50   15.65    0.78    3.11 
1992 12	  19.77   12.65   -1.65    3.10 
1993 1	  16.42   10.57   -2.67    2.77 
1993 2	  20.98   13.20   -2.51    3.31 
1993 3	  13.50   18.76    1.30    3.56 
1993 4	  50.40   23.92    5.90    3.66 
1993 5	  37.58   28.20   11.90    3.58 
1993 6	  42.40   32.35   17.32    3.83 
1993 7	  32.53   34.15   20.02    4.70 
1993 8	  27.27   33.63   18.48    3.01 
1993 9	   8.52   29.09   13.09    2.41 
1993 10	  10.90   23.34    6.84    2.76 
1993 11	   7.43   15.48   -0.94    2.96 
1993 12	   0.70   14.84   -2.48    3.12 
1994 1	   9.77   12.61   -3.18    3.23 
1994 2	   1.98   14.44   -3.04    3.19 
1994 3	   1.55   20.03    2.66    3.35 
1994 4	  65.93   24.42    5.82    3.33 
1994 5	 140.98   26.75   12.93    3.30 
1994 6	   2.42   35.55   18.54    3.66 
1994 7	  24.80   34.95   19.31    3.67 
1994 8	  14.72   33.01   18.62    3.01 
1994 9	  17.10   29.72   14.21    2.44 
1994 10	  22.60   24.69    9.21    2.78 
1994 11	  13.75   18.17    2.92    3.04 
1994 12	   0.43   15.15   -0.18    2.33 
1995 1	  28.22   12.71   -1.67    3.26 
1995 2	  13.60   17.28    0.75    3.28 
1995 3	   9.82   18.40    1.88    3.70 
1995 4	   7.75   23.91    5.26    3.72 
1995 5	 112.38   27.19   12.10    4.01 
1995 6	  57.60   31.99   16.37    3.63 
1995 7	  19.65   34.88   18.99    3.00 
1995 8	  74.67   32.30   18.63    2.52 
1995 9	 271.15   27.61   14.42    2.48 
1995 10	  13.77   25.50    6.94    2.78 
1995 11	   1.05   19.78    1.94    2.72 
1995 12	   6.68   14.07   -1.85    2.75 
1996 1	   3.00   14.00   -4.30    3.41 
1996 2	   0.05   17.50   -1.00    3.48 
1996 3	   0.30   18.19   -0.95    3.88 
1996 4	   9.73   24.79    5.64    3.86 
1996 5	  52.58   33.13   14.95    5.08 
1996 6	 127.12   33.15   17.96    3.45 
1996 7	  74.25   32.78   19.56    3.09 
1996 8	 127.92   30.86   18.58    2.94 
1996 9	  43.53   27.70   13.59    2.11 
1996 10	  11.30   24.86    7.36    2.93 
1996 11	   9.60   18.53    1.38    3.44 
1996 12	   0.00   16.12   -2.33    3.26 
1997 1	   8.15   10.83   -3.30    3.46 
1997 2	  39.68   11.58   -0.87    3.56 
1997 3	   0.30   22.07    2.66    3.18 
1997 4	  81.93   20.09    4.68    3.67 
1997 5	  83.75   26.91   11.74    3.19 
1997 6	 132.02   30.65   15.99    3.24 
1997 7	  53.03   33.48   18.79    3.13 
1997 8	  25.05   33.10   18.20    2.90 
1997 9	  29.05   31.37   15.83    2.56 
1997 10	  21.62   24.45    8.57    3.00 
1997 11	  10.43   16.87    0.61    2.47 
1997 12	  41.93   10.54   -3.10    3.51 
1998 1	   0.00   15.96   -1.48    2.88 
1998 2	  23.58   14.54   -0.06    3.07 
1998 3	  68.95   17.72    0.42    3.86 
1998 4	   0.15   23.91    4.79    3.53 
1998 5	  38.27   32.56   13.50    3.75 
1998 6	  18.30   36.20   18.08    4.21 
1998 7	  33.90   36.59   20.70    3.34 
1998 8	  67.28   32.07   18.53    1.89 
1998 9	   4.90   33.08   16.42    2.55 
1998 10	  77.17   26.14   10.54    3.48 
1998 11	   9.77   19.08    4.00    2.60 
1998 12	  12.33   13.93   -1.57    2.83 
1999 1	  25.15   16.08   -1.62    3.62 
1999 2	   0.00   20.26    0.61    3.32 
1999 3	  36.30   17.98    2.94    3.62 
1999 4	  63.20   24.33    7.02    3.87 
1999 5	  66.62   27.43   12.08    3.73 
1999 6	 115.35   31.36   16.85    3.86 
1999 7	  21.58   33.82   19.14    3.38 
1999 8	  27.12   35.54   19.74    2.33 
1999 9	 101.30   29.07   14.45    2.89 
1999 10	   9.48   25.38    7.16    2.85 
1999 11	   0.00   22.65    3.55    2.59 
1999 12	  15.75   13.92   -1.95    3.18 
2000 1	   1.70   15.96   -1.95    3.42 
2000 2	   2.20   20.56    0.86    3.55 
2000 3	  72.30   21.83    3.18    3.68 
2000 4	   5.90   25.75    7.38    3.84 
2000 5	  12.75   32.70   13.88    3.98 
2000 6	 154.77   30.69   17.38    3.45 
2000 7	  42.60   34.75   19.33    3.15 
2000 8	   7.40   34.97   18.68    3.03 
2000 9	   0.00   33.06   14.02    2.45 
2000 10	  61.17   23.62    9.90    3.71 
2000 11	  41.45   12.94   -0.30    2.58 
2000 12	  17.45    9.73   -3.79    2.97 
2001 1	  28.90    9.58   -2.91    3.24 
2001 2	  11.93   15.61   -0.64    3.59 
2001 3	  44.23   15.55    2.29    2.92 
2001 4	   6.95   26.54    8.15    4.04 
2001 5	  44.82   30.59   13.04    3.72 
2001 6	  20.80   35.14   18.19    3.68 
2001 7	   0.48   37.29   20.85    3.34 
2001 8	  66.02   34.60   19.15    2.65 
2001 9	  51.12   30.29   14.61    2.28 
2001 10	   0.57   25.78    7.25    3.21 
2001 11	  34.15   18.58    4.45    3.28 
2001 12	   0.77   14.56   -1.52    2.98 
2002 1	  15.50   14.62   -2.06    3.21 
2002 2	  18.40   13.59   -2.83    3.32 
2002 3	  89.80   18.52   -0.70    3.54 
2002 4	  38.80   24.83    9.16    3.97 
2002 5	   0.75   29.60   12.35    4.00 
2002 6	  44.77   33.86   18.06    3.53 
2002 7	  80.07   32.84   18.98    3.03 
2002 8	  14.88   34.78   19.33    3.42 
2002 9	  15.65   30.93   14.54    2.27 
2002 10	  95.50   21.63    9.31    2.64 
2002 11	  23.20   15.80    1.62    2.82 
2002 12	  45.12   12.68   -1.00    3.10 
2003 1	   0.00   14.98   -2.63    2.97 
2003 2	   5.48   13.67   -1.50    3.41 
2003 3	  13.00   21.21    2.74    3.56 
2003 4	  38.85   26.93    7.19    4.06 
2003 5	  56.47   30.16   12.97    3.11 
2003 6	  78.88   31.07   16.13    3.37 
2003 7	   0.40   35.22   19.18    2.78 
2003 8	  23.95   35.10   19.31    2.43 
2003 9	  37.85   28.43   14.13    2.53 
2003 10	  11.73   26.88   10.37    2.58 
2003 11	   9.27   18.32    3.33    3.29 
2003 12	   0.00   15.92   -2.48    3.54 
2004 1	  36.33   13.50   -1.83    3.23 
2004 2	  50.75   12.97   -2.01    3.67 
2004 3	  43.60   20.05    6.45    3.76 
2004 4	  68.15   22.78    7.67    3.77 
2004 5	  10.82   30.97   13.23    4.13 
2004 6	 131.27   32.82   17.19    3.62 
2004 7	  72.82   32.69   18.53    3.11 
2004 8	  94.88   31.19   17.39    2.64 
2004 9	 196.40   27.91   13.99    2.73 
2004 10	  59.17   24.28    9.72    2.66 
2004 11	 153.83   14.49    2.91    3.07 
2004 12	  16.27   13.25   -2.48    3.13 
2005 1	  54.20   13.77   -0.19    3.36 
2005 2	  39.22   13.42    1.38    2.99 
2005 3	  10.90   18.44    1.88    3.38 
2005 4	   4.62   24.37    6.23    4.01 
2005 5	 131.38   26.55   12.53    3.70 
2005 6	   7.45   33.54   17.55    3.67 
2005 7	  62.65   33.67   18.54    2.96 
2005 8	  77.85   31.26   18.27    2.53 
2005 9	   9.55   32.30   15.57    2.49 
2005 10	  55.03   23.85    9.03    2.75 
2005 11	   0.00   19.94    2.01    2.81 
2005 12	   1.85   13.64   -2.44    2.84 
2006 1	   0.00   17.50   -0.76    3.75 
2006 2	   0.75   16.20   -1.52    3.35 
2006 3	  45.55   20.08    4.04    4.22 
2006 4	  21.90   27.87    9.43    3.98 
2006 5	  11.30   32.44   14.07    4.14 
2006 6	  17.83   35.22   17.51    2.99 
2006 7	  39.00   35.54   19.60    3.06 
2006 8	  60.27   33.58   19.29    2.63 
2006 9	 110.17   27.23   13.39    2.51 
2006 10	  43.60   23.65    8.57    2.81 
2006 11	   5.82   19.99    2.42    3.26 
2006 12	  39.15   12.29   -2.41    3.26 
2007 1	  33.85    7.75   -3.68    3.23 
2007 2	   6.80   14.74   -2.32    3.57 
2007 3	 102.20   21.04    5.35    3.74 
2007 4	  27.33   21.55    5.18    3.90 
2007 5	 150.07   24.71   12.73    2.97 
2007 6	  82.77   30.55   16.48    2.77 
2007 7	  28.33   31.44   18.36    2.12 
2007 8	  57.75   32.75   19.32    2.82 
2007 9	  68.08   29.91   16.13    2.49 
2007 10	   0.08   27.35    9.00    2.86 
2007 11	  12.68   18.47    2.55    2.89 
2007 12	  31.82   13.50   -1.59    3.25 
2008 1	   0.00   12.29   -3.90    3.39 
2008 2	   7.35   17.34   -1.19    3.39 
2008 3	   1.10   20.17    1.82    4.03 
2008 4	  15.72   24.71    5.77    3.81 
2008 5	  80.03   29.67   12.32    3.88 
2008 6	  47.62   35.76   19.00    4.65 
2008 7	 117.15   32.34   19.23    3.71 
2008 8	  65.78   31.80   18.06    2.38 
2008 9	 100.17   27.04   13.40    2.08 
2008 10	  59.35   23.99    8.19    3.02 
2008 11	   2.75   19.65    1.34    2.77 
2008 12	   0.00   14.07   -2.33    3.56 
2009 1	   2.12   14.85   -3.87    3.31 
2009 2	  10.90   18.91   -0.29    3.90 
2009 3	   6.57   21.46    3.31    4.07 
2009 4	   8.05   25.02    6.19    4.48 
2009 5	  18.78   28.97   12.75    3.09 
2009 6	  98.57   34.00   18.58    3.66 
2009 7	  91.70   33.56   19.72    3.00 
2009 8	   5.70   34.76   18.63    3.21 
2009 9	  17.92   28.40   13.58    2.36 
2009 10	  25.98   22.82    6.48    3.11 
2009 11	   5.38   20.60    1.90    2.51 
2009 12	  33.92    9.62   -4.42    2.85 
2010 1	  51.03   11.43   -3.98    3.49 
2010 2	  80.75   10.13   -2.04    3.33 
2010 3	  35.33   18.24    1.93    4.34 
2010 4	  81.70   23.39    7.80    4.10 
2010 5	  28.15   27.60   12.73    3.50 
2010 6	  66.20   34.93   19.70    4.22 
2010 7	 241.97   30.59   19.59    3.14 
2010 8	  52.83   34.24   19.18    3.04 
2010 9	  72.35   30.34   15.97    2.57 
2010 10	 118.85   25.40    8.44    2.51 
2010 11	   0.90   19.18    0.62    3.26 
2010 12	   0.20   15.78   -1.50    2.99 
