1949 1	  74.43    5.81   -5.12    3.54 
1949 2	   7.85   14.67   -0.02    2.96 
1949 3	  11.30   20.18    2.78    3.49 
1949 4	  40.83   21.27    7.00    2.99 
1949 5	  75.02   28.59   14.14    3.55 
1949 6	 112.23   32.56   17.75    3.78 
1949 7	  34.35   34.46   20.08    2.89 
1949 8	  53.90   32.36   17.96    2.32 
1949 9	 124.05   28.46   14.88    2.59 
1949 10	  50.68   23.16    8.16    2.96 
1949 11	   0.00   23.40    3.00    2.51 
1949 12	  15.60   13.77   -1.16    3.09 
1950 1	   3.05   15.35   -1.39    3.31 
1950 2	   3.23   18.87    0.45    3.14 
1950 3	   0.05   20.85    0.43    3.99 
1950 4	  38.62   25.26    7.15    4.10 
1950 5	  97.62   28.82   12.54    3.24 
1950 6	  29.33   32.88   17.90    3.61 
1950 7	  81.37   31.99   18.95    3.52 
1950 8	  23.83   33.54   17.01    2.97 
1950 9	 134.80   27.74   15.35    2.79 
1950 10	   6.18   27.97    9.59    2.93 
1950 11	   0.08   20.37   -0.91    3.21 
1950 12	   1.42   15.58   -5.15    2.53 
1951 1	   1.20   13.68   -5.10    3.48 
1951 2	   9.48   16.13   -2.17    3.93 
1951 3	  17.00   18.99    1.18    3.73 
1951 4	  10.05   24.20    6.10    3.68 
1951 5	  42.43   29.38   13.12    3.49 
1951 6	  31.98   34.02   17.61    3.97 
1951 7	  25.55   36.34   20.56    3.26 
1951 8	  75.83   35.59   19.79    3.15 
1951 9	  14.80   31.50   14.87    3.15 
1951 10	  33.58   26.38    9.53    3.26 
1951 11	   2.83   16.00   -0.30    3.22 
1951 12	   5.38   15.42   -2.00    3.26 
1952 1	  10.97   16.76    0.09    3.21 
1952 2	   8.15   17.61   -0.71    3.55 
1952 3	   3.30   18.62    0.72    4.01 
1952 4	  38.80   23.53    6.90    3.53 
1952 5	  50.88   29.45   12.28    3.61 
1952 6	  14.27   35.97   19.82    4.03 
1952 7	  95.85   33.99   18.92    3.23 
1952 8	  17.17   37.22   20.57    3.32 
1952 9	  40.70   30.04   14.25    2.21 
1952 10	   0.00   25.08    5.42    2.70 
1952 11	  28.37   16.02    1.30    3.05 
1952 12	  15.97   13.13   -3.34    2.59 
1953 1	   0.78   18.08   -0.77    3.89 
1953 2	  16.02   15.09   -2.88    3.08 
1953 3	  11.62   21.97    4.54    3.06 
1953 4	  24.58   24.15    6.45    3.40 
1953 5	  11.62   30.07   12.45    3.93 
1953 6	   5.20   37.67   20.47    3.93 
1953 7	  41.62   35.39   20.01    3.42 
1953 8	  29.08   34.39   17.98    2.52 
1953 9	  28.58   32.72   13.60    2.31 
1953 10	 105.33   24.56    9.54    2.94 
1953 11	   7.32   18.11    2.62    2.55 
1953 12	   0.82   11.99   -3.31    3.42 
1954 1	   0.35   14.94   -2.75    2.98 
1954 2	   0.08   20.23    0.86    3.54 
1954 3	   0.12   19.07    1.57    3.51 
1954 4	  75.20   26.80   10.50    3.88 
1954 5	 101.52   25.77   11.47    3.44 
1954 6	  20.07   33.97   18.30    3.87 
1954 7	   4.72   36.69   19.55    2.95 
1954 8	  53.75   34.91   20.07    3.30 
1954 9	   4.50   33.28   15.80    2.75 
1954 10	  40.78   26.05   10.08    2.84 
1954 11	   8.90   20.57    2.02    2.60 
1954 12	  11.70   16.26   -2.06    3.07 
1955 1	  20.40   11.93   -2.18    3.17 
1955 2	   8.62   15.13   -3.55    3.34 
1955 3	  21.45   20.64    1.71    3.53 
1955 4	   9.43   27.21    8.31    3.90 
1955 5	  89.82   29.83   13.92    3.31 
1955 6	  37.50   34.09   17.25    3.81 
1955 7	 103.70   33.28   19.88    3.31 
1955 8	   3.00   33.78   18.89    2.21 
1955 9	 109.00   30.90   15.91    2.59 
1955 10	  56.65   25.73    8.71    2.64 
1955 11	   2.15   19.07    1.25    3.08 
1955 12	   0.00   17.50   -0.54    2.91 
1956 1	   0.25   15.08   -2.71    3.02 
1956 2	  13.12   14.25   -2.31    3.49 
1956 3	   0.00   22.99    2.73    3.42 
1956 4	  20.00   25.00    6.68    3.57 
1956 5	  43.30   31.68   14.70    3.81 
1956 6	  36.92   35.34   18.65    3.55 
1956 7	  18.83   35.48   18.82    3.55 
1956 8	   5.50   34.99   18.01    3.33 
1956 9	   7.75   33.18   14.72    2.78 
1956 10	  24.47   26.81   10.11    2.44 
1956 11	   0.52   18.40    0.09    2.84 
1956 12	   9.20   16.37   -0.52    3.08 
1957 1	   7.85   13.91   -1.94    3.09 
1957 2	  54.38   17.66    4.59    3.08 
1957 3	  15.03   19.29    3.75    3.57 
1957 4	 107.75   22.31    7.29    3.72 
1957 5	 156.20   25.87   12.97    3.11 
1957 6	  83.75   31.84   18.08    3.26 
1957 7	  53.47   35.77   20.59    2.90 
1957 8	  38.25   34.07   19.73    2.81 
1957 9	  42.98   29.77   13.87    2.82 
1957 10	 110.60   22.34    9.18    2.72 
1957 11	  60.05   13.64    2.11    2.82 
1957 12	   0.47   17.26   -0.33    3.28 
1958 1	  28.77   11.31   -2.38    3.09 
1958 2	  21.57   12.48   -1.09    3.75 
1958 3	  44.67   12.97    0.30    3.10 
1958 4	  54.27   21.42    6.38    3.48 
1958 5	  77.42   29.28   13.29    2.57 
1958 6	  51.03   34.83   18.59    3.37 
1958 7	  48.05   36.03   19.91    3.99 
1958 8	  24.90   35.14   19.10    2.40 
1958 9	  37.47   29.82   16.46    2.64 
1958 10	  37.32   22.81   10.28    2.35 
1958 11	  20.52   19.54    3.17    2.48 
1958 12	   0.00   14.84   -2.96    2.91 
1959 1	   1.10   14.27   -4.73    3.47 
1959 2	   3.90   15.14   -0.37    3.43 
1959 3	   1.35   20.70    1.24    3.93 
1959 4	  33.08   24.31    7.81    3.68 
1959 5	  75.45   29.85   14.66    3.79 
1959 6	 180.93   33.02   18.01    3.01 
1959 7	  67.92   32.18   18.46    2.44 
1959 8	  20.12   34.77   18.89    2.80 
1959 9	  53.98   32.10   15.08    3.32 
1959 10	  82.00   23.41    7.62    2.59 
1959 11	   7.53   16.62   -0.24    2.69 
1959 12	  46.32   14.34    0.45    3.11 
1960 1	  24.17   11.81   -2.53    2.97 
1960 2	  21.60   11.93   -3.50    4.16 
1960 3	   4.53   17.33    0.71    3.09 
1960 4	   7.45   27.36    8.90    4.02 
1960 5	  58.00   30.88   11.88    3.52 
1960 6	  33.28   35.74   18.68    3.36 
1960 7	 145.60   33.01   19.36    2.74 
1960 8	  11.45   34.03   18.96    2.70 
1960 9	  25.75   31.77   15.18    2.48 
1960 10	 163.43   25.73   10.41    2.80 
1960 11	   0.00   20.44    3.68    2.85 
1960 12	  38.05    9.79   -2.07    3.23 
1961 1	  40.33   11.67   -4.29    2.88 
1961 2	  20.35   14.97   -0.55    3.41 
1961 3	  30.10   20.38    2.80    3.53 
1961 4	   1.15   26.25    7.28    4.10 
1961 5	  17.85   31.07   13.15    3.63 
1961 6	 135.57   32.10   17.30    3.08 
1961 7	 101.60   31.73   18.30    2.95 
1961 8	  14.38   33.12   17.53    2.29 
1961 9	  17.60   30.38   14.56    3.56 
1961 10	  35.15   26.70    8.45    3.21 
1961 11	  35.33   14.77    2.25    3.12 
1961 12	   9.70   13.18   -1.33    3.07 
1962 1	   2.85   11.10   -5.37    3.42 
1962 2	   0.28   21.08    0.97    3.55 
1962 3	   2.10   18.47    1.42    3.83 
1962 4	  23.20   25.26    8.62    3.49 
1962 5	   3.32   33.49   14.61    5.03 
1962 6	  81.05   31.70   16.85    3.03 
1962 7	  94.50   33.93   20.16    3.22 
1962 8	  49.45   35.47   19.45    2.63 
1962 9	 113.03   28.47   16.30    2.41 
1962 10	  36.67   26.01   10.97    3.08 
1962 11	  14.55   18.45    4.29    2.53 
1962 12	  16.95   14.65   -0.03    2.68 
1963 1	   0.95   11.94   -7.15    3.11 
1963 2	  15.55   16.41   -1.63    3.16 
1963 3	   8.27   17.90    3.91    3.85 
1963 4	  15.03   27.55   11.30    3.70 
1963 5	 200.70   29.54   14.35    3.64 
1963 6	 164.77   31.18   17.91    3.63 
1963 7	  16.53   34.95   20.46    3.45 
1963 8	  29.95   34.46   19.60    2.37 
1963 9	  37.60   30.96   16.12    2.00 
1963 10	  18.52   28.28   10.98    2.22 
1963 11	  33.88   20.60    2.93    2.78 
1963 12	  17.95   10.31   -2.60    2.58 
1964 1	  14.05   13.60   -3.06    3.40 
1964 2	  12.58   11.50   -3.53    3.54 
1964 3	  14.03   19.71    1.46    3.61 
1964 4	   0.65   26.71    8.42    3.79 
1964 5	  89.60   30.30   14.30    3.62 
1964 6	  65.22   33.27   17.68    3.82 
1964 7	  18.83   36.15   20.82    2.87 
1964 8	  46.45   35.34   20.21    3.39 
1964 9	  33.42   28.39   15.93    2.46 
1964 10	   3.15   25.63    9.05    2.44 
1964 11	  20.48   18.84    4.40    3.07 
1964 12	  21.98   13.61   -1.01    3.08 
1965 1	   2.17   15.28   -0.92    3.43 
1965 2	  12.02   13.31   -2.55    3.47 
1965 3	   1.15   14.01   -1.40    3.66 
1965 4	  34.20   26.34   10.16    3.38 
1965 5	  81.67   28.16   14.45    3.70 
1965 6	  42.23   31.84   18.28    3.71 
1965 7	  20.83   35.54   20.44    2.69 
1965 8	  77.60   33.10   18.94    2.82 
1965 9	  51.60   30.69   15.24    2.94 
1965 10	  19.38   25.26    9.48    2.41 
1965 11	   0.32   22.39    6.04    2.13 
1965 12	  10.55   15.29    1.42    3.32 
1966 1	  16.77    8.55   -4.80    2.91 
1966 2	   8.12   12.42   -3.73    3.37 
1966 3	  12.85   21.38    3.78    3.97 
1966 4	  83.75   22.98    7.56    3.37 
1966 5	  31.10   27.30   13.15    2.92 
1966 6	  56.27   31.79   17.95    3.44 
1966 7	  10.42   35.69   21.96    2.92 
1966 8	 113.63   30.74   18.59    2.69 
1966 9	  61.55   27.88   15.94    1.82 
1966 10	   4.72   24.12    7.49    2.36 
1966 11	   0.18   22.30    4.34    3.25 
1966 12	   0.55   13.44   -3.88    2.71 
1967 1	   0.00   15.85   -3.49    3.24 
1967 2	   3.53   16.06   -1.73    3.48 
1967 3	  48.17   23.90    4.74    4.35 
1967 4	  18.25   26.28   11.37    4.61 
1967 5	  11.12   29.23   11.33    3.55 
1967 6	 145.97   31.99   18.33    3.92 
1967 7	 105.97   32.17   19.32    3.25 
1967 8	  30.07   32.43   18.12    2.62 
1967 9	  59.97   27.14   14.84    2.62 
1967 10	  15.30   25.94    8.78    3.31 
1967 11	  14.35   18.05    4.26    2.81 
1967 12	  18.10   11.36   -2.44    3.17 
1968 1	  51.02   10.93   -1.10    3.48 
1968 2	  40.93   12.75   -1.71    2.82 
1968 3	  71.25   17.28    4.03    4.43 
1968 4	  23.75   22.52    7.80    3.61 
1968 5	  43.53   27.78   13.33    4.05 
1968 6	  71.38   32.12   17.45    3.56 
1968 7	  78.83   32.21   19.31    3.36 
1968 8	  78.43   32.72   19.27    3.49 
1968 9	  23.10   29.13   13.64    2.68 
1968 10	  19.60   26.50   10.08    3.49 
1968 11	  75.20   16.64    2.97    3.37 
1968 12	  15.15   14.02   -2.04    3.73 
1969 1	   0.80   15.33   -0.73    3.34 
1969 2	  32.55   14.79    0.30    3.18 
1969 3	  48.23   13.12   -0.89    3.75 
1969 4	  47.45   24.81    9.13    4.08 
1969 5	 135.20   27.28   13.20    2.99 
1969 6	  42.05   32.91   17.97    3.77 
1969 7	  37.62   36.29   22.23    3.04 
1969 8	  55.12   35.22   20.74    2.63 
1969 9	 108.82   27.93   16.52    2.17 
1969 10	 117.20   21.05    8.78    3.45 
1969 11	  26.62   18.06    3.19    2.63 
1969 12	  22.25   15.77    0.29    2.90 
1970 1	   0.00   12.07   -3.83    2.84 
1970 2	  13.43   16.00   -0.19    3.07 
1970 3	  79.35   15.83    0.78    3.44 
1970 4	  11.35   24.38    6.48    3.40 
1970 5	  75.92   29.33   11.75    3.37 
1970 6	  18.77   32.49   16.51    3.44 
1970 7	   7.57   35.25   19.80    3.00 
1970 8	  15.28   35.41   19.17    2.88 
1970 9	 105.83   28.96   16.09    3.01 
1970 10	  40.55   22.35    6.76    2.53 
1970 11	   0.00   18.42    0.68    3.10 
1970 12	   2.15   17.65   -0.91    2.62 
1971 1	   0.00   15.40   -3.93    3.14 
1971 2	   4.98   15.29   -3.57    3.74 
1971 3	   0.57   20.78    0.27    3.65 
1971 4	  24.05   24.80    7.08    3.46 
1971 5	  84.38   29.50   11.82    3.71 
1971 6	  31.38   33.25   18.38    3.76 
1971 7	  61.55   34.55   19.32    2.75 
1971 8	 134.05   28.85   17.29    2.19 
1971 9	 151.35   27.67   14.74    2.86 
1971 10	  23.05   24.24   10.39    2.72 
1971 11	  16.80   19.11    3.23    3.09 
1971 12	  18.95   14.14   -0.01    3.44 
1972 1	   2.57   15.08   -4.01    3.21 
1972 2	   1.90   17.50   -2.03    3.25 
1972 3	  12.08   24.17    4.11    3.62 
1972 4	   4.57   28.21    9.66    4.04 
1972 5	  74.00   27.20   12.38    2.75 
1972 6	  81.77   33.02   17.98    2.82 
1972 7	  93.12   31.60   18.62    3.23 
1972 8	 235.80   30.12   17.80    2.82 
1972 9	 106.35   29.09   15.86    2.80 
1972 10	  98.32   23.53    8.90    2.78 
1972 11	  20.25   12.91    0.04    2.56 
1972 12	   5.72   12.39   -4.12    3.29 
1973 1	  58.25    8.18   -4.16    3.47 
1973 2	  53.62   12.14   -2.22    3.37 
1973 3	  58.45   19.03    3.40    3.98 
1973 4	  18.38   20.98    4.93    3.39 
1973 5	  42.88   27.90   11.04    3.32 
1973 6	   9.57   32.68   16.25    3.52 
1973 7	  73.32   32.95   19.10    2.93 
1973 8	  53.35   33.77   17.89    2.80 
1973 9	  55.67   28.35   14.95    2.92 
1973 10	  17.25   26.88    9.65    2.89 
1973 11	   1.20   21.05    3.60    3.57 
1973 12	   0.05   16.67   -3.27    3.84 
1974 1	   0.90   13.60   -4.45    3.09 
1974 2	   3.83   18.46   -3.10    4.05 
1974 3	  20.00   24.57    5.13    4.34 
1974 4	  38.35   26.37    7.73    4.53 
1974 5	  28.02   31.68   14.71    3.77 
1974 6	  13.07   33.77   16.66    3.44 
1974 7	  15.57   35.29   19.73    3.08 
1974 8	 123.62   30.54   17.95    2.95 
1974 9	 190.90   24.04   12.20    2.79 
1974 10	  95.60   23.02   10.42    3.07 
1974 11	  16.17   17.23    2.90    2.82 
1974 12	  18.23   12.69   -1.85    2.88 
1975 1	  15.07   13.64   -2.33    3.68 
1975 2	  41.85   13.40   -2.32    3.52 
1975 3	   0.15   19.14   -0.00    3.95 
1975 4	  18.62   24.46    5.80    4.37 
1975 5	  52.60   28.86   11.97    3.28 
1975 6	  78.45   33.57   17.04    4.04 
1975 7	 117.72   30.68   18.66    2.67 
1975 8	  58.28   32.19   17.98    2.99 
1975 9	  97.17   26.91   12.35    3.00 
1975 10	   6.77   26.51    7.67    3.26 
1975 11	  28.45   20.08    2.10    3.66 
1975 12	  13.80   15.19   -1.56    2.99 
1976 1	   0.60   14.34   -4.10    3.22 
1976 2	   1.25   21.36    1.73    3.98 
1976 3	   4.70   21.32    1.89    4.09 
1976 4	 100.50   25.20    9.20    4.07 
1976 5	  28.58   26.74   10.97    3.25 
1976 6	  27.23   32.99   16.36    3.50 
1976 7	 177.33   29.63   17.92    2.88 
1976 8	  41.20   33.35   17.72    2.27 
1976 9	  71.85   27.76   14.83    2.14 
1976 10	  57.85   21.01    4.97    2.78 
1976 11	  13.25   14.35   -1.18    2.55 
1976 12	   0.75   14.27   -3.37    2.91 
1977 1	  14.32    9.13   -6.36    2.51 
1977 2	   7.43   17.05   -0.43    3.39 
1977 3	  23.48   20.59    1.67    3.92 
1977 4	  89.55   22.95    7.91    3.66 
1977 5	  70.23   29.17   15.26    4.14 
1977 6	  76.67   33.50   18.30    3.39 
1977 7	  26.52   34.56   19.98    2.95 
1977 8	  72.15   34.90   19.91    3.11 
1977 9	   4.22   34.31   17.14    2.97 
1977 10	  20.80   26.20    9.29    2.63 
1977 11	   0.05   20.71    2.59    2.99 
1977 12	   1.70   16.58   -1.50    3.26 
1978 1	  16.23    7.55   -6.17    2.97 
1978 2	  27.47    8.14   -3.99    3.16 
1978 3	   5.72   21.23    1.75    3.76 
1978 4	   3.45   29.10    9.18    4.30 
1978 5	 101.70   29.37   13.23    3.49 
1978 6	  85.62   33.13   18.27    3.36 
1978 7	  25.70   36.12   20.50    2.86 
1978 8	  15.38   33.31   18.67    2.88 
1978 9	 141.62   28.91   16.46    2.61 
1978 10	  32.25   24.28    9.60    2.38 
1978 11	  42.25   16.07    4.39    2.95 
1978 12	   5.93   12.17   -3.20    3.20 
1979 1	  14.73    5.78   -6.33    3.18 
1979 2	   6.90   14.29   -3.52    3.02 
1979 3	  32.53   18.80    3.12    3.78 
1979 4	  18.30   24.78    7.95    3.25 
1979 5	  53.67   27.58   12.16    3.57 
1979 6	 141.00   31.36   16.51    3.21 
1979 7	 140.93   33.78   19.99    2.85 
1979 8	  46.97   31.60   17.57    2.72 
1979 9	   3.25   31.19   14.36    2.13 
1979 10	  13.40   28.44    8.73    3.02 
1979 11	   8.27   16.01   -0.34    2.67 
1979 12	  40.33   14.07   -0.93    3.07 
1980 1	  12.10   11.81   -1.96    3.36 
1980 2	   8.18   15.37   -1.61    3.41 
1980 3	   4.97   20.13    0.09    3.99 
1980 4	  44.45   24.73    4.92    3.64 
1980 5	  70.00   28.14   12.18    3.21 
1980 6	  55.05   35.32   19.67    4.10 
1980 7	   2.90   37.33   21.29    3.15 
1980 8	  15.08   34.77   20.34    3.64 
1980 9	 199.18   28.96   17.01    2.94 
1980 10	   1.53   24.20    8.50    2.55 
1980 11	  39.40   15.68    1.16    2.71 
1980 12	  29.50   15.60   -0.27    3.23 
1981 1	   8.38   13.61   -2.10    2.38 
1981 2	  39.70   16.47   -1.34    3.30 
1981 3	  14.65   17.56    3.39    3.54 
1981 4	  70.50   24.76   10.16    3.88 
1981 5	  61.97   27.64   12.40    3.53 
1981 6	  35.00   33.31   18.03    3.47 
1981 7	  27.88   34.70   20.50    3.27 
1981 8	  86.25   31.87   18.67    2.59 
1981 9	  45.05   29.88   15.87    2.76 
1981 10	 187.60   22.63   10.20    3.15 
1981 11	  11.80   20.67    3.56    2.48 
1981 12	   7.25   15.81   -0.61    2.94 
1982 1	  17.35   12.61   -4.07    3.46 
1982 2	  10.45   13.23   -2.75    3.33 
1982 3	  20.28   20.35    2.97    3.71 
1982 4	  27.98   23.25    6.92    3.84 
1982 5	 126.32   27.08   12.34    3.61 
1982 6	 136.57   29.97   16.20    3.82 
1982 7	  47.37   33.58   20.02    3.38 
1982 8	  22.88   34.58   19.76    2.90 
1982 9	  28.35   31.69   15.93    2.84 
1982 10	  15.58   24.93    8.57    2.78 
1982 11	  22.73   17.26    2.96    3.36 
1982 12	  45.90   11.30   -1.23    3.46 
1983 1	  49.73    8.94   -4.25    2.83 
1983 2	   3.55   13.80   -0.64    3.12 
1983 3	   7.55   19.61    2.53    4.01 
1983 4	  30.75   21.83    5.16    4.15 
1983 5	  74.22   28.66   10.98    3.33 
1983 6	  36.07   31.07   15.38    3.35 
1983 7	  21.75   35.39   19.80    3.29 
1983 8	   6.65   36.09   20.09    2.12 
1983 9	   4.60   33.13   15.71    3.04 
1983 10	 196.72   25.34   11.37    3.17 
1983 11	  32.95   18.42    4.20    3.00 
1983 12	  10.72    6.38   -6.61    3.04 
1984 1	   4.62   10.43   -4.05    2.68 
1984 2	   8.58   17.39   -1.79    3.56 
1984 3	   4.48   19.06    0.96    3.73 
1984 4	   2.15   24.42    5.68    3.46 
1984 5	  18.15   30.75   12.71    3.61 
1984 6	 101.12   32.78   19.20    3.58 
1984 7	  13.32   34.20   19.01    2.54 
1984 8	  78.90   33.37   19.17    2.57 
1984 9	  50.23   28.93   13.62    3.07 
1984 10	  64.85   21.17    8.91    2.80 
1984 11	  55.33   16.60    3.13    3.11 
1984 12	  47.35   13.46    0.85    3.18 
1985 1	   5.60   10.21   -4.46    3.09 
1985 2	  21.43   12.36   -2.17    3.38 
1985 3	  42.25   19.71    4.82    4.20 
1985 4	  36.88   26.15    9.50    3.47 
1985 5	  75.20   30.13   13.85    3.22 
1985 6	  93.72   31.60   16.77    3.05 
1985 7	  70.50   35.21   18.64    2.61 
1985 8	  20.45   36.12   19.89    2.66 
1985 9	  77.45   29.76   15.25    2.91 
1985 10	 155.62   23.70   10.52    3.08 
1985 11	   6.93   18.74    2.83    2.85 
1985 12	   1.70   12.31   -4.27    2.69 
1986 1	   0.00   16.56   -1.80    2.82 
1986 2	  18.52   16.58    1.08    3.32 
1986 3	   3.67   22.95    4.67    3.75 
1986 4	  30.92   27.32   10.24    3.72 
1986 5	  76.65   29.71   13.35    3.51 
1986 6	 127.28   31.18   18.52    2.40 
1986 7	  15.17   34.92   19.95    3.60 
1986 8	 132.40   32.37   19.32    2.81 
1986 9	 135.02   27.94   16.74    3.06 
1986 10	  87.80   22.18    9.56    2.61 
1986 11	  50.88   16.28    1.79    3.03 
1986 12	  50.48   10.92    0.01    2.69 
1987 1	  17.25   11.68   -2.51    3.29 
1987 2	  50.18   14.20    1.45    3.85 
1987 3	  17.27   16.74    0.99    3.50 
1987 4	  10.55   23.79    6.00    3.10 
1987 5	 169.15   27.57   12.74    2.98 
1987 6	  60.30   30.72   17.23    2.64 
1987 7	  99.15   32.68   18.94    3.33 
1987 8	  43.22   33.70   19.15    2.88 
1987 9	  64.97   28.75   14.57    2.18 
1987 10	   5.22   25.90    8.93    2.98 
1987 11	   2.42   18.93    2.04    2.97 
1987 12	  25.18   12.78   -2.72    2.95 
1988 1	   9.75    9.14   -4.02    3.26 
1988 2	  15.82   14.63   -2.45    3.31 
1988 3	  47.60   20.65    0.89    3.86 
1988 4	  31.95   24.57    6.18    3.30 
1988 5	  60.65   28.20   12.25    3.65 
1988 6	  38.80   32.98   17.26    2.70 
1988 7	  79.60   32.63   19.34    2.61 
1988 8	  15.97   33.85   19.17    2.53 
1988 9	 123.30   29.94   14.58    2.61 
1988 10	   0.68   25.25    8.66    2.54 
1988 11	   1.48   21.19    2.18    3.01 
1988 12	   9.45   13.93   -2.38    2.71 
1989 1	  20.58   15.69   -1.09    3.27 
1989 2	  29.05   10.74   -2.90    3.52 
1989 3	  13.50   22.01    2.75    3.64 
1989 4	   2.27   27.26    8.47    3.84 
1989 5	  37.88   31.23   14.03    4.18 
1989 6	  87.22   30.84   16.32    3.53 
1989 7	  25.20   34.82   19.53    2.74 
1989 8	  68.75   32.93   18.80    3.30 
1989 9	  78.47   28.50   13.06    2.64 
1989 10	   0.10   27.30    9.45    3.20 
1989 11	   0.10   20.34    1.81    2.79 
1989 12	  15.07   10.04   -5.85    3.10 
1990 1	  21.27   15.29   -1.23    3.09 
1990 2	  54.27   17.66    0.38    3.53 
1990 3	  37.90   17.54    3.95    3.78 
1990 4	  64.10   23.81    8.25    3.79 
1990 5	  39.40   28.50   12.38    3.70 
1990 6	  17.30   36.26   20.38    4.09 
1990 7	  78.25   31.37   18.85    2.93 
1990 8	  73.78   31.43   18.30    2.76 
1990 9	  34.45   29.82   16.57    1.99 
1990 10	  15.38   24.76    7.89    2.75 
1990 11	  36.03   20.21    4.95    3.25 
1990 12	  23.83   12.54   -3.83    2.89 
1991 1	  26.70    9.36   -2.76    2.74 
1991 2	   4.12   17.65    0.56    2.98 
1991 3	   7.75   21.01    3.70    4.16 
1991 4	   0.00   26.83    7.68    3.31 
1991 5	  38.17   31.13   14.57    3.71 
1991 6	 131.05   32.01   17.67    3.38 
1991 7	  96.47   32.43   19.31    2.76 
1991 8	  54.08   31.69   18.27    2.44 
1991 9	 193.72   25.73   14.39    2.37 
1991 10	  39.57   25.20    8.11    3.09 
1991 11	  31.53   13.73    1.05    3.15 
1991 12	  78.50   11.67    0.79    3.26 
1992 1	  41.85   10.23   -1.23    2.53 
1992 2	  63.20   16.58    2.57    3.57 
1992 3	  19.48   21.50    4.85    3.66 
1992 4	  45.75   23.69    8.73    3.24 
1992 5	 178.92   25.51   12.53    2.93 
1992 6	 112.40   30.53   16.82    2.88 
1992 7	  73.80   33.14   19.37    3.81 
1992 8	  37.75   30.64   17.27    2.81 
1992 9	   8.98   30.16   15.18    3.30 
1992 10	   0.00   26.55    9.06    2.53 
1992 11	  39.52   16.05    1.93    3.14 
1992 12	  17.80   12.73   -1.02    3.18 
1993 1	  21.55   10.33   -2.54    2.72 
1993 2	  48.22   13.37   -1.92    3.27 
1993 3	   7.18   18.51    2.13    3.59 
1993 4	  31.18   24.34    6.69    3.68 
1993 5	  48.47   28.06   12.52    3.48 
1993 6	  69.18   32.21   18.32    3.58 
1993 7	  42.30   34.73   21.18    4.54 
1993 8	  25.42   34.24   19.90    2.89 
1993 9	   9.65   29.20   14.13    2.38 
1993 10	  37.75   23.60    7.59    2.79 
1993 11	   5.02   15.51   -0.51    3.03 
1993 12	  14.07   14.69   -1.78    3.25 
1994 1	   7.80   12.89   -2.95    3.30 
1994 2	   6.22   14.26   -2.89    3.29 
1994 3	   1.75   20.18    3.39    3.36 
1994 4	  36.62   24.87    6.44    3.41 
1994 5	 111.65   26.58   13.39    3.05 
1994 6	   7.20   35.87   19.50    3.36 
1994 7	  28.73   35.84   20.19    3.49 
1994 8	  18.78   33.87   19.54    2.89 
1994 9	  69.25   29.52   15.07    2.35 
1994 10	  37.10   24.58   10.02    2.75 
1994 11	  41.70   18.33    3.33    3.01 
1994 12	   4.90   14.92    0.61    2.35 
1995 1	  13.55   13.08   -1.37    3.19 
1995 2	  10.88   17.18    1.08    3.30 
1995 3	   2.70   18.62    2.78    3.59 
1995 4	   9.88   24.19    4.09    3.74 
1995 5	 127.22   28.14   11.89    3.81 
1995 6	  44.80   32.52   16.49    3.41 
1995 7	  43.55   35.85   19.53    2.89 
1995 8	  21.73   33.35   19.38    2.36 
1995 9	 180.70   28.28   14.70    2.45 
1995 10	   7.15   26.53    8.26    2.70 
1995 11	   1.38   20.60    2.39    2.76 
1995 12	   9.57   13.87   -1.49    2.82 
1996 1	   6.60   13.76   -4.48    3.47 
1996 2	   2.55   17.65   -0.53    3.55 
1996 3	   4.58   17.94   -0.09    3.96 
1996 4	  11.73   25.15    6.72    3.86 
1996 5	  28.73   33.54   16.25    5.10 
1996 6	  72.20   33.90   18.62    3.14 
1996 7	  92.45   34.17   20.67    2.93 
1996 8	 151.82   31.84   19.43    2.89 
1996 9	  42.05   27.48   14.37    2.02 
1996 10	  20.27   24.54    8.24    2.91 
1996 11	  31.50   17.79    2.20    3.46 
1996 12	   0.00   16.13   -1.53    3.27 
1997 1	   7.72   10.76   -2.63    3.44 
1997 2	  74.50   12.02   -0.31    3.47 
1997 3	   3.60   21.88    3.35    3.12 
1997 4	 131.60   19.37    5.34    3.50 
1997 5	  69.43   26.55   12.39    3.00 
1997 6	 133.60   30.29   16.79    2.97 
1997 7	  56.42   33.58   19.77    2.90 
1997 8	  55.20   33.29   19.12    2.87 
1997 9	  56.25   31.14   16.81    2.44 
1997 10	  20.55   24.60    9.79    2.93 
1997 11	   8.33   17.67    0.62    2.50 
1997 12	  51.22   11.43   -2.94    3.47 
1998 1	   0.45   16.15   -1.34    3.03 
1998 2	  34.62   15.57    0.24    2.97 
1998 3	  36.42   18.03    1.29    3.89 
1998 4	   6.58   24.39    5.88    3.48 
1998 5	  13.35   33.35   15.04    3.78 
1998 6	  32.62   36.57   19.78    4.14 
1998 7	  19.07   37.12   22.43    3.29 
1998 8	  52.62   32.83   19.77    1.79 
1998 9	   1.27   33.12   18.22    2.42 
1998 10	  28.70   26.26   12.07    3.45 
1998 11	   9.40   19.45    5.18    2.60 
1998 12	   4.80   13.95   -1.01    2.89 
1999 1	  14.12   15.54   -1.00    3.70 
1999 2	   0.00   20.22    2.07    3.34 
1999 3	  43.72   17.91    3.40    3.70 
1999 4	  50.88   25.11    8.16    3.72 
1999 5	  70.68   27.48   12.61    3.61 
1999 6	 148.82   31.19   17.69    3.61 
1999 7	  13.97   33.68   20.59    3.17 
1999 8	  42.45   35.85   20.94    2.29 
1999 9	  77.07   29.18   15.29    2.93 
1999 10	   6.98   25.87    8.64    2.83 
1999 11	   0.00   23.01    4.73    2.62 
1999 12	  10.23   14.86   -0.78    3.29 
2000 1	   5.68   15.80   -1.03    3.46 
2000 2	  13.38   20.24    2.10    3.53 
2000 3	  98.88   21.98    4.43    3.68 
2000 4	  18.15   25.85    8.78    3.77 
2000 5	  26.82   32.15   15.50    3.98 
2000 6	 167.20   30.66   18.04    3.25 
2000 7	  40.02   35.03   21.13    2.97 
2000 8	  10.35   35.31   21.00    2.91 
2000 9	   0.15   33.12   16.45    2.40 
2000 10	 121.58   23.35   11.55    3.70 
2000 11	  31.35   13.23    1.34    2.64 
2000 12	  10.38    9.84   -2.79    2.96 
2001 1	  20.85    9.96   -1.53    3.21 
2001 2	  28.52   15.31    0.24    3.65 
2001 3	  46.45   15.43    3.20    2.85 
2001 4	   3.60   26.59    9.83    4.01 
2001 5	  42.75   30.59   14.21    3.61 
2001 6	   0.90   34.84   19.79    3.50 
2001 7	   1.48   36.92   22.69    3.16 
2001 8	  70.65   33.89   20.71    2.65 
2001 9	  45.55   29.95   16.19    2.18 
2001 10	   6.95   25.60    9.13    3.17 
2001 11	  98.05   18.56    6.52    3.31 
2001 12	   1.62   14.24    0.59    3.02 
2002 1	  15.32   14.42   -0.64    3.32 
2002 2	  16.72   13.92   -1.22    3.27 
2002 3	  42.95   18.62    1.03    3.77 
2002 4	  30.00   24.57   10.60    4.02 
2002 5	   6.28   29.30   13.81    3.95 
2002 6	  70.65   33.27   19.37    3.11 
2002 7	  70.50   32.72   20.56    2.82 
2002 8	  42.12   34.69   20.93    3.12 
2002 9	  20.08   30.85   15.86    2.22 
2002 10	 111.67   21.23   10.39    2.54 
2002 11	  15.12   16.03    3.04    2.90 
2002 12	  56.90   12.82    0.29    3.15 
2003 1	   0.05   14.44   -1.85    2.98 
2003 2	   8.18   13.39   -0.69    3.41 
2003 3	  11.77   20.64    3.26    3.48 
2003 4	  22.50   26.87    9.02    4.09 
2003 5	  50.30   30.04   14.15    3.09 
2003 6	 119.10   31.02   17.42    3.05 
2003 7	   3.80   34.84   20.63    2.63 
2003 8	  41.88   34.48   20.67    2.25 
2003 9	  15.10   28.04   15.28    2.39 
2003 10	  15.10   26.50   11.76    2.52 
2003 11	  12.35   18.50    5.15    3.31 
2003 12	   0.00   15.97   -0.88    3.70 
2004 1	  42.18   13.62   -0.79    3.29 
2004 2	  47.67   12.74   -0.81    3.67 
2004 3	  64.70   20.16    7.73    3.70 
2004 4	  66.50   22.87    9.44    3.69 
2004 5	  14.90   30.62   15.08    3.94 
2004 6	 102.52   32.76   18.65    3.31 
2004 7	 156.95   32.73   20.33    2.89 
2004 8	  72.98   30.93   19.30    2.52 
2004 9	 149.73   27.84   16.27    2.57 
2004 10	  71.30   24.30   11.30    2.68 
2004 11	 184.98   15.22    4.41    3.07 
2004 12	  16.77   13.93   -1.15    3.18 
2005 1	  27.35   14.26    0.17    3.40 
2005 2	  45.02   13.60    2.02    2.94 
2005 3	  31.40   18.38    2.95    3.37 
2005 4	   5.25   24.29    7.39    3.97 
2005 5	  97.25   26.74   13.91    3.44 
2005 6	  26.80   33.27   18.81    3.38 
2005 7	  40.43   33.89   19.61    2.66 
2005 8	 116.80   31.45   19.15    2.45 
2005 9	   9.90   32.12   17.53    2.35 
2005 10	  60.45   24.23   10.64    2.66 
2005 11	   0.00   20.89    3.75    2.83 
2005 12	   2.40   14.31   -2.08    2.86 
2006 1	   0.22   18.63    0.59    3.77 
2006 2	   0.35   16.21   -0.61    3.32 
2006 3	  36.45   20.36    5.17    4.13 
2006 4	  23.98   27.92   10.98    3.85 
2006 5	  85.53   31.78   15.24    3.97 
2006 6	  15.12   34.24   18.79    2.77 
2006 7	  30.62   35.14   21.15    2.92 
2006 8	  70.72   33.49   21.03    2.72 
2006 9	 123.13   27.07   14.74    2.45 
2006 10	 104.05   23.70   10.26    2.68 
2006 11	   6.15   20.25    4.27    3.32 
2006 12	  47.78   12.68   -0.80    3.24 
2007 1	  31.15    8.33   -2.41    3.19 
2007 2	   8.38   14.40   -1.57    3.58 
2007 3	 100.15   21.23    6.94    3.81 
2007 4	  46.17   21.09    6.11    3.74 
2007 5	 138.82   24.42   13.73    2.88 
2007 6	  87.97   29.99   17.22    2.58 
2007 7	  47.25   30.91   19.04    1.99 
2007 8	 124.32   32.02   20.24    2.66 
2007 9	  45.37   29.84   17.17    2.35 
2007 10	   0.95   27.60   10.55    2.80 
2007 11	  11.42   18.82    3.38    2.96 
2007 12	  36.72   13.75   -0.96    3.25 
2008 1	   1.10   12.87   -2.68    3.36 
2008 2	   5.38   17.73   -0.53    3.39 
2008 3	   1.45   20.48    2.55    4.07 
2008 4	  31.62   24.84    7.09    3.86 
2008 5	  76.35   29.92   13.35    3.70 
2008 6	  48.67   35.61   20.08    4.37 
2008 7	  35.03   33.01   20.12    3.62 
2008 8	 128.68   31.80   19.16    2.30 
2008 9	 210.30   27.13   14.54    2.04 
2008 10	  92.08   23.93    9.22    2.98 
2008 11	   1.45   19.61    3.37    2.81 
2008 12	   0.15   14.63   -1.53    3.57 
2009 1	   1.18   15.09   -2.61    3.38 
2009 2	  15.30   19.26    1.36    3.98 
2009 3	   8.18   21.68    4.53    4.18 
2009 4	  24.00   25.35    7.51    4.45 
2009 5	  30.27   28.62   13.33    2.97 
2009 6	  53.22   34.65   19.47    3.53 
2009 7	 101.50   34.18   20.74    2.84 
2009 8	  15.70   35.40   20.18    3.11 
2009 9	  82.88   28.47   14.85    2.29 
2009 10	  22.95   22.44    7.45    3.08 
2009 11	   5.00   21.24    3.85    2.56 
2009 12	  39.05    9.97   -3.86    2.87 
2010 1	  35.15   11.60   -3.04    3.53 
2010 2	  90.55   10.00   -2.03    3.37 
2010 3	  63.30   18.45    2.92    4.33 
2010 4	 157.32   23.97    9.07    3.96 
2010 5	  22.80   27.92   13.72    3.40 
2010 6	  99.17   34.77   20.56    3.90 
2010 7	 286.98   31.07   20.79    3.00 
2010 8	  15.80   35.42   20.92    2.91 
2010 9	  69.15   30.92   16.97    2.54 
2010 10	  26.82   26.42    9.93    2.51 
2010 11	   2.25   20.20    2.00    3.37 
2010 12	   0.50   15.88   -0.91    3.07 
