1949 1	  70.22    5.29   -6.15    3.65 
1949 2	   4.60   13.86   -0.89    3.23 
1949 3	   2.45   20.13    1.24    3.95 
1949 4	  67.85   21.01    5.34    3.17 
1949 5	 102.33   27.61   11.98    3.93 
1949 6	  65.67   32.08   15.68    4.20 
1949 7	  64.50   33.95   17.64    3.16 
1949 8	  47.53   32.43   15.90    2.47 
1949 9	 106.50   28.42   12.80    2.83 
1949 10	  15.87   22.91    6.11    2.96 
1949 11	   0.00   22.73    1.07    2.50 
1949 12	   4.10   13.34   -3.75    3.11 
1950 1	   3.30   16.39   -2.37    3.26 
1950 2	   0.00   18.74   -1.63    3.09 
1950 3	   0.00   20.39   -1.19    4.20 
1950 4	  29.30   25.02    5.10    4.23 
1950 5	  19.77   28.86   10.53    3.62 
1950 6	  30.42   33.39   16.66    4.23 
1950 7	 211.50   31.41   17.50    3.71 
1950 8	  36.13   32.51   16.94    3.06 
1950 9	 188.78   27.11   13.59    2.96 
1950 10	   4.80   27.38    8.20    2.95 
1950 11	   0.15   20.86   -1.39    2.97 
1950 12	   4.30   16.39   -4.73    2.27 
1951 1	   7.20   13.11   -6.07    3.40 
1951 2	  20.22   16.14   -2.71    4.01 
1951 3	   6.33   17.89    0.08    3.81 
1951 4	   0.90   23.31    4.03    3.87 
1951 5	 126.88   29.22   11.59    3.97 
1951 6	  13.85   34.19   17.10    4.44 
1951 7	  32.48   35.47   19.41    3.67 
1951 8	  91.90   33.87   18.80    3.45 
1951 9	  28.23   30.66   12.85    3.50 
1951 10	  35.78   26.18    7.17    3.41 
1951 11	   2.77   16.94   -1.83    3.12 
1951 12	   4.05   14.42   -2.60    3.31 
1952 1	  12.50   15.47   -1.39    3.11 
1952 2	   4.62   16.23   -2.39    3.60 
1952 3	   0.08   18.05   -0.71    4.44 
1952 4	  32.73   22.87    5.58    3.69 
1952 5	  21.12   29.27   10.67    3.74 
1952 6	  23.25   34.71   18.04    4.74 
1952 7	  54.53   32.81   17.99    3.48 
1952 8	  31.88   35.51   19.33    3.40 
1952 9	  27.45   29.10   12.61    2.50 
1952 10	   0.00   24.77    3.77    2.80 
1952 11	  18.95   14.76   -1.03    3.00 
1952 12	   0.73   13.55   -5.07    2.67 
1953 1	  14.40   18.09   -1.25    3.96 
1953 2	  14.45   15.15   -3.01    3.18 
1953 3	   6.40   21.69    3.15    3.40 
1953 4	  19.83   23.92    4.66    3.64 
1953 5	  39.53   28.63   10.21    4.19 
1953 6	   6.62   36.33   19.93    4.54 
1953 7	  57.45   34.95   18.64    3.77 
1953 8	  41.45   33.05   18.12    2.92 
1953 9	   2.88   32.11   11.83    2.61 
1953 10	  70.60   24.44    8.21    3.18 
1953 11	   4.68   18.12    1.01    2.82 
1953 12	   2.92   10.92   -4.48    3.46 
1954 1	   0.38   14.73   -4.25    2.84 
1954 2	   0.38   19.86   -0.47    3.57 
1954 3	   0.00   18.27    0.05    3.65 
1954 4	  42.43   26.32    8.80    3.83 
1954 5	  89.55   25.11   10.42    3.66 
1954 6	  13.02   32.97   16.34    4.22 
1954 7	   8.00   35.52   19.16    3.05 
1954 8	  65.55   33.39   18.60    3.29 
1954 9	   6.30   32.23   15.18    3.07 
1954 10	  69.73   24.83    8.14    2.95 
1954 11	   0.15   19.48   -0.05    2.64 
1954 12	   7.62   14.93   -3.22    3.05 
1955 1	  16.62   11.25   -3.15    3.10 
1955 2	   0.00   14.02   -5.31    3.30 
1955 3	   1.35   20.25    0.24    3.58 
1955 4	   3.95   25.55    6.06    4.14 
1955 5	  80.52   28.00   12.29    3.50 
1955 6	  11.22   32.59   15.17    4.07 
1955 7	  61.32   32.14   17.61    3.39 
1955 8	   1.02   33.11   17.18    2.45 
1955 9	  60.82   29.63   13.75    2.95 
1955 10	 120.78   24.25    7.27    2.69 
1955 11	   9.40   17.52   -0.73    3.09 
1955 12	   0.00   15.72   -2.11    3.04 
1956 1	   0.90   14.39   -3.47    2.83 
1956 2	  24.73   11.33   -4.65    3.62 
1956 3	   0.00   21.80    0.55    3.48 
1956 4	  11.77   24.19    4.73    3.72 
1956 5	  42.80   31.16   13.19    4.28 
1956 6	  51.63   34.51   17.97    3.97 
1956 7	  40.40   34.38   18.02    3.65 
1956 8	  15.50   33.42   16.11    3.35 
1956 9	   0.08   32.67   13.32    3.11 
1956 10	  31.15   25.71    8.52    2.74 
1956 11	   0.03   17.52   -1.48    2.75 
1956 12	   4.95   15.61   -1.85    3.05 
1957 1	   1.62   13.46   -3.42    3.14 
1957 2	  18.18   17.01    2.20    3.06 
1957 3	  19.60   17.86    1.76    3.63 
1957 4	  53.00   21.05    4.58    3.88 
1957 5	 124.28   25.05   11.02    3.19 
1957 6	  60.47   30.89   15.93    3.78 
1957 7	  30.15   34.82   18.53    3.24 
1957 8	  44.05   32.99   18.10    3.01 
1957 9	  23.45   28.60   12.10    2.87 
1957 10	  72.67   20.97    7.38    2.89 
1957 11	  29.38   12.91    0.40    2.92 
1957 12	   1.50   15.80   -2.00    3.11 
1958 1	  39.17    9.61   -4.65    3.11 
1958 2	   9.98   12.10   -1.94    3.84 
1958 3	  58.78   11.95   -0.42    3.32 
1958 4	  38.70   20.95    5.08    3.70 
1958 5	  66.13   28.24   12.21    2.78 
1958 6	  32.42   33.89   17.70    3.92 
1958 7	  52.95   34.84   18.94    4.32 
1958 8	  34.28   34.04   17.61    2.48 
1958 9	 118.30   27.98   14.40    2.85 
1958 10	  37.45   20.49    8.73    2.41 
1958 11	  13.50   17.96    1.04    2.60 
1958 12	   0.62   13.37   -4.05    2.82 
1959 1	   1.42   13.46   -5.63    3.31 
1959 2	   1.17   13.08   -2.69    3.70 
1959 3	   0.40   19.55   -0.57    3.97 
1959 4	  18.50   22.99    6.12    3.73 
1959 5	  89.15   28.30   13.18    4.02 
1959 6	 148.25   32.59   16.40    3.34 
1959 7	  71.02   31.86   17.83    2.52 
1959 8	  46.30   33.38   18.17    2.92 
1959 9	  51.27   31.56   13.42    3.58 
1959 10	  50.22   23.15    5.54    2.66 
1959 11	   0.05   16.82   -1.63    2.54 
1959 12	  30.90   13.13   -1.50    3.09 
1960 1	  20.22   10.09   -4.58    2.96 
1960 2	  14.45   11.28   -5.09    4.16 
1960 3	   9.62   16.49   -0.74    3.24 
1960 4	   7.98   26.47    6.84    3.96 
1960 5	  27.90   29.86   10.40    3.53 
1960 6	 119.57   34.45   17.75    3.71 
1960 7	 266.67   31.61   18.15    2.91 
1960 8	  23.08   32.79   17.76    3.01 
1960 9	   9.02   30.81   13.39    2.61 
1960 10	 101.03   24.34    8.08    2.77 
1960 11	   0.10   19.64    1.32    2.77 
1960 12	  32.88    8.08   -3.25    3.33 
1961 1	  12.68   10.72   -6.56    2.80 
1961 2	  41.80   13.44   -2.42    3.34 
1961 3	  32.80   18.35    1.02    3.60 
1961 4	   3.77   24.69    5.52    4.09 
1961 5	  25.25   30.30   11.82    3.84 
1961 6	  79.75   31.76   15.66    3.30 
1961 7	  79.15   31.28   16.91    3.06 
1961 8	  45.02   32.12   15.94    2.40 
1961 9	  19.57   29.18   12.50    3.54 
1961 10	  24.92   25.58    6.23    3.17 
1961 11	  39.92   13.62    0.09    3.18 
1961 12	   9.62   12.56   -3.58    3.07 
1962 1	  11.10   10.95   -6.96    3.45 
1962 2	   5.63   19.04   -1.04    3.49 
1962 3	   2.95   17.62   -0.27    4.12 
1962 4	  10.52   24.52    6.74    3.61 
1962 5	  15.90   32.53   13.40    5.13 
1962 6	  42.35   31.88   15.63    3.55 
1962 7	 154.20   33.00   18.29    3.38 
1962 8	  25.67   34.37   16.68    2.69 
1962 9	 111.22   28.72   14.95    2.51 
1962 10	  89.42   25.10    8.86    2.98 
1962 11	  12.93   18.91    3.13    2.54 
1962 12	   2.93   14.57   -1.42    2.65 
1963 1	   1.58   11.68   -8.12    3.07 
1963 2	  16.97   16.86   -2.07    3.06 
1963 3	  10.72   21.14    1.73    3.96 
1963 4	  25.73   26.63    9.04    3.58 
1963 5	  84.77   29.61   13.05    3.94 
1963 6	  78.08   31.67   16.17    3.94 
1963 7	  53.05   34.33   18.47    3.69 
1963 8	  43.65   32.92   17.37    2.41 
1963 9	  43.80   29.75   13.95    2.00 
1963 10	  16.90   27.60    8.83    2.27 
1963 11	  20.88   19.37    1.92    2.62 
1963 12	   3.38   11.43   -4.38    2.52 
1964 1	   4.43   13.80   -4.54    3.34 
1964 2	  12.57   10.92   -5.06    3.48 
1964 3	   1.38   20.13   -0.33    3.67 
1964 4	   0.00   25.78    5.36    3.69 
1964 5	  18.38   30.46   12.73    3.88 
1964 6	  53.77   33.19   15.47    4.07 
1964 7	   5.88   35.34   18.44    3.08 
1964 8	  26.55   33.71   17.55    3.33 
1964 9	  64.22   27.59   13.86    2.62 
1964 10	   6.00   25.21    6.70    2.53 
1964 11	  16.90   17.65    1.57    3.08 
1964 12	  15.75   12.90   -2.65    3.06 
1965 1	   0.95   15.29   -2.60    3.43 
1965 2	   9.65   12.73   -5.15    3.43 
1965 3	   1.27   14.17   -3.64    3.65 
1965 4	   9.67   25.17    7.39    3.54 
1965 5	  31.27   28.40   12.38    3.87 
1965 6	 128.35   31.41   16.56    4.31 
1965 7	  29.88   33.99   18.01    2.97 
1965 8	  59.00   31.87   16.50    2.96 
1965 9	  51.40   29.13   12.87    3.09 
1965 10	  12.30   24.87    6.19    2.38 
1965 11	   1.90   21.36    3.76    2.28 
1965 12	  11.65   14.67   -1.05    3.32 
1966 1	   7.57    8.83   -7.13    2.90 
1966 2	   2.48   12.13   -5.42    3.34 
1966 3	   0.50   20.37    0.23    4.15 
1966 4	  75.47   22.41    5.37    3.50 
1966 5	  16.82   26.85   10.88    3.13 
1966 6	  84.22   30.85   16.27    3.99 
1966 7	   3.97   34.84   19.37    3.18 
1966 8	 267.25   29.60   16.90    2.92 
1966 9	  40.27   27.39   13.92    1.86 
1966 10	   1.75   23.28    4.49    2.38 
1966 11	   2.88   21.00    1.26    3.22 
1966 12	   1.30   13.31   -6.51    2.74 
1967 1	   0.00   15.05   -6.50    3.07 
1967 2	   0.58   15.24   -3.89    3.26 
1967 3	  11.95   23.49    2.13    4.15 
1967 4	   5.60   26.89    8.29    4.80 
1967 5	  15.93   28.72    8.06    3.62 
1967 6	 119.62   31.60   15.84    4.45 
1967 7	 110.07   31.31   17.10    3.51 
1967 8	  24.87   31.63   15.30    2.81 
1967 9	  53.80   26.92   12.23    2.70 
1967 10	  13.95   25.82    5.32    3.44 
1967 11	   3.68   18.10    0.75    3.02 
1967 12	  13.07   10.23   -5.26    3.42 
1968 1	  30.85   11.20   -3.34    3.30 
1968 2	  20.10   12.08   -3.51    2.91 
1968 3	  59.15   16.58    1.39    4.31 
1968 4	   9.30   21.74    4.29    3.93 
1968 5	  80.00   27.22    9.56    4.28 
1968 6	  38.50   32.51   14.49    3.97 
1968 7	 132.45   30.70   16.71    3.75 
1968 8	  89.35   30.54   16.61    3.77 
1968 9	  25.07   28.26   10.68    2.96 
1968 10	  14.93   25.38    7.28    3.66 
1968 11	  41.42   15.81    0.58    3.45 
1968 12	   7.03   14.04   -4.19    3.86 
1969 1	   0.12   15.79   -2.66    3.47 
1969 2	  22.18   13.93   -2.52    3.31 
1969 3	  40.38   12.21   -3.75    3.84 
1969 4	  41.67   23.68    6.66    4.25 
1969 5	 105.55   27.22   11.43    3.53 
1969 6	  74.28   31.23   14.75    3.80 
1969 7	  29.98   34.93   18.62    3.28 
1969 8	  62.20   33.77   17.87    2.83 
1969 9	 123.40   27.26   14.26    2.43 
1969 10	 136.77   19.65    6.51    3.58 
1969 11	  14.57   17.30    0.16    2.69 
1969 12	  18.02   14.55   -2.25    2.79 
1970 1	   0.10   11.12   -6.12    2.71 
1970 2	   7.73   15.72   -1.95    2.89 
1970 3	  39.23   14.86   -1.30    3.38 
1970 4	  14.17   22.84    4.41    3.52 
1970 5	  45.18   29.11    9.76    3.73 
1970 6	  46.33   31.28   14.64    3.64 
1970 7	   9.75   33.68   17.57    3.27 
1970 8	  27.98   33.44   16.57    2.94 
1970 9	 117.60   27.85   13.57    3.22 
1970 10	  28.43   20.80    4.97    2.61 
1970 11	   0.25   17.32   -0.10    3.11 
1970 12	   0.20   16.50   -2.26    2.56 
1971 1	   0.00   14.40   -4.50    3.01 
1971 2	   7.82   13.85   -4.56    3.56 
1971 3	   0.33   20.03   -1.15    3.59 
1971 4	  19.72   23.15    4.85    3.57 
1971 5	  55.85   28.52    9.55    3.84 
1971 6	  43.67   32.54   16.30    4.21 
1971 7	  39.33   33.25   16.96    2.90 
1971 8	 133.07   27.61   15.60    2.24 
1971 9	 128.97   26.51   12.60    3.18 
1971 10	  38.75   22.72    7.66    2.74 
1971 11	  18.73   18.02    1.43    3.02 
1971 12	  19.33   12.68   -1.92    3.47 
1972 1	   0.98   14.63   -5.12    3.26 
1972 2	   1.48   16.58   -3.95    3.23 
1972 3	   4.12   22.81    2.15    3.62 
1972 4	   1.10   26.56    6.64    4.17 
1972 5	  77.15   26.51   10.75    3.26 
1972 6	 110.60   31.62   15.34    2.99 
1972 7	  78.55   30.46   16.55    3.53 
1972 8	 152.00   29.33   15.76    2.91 
1972 9	 119.37   27.74   13.39    2.94 
1972 10	  59.33   22.65    6.84    2.92 
1972 11	  15.03   11.87   -2.37    2.77 
1972 12	  10.38   11.86   -5.42    3.35 
1973 1	  33.28    7.80   -5.45    3.51 
1973 2	  27.35   11.42   -3.95    3.36 
1973 3	  37.53   16.89    1.19    4.04 
1973 4	  49.55   19.40    2.30    3.35 
1973 5	  21.38   27.19    9.40    3.40 
1973 6	  14.77   32.37   13.64    3.74 
1973 7	  71.58   32.52   16.66    3.27 
1973 8	  13.37   33.02   15.69    3.08 
1973 9	  31.65   28.36   12.85    3.23 
1973 10	  22.60   26.46    6.90    2.97 
1973 11	   1.45   20.64    0.46    3.61 
1973 12	   0.10   15.41   -4.99    3.98 
1974 1	   8.23   12.96   -5.23    3.28 
1974 2	   0.65   17.04   -5.32    3.98 
1974 3	  14.45   23.49    2.97    4.22 
1974 4	  29.75   25.66    6.01    4.97 
1974 5	   7.32   31.49   12.33    4.02 
1974 6	  15.73   33.46   14.57    3.78 
1974 7	  10.27   33.51   17.24    3.36 
1974 8	 206.48   29.45   15.24    3.11 
1974 9	 185.30   22.77   10.14    3.04 
1974 10	  95.33   21.69    8.09    3.20 
1974 11	   6.53   16.22    0.77    2.89 
1974 12	  32.23   11.21   -3.88    3.16 
1975 1	  15.18   11.98   -3.91    3.64 
1975 2	  36.10   12.11   -3.48    3.42 
1975 3	   3.70   17.93   -1.20    3.93 
1975 4	  18.17   22.38    3.73    4.59 
1975 5	  35.15   27.43    9.47    3.49 
1975 6	  81.05   33.26   15.10    4.55 
1975 7	 123.55   29.28   16.83    2.92 
1975 8	  21.95   31.13   15.54    3.19 
1975 9	  78.28   25.88   10.63    3.12 
1975 10	   1.25   25.39    5.09    3.23 
1975 11	  10.98   18.74   -1.63    3.44 
1975 12	   5.43   14.42   -4.22    2.85 
1976 1	   0.00   13.26   -6.50    3.09 
1976 2	   6.30   19.42   -0.58    3.77 
1976 3	   2.17   19.41   -0.19    4.09 
1976 4	  30.83   24.44    6.91    4.40 
1976 5	  18.45   26.38    8.61    3.36 
1976 6	  22.75   32.32   14.68    3.75 
1976 7	  71.32   29.60   16.25    3.14 
1976 8	  15.28   32.87   15.33    2.66 
1976 9	  95.47   26.85   12.87    2.28 
1976 10	  34.97   19.94    2.62    2.80 
1976 11	  15.77   13.41   -2.85    2.52 
1976 12	   0.00   13.37   -6.05    2.84 
1977 1	   3.85    8.57   -7.96    2.47 
1977 2	  11.10   15.40   -2.77    3.45 
1977 3	  15.18   18.39   -0.59    4.08 
1977 4	  70.45   22.01    6.18    3.73 
1977 5	  61.27   28.51   12.85    4.32 
1977 6	  43.53   33.68   16.09    3.79 
1977 7	  29.00   33.80   17.64    3.29 
1977 8	 118.90   32.91   17.91    3.35 
1977 9	  10.47   32.36   14.37    3.03 
1977 10	  33.20   24.60    7.53    2.63 
1977 11	   1.92   19.44    0.24    2.93 
1977 12	   1.38   15.30   -2.86    3.31 
1978 1	  12.97    7.85   -6.60    3.05 
1978 2	  18.22    7.87   -4.83    3.07 
1978 3	   2.28   19.30   -0.21    3.70 
1978 4	  11.60   27.26    6.23    4.04 
1978 5	  61.50   28.38   10.68    3.56 
1978 6	  92.20   32.79   15.96    3.93 
1978 7	   5.70   35.22   17.58    3.06 
1978 8	  39.80   32.22   16.38    2.99 
1978 9	  72.43   27.40   13.87    2.66 
1978 10	  25.42   23.93    6.79    2.53 
1978 11	  47.30   14.92    2.87    3.06 
1978 12	   4.53   11.05   -5.59    3.16 
1979 1	   8.02    6.35   -7.40    3.02 
1979 2	  20.02   12.95   -4.47    2.96 
1979 3	  19.88   17.32    0.53    3.83 
1979 4	  58.15   23.26    5.05    3.47 
1979 5	  49.53   26.12    9.68    3.48 
1979 6	  76.80   30.60   14.06    3.47 
1979 7	 105.97   33.51   17.59    3.24 
1979 8	 110.32   30.69   15.35    2.97 
1979 9	   3.88   29.74   11.69    2.22 
1979 10	   5.60   26.82    5.86    3.02 
1979 11	   3.20   14.16   -2.54    2.69 
1979 12	  15.43   12.59   -4.01    2.89 
1980 1	  21.98   11.54   -4.32    3.09 
1980 2	  18.42   13.70   -3.62    3.47 
1980 3	   2.42   18.28   -2.24    4.16 
1980 4	  19.00   22.70    2.51    3.73 
1980 5	  59.90   26.77   10.17    3.34 
1980 6	  47.88   36.27   17.36    4.69 
1980 7	  28.15   36.14   17.93    3.44 
1980 8	  65.70   33.10   17.41    3.86 
1980 9	 129.38   28.77   14.61    3.02 
1980 10	   9.30   23.03    5.52    2.63 
1980 11	  33.60   14.94   -1.77    2.80 
1980 12	   6.53   15.34   -2.44    3.09 
1981 1	   4.60   12.96   -3.93    2.42 
1981 2	   4.62   16.71   -3.63    3.18 
1981 3	  11.00   17.01    1.44    3.70 
1981 4	  41.00   24.53    7.61    4.02 
1981 5	  57.45   27.20   10.79    3.65 
1981 6	  34.85   33.74   16.07    4.02 
1981 7	 124.28   32.87   18.17    3.57 
1981 8	  89.72   29.39   16.36    2.66 
1981 9	  88.18   27.61   12.88    2.86 
1981 10	 124.88   21.95    7.88    3.06 
1981 11	  13.80   19.72    1.81    2.53 
1981 12	   4.10   14.76   -2.22    2.86 
1982 1	  10.38   10.98   -5.28    3.52 
1982 2	   9.97   11.86   -4.80    3.48 
1982 3	   5.82   19.30    0.89    3.75 
1982 4	  12.55   22.21    4.94    3.91 
1982 5	  51.27   26.93   10.00    3.97 
1982 6	  64.12   30.65   14.34    4.40 
1982 7	 115.55   32.82   17.95    3.72 
1982 8	   5.85   32.99   17.68    2.98 
1982 9	  25.07   30.32   13.61    3.03 
1982 10	   2.62   23.18    4.75    2.83 
1982 11	  30.95   15.24    0.33    3.43 
1982 12	  53.70    9.06   -3.97    3.46 
1983 1	  37.72    8.61   -6.26    3.01 
1983 2	  10.48   12.59   -1.94    3.17 
1983 3	   1.45   18.26    0.71    3.97 
1983 4	  17.25   20.12    1.99    4.14 
1983 5	  69.65   27.62    7.50    3.59 
1983 6	  37.77   30.64   13.14    3.82 
1983 7	  18.15   34.39   17.17    3.71 
1983 8	  16.70   34.24   16.62    2.28 
1983 9	  13.52   31.07   13.85    3.34 
1983 10	  94.45   23.29    8.79    3.10 
1983 11	  34.10   17.41    2.77    3.09 
1983 12	   8.30    6.60   -8.05    3.16 
1984 1	   3.25   10.20   -5.93    2.81 
1984 2	   1.70   15.88   -4.44    3.61 
1984 3	   6.47   17.79   -1.94    3.56 
1984 4	   1.35   22.29    2.83    3.66 
1984 5	  48.97   29.10   11.05    3.79 
1984 6	  92.70   30.67   16.49    3.65 
1984 7	  35.50   32.45   16.38    2.75 
1984 8	 100.85   30.71   16.18    2.67 
1984 9	  23.58   27.41   10.12    3.30 
1984 10	  68.07   20.13    6.12    2.94 
1984 11	  40.85   16.25    0.90    3.20 
1984 12	  45.88   12.41   -1.45    3.16 
1985 1	  19.12    9.03   -6.03    3.07 
1985 2	   8.90   11.90   -4.34    3.31 
1985 3	  33.88   18.76    1.98    4.36 
1985 4	  12.15   25.19    6.51    3.63 
1985 5	  97.40   28.74   10.66    3.32 
1985 6	 151.35   30.06   15.11    3.64 
1985 7	  60.08   33.37   16.12    2.73 
1985 8	  20.33   34.30   17.35    2.93 
1985 9	 126.80   28.30   13.32    3.06 
1985 10	 108.20   21.73    7.10    2.91 
1985 11	   9.35   18.70   -0.00    2.76 
1985 12	   6.03   11.95   -6.18    2.48 
1986 1	   0.00   15.80   -4.34    2.71 
1986 2	  26.83   14.77   -1.42    3.38 
1986 3	   5.23   21.11    2.13    3.72 
1986 4	  11.30   25.64    6.82    3.74 
1986 5	  72.12   28.06   10.32    3.36 
1986 6	 108.85   29.32   15.62    2.74 
1986 7	  51.15   33.56   17.76    3.88 
1986 8	  91.75   31.64   16.62    2.85 
1986 9	 146.80   27.88   13.96    3.07 
1986 10	  86.55   20.87    7.35    2.72 
1986 11	  58.40   15.23    0.07    3.10 
1986 12	  46.98    9.93   -2.59    2.65 
1987 1	  18.20   10.43   -5.02    3.47 
1987 2	  31.53   13.36   -1.04    3.88 
1987 3	   5.47   16.00   -1.95    3.48 
1987 4	   9.55   22.77    2.78    3.19 
1987 5	 108.70   26.89   10.81    3.31 
1987 6	  53.32   30.79   15.48    2.93 
1987 7	  37.55   33.13   17.45    3.90 
1987 8	 141.97   31.89   16.75    3.04 
1987 9	  76.25   27.29   12.76    2.18 
1987 10	  19.95   24.69    6.45    3.02 
1987 11	   7.23   17.79    0.13    2.97 
1987 12	  48.38   11.08   -4.87    3.05 
1988 1	   3.62    9.06   -6.03    3.28 
1988 2	   7.50   15.01   -4.44    3.15 
1988 3	  34.95   19.75   -2.00    3.93 
1988 4	  17.75   22.94    3.60    3.37 
1988 5	 105.80   27.33    9.48    3.92 
1988 6	  82.95   31.44   14.82    3.05 
1988 7	  96.75   30.99   17.19    2.77 
1988 8	  79.35   31.46   16.71    2.77 
1988 9	  65.97   29.00   11.91    2.81 
1988 10	   1.60   25.21    6.88    2.58 
1988 11	   2.75   19.98    0.28    3.15 
1988 12	  14.65   12.87   -4.86    2.64 
1989 1	   3.75   14.90   -3.68    3.24 
1989 2	  23.90   11.82   -4.01    3.38 
1989 3	  11.93   21.97    0.31    3.58 
1989 4	   0.45   26.54    6.07    3.88 
1989 5	  13.27   30.73   11.79    4.17 
1989 6	 110.80   30.22   14.62    3.95 
1989 7	  56.95   33.33   16.79    3.03 
1989 8	 122.42   30.96   16.72    3.50 
1989 9	  72.90   27.16   10.95    2.68 
1989 10	   0.00   26.30    5.62    3.26 
1989 11	   3.12   19.49   -1.47    2.80 
1989 12	   5.20    9.76   -7.61    2.95 
1990 1	  23.12   13.70   -4.81    3.11 
1990 2	  34.88   16.41   -3.14    3.81 
1990 3	  29.00   16.88    1.18    3.65 
1990 4	  29.95   23.03    6.09    3.94 
1990 5	  15.43   27.49    9.21    3.73 
1990 6	   4.60   37.52   17.74    4.54 
1990 7	  89.58   31.14   16.73    3.20 
1990 8	  57.53   31.40   15.69    2.70 
1990 9	  40.93   29.22   14.19    2.09 
1990 10	  49.27   24.23    5.51    2.75 
1990 11	  28.05   18.88    1.40    3.25 
1990 12	   5.85   12.43   -6.29    2.88 
1991 1	  24.57    8.83   -4.55    2.58 
1991 2	   6.25   17.22   -2.22    3.12 
1991 3	  10.62   20.44    0.57    4.39 
1991 4	   0.00   25.37    5.64    3.42 
1991 5	  32.43   31.39   12.41    4.29 
1991 6	  64.23   33.24   16.38    4.06 
1991 7	  90.43   31.71   17.43    2.91 
1991 8	  69.35   31.48   16.74    2.45 
1991 9	 136.82   24.91   12.67    2.56 
1991 10	  16.92   25.30    6.64    3.06 
1991 11	  38.30   13.35   -0.23    3.11 
1991 12	  73.12   10.94   -1.33    3.13 
1992 1	  31.45    9.45   -2.78    2.55 
1992 2	  27.15   16.23    0.26    3.65 
1992 3	  16.80   21.19    1.97    3.85 
1992 4	  30.32   24.12    6.56    3.47 
1992 5	 161.95   25.81   10.83    3.20 
1992 6	 107.47   30.95   14.90    3.09 
1992 7	  46.60   33.72   17.40    4.05 
1992 8	  85.08   30.98   16.17    3.20 
1992 9	   8.70   29.61   12.52    3.45 
1992 10	   0.15   26.25    6.80    2.56 
1992 11	  33.30   14.65   -0.99    3.12 
1992 12	  15.18   12.07   -3.08    3.10 
1993 1	  32.15   10.25   -3.51    2.87 
1993 2	  13.55   13.00   -3.19    3.42 
1993 3	  15.62   18.78    0.39    3.57 
1993 4	  21.08   23.57    5.03    3.73 
1993 5	  24.48   28.22   10.71    3.69 
1993 6	  51.17   33.10   16.29    4.07 
1993 7	  70.45   33.85   19.51    4.88 
1993 8	  36.53   33.37   17.16    3.13 
1993 9	  30.20   29.03   11.93    2.54 
1993 10	  23.67   22.75    5.22    2.78 
1993 11	  14.07   15.14   -1.99    2.97 
1993 12	   0.60   14.78   -4.01    3.11 
1994 1	   1.40   13.31   -5.31    3.18 
1994 2	   6.25   14.94   -4.72    3.21 
1994 3	   7.45   19.64    1.87    3.38 
1994 4	  25.40   23.88    5.04    3.35 
1994 5	  81.27   26.84   12.24    3.44 
1994 6	  15.85   35.98   17.75    3.84 
1994 7	  58.20   35.08   18.20    3.79 
1994 8	  14.03   33.14   17.33    3.11 
1994 9	  21.65   30.19   12.93    2.53 
1994 10	   6.23   24.55    7.45    2.84 
1994 11	  23.07   17.84    1.90    3.18 
1994 12	   1.67   15.43   -1.32    2.33 
1995 1	   9.40   12.37   -2.88    3.39 
1995 2	   5.22   17.46   -0.68    3.33 
1995 3	  11.05   18.13    1.15    3.89 
1995 4	  16.30   23.28    4.70    3.74 
1995 5	  52.95   27.26   11.24    4.22 
1995 6	  28.95   32.45   15.61    3.82 
1995 7	  34.10   35.10   17.98    3.09 
1995 8	  43.68   32.87   17.96    2.71 
1995 9	 139.67   27.12   13.77    2.50 
1995 10	   7.88   25.11    5.75    2.88 
1995 11	   2.22   19.31    1.11    2.76 
1995 12	   7.97   13.91   -2.62    2.79 
1996 1	   3.25   13.76   -5.30    3.48 
1996 2	   0.33   17.22   -1.57    3.50 
1996 3	   1.52   17.95   -1.44    3.87 
1996 4	   3.28   24.72    4.78    3.93 
1996 5	  42.93   33.03   14.31    5.06 
1996 6	 105.12   33.18   17.36    3.69 
1996 7	  98.72   32.81   19.05    3.22 
1996 8	 113.80   30.90   17.90    3.00 
1996 9	  27.60   27.41   12.67    2.23 
1996 10	  15.47   24.10    6.21    3.01 
1996 11	  11.88   18.15    0.51    3.46 
1996 12	   0.00   15.10   -3.64    3.38 
1997 1	   9.03    9.83   -4.31    3.58 
1997 2	  37.15   10.86   -2.45    3.65 
1997 3	   0.82   21.51    1.00    3.23 
1997 4	  95.55   19.38    3.86    3.81 
1997 5	  66.00   26.44   11.21    3.35 
1997 6	  56.15   31.28   15.30    3.48 
1997 7	  67.82   34.00   17.96    3.36 
1997 8	  66.85   32.14   17.18    2.90 
1997 9	  33.20   30.67   14.81    2.70 
1997 10	  34.88   23.51    7.52    3.10 
1997 11	  19.02   15.96   -0.33    2.53 
1997 12	  42.83    9.51   -4.44    3.59 
1998 1	   0.03   15.01   -2.62    2.83 
1998 2	  36.95   13.79   -1.03    3.18 
1998 3	  34.33   17.03   -1.15    3.89 
1998 4	   1.55   22.84    3.70    3.62 
1998 5	   7.93   32.68   12.23    3.75 
1998 6	   5.28   36.51   16.57    4.32 
1998 7	  16.38   36.92   19.43    3.37 
1998 8	  65.15   32.02   17.56    2.02 
1998 9	  12.57   32.74   15.55    2.70 
1998 10	  81.35   25.10    9.38    3.52 
1998 11	  11.53   18.67    2.88    2.67 
1998 12	  11.18   13.35   -2.41    2.82 
1999 1	  34.70   15.65   -2.07    3.62 
1999 2	   0.00   19.15   -0.81    3.44 
1999 3	  71.00   17.67    2.08    3.63 
1999 4	  55.10   23.25    5.55    4.08 
1999 5	 101.95   26.54   10.80    3.82 
1999 6	 135.45   31.07   16.04    4.07 
1999 7	  53.90   32.94   18.17    3.59 
1999 8	  44.10   34.46   18.05    2.37 
1999 9	  67.40   28.01   12.89    2.89 
1999 10	  17.85   24.96    5.53    2.90 
1999 11	   0.00   22.28    1.93    2.64 
1999 12	  23.25   13.04   -3.33    3.13 
2000 1	   0.43   15.78   -3.63    3.48 
2000 2	   0.12   20.09   -0.71    3.67 
2000 3	  47.00   20.60    1.62    3.76 
2000 4	  16.68   24.99    6.12    3.94 
2000 5	   4.12   32.14   12.71    4.02 
2000 6	 126.67   30.37   16.75    3.63 
2000 7	  25.43   34.77   18.29    3.34 
2000 8	  16.85   34.89   17.31    3.17 
2000 9	   0.00   32.91   13.03    2.56 
2000 10	  89.32   23.11    9.05    3.74 
2000 11	  57.12   12.61   -1.51    2.58 
2000 12	  18.75    9.62   -4.91    3.03 
2001 1	  28.32    8.82   -3.82    3.29 
2001 2	  13.65   15.46   -1.41    3.58 
2001 3	  68.50   14.89    1.58    3.05 
2001 4	   3.93   25.74    7.11    4.18 
2001 5	  98.20   29.20   12.19    3.85 
2001 6	  14.32   34.34   17.28    3.89 
2001 7	   5.90   36.65   19.93    3.50 
2001 8	  69.45   33.51   18.00    2.65 
2001 9	  50.95   29.47   13.58    2.39 
2001 10	  10.48   24.87    6.18    3.26 
2001 11	  36.88   17.72    3.62    3.32 
2001 12	   8.02   13.45   -2.69    3.03 
2002 1	  19.55   13.72   -3.08    3.22 
2002 2	  11.07   13.45   -3.87    3.43 
2002 3	  74.25   17.78   -1.72    3.46 
2002 4	  13.80   24.50    7.97    4.00 
2002 5	   1.30   29.63   11.00    4.10 
2002 6	  38.28   34.10   17.26    3.90 
2002 7	  32.75   33.10   18.47    3.18 
2002 8	  59.28   34.24   18.63    3.71 
2002 9	  42.22   29.60   13.70    2.39 
2002 10	  80.98   20.72    8.30    2.74 
2002 11	   9.35   14.93    0.66    2.81 
2002 12	  33.15   11.57   -2.05    3.15 
2003 1	   0.20   14.55   -3.69    3.05 
2003 2	   8.00   13.22   -2.45    3.48 
2003 3	   6.40   20.22    1.28    3.65 
2003 4	   0.48   26.04    6.00    4.14 
2003 5	  32.68   29.83   11.91    3.21 
2003 6	 103.33   30.75   15.39    3.63 
2003 7	   2.27   34.85   18.31    2.95 
2003 8	  17.67   34.38   18.24    2.63 
2003 9	   7.95   28.63   12.87    2.73 
2003 10	  14.70   25.90    9.36    2.66 
2003 11	  12.72   17.81    2.22    3.41 
2003 12	   0.00   15.14   -3.80    3.54 
2004 1	  27.60   13.14   -2.85    3.23 
2004 2	  61.23   12.15   -2.93    3.72 
2004 3	  36.98   19.70    5.23    3.83 
2004 4	  96.48   21.47    6.98    3.88 
2004 5	  19.73   30.22   12.13    4.35 
2004 6	  62.48   32.40   16.05    3.86 
2004 7	  56.10   32.21   17.55    3.31 
2004 8	 117.23   30.73   16.47    2.78 
2004 9	 178.57   27.52   13.34    2.91 
2004 10	  86.22   22.92    8.78    2.73 
2004 11	 121.80   13.16    1.84    3.10 
2004 12	  13.58   12.84   -3.01    3.18 
2005 1	  29.93   13.49   -1.33    3.39 
2005 2	  25.38   13.21    0.64    3.07 
2005 3	  15.77   17.41    0.55    3.46 
2005 4	   7.95   23.38    5.35    4.12 
2005 5	  84.82   26.25   11.93    3.92 
2005 6	  20.28   33.39   16.76    3.95 
2005 7	  47.18   33.36   17.57    3.22 
2005 8	 105.70   30.82   17.61    2.63 
2005 9	   3.00   31.58   14.65    2.65 
2005 10	  41.50   23.40    8.28    2.87 
2005 11	   0.35   19.93    0.37    2.85 
2005 12	   1.12   13.92   -4.49    2.94 
2006 1	   0.00   16.99   -2.37    3.83 
2006 2	   2.53   16.05   -3.10    3.46 
2006 3	  34.22   19.06    2.74    4.34 
2006 4	  29.85   27.02    7.73    4.20 
2006 5	  21.73   31.36   13.15    4.27 
2006 6	  20.62   34.44   17.55    3.21 
2006 7	  48.67   34.92   18.91    3.22 
2006 8	  87.30   32.12   18.47    2.60 
2006 9	 129.37   26.27   12.44    2.56 
2006 10	  45.30   22.83    7.63    2.98 
2006 11	   4.93   19.58    1.69    3.30 
2006 12	  55.45   12.28   -2.92    3.40 
2007 1	  50.00    7.12   -4.83    3.27 
2007 2	   6.52   15.07   -3.17    3.67 
2007 3	 106.78   20.46    3.63    3.67 
2007 4	  45.12   20.92    3.84    4.04 
2007 5	 149.63   24.86   11.81    3.01 
2007 6	  70.25   30.40   15.28    2.92 
2007 7	  20.35   31.90   17.39    2.24 
2007 8	  51.60   33.19   18.53    3.00 
2007 9	 106.30   29.67   15.40    2.65 
2007 10	   0.72   26.81    7.92    3.00 
2007 11	   9.62   18.64    0.92    2.82 
2007 12	  24.20   13.17   -2.53    3.30 
2008 1	   0.00   12.33   -5.28    3.51 
2008 2	  12.10   16.97   -2.43    3.48 
2008 3	   8.50   19.91    0.95    4.09 
2008 4	   5.43   24.37    4.18    3.91 
2008 5	  83.00   28.60   10.86    4.03 
2008 6	  67.97   35.13   17.45    4.85 
2008 7	  54.17   31.64   18.21    3.74 
2008 8	  98.55   31.77   17.08    2.44 
2008 9	  59.55   26.96   12.32    2.17 
2008 10	  74.28   23.79    6.81    3.10 
2008 11	   1.45   19.61    0.30    2.81 
2008 12	   1.60   13.92   -3.58    3.66 
2009 1	   0.20   15.02   -4.54    3.34 
2009 2	  10.77   18.72   -0.99    3.92 
2009 3	   9.10   20.93    2.09    4.07 
2009 4	  18.02   24.19    4.71    4.59 
2009 5	  27.65   28.70   11.71    3.18 
2009 6	  92.25   33.68   17.35    3.76 
2009 7	 132.30   33.24   18.75    3.11 
2009 8	  16.98   33.76   17.87    3.32 
2009 9	  13.77   28.24   12.30    2.47 
2009 10	  49.17   22.08    5.96    3.22 
2009 11	   9.90   20.07    1.23    2.55 
2009 12	  34.98    9.09   -5.55    2.87 
2010 1	  39.57   11.53   -5.22    3.46 
2010 2	  55.93    9.49   -3.03    3.34 
2010 3	  31.60   17.79    0.74    4.42 
2010 4	  41.30   23.45    6.25    4.31 
2010 5	  38.02   27.31   11.02    3.58 
2010 6	  28.33   35.22   18.23    4.47 
2010 7	 111.47   30.79   18.56    3.25 
2010 8	  35.80   33.89   17.76    3.16 
2010 9	  27.32   31.39   15.25    2.61 
2010 10	  27.38   25.22    7.40    2.60 
2010 11	  11.12   18.66   -0.75    3.22 
2010 12	   0.05   15.42   -2.41    3.04 
