1949 1	  25.47    2.61   -7.87    3.78 
1949 2	  21.27   12.30   -2.54    3.44 
1949 3	   2.43   19.01    0.22    4.12 
1949 4	  21.02   20.97    4.70    3.24 
1949 5	 126.90   24.92   10.52    3.90 
1949 6	 128.57   29.45   14.22    4.13 
1949 7	  69.58   31.27   16.88    3.27 
1949 8	  44.47   30.33   14.99    2.63 
1949 9	  21.33   27.69   12.26    2.90 
1949 10	  49.38   21.26    4.83    2.98 
1949 11	   0.68   21.34   -1.88    2.55 
1949 12	  12.93   13.16   -4.70    3.13 
1950 1	   0.43   17.10   -4.15    3.39 
1950 2	   0.00   19.31   -2.97    3.03 
1950 3	   0.83   21.02   -1.92    4.21 
1950 4	   1.88   25.24    3.85    4.13 
1950 5	  22.35   28.32    8.28    3.69 
1950 6	  48.12   33.31   14.92    4.48 
1950 7	 240.50   30.37   16.08    3.67 
1950 8	  36.57   31.74   14.33    3.02 
1950 9	  73.05   27.31   11.36    2.95 
1950 10	  43.10   27.09    6.79    2.89 
1950 11	   0.00   20.08   -3.17    2.71 
1950 12	   0.03   15.20   -6.97    2.22 
1951 1	  12.75   12.12   -7.27    3.34 
1951 2	  14.62   15.10   -4.59    3.97 
1951 3	   3.40   16.81   -1.39    3.86 
1951 4	   4.60   22.36    2.78    3.88 
1951 5	  73.60   27.07    9.39    4.10 
1951 6	  25.27   32.67   12.76    4.41 
1951 7	  15.02   35.08   17.99    3.93 
1951 8	  13.85   34.03   17.03    3.57 
1951 9	   3.28   30.59   10.61    3.69 
1951 10	  40.30   25.24    4.75    3.38 
1951 11	   4.00   15.45   -3.30    3.04 
1951 12	  17.88   12.95   -4.14    3.50 
1952 1	   8.00   13.80   -4.13    3.18 
1952 2	   6.62   15.03   -3.38    3.65 
1952 3	   3.78   16.35   -2.33    4.64 
1952 4	  65.65   21.80    4.55    3.73 
1952 5	   4.00   28.32    8.19    3.72 
1952 6	  51.62   34.03   16.29    5.03 
1952 7	  36.52   33.22   16.13    3.60 
1952 8	  75.23   34.97   16.95    3.30 
1952 9	  21.02   28.83   10.27    2.58 
1952 10	   0.00   25.38    1.67    2.65 
1952 11	  20.30   14.13   -4.13    2.87 
1952 12	   5.03   12.07   -6.10    2.77 
1953 1	   4.03   16.68   -3.26    3.94 
1953 2	   4.85   14.51   -4.30    3.22 
1953 3	  14.57   20.41    0.61    3.66 
1953 4	  11.45   23.17    3.10    3.80 
1953 5	  31.43   25.69    7.49    4.20 
1953 6	  12.80   35.74   15.70    4.72 
1953 7	  88.63   34.00   17.52    3.84 
1953 8	  53.93   32.63   15.73    3.15 
1953 9	   0.00   31.22    9.58    2.71 
1953 10	  25.15   24.53    4.03    3.21 
1953 11	   6.05   18.27   -2.32    2.95 
1953 12	   9.43   10.24   -7.65    3.48 
1954 1	   3.07   13.87   -5.45    2.81 
1954 2	   0.68   19.92   -2.66    3.59 
1954 3	   0.28   17.73   -2.19    3.80 
1954 4	  14.43   26.17    5.00    3.68 
1954 5	  20.02   25.93    7.93    3.62 
1954 6	  30.10   33.06   14.23    4.27 
1954 7	  11.85   35.55   16.91    3.06 
1954 8	 172.30   32.58   16.01    3.32 
1954 9	   8.05   30.43   12.34    3.18 
1954 10	  63.47   24.06    5.18    2.93 
1954 11	   3.20   20.14   -1.87    2.71 
1954 12	   4.67   15.23   -5.97    3.12 
1955 1	   5.82   11.38   -6.20    3.10 
1955 2	   0.17   14.37   -8.74    3.36 
1955 3	   0.00   19.32   -2.34    3.59 
1955 4	   6.95   24.53    2.45    4.26 
1955 5	  57.82   26.82    9.56    3.48 
1955 6	  18.68   31.61   12.51    3.95 
1955 7	  89.65   31.95   16.74    3.35 
1955 8	  17.62   33.31   15.62    2.63 
1955 9	  76.77   30.44   11.87    3.08 
1955 10	  13.80   24.06    4.51    2.71 
1955 11	   0.10   18.19   -2.90    3.14 
1955 12	   0.00   15.36   -4.13    3.16 
1956 1	   1.20   14.39   -5.16    2.72 
1956 2	  23.35   10.07   -7.11    3.71 
1956 3	   0.00   20.87   -1.44    3.53 
1956 4	   4.22   23.40    2.44    3.69 
1956 5	  36.97   29.45   11.99    4.35 
1956 6	  27.50   33.55   16.48    4.09 
1956 7	  44.08   33.94   16.21    3.65 
1956 8	  26.60   32.89   14.38    3.33 
1956 9	   5.05   32.32   10.77    3.32 
1956 10	  19.12   25.73    5.36    2.94 
1956 11	   0.57   16.29   -5.02    2.83 
1956 12	   0.00   14.77   -6.66    3.06 
1957 1	   0.73   12.71   -6.40    3.30 
1957 2	  11.02   17.33    0.11    2.99 
1957 3	  28.92   17.16    0.73    3.72 
1957 4	  35.88   20.66    3.21    3.86 
1957 5	 136.32   24.94    9.90    3.11 
1957 6	  30.20   31.87   14.24    3.84 
1957 7	  23.22   35.38   17.54    3.31 
1957 8	  35.95   33.15   16.68    3.05 
1957 9	  17.10   28.25    9.12    2.82 
1957 10	  74.03   20.21    6.18    3.01 
1957 11	  14.50   12.07   -1.13    3.10 
1957 12	   0.00   16.03   -4.89    3.11 
1958 1	  29.97    8.88   -6.31    3.19 
1958 2	   5.90   14.69   -3.38    3.74 
1958 3	  40.80   12.49   -1.88    3.33 
1958 4	  33.82   20.18    2.99    3.79 
1958 5	  52.20   27.77   10.03    2.92 
1958 6	  69.93   33.55   15.34    4.13 
1958 7	  50.95   34.51   16.81    4.37 
1958 8	  53.57   33.29   15.88    2.58 
1958 9	 140.77   27.86   13.03    3.01 
1958 10	  19.92   20.92    5.05    2.48 
1958 11	  11.38   18.23   -1.78    2.75 
1958 12	   2.00   14.59   -7.63    2.78 
1959 1	   0.00   12.96   -8.06    3.18 
1959 2	   2.40   13.60   -5.17    3.82 
1959 3	   2.62   18.39   -3.39    3.95 
1959 4	   9.33   22.74    3.58    3.73 
1959 5	  33.80   28.34   10.37    4.01 
1959 6	  70.20   32.09   15.25    3.38 
1959 7	 125.15   31.51   14.93    2.62 
1959 8	  70.68   32.29   14.90    3.08 
1959 9	   7.48   31.37    9.69    3.72 
1959 10	  37.38   22.50    2.13    2.71 
1959 11	   1.83   15.82   -5.97    2.57 
1959 12	  31.73   12.62   -5.56    3.23 
1960 1	  28.18    8.69   -7.65    3.03 
1960 2	  11.20   10.54   -6.49    4.13 
1960 3	   9.57   16.93   -1.91    3.34 
1960 4	   2.12   25.56    4.43    3.89 
1960 5	  20.85   28.53    7.27    3.57 
1960 6	 107.48   33.06   15.01    3.69 
1960 7	 225.75   30.67   16.47    2.91 
1960 8	  53.03   31.98   16.23    3.31 
1960 9	  18.85   29.92   12.26    2.63 
1960 10	 119.80   24.03    6.03    2.74 
1960 11	   0.00   18.60   -0.75    2.74 
1960 12	  43.65    7.88   -5.30    3.35 
1961 1	  13.48   10.79   -8.38    2.78 
1961 2	   3.62   15.38   -4.10    3.27 
1961 3	  34.80   18.26    0.14    3.64 
1961 4	   8.90   23.93    3.64    3.95 
1961 5	  12.02   29.15   10.61    4.00 
1961 6	  38.83   32.30   14.49    3.37 
1961 7	  67.55   31.98   15.87    3.16 
1961 8	  87.13   31.70   15.32    2.49 
1961 9	  29.20   28.54   11.02    3.41 
1961 10	  10.10   25.25    4.37    3.16 
1961 11	  49.05   12.69   -0.92    3.17 
1961 12	  16.47   11.76   -4.84    3.05 
1962 1	  14.45   10.55   -7.45    3.41 
1962 2	  10.60   18.34   -2.22    3.50 
1962 3	   9.47   17.26   -2.04    4.25 
1962 4	   6.57   24.60    4.51    3.63 
1962 5	   5.83   31.60   10.40    4.90 
1962 6	  15.70   32.42   13.95    3.74 
1962 7	 152.23   33.08   16.99    3.42 
1962 8	  15.55   34.55   15.57    2.74 
1962 9	  74.15   28.93   13.52    2.58 
1962 10	  17.20   24.82    6.67    2.87 
1962 11	   5.72   18.10   -0.02    2.50 
1962 12	   9.50   13.79   -3.85    2.64 
1963 1	   0.18   11.66  -10.44    3.12 
1963 2	  28.35   15.31   -3.58    3.02 
1963 3	   2.78   20.54    0.38    3.96 
1963 4	   4.28   26.14    6.28    3.56 
1963 5	  96.77   29.62   10.83    3.98 
1963 6	  78.40   31.60   15.02    3.98 
1963 7	  48.15   34.89   18.24    3.80 
1963 8	  42.50   33.18   16.45    2.46 
1963 9	  91.47   30.56   12.66    2.07 
1963 10	   7.30   27.58    7.17    2.32 
1963 11	  10.38   19.42   -0.73    2.64 
1963 12	   2.62   11.28   -7.48    2.49 
1964 1	   1.85   12.23   -7.12    3.42 
1964 2	  23.42    9.81   -6.76    3.36 
1964 3	   8.18   18.44   -1.93    3.79 
1964 4	   0.03   25.11    2.99    3.76 
1964 5	  21.40   29.91    9.66    4.05 
1964 6	  66.00   33.23   13.67    4.02 
1964 7	  11.95   36.26   18.10    3.27 
1964 8	  29.12   34.25   16.66    3.22 
1964 9	  62.55   28.51   13.72    2.78 
1964 10	   0.68   26.18    5.53    2.63 
1964 11	  29.65   16.88    0.39    3.09 
1964 12	  10.85   13.20   -3.63    3.12 
1965 1	   0.03   15.72   -4.21    3.42 
1965 2	  15.65   13.99   -5.41    3.33 
1965 3	   7.90   15.27   -3.61    3.63 
1965 4	  28.30   25.23    5.66    3.68 
1965 5	  67.73   28.30   10.63    3.85 
1965 6	  71.93   31.59   14.36    4.45 
1965 7	  77.90   34.40   17.32    3.13 
1965 8	  45.35   33.00   15.61    3.05 
1965 9	  60.58   29.50   11.77    3.20 
1965 10	  12.47   25.36    3.93    2.33 
1965 11	   2.78   21.29    2.06    2.47 
1965 12	  10.80   14.64   -2.35    3.32 
1966 1	  13.28    9.32   -8.78    2.84 
1966 2	   0.82   12.76   -5.72    3.21 
1966 3	   0.38   21.63   -0.40    4.11 
1966 4	  25.00   23.93    5.30    3.52 
1966 5	  32.35   29.49    9.70    3.23 
1966 6	 111.20   31.52   15.37    4.16 
1966 7	  15.58   36.31   18.71    3.34 
1966 8	 114.17   30.78   15.81    3.08 
1966 9	  67.38   29.07   12.44    1.90 
1966 10	   0.78   24.31    3.81    2.44 
1966 11	   6.15   20.65    0.71    3.22 
1966 12	   1.05   12.79   -6.72    2.85 
1967 1	   0.00   15.31   -5.72    3.13 
1967 2	   0.60   15.43   -4.27    3.19 
1967 3	   9.52   23.97    3.22    3.92 
1967 4	   2.40   27.18    7.20    4.82 
1967 5	   9.35   29.73    8.40    3.62 
1967 6	  99.02   31.93   15.70    4.51 
1967 7	  97.20   33.51   17.46    3.67 
1967 8	  59.30   31.73   15.52    2.92 
1967 9	  33.57   28.89   12.63    2.72 
1967 10	   1.57   26.21    5.45    3.48 
1967 11	   1.88   18.37    0.65    3.13 
1967 12	  21.65    9.38   -5.70    3.63 
1968 1	  34.38   12.50   -2.81    3.28 
1968 2	  10.00   14.52   -3.36    3.01 
1968 3	  33.93   18.10    0.66    4.15 
1968 4	   0.80   23.03    3.64    4.21 
1968 5	  29.95   27.91   10.04    4.20 
1968 6	   3.80   35.02   15.00    4.07 
1968 7	  67.88   32.41   17.05    3.91 
1968 8	  47.92   32.71   16.73    3.91 
1968 9	   6.88   29.91   11.20    3.17 
1968 10	   9.65   26.66    6.24    3.68 
1968 11	  10.95   16.17   -0.04    3.44 
1968 12	   3.30   13.74   -4.75    4.15 
1969 1	   0.00   16.74   -3.04    3.55 
1969 2	  16.50   14.78   -3.10    3.42 
1969 3	  20.38   14.38   -2.95    3.70 
1969 4	  21.40   24.95    6.23    4.16 
1969 5	 108.43   28.53   10.90    3.74 
1969 6	  71.50   31.73   13.95    3.68 
1969 7	  90.10   35.70   18.70    3.42 
1969 8	  22.05   34.89   17.66    2.90 
1969 9	  75.53   28.97   13.86    2.60 
1969 10	  96.60   20.59    6.04    3.56 
1969 11	   8.95   17.23   -1.06    2.74 
1969 12	  24.15   14.05   -3.36    2.79 
1970 1	   1.95   11.32   -6.75    2.60 
1970 2	   0.43   16.33   -1.71    2.77 
1970 3	  15.27   16.81   -1.82    3.38 
1970 4	   9.45   23.80    2.67    3.66 
1970 5	  10.20   30.14    8.92    3.82 
1970 6	  66.58   31.19   13.77    3.67 
1970 7	  34.28   33.62   17.61    3.43 
1970 8	  47.15   33.88   16.06    2.88 
1970 9	  69.28   28.51   12.61    3.24 
1970 10	  14.08   20.51    4.15    2.66 
1970 11	   0.00   18.22   -0.61    3.20 
1970 12	   0.62   16.00   -3.44    2.56 
1971 1	   0.28   14.15   -4.94    2.90 
1971 2	   2.85   14.80   -4.10    3.52 
1971 3	   2.90   21.35   -1.35    3.61 
1971 4	  22.62   23.56    4.42    3.59 
1971 5	  21.83   27.79    9.45    3.88 
1971 6	  28.50   32.70   15.49    4.31 
1971 7	  51.67   32.84   17.27    3.02 
1971 8	 102.18   28.86   15.62    2.34 
1971 9	  86.95   27.65   11.99    3.33 
1971 10	  30.65   23.15    6.40    2.70 
1971 11	  39.88   18.01    1.01    2.96 
1971 12	  22.63   12.03   -2.56    3.42 
1972 1	   1.42   14.96   -5.49    3.28 
1972 2	   4.30   17.85   -4.90    3.13 
1972 3	   2.20   23.53    1.45    3.50 
1972 4	   0.00   26.71    5.09    4.15 
1972 5	  42.25   26.95   10.12    3.52 
1972 6	  64.10   31.82   14.15    2.95 
1972 7	  68.93   31.26   16.30    3.79 
1972 8	  57.90   30.12   15.60    2.90 
1972 9	  65.20   28.11   12.80    2.89 
1972 10	  87.83   22.55    6.65    2.98 
1972 11	  21.53   12.00   -3.30    2.87 
1972 12	   7.48   12.28   -7.77    3.43 
1973 1	  18.65    8.99   -6.28    3.57 
1973 2	  21.20   12.23   -4.41    3.29 
1973 3	  47.65   17.05   -0.39    4.00 
1973 4	  28.97   20.20    0.94    3.28 
1973 5	  15.90   26.78    7.79    3.32 
1973 6	  22.55   31.74   13.14    3.70 
1973 7	 152.85   31.84   16.52    3.47 
1973 8	  31.30   32.02   15.44    3.29 
1973 9	  47.52   28.22   11.95    3.49 
1973 10	  24.78   25.40    5.96    3.09 
1973 11	   0.15   20.58    0.02    3.86 
1973 12	   0.47   15.27   -6.15    4.18 
1974 1	  13.20   13.69   -5.95    3.72 
1974 2	   1.37   16.66   -6.62    4.01 
1974 3	   3.00   23.82    1.91    4.19 
1974 4	   6.83   24.81    4.99    5.12 
1974 5	  16.68   31.53   11.31    3.99 
1974 6	  48.28   33.59   15.53    4.04 
1974 7	  42.80   33.78   17.04    3.47 
1974 8	 154.20   30.24   15.97    3.24 
1974 9	  67.10   24.63   10.47    3.16 
1974 10	 148.93   22.29    7.76    3.28 
1974 11	  14.40   15.40    0.40    3.00 
1974 12	  13.30   10.95   -4.64    3.41 
1975 1	   4.32   13.18   -4.01    3.76 
1975 2	  28.53   12.90   -2.91    3.40 
1975 3	   7.50   19.08   -0.79    3.92 
1975 4	  35.03   21.74    3.24    4.72 
1975 5	  16.90   27.19    8.65    3.59 
1975 6	  48.25   32.74   14.33    4.57 
1975 7	  86.83   30.01   16.86    3.04 
1975 8	  38.00   32.20   16.16    3.32 
1975 9	  42.65   27.27   10.80    3.11 
1975 10	   3.68   25.64    5.29    3.24 
1975 11	   9.65   18.45   -2.23    3.31 
1975 12	  23.95   15.26   -4.61    2.92 
1976 1	   0.23   14.41   -6.73    3.02 
1976 2	   8.88   19.70   -0.50    3.76 
1976 3	   3.55   19.58    0.59    4.04 
1976 4	  12.48   24.32    6.69    4.52 
1976 5	  18.20   26.70    8.97    3.25 
1976 6	   7.30   32.41   14.92    3.81 
1976 7	  56.40   30.62   16.88    3.35 
1976 8	 119.15   31.93   16.36    3.00 
1976 9	  54.75   27.69   12.65    2.37 
1976 10	  16.90   20.69    3.34    2.79 
1976 11	  12.80   13.00   -3.06    2.54 
1976 12	   0.00   13.19   -6.69    2.85 
1977 1	   6.82   10.00   -7.01    2.50 
1977 2	   8.72   15.91   -2.35    3.40 
1977 3	  12.18   18.35    0.18    4.19 
1977 4	  39.80   23.28    6.76    3.68 
1977 5	  71.72   28.34   12.39    4.14 
1977 6	  41.62   34.01   16.35    3.85 
1977 7	  24.98   33.83   17.95    3.53 
1977 8	  95.55   33.21   18.46    3.47 
1977 9	   5.05   31.90   14.25    2.93 
1977 10	  31.12   24.40    7.25    2.65 
1977 11	  12.55   19.17   -0.98    2.93 
1977 12	  10.20   15.66   -1.64    3.41 
1978 1	  14.20    9.74   -6.07    3.03 
1978 2	  22.12   10.33   -3.80    2.86 
1978 3	   4.60   20.06    1.00    3.52 
1978 4	  11.68   26.63    6.01    3.80 
1978 5	  41.67   28.71   10.38    3.42 
1978 6	  84.57   32.92   16.37    4.05 
1978 7	  80.83   34.22   18.44    3.25 
1978 8	  74.35   31.90   16.26    3.09 
1978 9	  31.12   27.52   13.38    2.60 
1978 10	  20.02   24.11    6.33    2.67 
1978 11	  78.70   14.99    2.96    3.03 
1978 12	  12.30   10.88   -5.65    3.33 
1979 1	  15.15    7.73   -7.17    2.97 
1979 2	   1.48   14.77   -4.15    2.90 
1979 3	   4.72   18.83    0.47    3.77 
1979 4	  61.32   23.45    5.35    3.53 
1979 5	  24.58   27.70    9.08    3.40 
1979 6	 129.72   30.34   13.64    3.47 
1979 7	  70.72   33.08   17.51    3.41 
1979 8	  74.78   31.03   15.39    3.16 
1979 9	  27.63   29.75   12.67    2.27 
1979 10	   5.95   26.86    5.37    2.99 
1979 11	   3.97   13.79   -3.62    2.67 
1979 12	  12.78   12.52   -4.13    2.86 
1980 1	  10.88   11.76   -3.82    2.95 
1980 2	  15.88   14.62   -4.35    3.51 
1980 3	   8.93   18.25   -1.85    4.23 
1980 4	   9.23   22.40    2.15    3.63 
1980 5	  69.80   26.73    9.39    3.28 
1980 6	  22.35   36.12   17.87    4.71 
1980 7	   6.08   35.79   19.49    3.68 
1980 8	  38.28   32.50   18.09    3.91 
1980 9	  84.12   29.25   14.66    2.92 
1980 10	   6.80   22.44    5.17    2.67 
1980 11	  21.10   14.94   -1.11    2.92 
1980 12	   4.62   16.29   -2.41    3.07 
1981 1	   6.07   13.38   -3.99    2.50 
1981 2	   7.82   17.24   -4.02    3.05 
1981 3	  19.85   18.06    1.67    3.78 
1981 4	  16.45   25.87    7.03    4.00 
1981 5	  30.77   27.53    9.95    3.58 
1981 6	  47.40   34.69   16.16    4.14 
1981 7	  85.00   33.58   18.76    3.74 
1981 8	 165.70   30.28   16.50    2.64 
1981 9	  56.13   28.29   12.62    2.82 
1981 10	  76.70   22.34    7.48    2.99 
1981 11	  24.52   20.48    1.10    2.68 
1981 12	   0.00   15.53   -3.51    2.83 
1982 1	   6.62   13.10   -4.54    3.69 
1982 2	  12.70   13.53   -4.11    3.46 
1982 3	   1.02   20.09   -0.24    3.76 
1982 4	   3.97   23.37    3.74    3.89 
1982 5	  18.05   27.58    9.79    3.99 
1982 6	  48.75   31.49   14.04    4.35 
1982 7	 102.03   33.02   17.50    3.85 
1982 8	  43.75   33.05   17.82    3.03 
1982 9	  33.90   30.55   14.18    3.13 
1982 10	   4.75   23.80    5.02    2.89 
1982 11	  24.55   15.72   -0.56    3.49 
1982 12	  33.72    9.24   -4.34    3.53 
1983 1	  28.08   10.90   -4.79    3.07 
1983 2	   6.88   13.79   -1.54    3.21 
1983 3	  16.50   18.20    0.14    3.82 
1983 4	  14.43   20.53    2.19    4.05 
1983 5	  34.35   27.09    7.98    3.65 
1983 6	  38.30   31.30   13.45    3.94 
1983 7	  30.02   33.69   17.53    3.82 
1983 8	   3.15   33.55   17.46    2.40 
1983 9	  24.07   31.61   14.57    3.46 
1983 10	  76.47   23.73    8.67    2.99 
1983 11	   8.35   17.92    2.62    3.22 
1983 12	   5.22    7.36   -8.04    3.16 
1984 1	  21.10   11.03   -6.86    2.88 
1984 2	   1.33   15.97   -2.91    3.77 
1984 3	   7.00   19.47   -0.51    3.41 
1984 4	  24.88   23.30    2.85    3.76 
1984 5	 110.25   30.00   10.62    3.74 
1984 6	 108.05   30.83   15.69    3.55 
1984 7	  74.23   32.22   16.72    2.89 
1984 8	  92.50   30.48   16.76    2.54 
1984 9	   3.35   28.76   10.89    3.36 
1984 10	  96.97   20.70    6.68    3.07 
1984 11	  29.43   17.18    0.33    3.28 
1984 12	  30.77   11.79   -1.36    3.14 
1985 1	  13.95   10.45   -6.39    3.05 
1985 2	   1.05   13.66   -3.93    3.25 
1985 3	  63.78   19.18    1.78    4.26 
1985 4	  30.23   24.99    6.48    3.77 
1985 5	  36.50   27.84    9.99    3.27 
1985 6	  76.30   31.67   15.53    3.91 
1985 7	  86.73   33.42   15.57    2.78 
1985 8	  57.25   33.83   16.79    3.15 
1985 9	  72.47   29.13   12.84    3.16 
1985 10	  62.40   24.03    7.10    2.79 
1985 11	   5.68   19.63   -0.62    2.80 
1985 12	   0.85   13.54   -6.70    2.38 
1986 1	   0.00   17.81   -5.46    2.79 
1986 2	  27.03   15.12   -2.85    3.39 
1986 3	   3.40   21.14    2.46    3.56 
1986 4	   5.75   25.74    6.34    3.79 
1986 5	  72.73   27.64    9.73    3.21 
1986 6	  69.42   30.26   16.10    2.83 
1986 7	  15.65   33.57   18.16    3.93 
1986 8	  88.85   31.33   17.06    2.92 
1986 9	  39.05   28.56   14.07    3.05 
1986 10	  58.25   20.87    6.41    2.77 
1986 11	  56.38   14.10   -0.35    3.19 
1986 12	  35.62    9.26   -3.03    2.55 
1987 1	  60.98    9.48   -4.92    3.62 
1987 2	  32.35   12.44   -1.61    3.74 
1987 3	   3.45   16.50   -1.27    3.37 
1987 4	   8.03   22.42    2.64    3.21 
1987 5	  46.20   25.83   10.06    3.42 
1987 6	 113.30   31.06   15.31    2.98 
1987 7	  31.62   32.85   17.30    4.20 
1987 8	 189.55   31.27   16.42    3.06 
1987 9	  60.63   27.61   12.05    2.27 
1987 10	  16.95   24.08    6.52    2.93 
1987 11	  11.10   16.28   -0.58    2.95 
1987 12	  25.88   10.05   -5.74    3.15 
1988 1	   0.32    8.90   -5.87    3.26 
1988 2	   4.38   14.93   -4.29    2.99 
1988 3	  25.10   18.95   -1.44    3.93 
1988 4	  13.87   22.91    3.38    3.30 
1988 5	  70.70   26.60    9.33    4.04 
1988 6	 121.15   29.77   14.63    3.09 
1988 7	  74.00   30.24   16.58    2.85 
1988 8	 111.15   29.83   16.66    2.85 
1988 9	  84.57   27.49   11.92    2.88 
1988 10	   7.88   24.14    6.65    2.54 
1988 11	   6.60   17.86   -0.14    3.32 
1988 12	   5.43   10.78   -5.69    2.75 
1989 1	   6.62   12.84   -4.29    3.28 
1989 2	  17.22   10.36   -4.10    3.21 
1989 3	   1.20   22.20    0.58    3.53 
1989 4	   0.55   25.63    5.98    3.74 
1989 5	   5.97   30.26   11.62    3.88 
1989 6	 141.48   30.12   14.42    4.15 
1989 7	  41.05   31.94   16.36    3.07 
1989 8	 107.85   30.49   16.77    3.51 
1989 9	  59.15   26.88   11.03    2.74 
1989 10	   0.12   24.45    4.89    3.23 
1989 11	   3.85   17.71   -1.26    2.82 
1989 12	  10.07    9.27   -7.95    2.90 
1990 1	  19.60   11.83   -5.63    3.25 
1990 2	  22.48   14.32   -3.56    3.96 
1990 3	   6.53   16.73    0.35    3.48 
1990 4	  24.92   22.53    5.99    3.82 
1990 5	   5.43   27.78    9.28    3.69 
1990 6	   0.00   36.59   18.62    4.54 
1990 7	  68.88   31.60   17.75    3.41 
1990 8	  57.42   30.87   16.38    2.71 
1990 9	  96.78   27.91   14.82    2.11 
1990 10	  11.07   23.95    6.49    2.82 
1990 11	  27.05   18.07    1.02    3.28 
1990 12	   0.97   12.15   -5.92    2.98 
1991 1	   9.53    9.68   -4.79    2.50 
1991 2	   4.10   16.74   -2.23    3.25 
1991 3	   4.68   19.46    0.96    4.46 
1991 4	   0.00   24.94    4.96    3.59 
1991 5	  30.12   30.28   12.19    4.44 
1991 6	  82.10   32.34   15.84    4.23 
1991 7	 156.05   30.75   17.45    2.97 
1991 8	  38.53   30.88   17.54    2.49 
1991 9	  79.50   25.28   12.60    2.61 
1991 10	   7.70   24.28    5.16    3.01 
1991 11	  41.30   14.02   -0.36    3.14 
1991 12	  85.50   10.35   -2.55    3.04 
1992 1	  31.55    8.54   -4.70    2.61 
1992 2	   6.25   14.91   -0.77    3.61 
1992 3	   5.50   20.05    1.34    3.84 
1992 4	  46.12   24.67    5.78    3.40 
1992 5	 135.27   25.20   10.64    3.23 
1992 6	  89.90   30.56   14.27    2.99 
1992 7	  41.92   33.07   17.04    4.08 
1992 8	  61.40   30.87   16.34    3.39 
1992 9	  16.65   29.89   12.20    3.40 
1992 10	   8.77   25.44    7.10    2.64 
1992 11	   9.23   13.93   -2.49    3.03 
1992 12	  20.43   11.29   -3.89    3.07 
1993 1	  16.92   11.36   -3.16    2.94 
1993 2	   5.40   12.91   -2.99    3.63 
1993 3	  17.35   19.32    0.46    3.49 
1993 4	   7.88   24.23    5.40    3.83 
1993 5	  32.90   27.82    9.68    3.62 
1993 6	  26.25   33.14   15.39    4.31 
1993 7	 110.63   33.78   18.98    4.95 
1993 8	 101.40   31.61   17.27    3.29 
1993 9	  52.93   29.01   12.31    2.81 
1993 10	  22.83   22.93    4.47    2.76 
1993 11	  15.55   14.99   -2.37    2.96 
1993 12	   3.25   13.04   -4.58    3.10 
1994 1	   1.05   12.69   -5.69    3.00 
1994 2	   4.12   15.78   -4.20    3.24 
1994 3	  17.73   18.88    1.20    3.38 
1994 4	  15.23   24.36    5.17    3.35 
1994 5	  64.02   27.44   11.96    3.47 
1994 6	  11.83   35.16   17.30    3.81 
1994 7	  72.32   34.52   18.04    3.81 
1994 8	  52.30   33.28   17.81    3.24 
1994 9	  25.85   29.88   12.80    2.60 
1994 10	  26.25   24.05    7.08    2.82 
1994 11	   9.60   17.42    1.62    3.44 
1994 12	   4.85   14.18   -1.91    2.33 
1995 1	  11.47   12.19   -2.49    3.54 
1995 2	   6.00   18.11   -0.54    3.31 
1995 3	  14.00   18.11    1.66    4.08 
1995 4	   8.67   23.24    4.05    3.64 
1995 5	 105.75   27.38   10.36    4.33 
1995 6	  40.62   31.54   14.58    3.93 
1995 7	  39.75   34.80   17.87    3.13 
1995 8	  44.50   33.19   18.35    2.99 
1995 9	  95.50   28.31   13.46    2.47 
1995 10	  21.18   25.34    5.88    2.90 
1995 11	   0.05   18.94    1.58    2.80 
1995 12	   6.68   12.78   -2.60    2.88 
1996 1	   1.38   14.05   -5.07    3.60 
1996 2	   2.85   17.01   -1.52    3.52 
1996 3	   0.30   18.33   -1.07    3.77 
1996 4	   0.00   25.27    5.38    3.91 
1996 5	   4.93   33.03   13.49    4.67 
1996 6	 105.55   33.34   16.72    3.83 
1996 7	  87.75   33.01   18.67    3.37 
1996 8	 169.50   30.68   17.70    3.02 
1996 9	  37.17   26.85   12.02    2.37 
1996 10	  15.87   23.28    5.91    3.11 
1996 11	   9.12   17.64    0.10    3.40 
1996 12	   0.17   14.88   -3.88    3.57 
1997 1	  12.02    8.82   -4.98    3.68 
1997 2	  12.88   11.72   -3.13    3.77 
1997 3	   0.77   21.33    0.46    3.27 
1997 4	  98.28   19.18    3.14    3.90 
1997 5	  33.80   26.68   10.59    3.46 
1997 6	  74.35   31.85   15.19    3.67 
1997 7	  96.75   33.40   18.41    3.66 
1997 8	  52.55   32.10   17.93    2.82 
1997 9	  59.95   30.81   14.86    2.84 
1997 10	  15.15   23.17    6.59    3.18 
1997 11	   9.22   15.14   -1.15    2.61 
1997 12	  80.47    8.08   -6.26    3.62 
1998 1	   0.17   13.36   -2.80    2.79 
1998 2	  17.62   13.74   -1.35    3.29 
1998 3	  28.95   17.83   -0.87    3.86 
1998 4	  11.15   22.05    2.84    3.60 
1998 5	   4.55   31.63   10.77    3.57 
1998 6	   2.52   35.21   15.68    4.30 
1998 7	  27.65   35.34   18.89    3.33 
1998 8	  47.65   31.76   16.81    2.27 
1998 9	  21.18   31.98   15.35    2.73 
1998 10	 164.40   24.33    9.39    3.45 
1998 11	   9.15   17.90    2.39    2.80 
1998 12	   6.27   12.88   -3.11    2.81 
1999 1	  25.30   14.75   -2.04    3.61 
1999 2	   0.32   18.58   -1.19    3.61 
1999 3	  43.00   18.83    1.45    3.60 
1999 4	  46.47   22.50    5.04    4.30 
1999 5	  66.10   26.96   10.27    3.77 
1999 6	  46.28   31.36   15.46    4.11 
1999 7	  44.00   32.99   17.98    3.79 
1999 8	 106.22   32.81   17.16    2.36 
1999 9	  39.42   28.70   12.97    2.78 
1999 10	  10.75   25.13    5.21    2.93 
1999 11	   0.12   21.06    0.54    2.65 
1999 12	   9.50   12.21   -5.13    3.13 
2000 1	   0.03   15.21   -3.30    3.53 
2000 2	   0.03   20.25   -0.35    3.81 
2000 3	  32.95   20.56    1.36    3.73 
2000 4	  15.75   26.60    6.14    3.98 
2000 5	   0.97   32.75   12.93    3.93 
2000 6	 156.60   31.09   16.25    3.78 
2000 7	  47.15   34.43   18.73    3.58 
2000 8	   4.68   34.55   18.19    3.37 
2000 9	   0.17   32.76   13.63    2.70 
2000 10	 126.80   22.28    8.19    3.55 
2000 11	  62.75   12.36   -2.00    2.56 
2000 12	  14.20    9.43   -5.09    3.08 
2001 1	  33.95    8.50   -3.95    3.27 
2001 2	   5.22   15.56   -1.34    3.55 
2001 3	  44.60   16.60    1.17    3.12 
2001 4	   1.77   25.94    6.45    4.32 
2001 5	  36.30   29.28   11.15    3.84 
2001 6	  19.85   34.32   16.27    4.07 
2001 7	  38.67   35.45   19.98    3.66 
2001 8	  42.62   32.63   17.66    2.63 
2001 9	  53.55   29.70   13.11    2.47 
2001 10	  17.73   25.31    6.76    3.23 
2001 11	  22.95   17.50    3.08    3.34 
2001 12	   1.50   13.42   -4.11    3.14 
2002 1	  16.05   13.33   -3.63    3.22 
2002 2	   0.35   14.33   -4.20    3.53 
2002 3	  31.48   19.28   -1.49    3.44 
2002 4	   6.93   25.91    7.71    4.01 
2002 5	   0.22   30.78   11.07    4.13 
2002 6	  21.25   35.19   17.79    4.31 
2002 7	  36.52   33.18   18.32    3.26 
2002 8	 137.98   34.21   18.42    3.91 
2002 9	  48.60   28.42   13.82    2.62 
2002 10	  73.35   20.81    7.04    2.78 
2002 11	   6.90   14.58   -0.56    2.83 
2002 12	  27.30   10.17   -2.92    3.26 
2003 1	   0.00   14.77   -3.69    3.09 
2003 2	   8.85   14.34   -2.50    3.51 
2003 3	   6.18   19.80    1.07    3.66 
2003 4	   0.62   25.30    5.68    4.20 
2003 5	  22.00   30.41   11.07    3.33 
2003 6	 110.38   30.51   14.58    3.78 
2003 7	   3.47   35.05   18.36    3.27 
2003 8	  14.75   33.59   18.31    2.82 
2003 9	  26.20   29.94   12.89    2.94 
2003 10	  20.57   26.25    8.23    2.69 
2003 11	   5.95   18.00    1.93    3.60 
2003 12	   0.43   14.80   -3.83    3.58 
2004 1	   3.85   13.50   -2.49    3.17 
2004 2	  31.75   12.10   -3.84    3.63 
2004 3	  34.65   20.91    4.41    3.77 
2004 4	  82.10   21.63    6.53    3.84 
2004 5	   7.50   30.16   11.78    4.45 
2004 6	  73.38   32.96   14.80    3.98 
2004 7	  79.23   31.94   17.10    3.40 
2004 8	  86.93   29.95   15.78    2.89 
2004 9	 104.90   27.68   12.90    3.03 
2004 10	 114.88   22.37    8.05    2.82 
2004 11	  62.95   12.66    0.42    3.08 
2004 12	   8.70   12.40   -3.98    3.26 
2005 1	  28.62   13.96   -1.33    3.35 
2005 2	  10.82   13.45    0.12    3.16 
2005 3	  27.73   17.10    0.35    3.47 
2005 4	  11.22   23.65    4.20    4.19 
2005 5	  20.80   27.18   11.01    4.00 
2005 6	   9.70   33.97   16.03    4.16 
2005 7	  41.95   34.10   17.67    3.47 
2005 8	 133.15   30.56   16.94    2.70 
2005 9	  27.95   30.34   14.79    2.81 
2005 10	  34.05   23.04    7.79    2.98 
2005 11	   1.15   19.57   -0.45    2.88 
2005 12	   0.17   13.14   -4.22    3.08 
2006 1	   0.05   16.19   -3.19    3.94 
2006 2	   5.70   16.44   -3.56    3.59 
2006 3	  24.17   18.87    0.95    4.40 
2006 4	  13.62   26.90    7.83    4.38 
2006 5	  13.40   31.26   12.06    4.07 
2006 6	  42.92   34.58   17.28    3.45 
2006 7	  31.77   34.39   18.96    3.32 
2006 8	 192.67   30.61   17.67    2.54 
2006 9	  36.18   26.97   11.33    2.55 
2006 10	  36.15   23.22    7.03    3.14 
2006 11	   2.15   18.80    0.43    3.33 
2006 12	  53.53   11.25   -4.34    3.56 
2007 1	  26.88    6.67   -6.39    3.21 
2007 2	   3.18   16.11   -3.24    3.71 
2007 3	  75.38   20.76    2.72    3.38 
2007 4	  13.65   21.88    3.89    4.07 
2007 5	  94.33   25.72   10.19    2.99 
2007 6	  98.58   30.68   14.28    3.05 
2007 7	  33.75   31.61   16.90    2.48 
2007 8	  21.08   33.62   18.54    3.22 
2007 9	  47.60   29.87   14.91    2.78 
2007 10	   0.57   26.51    7.18    3.13 
2007 11	   5.70   18.23   -0.29    2.60 
2007 12	  19.20   11.90   -3.16    3.36 
2008 1	   0.88   12.08   -5.89    3.63 
2008 2	  10.05   17.11   -2.17    3.57 
2008 3	   3.02   20.88    0.53    4.10 
2008 4	   9.53   25.33    3.74    3.95 
2008 5	  33.75   29.44    9.67    4.04 
2008 6	  22.52   35.89   16.53    4.79 
2008 7	  82.30   31.39   17.78    3.59 
2008 8	  60.92   31.54   16.87    2.49 
2008 9	  41.40   27.91   12.00    2.27 
2008 10	  67.62   24.03    6.23    3.11 
2008 11	   1.25   18.28   -0.72    2.82 
2008 12	   1.25   14.47   -3.67    3.82 
2009 1	   0.00   15.57   -4.95    3.36 
2009 2	  10.80   18.55   -1.68    3.91 
2009 3	   8.90   21.08    2.47    4.01 
2009 4	  13.67   24.20    4.56    4.57 
2009 5	  16.73   29.77   10.72    3.13 
2009 6	  46.55   33.22   16.23    3.71 
2009 7	 139.35   34.18   17.99    3.16 
2009 8	  45.33   33.73   17.07    3.40 
2009 9	  58.98   28.01   11.76    2.56 
2009 10	  62.40   22.10    5.59    3.32 
2009 11	   1.77   18.61   -0.39    2.64 
2009 12	  17.17    8.51   -5.57    2.81 
2010 1	  38.08   11.30   -5.76    3.35 
2010 2	  26.88   10.26   -3.20    3.22 
2010 3	  20.75   18.73    0.93    4.37 
2010 4	  37.70   24.29    6.44    4.51 
2010 5	  36.90   28.24    9.78    3.65 
2010 6	  36.05   35.24   17.85    4.55 
2010 7	  85.90   32.10   18.47    3.36 
2010 8	  92.30   33.43   17.67    3.21 
2010 9	  20.97   31.73   15.14    2.68 
2010 10	  26.88   25.02    7.13    2.74 
2010 11	  15.02   17.72   -1.02    3.19 
2010 12	   0.90   15.11   -2.15    3.15 
