1949 1	  58.68    8.41   -2.91    3.39 
1949 2	  38.90   17.77    3.25    3.23 
1949 3	   6.80   22.33    6.46    3.54 
1949 4	  84.22   22.88    9.16    3.30 
1949 5	  84.35   30.09   17.08    4.06 
1949 6	  42.75   33.91   19.55    4.35 
1949 7	  22.27   35.01   21.16    3.29 
1949 8	  49.90   32.85   19.32    2.52 
1949 9	  15.18   30.93   17.33    2.83 
1949 10	  40.15   24.63   10.52    3.01 
1949 11	   0.00   23.92    3.51    2.21 
1949 12	  33.48   15.93    1.75    3.15 
1950 1	  13.88   18.45    3.04    3.27 
1950 2	   6.88   19.85    4.16    3.29 
1950 3	   1.02   23.63    4.90    3.73 
1950 4	  29.45   26.92   10.38    3.98 
1950 5	 115.45   30.92   14.91    3.52 
1950 6	  17.23   33.81   19.90    3.76 
1950 7	  82.53   34.13   20.88    4.07 
1950 8	  59.60   34.66   19.31    3.10 
1950 9	 142.15   30.60   17.63    2.95 
1950 10	   2.72   29.54   12.33    2.81 
1950 11	   0.00   23.10    2.34    2.96 
1950 12	   0.00   18.11   -2.24    2.23 
1951 1	   1.15   16.25   -2.54    3.08 
1951 2	   4.38   19.73    1.23    3.69 
1951 3	  20.17   22.93    4.52    3.83 
1951 4	  15.38   26.77    9.38    3.60 
1951 5	  49.30   32.12   15.72    3.72 
1951 6	  39.00   36.14   19.79    4.27 
1951 7	  22.55   37.16   22.38    3.68 
1951 8	  42.53   36.84   21.49    3.52 
1951 9	  19.08   33.44   17.78    3.12 
1951 10	  17.15   27.82   12.78    3.07 
1951 11	   0.95   18.92    3.04    3.16 
1951 12	   1.83   17.88    1.16    2.73 
1952 1	   6.38   19.71    3.26    3.10 
1952 2	   5.43   19.93    2.73    3.01 
1952 3	   5.85   20.89    4.83    3.62 
1952 4	  25.70   25.18   10.12    3.56 
1952 5	  38.72   31.23   14.19    3.49 
1952 6	   0.00   35.31   20.84    4.08 
1952 7	  27.10   34.61   21.12    3.49 
1952 8	   4.18   37.85   23.72    3.57 
1952 9	  19.60   31.43   17.17    2.16 
1952 10	   0.00   27.44    9.62    2.42 
1952 11	  46.25   18.16    4.62    2.80 
1952 12	  22.17   15.01    0.51    2.23 
1953 1	   0.00   20.53    3.22    3.02 
1953 2	   6.93   17.47    1.16    2.93 
1953 3	  53.75   24.52    9.48    2.67 
1953 4	  16.80   27.98    9.95    3.09 
1953 5	  34.25   32.23   15.18    3.93 
1953 6	  12.02   37.66   23.20    3.99 
1953 7	  33.70   36.96   22.40    3.90 
1953 8	  41.38   35.35   20.95    2.63 
1953 9	   1.73   33.88   16.05    1.99 
1953 10	  50.62   26.10   11.93    2.67 
1953 11	   0.85   20.05    4.77    2.06 
1953 12	   1.58   13.62   -1.10    2.65 
1954 1	  10.62   17.35    1.48    2.76 
1954 2	   2.62   21.86    3.94    2.84 
1954 3	   3.32   22.24    5.39    3.21 
1954 4	  71.82   28.21   13.34    3.85 
1954 5	  66.30   28.61   14.16    3.67 
1954 6	  48.92   33.03   20.30    4.13 
1954 7	   0.75   36.07   21.14    3.28 
1954 8	   3.30   35.63   21.37    3.49 
1954 9	  13.45   34.08   18.29    2.63 
1954 10	  24.60   26.93   12.50    2.64 
1954 11	  14.08   21.28    4.20    2.29 
1954 12	   7.40   18.62    1.12    2.61 
1955 1	  16.65   13.03    0.30    2.93 
1955 2	  13.52   16.86    1.02    3.11 
1955 3	   1.12   24.03    6.08    3.30 
1955 4	   4.35   29.32   12.14    3.51 
1955 5	  70.57   31.33   15.83    3.36 
1955 6	  27.27   34.38   18.95    3.85 
1955 7	  34.33   34.05   21.34    3.91 
1955 8	  33.58   34.06   20.63    2.22 
1955 9	  27.48   31.95   17.79    2.36 
1955 10	  22.67   27.74   10.72    2.39 
1955 11	   2.00   20.62    3.55    2.79 
1955 12	   1.08   18.26    0.77    2.36 
1956 1	  13.12   17.33   -0.49    2.63 
1956 2	   4.73   17.69    1.26    3.32 
1956 3	   0.00   24.25    5.44    3.11 
1956 4	  50.75   26.15   10.25    3.46 
1956 5	  25.55   32.78   17.84    3.92 
1956 6	   4.55   36.47   22.11    3.70 
1956 7	  40.72   35.95   21.89    4.08 
1956 8	   2.33   35.90   20.90    3.46 
1956 9	  18.00   33.54   17.46    2.51 
1956 10	  44.15   28.82   12.84    2.38 
1956 11	   1.25   19.49    2.75    2.62 
1956 12	  25.37   17.31    1.28    2.53 
1957 1	  11.20   15.77    1.18    2.80 
1957 2	  37.52   19.97    7.41    3.21 
1957 3	  11.80   21.68    6.69    3.51 
1957 4	  76.62   24.79    9.79    3.83 
1957 5	  90.30   28.15   14.96    3.39 
1957 6	  24.82   32.86   19.29    3.28 
1957 7	  16.38   36.24   22.07    3.38 
1957 8	   3.17   36.06   21.53    2.85 
1957 9	  56.28   31.43   16.14    2.78 
1957 10	 121.33   23.31   10.89    2.51 
1957 11	  36.70   15.87    3.23    2.57 
1957 12	   3.90   18.11    1.18    2.76 
1958 1	  55.75   13.52   -1.06    2.74 
1958 2	  50.07   13.93    1.64    3.56 
1958 3	  33.02   16.52    2.81    3.26 
1958 4	  33.78   25.13    9.14    3.49 
1958 5	  60.68   30.74   14.23    2.55 
1958 6	  31.80   35.03   20.98    3.49 
1958 7	  11.53   36.35   22.03    4.13 
1958 8	  60.25   35.52   20.81    2.67 
1958 9	  58.65   29.89   18.87    2.78 
1958 10	  71.03   22.14   11.61    2.41 
1958 11	  12.25   19.89    5.00    2.14 
1958 12	   0.00   15.79   -1.51    2.42 
1959 1	   0.62   15.64   -1.99    2.93 
1959 2	  14.85   16.34    1.75    3.10 
1959 3	   9.82   22.48    3.21    3.59 
1959 4	  22.93   25.53    9.20    3.53 
1959 5	  69.77   31.20   16.23    4.10 
1959 6	  63.93   34.07   19.68    3.38 
1959 7	 103.80   32.69   19.68    2.80 
1959 8	  12.30   34.97   20.56    2.89 
1959 9	  41.05   33.23   17.96    3.11 
1959 10	 103.55   25.91   10.52    2.53 
1959 11	  10.42   17.22    1.01    2.47 
1959 12	  49.38   15.62    1.63    2.89 
1960 1	  36.83   13.85    0.23    2.81 
1960 2	  15.90   14.76   -1.17    3.97 
1960 3	   3.60   19.81    3.13    3.23 
1960 4	  37.40   27.86   10.68    3.93 
1960 5	  56.75   31.63   14.00    3.81 
1960 6	   8.73   36.52   19.91    3.60 
1960 7	  97.65   34.49   20.77    3.07 
1960 8	   7.35   34.33   20.77    2.72 
1960 9	   0.62   32.92   16.54    2.32 
1960 10	  54.53   27.55   12.89    2.65 
1960 11	   0.38   20.52    5.89    2.62 
1960 12	  51.85   11.69   -0.85    2.70 
1961 1	  57.40   12.35   -2.44    2.59 
1961 2	  39.38   18.35    0.98    3.43 
1961 3	   8.75   23.32    5.19    3.39 
1961 4	   0.12   28.25    9.18    3.84 
1961 5	  52.08   32.12   16.00    3.93 
1961 6	 109.90   32.66   19.18    3.37 
1961 7	 107.10   32.91   19.66    3.32 
1961 8	   9.12   33.90   18.83    2.26 
1961 9	  53.88   30.87   16.98    3.52 
1961 10	  45.60   27.35   11.16    3.07 
1961 11	  16.60   16.48    4.12    2.77 
1961 12	   3.28   15.17    1.04    2.71 
1962 1	   1.47   12.78   -3.94    3.20 
1962 2	   0.52   22.55    3.76    3.27 
1962 3	  20.35   20.06    4.38    3.41 
1962 4	  27.48   27.16   10.87    3.49 
1962 5	   2.28   33.20   17.39    5.05 
1962 6	  49.02   33.86   19.30    3.41 
1962 7	  52.42   35.32   21.45    3.69 
1962 8	  46.73   36.77   20.94    2.58 
1962 9	  40.73   31.83   17.76    2.48 
1962 10	  24.73   27.38   12.94    3.06 
1962 11	  24.52   20.69    5.51    2.43 
1962 12	  18.15   14.49    0.83    2.38 
1963 1	   0.00   13.26   -5.19    2.68 
1963 2	  22.98   17.86   -0.36    2.81 
1963 3	   0.00   23.73    5.89    3.60 
1963 4	  42.45   29.51   11.99    3.79 
1963 5	  67.20   31.72   16.45    3.85 
1963 6	  56.38   33.67   19.22    4.05 
1963 7	   4.38   35.67   22.04    3.85 
1963 8	  54.33   35.73   21.46    2.61 
1963 9	  18.80   32.20   17.95    1.95 
1963 10	   7.40   29.10   13.36    2.13 
1963 11	  63.00   20.71    5.67    2.77 
1963 12	   4.62   10.53   -2.07    2.33 
1964 1	  21.15   14.95   -2.51    2.92 
1964 2	  20.00   14.23   -1.63    3.35 
1964 3	  21.78   21.92    5.07    3.59 
1964 4	  20.45   27.90   11.62    3.67 
1964 5	  23.68   31.49   17.16    3.75 
1964 6	  29.60   34.01   19.65    3.83 
1964 7	  51.98   36.26   21.35    3.06 
1964 8	  41.50   35.67   21.47    3.52 
1964 9	 140.40   29.08   17.88    2.53 
1964 10	  16.02   24.66    9.21    2.16 
1964 11	  26.35   20.16    5.49    2.73 
1964 12	  11.97   15.19   -0.36    2.55 
1965 1	   3.08   16.39    1.34    2.82 
1965 2	  57.75   13.20   -1.01    3.14 
1965 3	   4.75   17.04    1.09    3.46 
1965 4	  23.27   27.67   11.55    3.42 
1965 5	 101.90   28.43   15.55    3.92 
1965 6	  44.85   31.79   18.98    4.01 
1965 7	  19.48   35.39   20.04    2.95 
1965 8	  71.85   33.69   18.64    2.97 
1965 9	  39.55   31.31   16.93    2.96 
1965 10	  54.75   25.90    8.57    2.06 
1965 11	  23.85   23.26    6.43    1.99 
1965 12	  13.75   16.19    2.86    2.99 
1966 1	  13.82   11.04   -3.61    2.77 
1966 2	  11.30   13.58   -2.18    3.13 
1966 3	   5.85   21.88    5.54    3.72 
1966 4	  64.83   24.75    9.45    3.41 
1966 5	  28.12   28.20   14.55    2.96 
1966 6	  34.28   32.50   18.88    3.46 
1966 7	  11.52   36.34   21.73    3.14 
1966 8	  54.72   32.75   18.58    2.77 
1966 9	 118.78   29.36   16.24    1.77 
1966 10	 105.95   24.24    7.85    2.21 
1966 11	   0.00   22.34    5.90    2.81 
1966 12	   0.25   15.38   -3.00    2.49 
1967 1	   0.00   16.36   -2.98    2.84 
1967 2	   1.22   17.01   -0.39    3.31 
1967 3	  16.77   25.46    7.68    4.20 
1967 4	  20.42   28.26   13.52    4.63 
1967 5	  56.93   31.28   12.83    3.71 
1967 6	 126.67   33.42   19.41    4.23 
1967 7	  23.98   33.75   19.29    3.70 
1967 8	  11.80   33.14   17.26    2.44 
1967 9	  87.88   27.44   14.31    2.64 
1967 10	   4.25   26.48    8.14    3.01 
1967 11	  32.90   18.99    5.49    2.59 
1967 12	  19.22   12.75   -2.12    2.57 
1968 1	  43.97   12.32    0.86    3.13 
1968 2	  17.77   14.10   -0.36    2.92 
1968 3	  62.45   17.95    4.79    4.21 
1968 4	  41.80   23.47    8.96    3.38 
1968 5	  34.18   29.60   15.10    4.24 
1968 6	  16.12   33.40   17.95    3.59 
1968 7	  83.78   32.53   19.00    3.53 
1968 8	  27.12   33.93   19.73    3.54 
1968 9	  39.25   29.69   13.92    2.42 
1968 10	   1.88   27.32   10.59    3.20 
1968 11	  81.65   17.67    3.19    3.08 
1968 12	   1.20   15.34   -1.78    3.02 
1969 1	   1.85   16.62    0.71    2.81 
1969 2	  15.60   16.65    1.39    2.76 
1969 3	  38.35   16.27    1.20    3.72 
1969 4	  91.43   25.67   10.94    3.99 
1969 5	  85.57   28.37   13.27    2.81 
1969 6	  13.77   34.43   18.41    4.04 
1969 7	  10.88   37.07   21.12    3.41 
1969 8	  46.40   35.95   19.51    2.80 
1969 9	  33.15   30.48   15.41    2.19 
1969 10	 105.70   23.26   10.68    3.24 
1969 11	  36.47   17.94    2.92    2.35 
1969 12	  47.72   16.74    0.96    2.21 
1970 1	   2.58   13.24   -2.70    2.45 
1970 2	  39.95   16.37    0.93    2.87 
1970 3	  47.07   17.37    1.61    3.26 
1970 4	  16.67   25.90    9.29    3.36 
1970 5	  44.12   29.30   12.26    3.32 
1970 6	  26.80   32.89   17.20    3.40 
1970 7	   3.90   35.71   19.37    3.02 
1970 8	  63.07   35.48   18.71    2.76 
1970 9	  90.83   29.88   16.19    2.91 
1970 10	  33.03   22.99    7.60    2.26 
1970 11	   0.05   19.95    0.39    2.63 
1970 12	   3.60   19.06    1.86    2.36 
1971 1	   0.00   18.02   -1.29    2.71 
1971 2	   2.42   18.11   -0.55    3.34 
1971 3	   0.00   23.45    2.82    3.28 
1971 4	  51.30   25.50    9.07    3.49 
1971 5	  26.92   30.64   13.83    3.83 
1971 6	  31.27   32.92   18.76    3.82 
1971 7	  43.43   35.08   18.78    3.05 
1971 8	  82.53   30.11   16.99    2.24 
1971 9	 129.30   29.24   14.86    2.67 
1971 10	  61.05   24.51   10.79    2.52 
1971 11	   3.30   19.71    4.24    2.84 
1971 12	  17.40   16.13    2.22    2.90 
1972 1	   8.30   16.83   -1.63    2.79 
1972 2	   1.42   18.90   -0.18    2.82 
1972 3	   0.00   25.30    6.66    3.28 
1972 4	  18.88   30.09   11.94    4.00 
1972 5	  80.62   28.60   14.22    2.93 
1972 6	  57.77   33.74   18.41    2.85 
1972 7	  28.68   33.27   19.28    3.41 
1972 8	  99.22   31.63   18.31    3.10 
1972 9	 110.92   30.99   17.18    2.76 
1972 10	  67.60   25.06   10.56    2.74 
1972 11	   5.95   15.84    0.91    2.50 
1972 12	   0.12   15.36   -2.85    2.79 
1973 1	  29.27   10.80   -3.11    3.17 
1973 2	  36.17   13.93   -0.42    3.11 
1973 3	  51.32   21.49    4.98    3.27 
1973 4	  48.55   22.82    6.88    3.41 
1973 5	  15.80   30.58   12.68    3.25 
1973 6	  27.98   33.30   16.87    3.56 
1973 7	 108.43   34.04   19.42    3.28 
1973 8	  13.75   34.25   18.03    2.56 
1973 9	  84.90   29.71   16.44    2.70 
1973 10	  21.85   26.70   10.97    2.60 
1973 11	   0.15   22.66    6.49    2.87 
1973 12	   0.00   18.00   -2.30    2.95 
1974 1	   5.10   15.40   -2.28    2.74 
1974 2	   1.60   19.47   -1.61    3.41 
1974 3	   0.40   26.51    8.50    3.93 
1974 4	  51.50   27.60    9.57    4.27 
1974 5	  18.02   31.86   16.16    3.71 
1974 6	  30.98   35.13   17.67    3.39 
1974 7	  19.83   35.72   19.33    3.40 
1974 8	 128.18   32.19   18.13    3.17 
1974 9	 296.55   25.23   12.59    2.81 
1974 10	 158.50   23.75   10.51    2.95 
1974 11	  45.97   18.01    4.08    2.64 
1974 12	  27.80   13.95   -0.88    2.33 
1975 1	  27.90   14.94   -1.03    3.15 
1975 2	  14.13   16.27   -0.63    3.09 
1975 3	   0.00   21.21    2.82    3.51 
1975 4	  15.70   25.48    8.03    4.33 
1975 5	 111.32   29.83   12.95    3.46 
1975 6	  25.90   33.93   18.09    4.15 
1975 7	  66.90   32.27   17.54    3.07 
1975 8	  81.55   33.65   18.09    2.90 
1975 9	  74.75   28.46   12.70    2.81 
1975 10	  56.45   26.09    8.89    3.04 
1975 11	  42.95   20.86    2.72    3.11 
1975 12	   8.60   16.15   -1.62    2.71 
1976 1	   0.32   15.48   -4.35    2.76 
1976 2	   0.93   22.31    2.22    3.56 
1976 3	   6.52   23.27    4.66    3.78 
1976 4	  59.93   26.12   10.72    4.08 
1976 5	  33.42   28.10   11.85    3.30 
1976 6	  25.32   33.84   18.05    3.83 
1976 7	 180.95   29.89   18.26    3.12 
1976 8	  42.95   33.72   17.46    2.16 
1976 9	 140.65   28.50   15.68    2.13 
1976 10	  87.83   21.75    6.06    2.74 
1976 11	  13.25   15.06    0.46    2.13 
1976 12	   8.23   14.59   -3.30    2.52 
1977 1	  14.65   11.09   -4.40    2.60 
1977 2	  12.12   17.99    0.59    2.94 
1977 3	  39.42   21.64    2.99    3.68 
1977 4	  65.57   23.99    9.18    3.74 
1977 5	  66.35   29.55   16.31    4.63 
1977 6	  49.60   34.34   18.25    3.57 
1977 7	  15.85   35.62   19.45    3.30 
1977 8	  44.75   36.56   20.48    3.24 
1977 9	   5.82   35.41   18.04    2.78 
1977 10	  28.75   27.20   10.58    2.60 
1977 11	  19.53   21.86    2.94    2.36 
1977 12	   2.85   18.63   -0.62    2.79 
1978 1	  16.02   11.20   -4.46    2.85 
1978 2	  18.68   12.79   -2.82    2.95 
1978 3	   3.25   22.18    4.12    3.67 
1978 4	   9.57   30.14   11.90    4.48 
1978 5	 102.55   31.61   14.74    3.79 
1978 6	  41.22   33.16   18.36    3.33 
1978 7	  27.45   36.71   20.31    3.27 
1978 8	  80.08   33.60   18.60    2.71 
1978 9	  70.25   28.48   16.80    2.51 
1978 10	  35.30   24.86    9.51    2.33 
1978 11	  48.02   18.77    6.05    2.90 
1978 12	   7.75   14.19   -2.35    2.47 
1979 1	   4.73    8.52   -4.98    3.22 
1979 2	  30.10   15.85   -2.18    2.78 
1979 3	  67.47   20.75    4.93    3.67 
1979 4	   8.70   26.62   10.05    3.15 
1979 5	  56.78   29.33   13.16    3.61 
1979 6	  92.65   31.60   17.03    3.17 
1979 7	  56.22   35.27   19.88    3.10 
1979 8	  55.07   33.53   18.05    2.99 
1979 9	   3.10   32.59   14.04    2.10 
1979 10	  16.58   30.08    9.88    2.74 
1979 11	   1.62   18.47    0.54    2.69 
1979 12	  53.15   16.09   -0.76    2.65 
1980 1	  15.80   15.24   -0.78    3.18 
1980 2	  10.70   16.66   -0.27    2.93 
1980 3	   1.52   21.02    3.25    3.42 
1980 4	  11.40   25.72    6.87    3.56 
1980 5	  81.25   28.86   13.95    3.74 
1980 6	  51.88   35.62   20.56    4.24 
1980 7	  10.27   38.21   21.75    3.52 
1980 8	  50.58   34.64   19.92    3.78 
1980 9	 161.93   30.41   17.29    3.09 
1980 10	   3.53   24.91    7.91    2.25 
1980 11	  32.55   17.18    2.09    2.52 
1980 12	  43.40   15.63    0.74    2.83 
1981 1	  31.42   13.76   -0.19    2.41 
1981 2	  21.27   17.08    1.97    3.37 
1981 3	  33.95   18.35    4.87    3.28 
1981 4	  81.95   25.23   11.78    3.86 
1981 5	 115.20   28.71   13.63    3.65 
1981 6	  52.85   31.83   18.56    3.51 
1981 7	  32.88   35.12   20.23    3.66 
1981 8	  30.73   33.90   18.67    2.79 
1981 9	  20.85   32.16   15.73    2.83 
1981 10	 102.65   24.58   11.57    3.05 
1981 11	   1.88   22.90    3.96    2.37 
1981 12	   0.50   18.37   -0.55    2.55 
1982 1	  20.88   16.05   -2.95    2.91 
1982 2	   8.30   14.93   -1.26    3.41 
1982 3	   6.78   23.22    6.90    3.60 
1982 4	  25.17   26.22   10.11    3.78 
1982 5	  95.05   28.78   14.22    3.98 
1982 6	  51.88   33.70   18.34    4.52 
1982 7	  14.07   35.86   20.78    3.83 
1982 8	  24.00   36.20   20.70    3.02 
1982 9	  35.05   33.08   16.69    2.71 
1982 10	  19.83   26.53   10.09    2.77 
1982 11	  22.12   18.70    4.42    3.01 
1982 12	  39.67   13.58   -0.33    3.04 
1983 1	  31.10   13.66   -1.85    2.38 
1983 2	   8.70   17.17    0.93    2.98 
1983 3	  13.27   21.47    4.26    3.89 
1983 4	   6.53   24.97    7.16    3.86 
1983 5	  11.43   31.67   13.70    3.60 
1983 6	  41.55   32.57   17.50    3.69 
1983 7	   5.97   35.56   20.52    3.37 
1983 8	   3.90   36.38   19.85    2.16 
1983 9	  10.18   32.91   16.96    2.93 
1983 10	 102.73   26.43   12.38    3.15 
1983 11	  20.12   20.43    5.40    2.53 
1983 12	   2.38    9.88   -5.11    2.84 
1984 1	  11.88   10.59   -2.77    2.61 
1984 2	   4.55   18.48   -0.60    3.06 
1984 3	   9.85   22.15    4.38    3.77 
1984 4	   0.00   27.06    8.35    3.21 
1984 5	  29.25   31.80   15.52    3.56 
1984 6	  35.83   33.82   20.35    3.95 
1984 7	  25.80   35.00   19.37    2.78 
1984 8	  12.72   35.08   19.46    2.99 
1984 9	  84.83   30.26   14.74    2.98 
1984 10	  75.47   22.82   10.83    2.66 
1984 11	  56.15   17.64    3.98    2.86 
1984 12	  38.23   15.46    2.85    2.95 
1985 1	  12.38   10.81   -3.70    2.89 
1985 2	  33.90   13.53   -0.58    3.44 
1985 3	  26.57   20.51    6.85    3.94 
1985 4	  13.52   27.03   11.34    3.34 
1985 5	  59.68   31.71   14.90    3.45 
1985 6	  44.78   31.95   18.01    3.20 
1985 7	  41.07   33.78   18.95    3.04 
1985 8	  25.50   35.49   20.41    2.81 
1985 9	 109.63   30.06   16.57    2.92 
1985 10	  69.05   23.90   12.10    3.01 
1985 11	   5.48   21.43    6.01    2.64 
1985 12	   0.30   13.99   -3.72    2.32 
1986 1	   7.33   16.20   -1.75    2.57 
1986 2	  30.12   18.87    2.71    2.85 
1986 3	   2.55   23.81    5.88    3.36 
1986 4	  26.55   28.94   12.89    3.91 
1986 5	 121.80   30.57   14.91    3.71 
1986 6	 145.95   30.80   18.81    2.72 
1986 7	  53.45   34.22   19.74    3.87 
1986 8	  74.45   32.97   19.80    2.96 
1986 9	  94.95   29.62   18.14    3.17 
1986 10	 173.02   22.61   10.69    2.63 
1986 11	  12.48   18.30    3.03    2.56 
1986 12	  81.50   12.17    0.12    2.62 
1987 1	   5.53   13.81   -2.13    2.80 
1987 2	  48.47   15.32    2.19    3.69 
1987 3	  43.50   17.17    2.01    3.35 
1987 4	  34.60   23.76    6.20    2.97 
1987 5	  99.80   28.12   13.22    3.02 
1987 6	  71.32   30.20   17.20    2.60 
1987 7	   8.48   33.00   19.47    3.27 
1987 8	  46.20   34.63   19.46    3.13 
1987 9	  75.18   30.02   14.13    2.36 
1987 10	  11.83   26.73   10.14    2.72 
1987 11	   1.10   19.28    1.80    2.69 
1987 12	  42.62   15.46   -2.10    2.67 
1988 1	   1.20   12.04   -2.82    2.86 
1988 2	   7.30   16.40   -1.52    2.93 
1988 3	   4.57   22.44    2.03    3.59 
1988 4	  19.50   27.37    6.76    3.06 
1988 5	  94.42   28.83   12.90    3.66 
1988 6	  34.88   32.84   17.39    2.83 
1988 7	 117.08   32.16   19.18    2.95 
1988 8	  34.58   33.83   18.95    2.71 
1988 9	 104.30   30.80   15.22    2.65 
1988 10	   0.00   26.43    9.19    2.37 
1988 11	   0.00   22.67    3.97    2.46 
1988 12	  17.70   15.39   -1.91    2.47 
1989 1	  13.33   16.23   -0.69    2.74 
1989 2	  52.80   14.03   -0.99    3.37 
1989 3	  16.65   22.68    3.69    3.31 
1989 4	  18.98   27.74    9.71    3.72 
1989 5	  22.05   33.33   16.53    4.43 
1989 6	  43.70   33.17   17.60    3.78 
1989 7	   6.80   35.35   19.33    2.89 
1989 8	  32.65   33.49   18.91    3.48 
1989 9	  34.15   29.88   12.73    2.78 
1989 10	  18.02   26.65    8.70    2.84 
1989 11	  10.13   20.79    2.61    2.33 
1989 12	   5.38   10.21   -4.94    2.65 
1990 1	  15.72   16.50   -1.41    2.66 
1990 2	  27.35   19.48    0.90    3.22 
1990 3	  44.58   18.92    4.71    3.87 
1990 4	  68.48   24.31    9.87    3.87 
1990 5	  57.92   28.57   12.98    3.91 
1990 6	   1.72   35.80   21.35    4.38 
1990 7	 143.90   30.95   19.15    3.35 
1990 8	  45.90   32.37   18.52    3.15 
1990 9	 116.65   29.87   16.89    2.00 
1990 10	  47.33   25.55    7.98    2.50 
1990 11	  39.05   20.10    5.28    2.94 
1990 12	  17.27   14.13   -2.17    2.58 
1991 1	  64.40   11.09   -1.73    2.60 
1991 2	   2.55   17.91    1.21    2.67 
1991 3	   0.00   22.73    4.87    3.76 
1991 4	  24.82   27.94    8.80    3.03 
1991 5	  23.00   32.23   15.98    3.99 
1991 6	 108.20   32.95   18.74    3.73 
1991 7	  80.70   33.67   19.60    3.30 
1991 8	  77.95   32.82   18.75    2.70 
1991 9	 137.43   27.15   15.27    2.42 
1991 10	  10.42   26.58    9.79    2.64 
1991 11	  10.50   15.82    1.69    2.90 
1991 12	 108.95   13.62    1.26    3.02 
1992 1	  52.00   12.37   -1.49    2.27 
1992 2	  79.45   17.52    2.56    3.03 
1992 3	  23.40   22.34    5.28    3.29 
1992 4	  30.83   24.59    9.71    3.40 
1992 5	  97.57   27.27   13.26    3.13 
1992 6	  90.00   32.46   17.90    3.41 
1992 7	  82.60   33.74   20.23    4.30 
1992 8	  80.70   32.18   17.99    2.65 
1992 9	  11.65   32.30   15.97    3.08 
1992 10	   5.08   28.26    9.10    2.35 
1992 11	   5.03   18.07    1.64    2.67 
1992 12	  11.35   15.12    0.41    2.78 
1993 1	  25.40   13.05   -1.27    2.48 
1993 2	  19.38   16.58    0.40    3.13 
1993 3	   4.12   21.08    4.09    3.31 
1993 4	   9.07   27.00    8.02    3.70 
1993 5	  43.10   30.79   13.07    3.46 
1993 6	  23.62   33.05   19.53    3.71 
1993 7	  52.47   35.01   21.98    4.66 
1993 8	  71.62   35.40   20.25    3.18 
1993 9	  31.30   29.89   14.78    2.36 
1993 10	  18.38   25.35    8.79    2.57 
1993 11	   3.50   17.19    0.87    2.79 
1993 12	  14.05   16.12    0.78    2.91 
1994 1	  50.20   14.70   -0.71    3.11 
1994 2	   7.35   16.18   -0.13    3.22 
1994 3	   1.90   22.39    5.75    3.22 
1994 4	  21.95   27.13    7.88    3.39 
1994 5	  48.75   28.87   14.55    3.62 
1994 6	  11.90   36.88   20.12    3.39 
1994 7	  17.52   36.84   20.93    3.97 
1994 8	  43.95   35.49   20.16    3.01 
1994 9	  20.02   30.63   15.09    2.30 
1994 10	  34.05   25.93   11.27    2.57 
1994 11	  19.08   20.43    5.11    2.77 
1994 12	  13.68   16.26    1.72    2.36 
1995 1	  13.35   14.94   -0.17    2.75 
1995 2	  21.72   19.78    2.19    2.73 
1995 3	  11.35   19.99    4.58    3.35 
1995 4	  42.82   26.44    9.43    3.54 
1995 5	  84.35   30.41   14.92    4.14 
1995 6	  15.88   31.80   17.12    3.82 
1995 7	  25.02   35.61   19.81    3.14 
1995 8	  36.20   33.06   19.69    2.49 
1995 9	  51.45   29.26   15.52    2.41 
1995 10	  13.77   27.09    8.59    2.38 
1995 11	   2.82   19.52    3.42    2.39 
1995 12	   7.12   14.79   -1.49    2.37 
1996 1	   1.05   14.86   -4.15    2.78 
1996 2	   1.10   18.23    0.05    3.09 
1996 3	   2.72   18.49    1.24    3.45 
1996 4	  73.48   25.20    7.97    3.61 
1996 5	  33.72   33.56   17.63    5.28 
1996 6	  38.00   34.95   19.33    3.46 
1996 7	  11.22   35.16   20.99    3.37 
1996 8	 127.77   32.13   19.51    3.12 
1996 9	 101.47   27.50   15.03    1.94 
1996 10	  13.07   24.80    8.62    2.58 
1996 11	  78.43   19.09    4.56    3.10 
1996 12	   0.00   16.87   -0.42    2.53 
1997 1	   0.40   12.79   -1.10    2.77 
1997 2	  82.02   13.34    1.25    3.21 
1997 3	  28.30   21.83    6.19    3.03 
1997 4	  80.90   21.34    6.80    3.57 
1997 5	  52.03   28.07   13.48    2.95 
1997 6	  81.25   31.85   17.91    3.24 
1997 7	   5.30   35.73   20.86    3.20 
1997 8	  39.97   34.83   20.23    3.04 
1997 9	  47.42   32.51   17.44    2.26 
1997 10	   8.75   26.35   10.57    2.70 
1997 11	  13.75   18.74    2.28    2.35 
1997 12	  39.18   13.12   -1.63    2.98 
1998 1	   3.50   18.14    0.65    2.58 
1998 2	  14.65   17.81    2.06    2.89 
1998 3	  22.75   20.58    3.69    3.59 
1998 4	   0.00   27.35    7.49    3.27 
1998 5	  13.02   35.48   17.24    3.94 
1998 6	  11.53   37.48   21.18    4.30 
1998 7	   8.40   38.01   22.87    3.73 
1998 8	 100.15   33.49   20.62    2.03 
1998 9	   1.15   33.21   18.30    2.13 
1998 10	  60.60   26.25   14.06    3.17 
1998 11	  10.10   20.23    7.30    2.36 
1998 12	  32.33   14.68    0.33    2.67 
1999 1	  12.88   17.86    0.23    3.01 
1999 2	   0.38   22.03    3.26    2.73 
1999 3	  66.10   20.92    6.25    3.60 
1999 4	  18.62   26.89   10.25    3.68 
1999 5	  39.90   30.89   15.90    3.79 
1999 6	  73.82   32.16   20.31    3.87 
1999 7	  23.80   34.07   20.91    3.37 
1999 8	  20.17   36.77   21.02    2.29 
1999 9	  15.43   32.55   16.91    2.88 
1999 10	   9.62   26.71    9.34    2.54 
1999 11	   0.00   23.36    4.99    2.29 
1999 12	   0.17   16.83    0.05    2.91 
2000 1	  12.12   17.42    0.74    2.97 
2000 2	   9.27   21.80    4.96    3.10 
2000 3	  61.45   24.24    6.81    3.36 
2000 4	   2.45   28.16   10.92    3.74 
2000 5	   4.00   34.66   18.37    3.87 
2000 6	 153.60   31.18   20.12    3.49 
2000 7	   1.52   37.15   22.03    3.18 
2000 8	   0.03   36.12   20.95    2.84 
2000 9	   2.22   34.56   16.17    2.27 
2000 10	  68.00   23.99   12.68    3.34 
2000 11	  54.62   14.85    2.52    2.57 
2000 12	  11.03   11.94   -1.09    2.57 
2001 1	  28.17   11.44   -1.30    2.99 
2001 2	  11.60   16.27    1.86    3.44 
2001 3	  22.25   17.74    3.96    2.96 
2001 4	  33.12   26.86   11.76    3.81 
2001 5	  38.12   32.43   16.25    3.61 
2001 6	   2.92   36.56   20.74    3.55 
2001 7	   4.22   37.92   22.33    3.55 
2001 8	 112.38   35.15   21.11    2.97 
2001 9	  21.15   30.50   16.19    2.26 
2001 10	  13.32   26.48    9.85    2.99 
2001 11	  95.17   19.28    7.11    2.84 
2001 12	   1.62   14.38    0.54    2.64 
2002 1	   4.77   15.35    0.01    2.65 
2002 2	  41.75   14.65   -1.09    2.91 
2002 3	  14.43   20.97    2.18    3.47 
2002 4	  15.10   28.12   12.83    4.18 
2002 5	  12.75   32.05   16.23    4.27 
2002 6	  33.65   34.61   19.88    3.43 
2002 7	  55.05   34.28   20.65    3.24 
2002 8	   6.28   36.64   21.44    2.95 
2002 9	  34.90   31.68   16.34    2.11 
2002 10	 114.23   22.40   11.37    2.55 
2002 11	  10.75   16.89    2.95    2.53 
2002 12	  26.23   13.46   -0.07    2.62 
2003 1	   4.35   14.89   -1.21    2.47 
2003 2	  32.88   15.02    0.83    3.12 
2003 3	  34.00   22.55    5.84    3.06 
2003 4	   6.58   29.18   10.01    3.76 
2003 5	  49.80   33.74   16.39    3.03 
2003 6	  79.15   32.90   18.66    3.09 
2003 7	  25.93   35.32   19.98    2.65 
2003 8	  67.95   35.37   20.46    2.13 
2003 9	  46.95   29.50   15.99    2.03 
2003 10	  87.38   26.30   11.77    2.20 
2003 11	  10.40   19.14    6.04    3.02 
2003 12	   0.03   17.25   -0.26    3.04 
2004 1	  42.15   15.41    1.33    3.09 
2004 2	  33.12   14.21    0.79    3.32 
2004 3	  49.05   21.78    9.51    3.44 
2004 4	  37.73   24.41    9.90    3.59 
2004 5	   2.38   32.00   15.56    3.88 
2004 6	 156.38   34.34   19.58    3.56 
2004 7	  52.20   33.37   19.84    2.86 
2004 8	  67.00   32.89   18.93    2.44 
2004 9	  94.78   28.89   15.81    2.30 
2004 10	 112.05   25.10   12.52    2.43 
2004 11	 128.10   17.16    4.86    2.73 
2004 12	   6.20   14.21   -0.92    2.76 
2005 1	  10.85   16.25    1.96    3.07 
2005 2	  55.90   15.01    3.02    2.91 
2005 3	  23.15   20.51    3.91    2.92 
2005 4	   0.10   27.05    8.88    3.69 
2005 5	  66.43   30.04   14.50    3.59 
2005 6	  62.33   34.40   18.99    3.73 
2005 7	 148.90   35.44   20.08    2.98 
2005 8	 141.07   33.10   18.32    2.60 
2005 9	   1.15   33.07   16.56    2.15 
2005 10	 170.80   24.91   10.80    2.66 
2005 11	   0.00   22.00    4.10    2.39 
2005 12	   1.02   16.13   -2.33    2.34 
2006 1	   0.43   19.35   -1.12    2.94 
2006 2	   7.07   18.15   -0.33    2.98 
2006 3	  48.20   23.30    6.81    3.87 
2006 4	  16.60   28.67   11.53    3.66 
2006 5	   6.47   33.24   16.05    3.96 
2006 6	  32.78   35.43   18.66    2.96 
2006 7	   3.93   35.68   20.55    2.83 
2006 8	  94.68   34.20   21.16    2.91 
2006 9	  49.65   29.08   15.10    2.37 
2006 10	  76.03   25.40   10.11    2.38 
2006 11	   0.17   21.47    4.31    2.86 
2006 12	  40.88   14.41   -1.86    2.62 
2007 1	 104.07    8.61   -2.19    3.05 
2007 2	   2.77   15.91   -1.75    2.75 
2007 3	  82.45   22.69    6.96    3.70 
2007 4	  42.60   23.49    7.39    3.82 
2007 5	  69.95   26.43   14.19    3.48 
2007 6	  58.50   32.08   17.46    3.09 
2007 7	  72.62   32.12   18.45    2.34 
2007 8	 126.80   32.54   19.22    2.63 
2007 9	  46.03   30.81   17.24    2.34 
2007 10	   5.97   28.70   10.18    2.45 
2007 11	  21.33   20.66    3.71    2.75 
2007 12	   6.17   16.01   -0.97    2.72 
2008 1	   6.22   13.82   -2.58    2.84 
2008 2	   5.03   19.92   -1.65    2.92 
2008 3	  30.88   22.30    3.92    3.64 
2008 4	  10.48   27.85    8.30    3.57 
2008 5	  27.02   32.58   14.61    3.62 
2008 6	  84.88   36.45   20.77    4.42 
2008 7	  15.97   33.34   19.74    3.95 
2008 8	  96.35   32.50   18.89    2.41 
2008 9	 105.02   28.17   13.49    1.75 
2008 10	  30.18   25.28    8.46    2.80 
2008 11	   2.58   20.70    2.12    2.22 
2008 12	   0.65   16.19   -2.30    2.89 
2009 1	   0.50   16.54   -2.74    2.79 
2009 2	  12.43   20.67    1.53    3.52 
2009 3	  25.00   22.27    6.07    3.77 
2009 4	  28.10   26.70    8.10    4.08 
2009 5	  35.77   30.62   15.03    3.34 
2009 6	  57.15   34.75   19.70    3.81 
2009 7	  67.00   35.07   20.66    3.31 
2009 8	  24.97   35.99   20.20    3.13 
2009 9	  44.40   29.48   15.13    2.01 
2009 10	  70.10   24.18    9.45    2.80 
2009 11	  11.12   21.92    2.64    2.19 
2009 12	  27.10   12.41   -2.11    2.46 
2010 1	  51.80   13.60   -1.72    3.31 
2010 2	  48.80   12.43   -0.56    3.13 
2010 3	  21.85   20.20    3.60    3.74 
2010 4	  66.90   24.36    9.59    3.72 
2010 5	  17.27   29.92   14.76    3.74 
2010 6	  67.62   35.96   20.96    4.10 
2010 7	 105.58   31.10   20.60    3.30 
2010 8	  27.15   35.98   20.44    2.87 
2010 9	  53.78   31.57   17.17    2.56 
2010 10	  10.42   27.76   10.07    2.36 
2010 11	   0.00   21.53    2.86    3.04 
2010 12	  11.30   17.26   -0.79    2.54 
