1949 1	 149.60   16.46    7.02    6.83 
1949 2	 174.45   18.57    9.77    5.82 
1949 3	 174.60   21.50   10.98    6.65 
1949 4	 165.05   23.51   14.02    6.61 
1949 5	  39.72   29.59   20.47    5.48 
1949 6	  61.88   32.59   22.89    4.54 
1949 7	 171.75   32.82   23.62    3.84 
1949 8	  80.53   32.35   22.22    3.32 
1949 9	  85.25   31.79   20.91    4.61 
1949 10	 493.55   26.36   18.12    5.82 
1949 11	  11.32   23.47    8.28    5.70 
1949 12	 267.27   18.30    8.56    7.45 
1950 1	  35.67   21.44   12.58    6.59 
1950 2	 159.40   21.53   10.34    5.68 
1950 3	  50.05   21.07    9.01    6.32 
1950 4	 146.22   24.17   13.98    6.82 
1950 5	  45.92   29.59   20.65    5.80 
1950 6	 168.77   31.36   22.52    4.10 
1950 7	 145.45   31.92   23.19    4.28 
1950 8	  57.75   33.50   22.34    3.41 
1950 9	 202.70   31.01   20.27    3.77 
1950 10	  10.00   29.00   14.67    5.82 
1950 11	  35.88   22.10    7.64    6.52 
1950 12	  39.32   19.10    4.80    5.80 
1951 1	 138.30   18.40    4.19    6.67 
1951 2	  25.62   18.22    5.45    6.83 
1951 3	 111.98   22.42   10.87    6.42 
1951 4	  20.22   24.38   13.33    5.89 
1951 5	  48.83   28.81   18.36    5.11 
1951 6	  76.67   31.78   22.94    5.41 
1951 7	 106.17   33.85   24.04    3.80 
1951 8	  53.02   34.88   23.96    2.90 
1951 9	 324.75   31.30   20.85    4.56 
1951 10	  25.20   28.10   15.44    5.71 
1951 11	  25.05   19.99    8.27    7.00 
1951 12	  47.47   19.83    7.60    7.23 
1952 1	  86.60   21.55   11.14    6.50 
1952 2	 200.70   19.16    8.80    6.74 
1952 3	  72.07   21.12    8.53    6.77 
1952 4	 184.60   23.20   12.40    5.51 
1952 5	  79.82   28.26   17.53    4.11 
1952 6	  14.98   32.13   22.22    3.67 
1952 7	 205.80   32.38   23.25    3.85 
1952 8	   8.48   33.95   23.33    3.19 
1952 9	  48.27   31.73   18.27    5.96 
1952 10	   0.03   26.59    8.17    5.84 
1952 11	 185.27   20.62    8.76    6.48 
1952 12	 163.90   16.66    5.80    5.76 
1953 1	  65.45   19.80    6.35    6.99 
1953 2	 119.55   17.60    7.50    6.38 
1953 3	   4.80   24.05   13.74    5.43 
1953 4	  36.58   26.00   14.36    6.35 
1953 5	 209.65   28.76   20.27    5.80 
1953 6	 164.80   33.87   22.96    3.68 
1953 7	 129.82   33.02   23.46    3.57 
1953 8	 239.35   32.09   23.15    2.70 
1953 9	   2.28   32.11   18.63    5.18 
1953 10	  86.70   28.52   14.58    5.66 
1953 11	 169.77   20.90    7.72    5.94 
1953 12	 155.30   15.53    4.50    7.11 
1954 1	  58.67   18.03    6.54    5.78 
1954 2	   8.62   22.42    7.88    6.36 
1954 3	  33.08   20.75    8.76    6.70 
1954 4	 107.65   26.67   16.21    5.22 
1954 5	  81.78   27.31   16.29    5.01 
1954 6	  34.60   31.87   21.76    4.05 
1954 7	  78.17   34.01   23.68    3.75 
1954 8	  63.67   33.99   22.91    3.95 
1954 9	  65.38   33.35   19.94    5.32 
1954 10	 142.60   28.61   16.20    6.37 
1954 11	  59.60   21.32    7.51    6.74 
1954 12	  51.98   20.47    5.95    6.00 
1955 1	 120.18   16.56    6.16    5.71 
1955 2	 136.30   17.80    7.03    6.36 
1955 3	  28.60   23.17   12.19    6.85 
1955 4	  49.42   25.79   15.93    5.75 
1955 5	  99.25   29.72   19.69    5.17 
1955 6	  56.00   31.17   20.48    3.84 
1955 7	 109.63   32.56   23.65    4.21 
1955 8	 377.80   32.66   22.93    3.03 
1955 9	  92.72   31.11   22.19    5.31 
1955 10	  56.42   27.93   13.95    5.81 
1955 11	  47.42   21.63    9.19    7.23 
1955 12	 128.80   18.26    6.95    6.54 
1956 1	 122.03   17.36    5.48    6.14 
1956 2	  84.45   19.10    8.78    6.71 
1956 3	  48.65   21.27   10.73    5.66 
1956 4	  58.95   24.41   14.17    6.73 
1956 5	  63.90   29.68   20.29    4.60 
1956 6	  80.12   31.54   20.86    4.02 
1956 7	  13.78   33.62   23.23    3.66 
1956 8	  48.48   33.65   22.64    3.18 
1956 9	  36.07   32.71   19.15    5.24 
1956 10	  64.55   28.89   15.38    4.45 
1956 11	  45.42   21.91    7.83    6.34 
1956 12	 184.70   20.51    8.90    5.76 
1957 1	  45.00   18.58    9.16    5.87 
1957 2	  59.15   21.59   12.19    5.00 
1957 3	 247.90   20.64   10.41    5.50 
1957 4	 179.10   24.17   15.88    6.91 
1957 5	  81.32   28.50   19.88    6.24 
1957 6	 181.70   30.75   22.53    5.59 
1957 7	  93.55   33.65   24.31    2.98 
1957 8	 101.13   33.10   22.87    4.01 
1957 9	 170.18   29.19   19.90    4.59 
1957 10	 132.28   25.01   13.50    6.36 
1957 11	 131.08   21.13   10.78    7.02 
1957 12	  64.18   18.89    6.88    6.62 
1958 1	 112.75   15.25    3.71    8.19 
1958 2	 123.70   14.11    4.26    7.55 
1958 3	  56.22   19.53    8.22    6.56 
1958 4	  70.90   25.26   14.81    5.82 
1958 5	  38.50   29.84   19.61    4.24 
1958 6	  22.62   32.92   23.28    4.65 
1958 7	 141.77   33.72   23.84    3.92 
1958 8	  71.43   33.81   23.17    2.96 
1958 9	 443.62   30.28   21.89    5.56 
1958 10	  93.95   25.27   15.81    6.88 
1958 11	  36.58   22.12   11.74    5.82 
1958 12	  66.28   16.36    4.85    6.29 
1959 1	 122.50   15.08    4.21    6.94 
1959 2	 271.62   17.02    7.98    6.43 
1959 3	  26.25   21.40    9.39    6.72 
1959 4	 126.58   23.46   14.46    5.87 
1959 5	 127.00   29.44   20.29    5.28 
1959 6	  31.07   32.30   22.84    4.41 
1959 7	 314.38   32.42   23.13    2.86 
1959 8	 160.82   32.31   23.16    3.44 
1959 9	  53.90   31.42   21.68    4.68 
1959 10	 122.45   27.06   16.45    5.23 
1959 11	  45.25   19.50    7.52    7.20 
1959 12	 141.30   17.51    7.84    6.86 
1960 1	  46.17   14.89    6.14    6.50 
1960 2	 123.70   14.95    4.70    7.17 
1960 3	  16.12   18.05    8.76    6.11 
1960 4	  48.47   25.26   15.80    5.96 
1960 5	   8.52   27.69   18.02    5.83 
1960 6	 181.22   32.27   22.64    4.19 
1960 7	 105.80   33.45   24.05    2.59 
1960 8	 179.18   31.66   23.63    4.31 
1960 9	  22.12   31.17   20.58    4.62 
1960 10	 181.93   27.77   17.48    4.95 
1960 11	  81.23   22.44   12.51    6.30 
1960 12	 194.75   15.86    6.59    6.95 
1961 1	 129.45   13.86    4.07    6.94 
1961 2	 118.88   18.78    8.47    5.54 
1961 3	  25.90   23.31   13.51    6.76 
1961 4	  65.92   23.63   13.61    6.24 
1961 5	  35.30   28.42   19.19    5.97 
1961 6	 297.05   30.14   21.96    4.42 
1961 7	 121.35   31.77   23.52    3.51 
1961 8	 138.68   31.77   22.17    3.28 
1961 9	 358.47   30.25   21.41    7.14 
1961 10	  19.15   27.20   15.38    6.32 
1961 11	 258.73   20.87   10.39    7.03 
1961 12	  60.22   18.64    7.73    6.24 
1962 1	  49.40   15.02    3.31    7.39 
1962 2	   5.45   22.61   11.17    6.46 
1962 3	  40.22   20.14    9.21    6.53 
1962 4	  92.05   24.66   15.02    6.30 
1962 5	  17.55   28.77   20.09    5.74 
1962 6	 203.22   31.26   22.74    3.65 
1962 7	  43.05   33.56   24.40    2.41 
1962 8	 113.95   34.31   24.47    2.71 
1962 9	  62.70   32.35   22.64    4.27 
1962 10	  78.68   29.08   18.14    5.51 
1962 11	 104.62   20.79   10.67    7.23 
1962 12	 166.73   16.14    7.30    5.81 
1963 1	 107.67   13.59    3.18    7.55 
1963 2	  82.42   16.95    4.96    7.45 
1963 3	   5.70   23.04   11.54    6.37 
1963 4	  20.25   26.73   18.31    6.39 
1963 5	  26.20   29.41   20.46    4.34 
1963 6	 109.40   32.20   23.10    4.04 
1963 7	  35.05   32.94   24.63    3.81 
1963 8	  61.45   33.83   24.08    2.54 
1963 9	 118.15   31.36   21.93    4.90 
1963 10	   7.35   29.44   17.82    5.37 
1963 11	 102.53   22.87   12.42    6.95 
1963 12	  89.70   14.38    2.66    7.37 
1964 1	 119.65   15.31    4.87    6.45 
1964 2	 109.62   14.74    5.25    6.58 
1964 3	  91.53   20.92   10.36    6.88 
1964 4	  46.65   25.27   16.87    7.08 
1964 5	  53.75   28.96   20.75    5.18 
1964 6	  38.80   31.03   22.94    4.35 
1964 7	 128.10   32.71   23.70    4.08 
1964 8	  74.80   33.25   24.34    3.48 
1964 9	 156.35   31.13   21.42    4.52 
1964 10	  14.45   25.78   13.61    6.60 
1964 11	  73.65   23.65   12.57    6.41 
1964 12	 170.47   17.65    6.78    7.34 
1965 1	  30.50   18.79    6.89    6.43 
1965 2	 100.77   17.48    5.84    7.92 
1965 3	  30.80   19.29    8.61    7.68 
1965 4	  21.20   26.90   17.36    6.46 
1965 5	  76.15   28.40   20.67    6.92 
1965 6	  72.68   31.87   22.33    4.66 
1965 7	  80.35   33.54   23.15    2.60 
1965 8	 114.10   32.68   22.51    2.91 
1965 9	 126.70   31.96   21.23    5.53 
1965 10	  62.17   26.45   14.29    5.93 
1965 11	  80.38   25.12   14.28    5.37 
1965 12	 180.50   19.54    8.26    6.84 
1966 1	 151.85   13.14    3.22    7.46 
1966 2	 149.50   15.90    6.14    6.83 
1966 3	  51.60   20.90    8.99    6.31 
1966 4	 214.47   25.21   15.25    6.53 
1966 5	 185.63   28.57   19.64    5.30 
1966 6	  65.15   32.26   21.45    4.25 
1966 7	 118.25   33.95   23.87    2.88 
1966 8	 241.68   31.98   22.72    3.69 
1966 9	  70.88   31.75   19.95    3.02 
1966 10	 119.30   27.01   13.94    6.21 
1966 11	 121.40   23.98   11.84    6.52 
1966 12	  53.23   17.97    6.00    6.63 
1967 1	  59.17   16.47    5.02    6.51 
1967 2	  59.87   17.86    5.30    6.59 
1967 3	  33.40   23.94   11.11    5.84 
1967 4	 120.38   28.54   18.81    6.79 
1967 5	 171.58   29.00   17.98    6.91 
1967 6	  16.20   33.08   22.52    4.54 
1967 7	 137.63   32.60   22.22    3.83 
1967 8	  71.55   32.50   21.81    3.22 
1967 9	  33.70   30.97   19.02    6.08 
1967 10	  79.68   28.50   13.06    6.12 
1967 11	  26.25   23.23   11.36    6.19 
1967 12	 110.15   18.64    7.13    6.56 
1968 1	 150.85   15.06    5.47    7.14 
1968 2	  48.72   15.92    4.40    6.33 
1968 3	  56.43   19.20    8.74    6.71 
1968 4	 120.20   26.08   17.21    6.74 
1968 5	 214.18   28.43   19.99    5.65 
1968 6	 243.45   30.96   22.54    4.56 
1968 7	  57.00   33.37   23.56    3.81 
1968 8	  60.93   34.02   24.00    3.68 
1968 9	 141.93   31.36   19.34    5.06 
1968 10	  65.98   29.53   18.74    5.52 
1968 11	 154.85   22.44    9.34    6.85 
1968 12	  59.75   17.82    5.40    7.03 
1969 1	  37.93   18.93    8.84    6.94 
1969 2	 148.62   20.52   10.50    7.03 
1969 3	  79.30   18.58    8.83    6.49 
1969 4	 157.60   26.47   16.73    5.57 
1969 5	 233.02   28.41   18.86    5.20 
1969 6	  32.55   32.93   22.15    4.94 
1969 7	 172.22   35.36   24.09    3.47 
1969 8	  97.10   34.87   24.02    3.79 
1969 9	  39.23   32.74   20.73    4.94 
1969 10	  89.05   29.37   15.53    7.84 
1969 11	  48.03   22.45    7.46    7.07 
1969 12	 136.30   17.23    7.50    5.96 
1970 1	  71.25   13.10    2.72    7.44 
1970 2	  56.90   17.82    5.88    6.63 
1970 3	 156.20   19.90    9.80    6.15 
1970 4	  64.85   25.91   16.41    6.57 
1970 5	 232.68   28.41   19.29    6.28 
1970 6	  67.40   32.04   21.98    4.14 
1970 7	  99.50   33.91   24.23    3.50 
1970 8	  94.82   35.31   24.86    3.85 
1970 9	 232.35   32.28   21.71    6.44 
1970 10	 276.48   25.64   13.48    6.47 
1970 11	  57.98   20.60    7.47    6.62 
1970 12	  62.17   22.12   10.12    5.56 
1971 1	  14.42   17.15    7.78    6.89 
1971 2	  80.38   19.62    6.21    7.57 
1971 3	  48.92   22.59   10.48    6.49 
1971 4	  70.75   25.71   13.51    6.29 
1971 5	  63.62   28.46   18.12    5.61 
1971 6	  84.42   33.33   22.10    4.39 
1971 7	  74.07   35.07   23.30    3.42 
1971 8	 150.60   32.77   22.40    3.01 
1971 9	 201.45   30.82   21.33    5.33 
1971 10	  61.53   28.32   16.86    5.23 
1971 11	  53.45   23.24   10.82    6.59 
1971 12	 191.82   20.86   10.84    6.06 
1972 1	 118.58   19.54    8.30    6.75 
1972 2	  28.52   19.54    7.99    6.64 
1972 3	  55.57   24.66   11.82    6.06 
1972 4	  67.20   27.50   15.20    6.53 
1972 5	 205.07   29.61   18.81    4.28 
1972 6	 106.18   33.20   22.17    5.98 
1972 7	 146.60   32.06   21.11    5.00 
1972 8	  51.98   33.28   21.90    3.68 
1972 9	 232.10   32.79   21.61    4.08 
1972 10	  54.77   27.90   14.95    6.09 
1972 11	 109.88   19.96    8.31    7.42 
1972 12	  68.72   16.04    4.77    6.94 
1973 1	 110.35   14.18    3.40    7.27 
1973 2	  78.82   16.50    4.79    6.80 
1973 3	 221.77   22.52   12.45    6.45 
1973 4	 278.23   23.13   13.31    7.39 
1973 5	  73.52   28.19   17.26    6.12 
1973 6	 232.45   30.80   21.62    4.90 
1973 7	 117.05   33.17   23.12    3.44 
1973 8	 191.30   32.19   21.74    4.17 
1973 9	 229.85   31.00   21.29    5.06 
1973 10	 227.33   28.55   16.91    6.02 
1973 11	  57.98   25.58   11.90    7.00 
1973 12	  80.43   18.46    4.52    7.55 
1974 1	 179.92   17.61    7.77    5.25 
1974 2	  53.62   20.27    5.99    6.80 
1974 3	  99.30   23.64   13.23    6.37 
1974 4	  87.78   25.43   14.85    7.79 
1974 5	 213.05   29.15   19.28    5.93 
1974 6	  13.98   31.40   20.75    4.88 
1974 7	  92.77   32.86   22.46    2.88 
1974 8	 136.62   32.11   21.91    3.33 
1974 9	  91.78   28.70   18.80    6.38 
1974 10	 112.85   27.41   14.71    7.54 
1974 11	 202.70   21.27    9.86    6.56 
1974 12	 112.83   18.01    6.69    6.05 
1975 1	  81.15   18.84    8.52    6.42 
1975 2	  42.90   18.66    6.79    5.37 
1975 3	  59.38   21.57   10.40    6.69 
1975 4	 120.52   23.97   14.99    7.68 
1975 5	 195.73   28.99   19.97    5.66 
1975 6	 232.82   30.91   22.53    5.00 
1975 7	 110.77   32.36   23.35    3.56 
1975 8	 274.25   32.23   23.00    3.88 
1975 9	 108.65   29.70   18.85    5.09 
1975 10	 155.78   27.74   14.65    6.03 
1975 11	 113.78   21.87    9.60    6.52 
1975 12	  75.88   16.68    6.88    6.28 
1976 1	  28.62   17.12    4.28    7.17 
1976 2	  25.58   20.96    9.26    6.04 
1976 3	  66.97   21.95   12.54    7.30 
1976 4	  70.28   25.66   15.60    6.27 
1976 5	  87.15   27.43   17.51    5.01 
1976 6	 131.42   30.99   21.06    4.55 
1976 7	 114.42   31.70   22.84    3.50 
1976 8	  73.23   33.45   21.97    3.15 
1976 9	 164.60   31.24   20.31    3.63 
1976 10	 140.73   22.35   10.89    6.57 
1976 11	 128.12   16.73    6.36    7.54 
1976 12	 187.78   15.37    4.98    6.95 
1977 1	  89.32   11.39    1.52    7.08 
1977 2	  45.47   17.71    6.51    7.27 
1977 3	  54.90   21.56   11.27    6.76 
1977 4	 140.72   25.04   14.60    6.34 
1977 5	  26.12   29.19   19.43    5.17 
1977 6	 134.85   32.29   23.11    4.67 
1977 7	  73.97   33.12   23.81    2.93 
1977 8	 106.65   32.76   24.01    4.12 
1977 9	 146.77   32.07   22.45    4.26 
1977 10	  43.70   27.22   15.29    5.15 
1977 11	 253.87   22.43   11.47    6.11 
1977 12	  48.28   18.02    6.80    7.01 
1978 1	 187.53   11.02    1.92    8.10 
1978 2	  52.67   11.92    2.35    7.15 
1978 3	  14.57   20.13    8.38    5.59 
1978 4	  15.18   25.05   15.51    5.89 
1978 5	  20.12   30.27   20.13    5.35 
1978 6	 130.20   32.37   22.73    3.90 
1978 7	  81.98   33.47   24.06    2.83 
1978 8	  68.20   33.28   23.73    4.03 
1978 9	 152.10   30.75   22.30    5.47 
1978 10	   5.45   28.18   14.46    5.65 
1978 11	 166.70   23.72   12.81    5.60 
1978 12	  70.20   17.97    6.59    7.19 
1979 1	 122.60   12.26    2.00    8.16 
1979 2	 101.13   14.55    5.90    6.29 
1979 3	 150.15   21.73   11.65    6.87 
1979 4	 270.38   24.63   16.30    5.93 
1979 5	 178.95   27.48   17.77    5.62 
1979 6	  38.62   31.27   22.51    4.59 
1979 7	 352.62   32.03   23.86    4.60 
1979 8	  78.85   32.26   23.07    3.16 
1979 9	 294.17   29.06   19.63    6.84 
1979 10	  91.75   27.82   15.23    5.27 
1979 11	  41.15   20.30    7.03    7.55 
1979 12	  58.85   17.44    5.77    6.42 
1980 1	 233.97   17.14    8.53    5.81 
1980 2	  60.20   16.22    5.53    6.45 
1980 3	 171.03   20.51   10.54    6.63 
1980 4	  34.63   24.03   13.58    5.87 
1980 5	 180.15   29.50   19.72    4.65 
1980 6	  49.22   32.72   23.60    4.87 
1980 7	 126.88   35.07   24.48    2.55 
1980 8	  51.85   33.80   23.54    5.06 
1980 9	 268.02   32.93   22.81    4.23 
1980 10	  72.18   26.19   13.36    6.11 
1980 11	  62.95   19.61    8.71    6.60 
1980 12	  54.50   18.21    6.92    6.08 
1981 1	  96.10   16.22    3.87    5.83 
1981 2	  49.45   17.39    6.11    5.97 
1981 3	  49.50   21.54   10.10    6.27 
1981 4	  66.38   27.08   17.95    5.44 
1981 5	  89.45   28.48   18.62    5.39 
1981 6	 471.77   31.91   23.45    5.55 
1981 7	 159.68   34.13   24.51    3.59 
1981 8	 160.98   34.75   23.87    3.29 
1981 9	 118.07   32.25   19.80    4.69 
1981 10	 221.95   28.09   16.39    5.57 
1981 11	  48.15   24.13   12.18    5.51 
1981 12	 104.53   18.51    7.59    6.46 
1982 1	  53.48   17.86    5.41    7.16 
1982 2	 102.08   16.65    6.25    6.48 
1982 3	  48.08   22.54   12.95    6.45 
1982 4	  82.33   24.97   15.04    6.76 
1982 5	 108.00   29.51   19.61    5.68 
1982 6	  90.80   33.50   22.89    3.36 
1982 7	  48.35   34.58   24.45    2.50 
1982 8	  74.90   34.34   24.13    2.61 
1982 9	  11.85   33.16   20.20    5.31 
1982 10	  73.92   27.68   15.89    6.40 
1982 11	 254.75   22.54   11.21    6.46 
1982 12	 258.78   19.66    8.54    7.73 
1983 1	 128.75   15.83    5.45    5.73 
1983 2	 109.32   16.85    7.66    7.27 
1983 3	  88.02   21.03    9.16    6.21 
1983 4	  15.50   23.30   13.06    7.14 
1983 5	 141.53   28.74   17.94    5.86 
1983 6	 181.97   31.69   21.67    4.34 
1983 7	 237.60   33.33   23.86    4.34 
1983 8	 266.25   33.23   23.47    3.02 
1983 9	 331.10   30.62   20.20    5.79 
1983 10	  28.90   28.63   15.74    5.43 
1983 11	  76.25   24.06   11.80    6.41 
1983 12	 115.15   14.70    3.29    7.95 
1984 1	 113.30   14.40    3.87    6.88 
1984 2	  64.48   18.64    6.53    6.60 
1984 3	  34.60   21.84   10.86    5.97 
1984 4	   6.75   26.60   15.49    6.96 
1984 5	 100.90   30.14   18.82    6.70 
1984 6	  44.70   32.41   22.39    4.63 
1984 7	  59.88   33.82   23.23    2.89 
1984 8	  78.72   33.73   23.13    3.36 
1984 9	  98.22   31.05   19.77    7.03 
1984 10	 221.25   28.70   18.38    6.33 
1984 11	  76.23   21.96   10.41    6.91 
1984 12	  65.30   21.81   12.85    6.54 
1985 1	  68.15   13.68    2.78    6.53 
1985 2	 186.55   15.56    5.69    6.62 
1985 3	 136.35   22.99   14.08    6.37 
1985 4	  35.70   27.10   17.01    6.53 
1985 5	 102.00   30.03   19.74    4.11 
1985 6	 189.08   32.25   22.80    5.00 
1985 7	 144.70   32.70   23.46    2.99 
1985 8	  59.92   34.73   24.14    3.16 
1985 9	 209.90   32.64   20.74    6.07 
1985 10	 188.12   26.71   17.63    7.31 
1985 11	 123.40   24.20   14.42    5.78 
1985 12	  48.13   16.47    4.82    6.48 
1986 1	  30.25   18.66    5.93    6.38 
1986 2	  55.00   21.00    9.83    6.65 
1986 3	  23.45   23.69   10.43    5.65 
1986 4	  40.97   26.66   16.39    5.85 
1986 5	 120.80   28.86   20.01    5.37 
1986 6	 229.92   32.55   23.23    3.39 
1986 7	  17.15   34.41   24.85    3.78 
1986 8	 124.15   34.46   23.34    3.46 
1986 9	 129.62   32.57   23.38    4.56 
1986 10	 201.82   26.70   16.18    5.84 
1986 11	 242.88   22.02   13.26    7.19 
1986 12	 154.23   15.52    7.45    7.12 
1987 1	 115.08   16.03    5.18    6.49 
1987 2	 111.62   18.36    8.45    6.49 
1987 3	  22.23   21.49    8.67    6.53 
1987 4	   2.95   26.44   11.88    4.49 
1987 5	 200.88   28.96   20.23    4.34 
1987 6	 278.20   30.98   22.63    5.05 
1987 7	  98.42   32.30   23.64    3.86 
1987 8	  61.33   34.25   24.66    3.45 
1987 9	 175.70   31.11   20.20    4.41 
1987 10	   3.60   26.45   12.74    6.46 
1987 11	 133.88   22.31   10.02    7.43 
1987 12	 126.70   18.43    8.27    6.52 
1988 1	  58.33   13.97    3.32    7.59 
1988 2	  52.32   16.52    6.68    6.77 
1988 3	 146.35   21.04   10.62    6.68 
1988 4	  74.85   25.56   13.96    5.72 
1988 5	  19.30   28.26   17.54    4.78 
1988 6	  74.28   31.10   21.05    4.33 
1988 7	 117.27   32.41   23.73    3.67 
1988 8	  58.08   33.45   23.91    3.76 
1988 9	 134.83   31.00   20.90    5.97 
1988 10	  18.00   27.40   15.06    5.30 
1988 11	  20.48   23.96   12.22    7.09 
1988 12	  83.52   18.49    7.26    6.37 
1989 1	 131.40   18.10    9.55    5.88 
1989 2	  16.10   15.10    6.46    7.62 
1989 3	  57.45   20.49   10.57    6.61 
1989 4	  46.17   24.55   14.87    5.60 
1989 5	 161.55   28.69   20.51    5.52 
1989 6	 497.63   30.19   22.48    6.09 
1989 7	 186.40   31.38   23.60    4.23 
1989 8	  87.72   31.46   22.67    3.34 
1989 9	  27.30   30.03   19.40    5.54 
1989 10	 143.65   27.25   14.65    6.09 
1989 11	  84.08   22.11   12.27    6.94 
1989 12	  22.38   12.27    1.53    7.73 
1990 1	 156.83   18.02    8.43    5.80 
1990 2	  79.10   19.40   10.49    7.20 
1990 3	 156.00   21.01   12.55    6.18 
1990 4	  95.17   24.52   15.41    6.37 
1990 5	 182.10   28.13   20.63    6.08 
1990 6	  42.62   32.81   23.81    4.10 
1990 7	 121.10   31.86   22.63    3.44 
1990 8	  38.85   33.96   23.44    2.69 
1990 9	 118.38   31.29   21.22    3.64 
1990 10	 117.25   26.17   13.67    5.90 
1990 11	  75.65   22.98   11.37    6.49 
1990 12	 100.02   17.23    6.36    6.66 
1991 1	 239.75   13.68    5.41    6.64 
1991 2	 181.58   18.90    8.82    6.67 
1991 3	  63.70   22.10   12.51    7.44 
1991 4	 202.75   25.20   17.78    6.37 
1991 5	 220.30   28.70   20.57    6.26 
1991 6	 150.72   31.13   22.71    4.45 
1991 7	 157.57   32.41   23.64    3.31 
1991 8	 144.65   31.82   23.12    2.92 
1991 9	 226.02   29.23   20.05    5.36 
1991 10	  67.17   27.59   16.38    5.85 
1991 11	 111.22   18.52    8.18    7.62 
1991 12	 171.95   17.11    9.57    7.09 
1992 1	 199.90   14.86    5.90    6.68 
1992 2	 185.07   19.56    9.65    6.41 
1992 3	  98.62   22.15   12.08    5.93 
1992 4	  94.10   24.35   14.38    4.98 
1992 5	 129.47   27.41   18.27    4.54 
1992 6	 147.27   33.20   25.04    3.68 
1992 7	  84.10   32.38   24.47    4.45 
1992 8	  73.97   31.57   21.39    3.05 
1992 9	  77.18   30.90   21.78    5.06 
1992 10	  54.00   27.73   15.93    5.90 
1992 11	 158.62   18.99    7.97    7.16 
1992 12	 136.10   18.05    8.56    5.48 
1993 1	 208.05   16.15    6.85    5.97 
1993 2	  84.57   18.25    7.56    6.72 
1993 3	 182.73   21.15   10.54    5.78 
1993 4	 126.60   23.11   13.20    6.38 
1993 5	 176.32   27.14   18.15    5.08 
1993 6	 273.48   30.24   23.14    6.31 
1993 7	  10.53   32.80   24.58    3.65 
1993 8	  45.60   34.07   24.34    2.78 
1993 9	  63.90   32.14   20.60    4.72 
1993 10	 140.32   25.94   15.20    6.16 
1993 11	 100.78   18.84    7.97    6.99 
1993 12	  69.50   17.87    6.91    6.77 
1994 1	  65.88   15.39    5.45    7.72 
1994 2	  27.80   17.19    7.40    6.50 
1994 3	  58.55   21.35   11.17    5.76 
1994 4	  94.20   24.39   15.39    5.73 
1994 5	 174.52   27.97   18.95    4.91 
1994 6	  72.22   31.21   23.87    4.93 
1994 7	  93.90   32.59   24.13    4.20 
1994 8	 252.70   31.36   22.79    3.55 
1994 9	 102.62   30.48   19.96    4.22 
1994 10	 359.32   26.32   16.68    6.02 
1994 11	  21.23   23.75   13.12    6.46 
1994 12	 133.15   18.14    8.72    6.26 
1995 1	 114.52   16.89    6.76    7.16 
1995 2	  93.55   20.08    7.98    6.03 
1995 3	 160.95   20.96   12.29    6.54 
1995 4	  97.17   24.54   14.56    6.67 
1995 5	 255.18   28.62   20.01    6.15 
1995 6	  69.90   31.41   21.64    4.54 
1995 7	 309.27   33.01   24.30    4.04 
1995 8	  86.55   32.88   24.38    3.83 
1995 9	  23.12   32.01   21.83    4.65 
1995 10	 108.20   27.58   15.15    8.11 
1995 11	 117.42   22.10   10.83    6.56 
1995 12	 192.72   18.07    8.14    7.17 
1996 1	 106.65   17.53    5.01    7.19 
1996 2	  34.93   18.47    8.16    6.58 
1996 3	  10.60   19.28    8.31    7.04 
1996 4	  60.40   24.70   13.83    6.43 
1996 5	  12.95   29.18   21.58    5.57 
1996 6	 146.20   32.27   22.51    3.96 
1996 7	  50.12   33.95   24.63    3.77 
1996 8	 278.85   32.29   23.35    4.01 
1996 9	 255.38   30.76   20.79    3.91 
1996 10	  58.65   26.52   15.49    7.42 
1996 11	  47.08   22.32   12.17    7.31 
1996 12	  69.62   19.23    8.86    6.34 
1997 1	 145.95   15.21    6.19    6.63 
1997 2	 125.85   17.51    8.37    7.32 
1997 3	 172.73   23.12   14.15    5.72 
1997 4	 134.97   22.79   12.71    7.34 
1997 5	 224.63   27.81   18.62    5.07 
1997 6	  76.77   31.29   22.72    4.10 
1997 7	  89.88   34.13   24.37    2.64 
1997 8	  36.95   33.75   23.95    3.22 
1997 9	 177.48   32.39   22.14    4.09 
1997 10	 124.07   26.04   16.65    7.33 
1997 11	  94.70   19.72    9.54    6.34 
1997 12	 146.50   16.42    5.26    7.04 
1998 1	 320.00   19.10    9.08    5.81 
1998 2	 120.65   18.44    8.44    6.43 
1998 3	  63.72   20.97   10.58    7.53 
1998 4	  19.90   24.87   13.65    6.17 
1998 5	   0.00   30.51   20.69    4.58 
1998 6	 114.48   32.97   24.57    6.41 
1998 7	  39.80   34.56   25.08    3.72 
1998 8	 203.05   34.43   24.50    3.29 
1998 9	 417.22   32.31   23.40    7.65 
1998 10	 214.40   27.74   17.97    7.52 
1998 11	 116.97   22.32   12.89    5.92 
1998 12	 140.93   18.16    8.29    6.35 
1999 1	  82.95   19.54    7.20    7.18 
1999 2	  46.33   21.56   10.35    5.47 
1999 3	  80.53   22.07   10.95    6.07 
1999 4	  13.43   26.86   17.00    6.62 
1999 5	 171.82   29.23   19.50    4.85 
1999 6	 126.55   31.34   23.45    4.82 
1999 7	 150.80   32.57   23.83    3.47 
1999 8	  79.70   35.52   25.13    3.17 
1999 9	  96.00   32.04   19.36    5.36 
1999 10	  37.85   27.67   14.38    6.52 
1999 11	  21.02   24.35   10.26    5.73 
1999 12	 118.22   19.12    6.00    7.05 
2000 1	  52.53   19.66    7.62    6.89 
2000 2	  28.88   21.77   10.25    6.35 
2000 3	  40.82   24.52   13.28    5.49 
2000 4	 156.25   25.73   14.35    5.31 
2000 5	 229.67   29.25   21.10    5.70 
2000 6	  45.43   32.23   23.21    4.80 
2000 7	  36.22   35.29   24.30    2.87 
2000 8	  20.17   34.96   23.32    2.65 
2000 9	 120.75   32.43   20.14    5.87 
2000 10	  33.20   27.06   16.08    6.71 
2000 11	 228.20   20.13    9.16    6.76 
2000 12	  51.60   14.79    3.44    7.20 
2001 1	 165.00   14.35    4.24    6.11 
2001 2	  33.22   19.98   10.20    6.38 
2001 3	 269.63   19.79    9.23    6.19 
2001 4	  70.93   26.34   17.68    7.41 
2001 5	 169.02   29.14   19.41    5.43 
2001 6	 328.40   31.15   22.30    4.45 
2001 7	 140.35   33.32   24.16    2.93 
2001 8	 312.68   33.18   23.79    4.12 
2001 9	 234.10   30.09   20.34    5.78 
2001 10	 197.90   25.69   13.68    6.86 
2001 11	 107.00   23.92   12.20    6.32 
2001 12	 144.72   19.06    8.18    6.52 
2002 1	  66.10   18.08    6.77    6.68 
2002 2	  27.77   17.31    4.73    7.04 
2002 3	  70.60   21.49   10.24    7.36 
2002 4	 119.15   26.44   17.42    5.92 
2002 5	  63.58   28.84   19.57    6.74 
2002 6	 100.93   31.49   21.60    4.81 
2002 7	 140.50   32.99   23.65    3.69 
2002 8	 176.93   33.02   23.50    3.92 
2002 9	 203.40   30.36   21.66    6.79 
2002 10	 343.28   26.02   17.91    5.34 
2002 11	 116.30   20.27    9.58    6.73 
2002 12	 233.98   17.03    7.23    7.31 
2003 1	  84.50   15.01    4.14    6.44 
2003 2	 142.48   16.23    7.38    6.46 
2003 3	  82.63   20.81   10.69    4.36 
2003 4	  55.48   24.90   15.39    5.59 
2003 5	   0.35   30.69   21.00    5.66 
2003 6	 211.85   31.92   22.41    4.15 
2003 7	 165.60   31.71   24.05    4.36 
2003 8	 216.60   32.71   24.36    3.82 
2003 9	 191.17   29.69   20.31    5.26 
2003 10	 122.07   27.28   15.24    5.71 
2003 11	 125.08   24.06   12.83    7.06 
2003 12	 105.33   17.60    5.24    6.66 
2004 1	 124.50   16.60    7.29    6.60 
2004 2	 176.02   15.31    6.88    6.86 
2004 3	  45.33   23.13   14.15    6.15 
2004 4	 123.02   24.50   15.21    5.93 
2004 5	 192.42   28.44   19.89    6.14 
2004 6	 324.90   31.01   23.06    4.88 
2004 7	  71.45   33.08   24.06    3.04 
2004 8	  52.52   32.79   22.80    4.13 
2004 9	  28.80   32.30   21.34    4.97 
2004 10	  63.58   29.32   19.95    5.59 
2004 11	 265.85   21.26   11.37    6.60 
2004 12	  74.10   15.71    4.59    7.36 
2005 1	  82.05   18.30    8.42    6.01 
2005 2	 130.10   17.67    9.97    5.90 
2005 3	  80.67   20.60   10.29    5.25 
2005 4	  18.75   24.90   14.15    6.01 
2005 5	  72.78   29.19   18.34    4.86 
2005 6	  17.12   32.26   22.68    4.06 
2005 7	 146.17   33.10   23.99    4.10 
2005 8	  98.12   34.23   24.01    3.11 
2005 9	 165.03   32.50   22.36    5.33 
2005 10	  52.68   27.26   14.13    6.87 
2005 11	  94.00   23.19   11.83    6.77 
2005 12	  73.60   17.07    4.74    7.02 
2006 1	  57.20   19.99    8.39    6.15 
2006 2	  42.72   17.71    6.69    6.53 
2006 3	  52.12   22.76   12.46    7.00 
2006 4	  98.35   26.03   16.96    5.80 
2006 5	 273.35   28.51   18.66    5.47 
2006 6	 231.00   31.42   21.49    3.15 
2006 7	 404.88   31.29   23.52    3.07 
2006 8	  61.77   32.86   24.01    3.39 
2006 9	 166.68   30.90   19.67    3.89 
2006 10	 456.15   26.95   16.23    6.18 
2006 11	  10.77   22.58   10.48    6.68 
2006 12	 130.78   17.76    7.26    7.28 
2007 1	 161.12   14.61    5.47    7.17 
2007 2	  35.78   16.65    5.99    6.13 
2007 3	 137.12   22.96   12.85    6.06 
2007 4	 104.08   23.32   13.51    6.25 
2007 5	 209.98   28.33   19.10    5.68 
2007 6	 135.75   31.01   22.66    4.46 
2007 7	 249.27   30.64   23.17    4.21 
2007 8	 143.30   33.25   24.10    3.66 
2007 9	 126.23   31.23   21.51    4.37 
2007 10	  69.70   28.03   16.36    6.90 
2007 11	 124.70   22.61   11.37    5.48 
2007 12	  60.38   20.41    8.08    5.27 
2008 1	 186.55   16.18    4.96    7.68 
2008 2	  66.28   20.41    8.06    6.25 
2008 3	  94.93   22.09   10.30    7.46 
2008 4	  24.55   25.36   14.86    6.55 
2008 5	  90.15   28.68   19.75    5.84 
2008 6	 116.15   32.09   22.91    4.50 
2008 7	 151.30   32.53   23.15    4.16 
2008 8	 282.75   32.23   22.49    3.90 
2008 9	 227.05   30.61   19.24    6.31 
2008 10	  52.60   26.83   13.69    6.11 
2008 11	  97.00   22.95    9.88    6.52 
2008 12	  55.65   18.15    6.86    7.31 
2009 1	  12.93   18.06    5.28    6.23 
2009 2	  26.07   20.72    8.78    6.79 
2009 3	 132.55   21.28   10.70    6.72 
2009 4	 436.13   24.73   13.51    7.19 
2009 5	  47.05   29.01   19.47    5.75 
2009 6	  59.95   32.19   22.63    3.77 
2009 7	  85.98   33.64   24.21    3.03 
2009 8	  75.93   33.46   23.03    2.29 
2009 9	 101.45   29.78   21.02    3.91 
2009 10	 307.82   26.16   16.45    6.70 
2009 11	  50.45   21.96   10.67    6.81 
2009 12	 139.05   13.65    5.08    7.48 
2010 1	  48.20   13.95    3.95    7.00 
2010 2	 123.43   12.80    3.03    7.18 
2010 3	  56.35   19.08    7.79    6.08 
2010 4	   9.40   24.64   14.09    6.16 
2010 5	  92.85   29.56   19.87    4.77 
2010 6	 100.52   32.25   23.98    4.46 
2010 7	 289.40   31.63   23.91    4.96 
2010 8	  58.92   34.27   24.48    3.17 
2010 9	 162.83   30.89   21.69    5.98 
2010 10	   6.62   28.20   14.46    5.06 
2010 11	 124.50   21.27   10.45    6.54 
2010 12	 104.95   17.20    5.52    7.04 
