1949 1	 202.52   12.13    1.34    4.24 
1949 2	  89.42   16.59    4.71    3.98 
1949 3	  66.33   20.25    7.96    4.58 
1949 4	  93.62   22.69   11.64    4.18 
1949 5	  72.77   29.97   18.35    3.83 
1949 6	  63.22   32.73   21.20    2.92 
1949 7	  68.57   34.48   22.61    2.69 
1949 8	  50.30   33.88   20.71    2.57 
1949 9	  53.90   31.95   18.01    3.10 
1949 10	 269.20   24.63   13.90    4.15 
1949 11	  10.30   22.86    6.99    3.79 
1949 12	  61.97   16.89    5.14    5.08 
1950 1	 105.42   16.63    6.44    4.52 
1950 2	 127.62   17.36    6.72    3.50 
1950 3	  49.12   19.69    6.38    4.69 
1950 4	 143.35   23.21   11.40    4.45 
1950 5	 168.70   28.40   17.60    3.71 
1950 6	  47.87   31.01   20.69    3.19 
1950 7	 120.68   32.83   22.16    3.15 
1950 8	  67.70   34.48   21.65    2.42 
1950 9	  61.60   29.89   18.69    2.94 
1950 10	  39.53   29.13   14.51    3.51 
1950 11	  45.85   20.49    5.33    4.46 
1950 12	   8.45   16.07    2.35    4.00 
1951 1	  59.80   15.45    1.81    4.96 
1951 2	  89.30   15.89    3.55    4.62 
1951 3	  84.97   21.51    7.90    4.51 
1951 4	  63.93   24.68   11.29    4.52 
1951 5	  72.18   28.57   16.49    3.78 
1951 6	 101.50   32.29   21.29    3.92 
1951 7	  17.40   36.70   23.62    2.51 
1951 8	   3.98   38.90   24.65    2.42 
1951 9	 142.05   32.24   19.91    2.99 
1951 10	  38.48   27.46   14.01    3.48 
1951 11	  45.78   18.24    5.49    4.76 
1951 12	  62.77   17.53    4.01    5.11 
1952 1	  59.97   19.11    7.43    4.53 
1952 2	 140.45   18.23    6.75    4.74 
1952 3	  73.18   19.34    6.69    4.35 
1952 4	 177.40   22.84   10.58    3.85 
1952 5	 164.45   28.17   15.93    3.06 
1952 6	  29.23   33.75   21.94    2.90 
1952 7	  57.17   34.60   22.59    2.30 
1952 8	   2.38   38.01   23.65    3.17 
1952 9	  19.58   33.52   18.42    3.47 
1952 10	   6.35   26.51    9.08    3.47 
1952 11	 192.87   19.22    7.44    4.44 
1952 12	 142.32   13.52    3.38    3.82 
1953 1	  23.05   17.32    4.56    5.11 
1953 2	  44.97   16.30    3.46    4.10 
1953 3	 133.05   23.02   10.49    3.87 
1953 4	  89.53   24.19   10.21    4.02 
1953 5	 215.57   28.68   17.25    3.37 
1953 6	  38.42   36.23   22.94    2.74 
1953 7	  46.42   34.97   22.80    2.53 
1953 8	  33.85   35.87   21.94    2.17 
1953 9	  56.32   34.26   17.22    2.64 
1953 10	  63.55   29.58   13.30    3.13 
1953 11	  62.58   19.11    5.79    3.96 
1953 12	 136.62   13.59    2.10    4.36 
1954 1	  46.93   15.29    3.00    4.23 
1954 2	  28.88   21.69    5.46    4.27 
1954 3	  21.05   20.39    6.59    4.57 
1954 4	  79.18   27.49   14.85    3.89 
1954 5	 127.23   26.70   14.91    3.49 
1954 6	  29.95   35.25   21.37    3.03 
1954 7	  19.58   39.43   24.33    3.08 
1954 8	   6.12   39.05   23.28    3.05 
1954 9	  23.00   36.65   19.52    3.11 
1954 10	 377.78   28.06   15.21    3.70 
1954 11	 100.85   20.45    5.83    4.03 
1954 12	  42.95   17.48    3.28    4.11 
1955 1	  71.53   13.94    3.08    3.56 
1955 2	  91.55   15.42    3.68    4.76 
1955 3	  72.77   21.47    8.33    4.81 
1955 4	  92.62   27.10   14.22    4.04 
1955 5	 139.12   30.49   18.21    3.58 
1955 6	  55.15   32.12   19.21    2.75 
1955 7	  43.35   35.73   22.50    2.75 
1955 8	 120.40   34.01   22.02    2.26 
1955 9	 113.60   33.37   20.13    2.83 
1955 10	  54.07   28.38   11.96    3.70 
1955 11	   6.28   21.23    5.52    5.20 
1955 12	  35.67   15.96    2.99    4.54 
1956 1	  75.17   15.05    1.94    4.41 
1956 2	  90.40   16.61    4.62    4.19 
1956 3	  24.00   21.18    7.28    3.86 
1956 4	  90.82   24.97   11.47    4.27 
1956 5	 168.38   31.34   18.76    3.36 
1956 6	  23.48   33.97   20.89    3.02 
1956 7	  27.30   38.08   23.21    3.47 
1956 8	  67.43   37.81   22.31    3.00 
1956 9	   2.45   34.70   18.13    3.34 
1956 10	  10.57   29.80   14.23    3.06 
1956 11	 109.50   19.16    4.95    4.18 
1956 12	  50.15   17.80    4.72    3.93 
1957 1	  67.75   13.03    2.67    4.03 
1957 2	  78.55   18.30    8.47    3.54 
1957 3	 128.00   18.48    6.86    3.76 
1957 4	 300.27   22.93   12.18    4.64 
1957 5	 151.32   28.15   17.45    4.05 
1957 6	  73.92   31.54   21.06    3.29 
1957 7	  26.30   36.68   23.12    2.11 
1957 8	 113.25   34.34   21.39    2.98 
1957 9	 103.07   30.44   17.14    3.41 
1957 10	 211.10   23.24   10.88    4.20 
1957 11	 140.62   17.34    6.98    4.59 
1957 12	  34.60   17.81    5.04    4.32 
1958 1	  78.60   13.14    1.68    5.25 
1958 2	  50.52   12.29    2.05    5.18 
1958 3	  56.95   15.94    5.53    4.25 
1958 4	 171.25   23.24   11.48    3.91 
1958 5	  69.58   29.51   16.87    3.00 
1958 6	  59.75   33.71   21.24    3.03 
1958 7	  67.25   35.16   22.60    3.38 
1958 8	 134.62   35.40   21.97    2.48 
1958 9	 135.18   29.85   19.99    3.47 
1958 10	  95.75   23.91   13.22    4.41 
1958 11	  81.12   20.90    7.80    3.78 
1958 12	  26.15   13.35    0.77    4.24 
1959 1	  24.10   12.47   -0.06    4.61 
1959 2	 102.68   14.91    4.29    4.56 
1959 3	  55.67   20.75    5.34    4.53 
1959 4	 126.70   22.75   10.94    4.35 
1959 5	 290.83   28.99   18.53    3.74 
1959 6	 158.05   31.66   20.60    3.09 
1959 7	 107.70   33.37   21.78    1.95 
1959 8	  55.12   34.40   21.86    2.53 
1959 9	 106.97   32.26   19.39    3.62 
1959 10	 109.60   26.15   12.77    3.76 
1959 11	  35.18   17.43    3.49    4.63 
1959 12	 164.32   16.28    4.85    4.63 
1960 1	  93.32   12.33    2.65    4.39 
1960 2	  91.22   12.55    0.97    4.99 
1960 3	  45.93   15.88    4.21    4.16 
1960 4	  48.83   26.60   13.43    4.38 
1960 5	  42.78   28.38   15.22    4.06 
1960 6	 133.00   33.56   20.85    3.18 
1960 7	 100.95   34.97   22.45    2.21 
1960 8	  77.10   34.95   22.20    2.78 
1960 9	  81.18   33.39   18.94    2.54 
1960 10	 112.23   27.56   14.96    3.12 
1960 11	  81.53   20.87    7.71    4.16 
1960 12	 221.62   11.92    1.94    4.33 
1961 1	 169.55   11.91    0.00    4.55 
1961 2	  81.78   17.07    5.13    4.09 
1961 3	 131.00   22.40    9.65    4.51 
1961 4	  26.38   23.91   10.48    4.66 
1961 5	  57.12   29.07   16.26    4.28 
1961 6	 143.20   30.35   19.69    3.16 
1961 7	  50.05   32.19   21.89    2.56 
1961 8	  17.10   33.93   20.60    2.20 
1961 9	 105.67   31.14   19.17    4.74 
1961 10	  28.50   26.26   12.85    3.85 
1961 11	 110.28   18.34    6.28    4.81 
1961 12	 110.53   13.96    2.68    4.02 
1962 1	  66.68   11.37   -2.22    4.89 
1962 2	  70.80   20.87    6.85    4.58 
1962 3	  44.65   18.54    5.26    4.46 
1962 4	 113.40   23.51   11.76    4.34 
1962 5	  34.68   29.88   17.70    4.44 
1962 6	 206.57   31.74   19.88    2.49 
1962 7	  26.60   34.74   21.99    2.39 
1962 8	  18.75   37.69   21.90    2.50 
1962 9	 194.85   32.30   19.07    2.71 
1962 10	  73.32   28.00   15.19    3.56 
1962 11	 105.00   19.28    6.42    4.61 
1962 12	  31.75   14.47    2.57    3.93 
1963 1	  38.40   10.00   -3.23    4.47 
1963 2	  47.75   16.10    0.15    5.00 
1963 3	  27.35   23.66    8.64    4.38 
1963 4	  87.75   27.22   15.36    4.90 
1963 5	  94.18   29.46   17.62    3.57 
1963 6	  51.63   33.99   21.30    2.90 
1963 7	  20.20   36.16   22.73    3.28 
1963 8	  39.20   37.57   22.47    2.35 
1963 9	  33.70   33.35   19.29    2.99 
1963 10	  11.50   31.68   14.59    2.16 
1963 11	  83.45   22.37    8.05    4.73 
1963 12	  64.78   10.96   -0.90    5.03 
1964 1	  56.47   14.78    0.61    4.29 
1964 2	  69.92   13.52    1.03    4.22 
1964 3	  94.48   20.20    6.58    4.31 
1964 4	  60.88   25.95   14.26    4.88 
1964 5	  77.12   29.33   18.03    3.49 
1964 6	  64.43   32.23   21.04    3.25 
1964 7	   6.88   37.50   22.51    2.84 
1964 8	  33.68   36.19   23.33    2.98 
1964 9	  97.80   31.82   19.78    2.77 
1964 10	  12.95   25.76   11.29    4.15 
1964 11	 127.05   22.18    9.43    3.99 
1964 12	  27.60   16.01    3.35    4.89 
1965 1	 103.97   16.39    3.22    4.28 
1965 2	 135.00   14.70    2.31    5.16 
1965 3	  68.43   15.77    3.70    4.69 
1965 4	  48.10   26.76   14.74    4.17 
1965 5	 206.95   27.29   18.18    4.60 
1965 6	  71.50   31.41   20.49    3.29 
1965 7	  14.03   35.37   22.21    2.36 
1965 8	  62.90   34.78   20.91    2.30 
1965 9	 112.75   32.03   19.29    3.98 
1965 10	  43.60   25.82   11.83    3.90 
1965 11	  46.67   23.64   11.78    3.75 
1965 12	  70.53   17.01    5.16    4.25 
1966 1	  70.53   11.33    0.74    4.95 
1966 2	  71.50   14.20    2.33    4.52 
1966 3	  43.80   20.60    7.45    4.22 
1966 4	 329.97   25.24   12.49    4.63 
1966 5	  66.55   27.85   16.93    3.62 
1966 6	  26.93   32.05   19.57    2.76 
1966 7	  22.92   35.80   22.90    2.34 
1966 8	 147.40   33.12   20.88    2.46 
1966 9	  90.32   29.67   17.62    2.27 
1966 10	  31.35   25.85   10.48    4.00 
1966 11	  32.83   23.63    8.72    4.07 
1966 12	  64.35   15.52    1.60    4.43 
1967 1	  12.57   15.94    2.11    4.43 
1967 2	  32.60   16.20    1.48    4.18 
1967 3	  48.15   24.99    9.82    4.39 
1967 4	 128.77   27.53   16.18    5.01 
1967 5	 158.45   28.12   15.36    4.69 
1967 6	   9.77   33.33   20.94    3.57 
1967 7	  52.38   34.12   20.92    3.48 
1967 8	  26.70   35.25   20.12    2.33 
1967 9	 213.73   29.07   17.25    3.61 
1967 10	 142.45   26.14   11.50    3.71 
1967 11	  45.38   20.22    7.34    3.92 
1967 12	 136.70   14.88    3.15    4.16 
1968 1	 112.08   11.23    3.30    4.73 
1968 2	  96.62   13.63    1.44    4.21 
1968 3	  76.92   18.41    6.72    4.50 
1968 4	 118.68   24.29   13.02    4.66 
1968 5	 266.30   27.99   16.56    3.94 
1968 6	 127.05   31.02   20.53    3.03 
1968 7	  53.98   32.36   21.31    2.55 
1968 8	  12.57   35.00   21.64    2.75 
1968 9	 105.93   30.33   16.77    3.27 
1968 10	  33.77   26.97   12.80    3.26 
1968 11	 160.48   19.35    5.58    4.58 
1968 12	  60.42   16.12    2.64    4.90 
1969 1	  51.03   15.58    3.95    4.75 
1969 2	  86.33   15.60    4.33    4.66 
1969 3	 137.60   15.72    4.48    4.60 
1969 4	 158.20   24.75   12.93    3.85 
1969 5	 167.90   28.24   16.13    2.83 
1969 6	  24.02   32.94   20.22    3.62 
1969 7	   5.67   37.55   23.41    2.76 
1969 8	  43.92   36.37   22.29    2.63 
1969 9	  62.65   32.36   18.51    2.87 
1969 10	 132.18   26.16   12.81    4.81 
1969 11	  99.60   20.13    5.78    3.89 
1969 12	 126.38   16.56    3.98    3.65 
1970 1	  29.88   11.15   -0.21    4.37 
1970 2	 145.20   15.64    3.25    4.40 
1970 3	  87.45   17.11    5.85    4.38 
1970 4	  63.85   25.36   13.76    4.59 
1970 5	  81.33   28.26   15.69    3.95 
1970 6	  16.88   32.49   19.66    2.90 
1970 7	  37.33   34.94   21.27    2.49 
1970 8	  23.28   36.11   22.23    2.75 
1970 9	 156.03   31.00   20.06    3.71 
1970 10	 212.35   24.01   11.91    4.03 
1970 11	  35.40   19.14    5.19    4.78 
1970 12	  23.00   19.36    6.77    4.04 
1971 1	   5.43   17.85    3.11    4.69 
1971 2	  59.53   17.42    3.52    5.14 
1971 3	  17.40   21.28    6.06    4.43 
1971 4	  51.08   25.30   11.48    4.24 
1971 5	  56.05   28.24   15.93    3.86 
1971 6	  17.07   33.91   21.20    3.39 
1971 7	  90.22   35.37   22.41    2.98 
1971 8	  57.07   31.64   20.82    2.00 
1971 9	 104.72   31.24   19.41    3.39 
1971 10	  98.40   27.10   15.13    3.07 
1971 11	 112.90   20.70    7.45    4.17 
1971 12	 184.10   17.09    7.50    4.07 
1972 1	 116.65   14.89    2.51    4.85 
1972 2	   9.05   17.99    4.29    4.59 
1972 3	  26.85   23.76    9.61    4.29 
1972 4	  53.10   26.61   13.71    4.79 
1972 5	  56.70   29.45   15.97    2.46 
1972 6	 135.30   33.27   20.82    3.51 
1972 7	  27.70   32.84   21.35    3.33 
1972 8	  90.05   34.67   21.45    2.53 
1972 9	  86.10   33.26   20.94    2.45 
1972 10	 210.67   25.66   13.37    3.67 
1972 11	  89.75   15.39    4.90    4.88 
1972 12	  87.75   12.76    0.96    4.39 
1973 1	  96.45   11.42    1.00    5.25 
1973 2	  41.53   14.87    3.58    4.36 
1973 3	 177.60   21.68    9.83    4.54 
1973 4	 200.50   21.22   11.05    4.77 
1973 5	  55.80   27.78   15.20    4.45 
1973 6	 202.07   30.67   19.77    3.42 
1973 7	  76.82   33.65   22.32    2.56 
1973 8	  43.95   33.51   20.29    2.55 
1973 9	 192.97   30.47   19.53    3.13 
1973 10	 177.92   26.80   15.06    3.49 
1973 11	  74.00   23.24   10.72    4.53 
1973 12	  80.25   17.04    2.20    4.70 
1974 1	  98.97   12.83    1.98    3.88 
1974 2	  44.30   18.70    3.96    5.01 
1974 3	  44.20   23.69   11.59    5.04 
1974 4	  66.98   26.23   12.07    5.31 
1974 5	 120.57   29.64   18.80    4.25 
1974 6	  32.67   31.74   19.12    3.36 
1974 7	  20.65   36.15   21.86    2.23 
1974 8	 154.90   33.66   21.47    2.74 
1974 9	 219.43   26.07   16.38    4.29 
1974 10	 104.83   26.85   13.24    4.26 
1974 11	 135.70   18.74    7.24    4.49 
1974 12	  64.05   14.52    3.34    3.97 
1975 1	  52.45   16.70    4.79    4.37 
1975 2	  88.70   15.58    2.83    3.91 
1975 3	  62.88   19.24    6.87    4.99 
1975 4	 137.45   23.75   11.99    5.26 
1975 5	 172.00   28.27   17.08    3.81 
1975 6	  91.78   31.49   20.71    3.41 
1975 7	  44.40   33.77   21.59    2.35 
1975 8	  56.60   34.55   22.02    2.50 
1975 9	  61.83   30.49   17.16    3.12 
1975 10	  74.12   27.54   12.71    3.61 
1975 11	  38.75   21.32    7.14    4.13 
1975 12	  39.90   15.60    3.04    4.28 
1976 1	  46.30   15.48    0.81    4.79 
1976 2	  43.75   21.24    7.52    4.51 
1976 3	 131.40   21.57    9.27    5.01 
1976 4	 165.50   24.72   12.85    4.28 
1976 5	 178.43   26.31   14.33    3.40 
1976 6	 157.45   30.72   19.19    3.24 
1976 7	 104.25   31.74   21.32    2.11 
1976 8	  71.07   34.72   20.52    2.05 
1976 9	 128.27   30.25   17.95    2.57 
1976 10	 129.65   22.07    9.19    4.02 
1976 11	  21.67   16.06    3.76    4.48 
1976 12	  97.40   14.82    1.33    4.13 
1977 1	  69.40    9.10   -2.80    4.66 
1977 2	  85.25   17.78    3.61    4.69 
1977 3	 128.35   21.37    8.69    4.53 
1977 4	 147.30   24.80   12.72    3.81 
1977 5	  27.90   29.27   17.98    3.51 
1977 6	 106.73   33.43   21.51    3.23 
1977 7	  25.55   36.32   23.11    2.46 
1977 8	  72.00   35.13   22.84    3.10 
1977 9	  42.63   33.38   21.28    3.46 
1977 10	  64.65   27.84   13.78    3.39 
1977 11	 114.65   21.33    9.74    3.75 
1977 12	  21.52   16.71    3.26    5.20 
1978 1	  98.73    7.31   -2.60    5.66 
1978 2	  73.82    9.37   -0.73    5.07 
1978 3	 135.28   19.78    5.95    3.95 
1978 4	  28.80   26.04   13.70    4.38 
1978 5	  60.57   29.77   17.56    3.72 
1978 6	   9.32   33.70   20.97    2.60 
1978 7	  27.65   37.64   23.49    2.66 
1978 8	  62.90   35.35   22.41    2.66 
1978 9	 134.45   31.23   20.73    3.59 
1978 10	  48.43   27.29   12.52    3.24 
1978 11	 129.07   20.82    9.35    3.66 
1978 12	  64.75   14.87    2.35    4.77 
1979 1	  81.82    7.06   -1.74    5.36 
1979 2	  70.12   11.87    1.69    4.70 
1979 3	 116.22   20.80    8.75    4.55 
1979 4	 101.30   24.26   12.86    3.68 
1979 5	 189.40   26.84   15.20    3.84 
1979 6	  34.12   31.50   20.00    3.07 
1979 7	  91.00   32.78   22.25    3.05 
1979 8	  38.00   33.11   20.56    2.09 
1979 9	 127.05   30.28   17.02    3.84 
1979 10	  59.85   28.42   12.77    3.80 
1979 11	  18.52   18.82    4.24    4.81 
1979 12	 115.92   16.19    2.67    4.29 
1980 1	  84.08   14.09    3.18    3.72 
1980 2	  45.95   15.61    1.78    4.50 
1980 3	  60.10   20.20    5.78    4.41 
1980 4	  82.25   24.07    9.62    3.82 
1980 5	 110.05   28.70   17.27    3.17 
1980 6	  57.40   34.27   21.53    3.82 
1980 7	  46.80   38.07   22.84    2.19 
1980 8	   3.03   37.20   23.10    3.57 
1980 9	  48.38   34.08   21.00    2.89 
1980 10	  23.33   26.11   11.03    3.81 
1980 11	  78.40   19.20    6.57    4.27 
1980 12	  42.70   16.05    4.02    4.04 
1981 1	  48.55   14.41    1.60    3.86 
1981 2	  47.25   16.03    3.65    4.03 
1981 3	 100.70   19.82    7.56    4.10 
1981 4	  58.57   27.40   15.29    3.92 
1981 5	 217.38   27.11   15.43    4.14 
1981 6	 263.62   31.33   21.18    3.54 
1981 7	  42.68   34.03   22.61    2.68 
1981 8	  28.05   34.87   21.22    2.51 
1981 9	  47.80   30.94   17.29    2.94 
1981 10	 252.90   25.31   13.69    3.69 
1981 11	  36.50   21.64    7.74    3.54 
1981 12	   8.47   15.53    2.67    4.53 
1982 1	  61.50   14.75    0.70    5.09 
1982 2	  48.95   13.89    2.27    4.56 
1982 3	  64.75   21.07   10.46    5.02 
1982 4	 101.82   22.94   11.77    4.47 
1982 5	  90.35   28.15   17.55    3.93 
1982 6	 164.32   32.42   19.78    2.77 
1982 7	  23.25   34.81   22.70    2.75 
1982 8	   7.22   36.96   22.26    2.42 
1982 9	   9.52   33.59   17.28    3.50 
1982 10	 104.27   25.86   12.27    4.27 
1982 11	 153.80   19.21    7.47    4.23 
1982 12	 200.80   16.38    3.92    5.02 
1983 1	  27.55   12.60    1.44    4.12 
1983 2	 120.40   15.04    3.56    4.81 
1983 3	  91.38   19.25    6.49    4.45 
1983 4	   3.60   23.14    9.09    5.06 
1983 5	 188.35   28.05   14.69    3.77 
1983 6	  84.30   30.53   18.61    2.93 
1983 7	  81.18   33.77   21.35    3.12 
1983 8	 145.23   34.86   22.19    1.98 
1983 9	  31.75   31.53   17.37    3.52 
1983 10	  41.05   27.43   12.20    3.33 
1983 11	  93.53   21.38    7.73    4.40 
1983 12	  68.20    9.07   -2.96    5.17 
1984 1	  45.27   12.03   -1.77    4.63 
1984 2	 104.40   18.64    2.53    4.57 
1984 3	 130.33   21.61    7.48    4.21 
1984 4	  28.35   26.50   10.35    4.62 
1984 5	  65.27   30.74   16.17    4.34 
1984 6	  75.35   33.72   20.67    3.26 
1984 7	  20.60   36.12   21.88    2.47 
1984 8	  11.02   36.99   21.86    2.67 
1984 9	  34.95   30.84   17.61    4.41 
1984 10	 207.77   25.80   14.91    3.71 
1984 11	 100.88   19.59    7.15    4.64 
1984 12	  90.88   19.59    8.16    4.77 
1985 1	  43.25   11.72   -1.71    4.47 
1985 2	 121.20   13.95    2.08    4.57 
1985 3	  89.78   22.89   11.11    4.68 
1985 4	  51.40   26.54   13.29    4.32 
1985 5	  44.60   29.21   16.49    3.43 
1985 6	  71.18   33.37   19.70    3.58 
1985 7	 115.65   35.14   21.69    2.54 
1985 8	  14.40   37.44   22.23    2.47 
1985 9	  94.15   32.63   18.37    4.02 
1985 10	 227.10   25.52   15.00    4.89 
1985 11	 173.65   21.03   10.08    4.40 
1985 12	  86.57   14.07   -0.16    4.13 
1986 1	   7.55   17.48    2.55    4.47 
1986 2	 135.70   19.48    6.05    4.54 
1986 3	  27.95   23.47    7.66    3.62 
1986 4	 233.65   25.38   13.86    4.16 
1986 5	 223.95   27.48   16.30    3.71 
1986 6	 149.15   31.86   21.33    2.35 
1986 7	  60.08   35.72   22.83    2.73 
1986 8	  46.95   34.52   21.31    2.50 
1986 9	  70.15   31.98   21.42    2.99 
1986 10	 162.15   25.28   13.33    3.58 
1986 11	 115.20   18.69    8.07    4.44 
1986 12	 117.53   13.13    3.09    4.25 
1987 1	  33.80   14.60    1.56    4.18 
1987 2	 117.02   16.58    5.85    4.65 
1987 3	  84.58   20.64    5.23    4.05 
1987 4	   7.20   27.03    9.63    3.08 
1987 5	 150.65   29.81   17.93    2.94 
1987 6	 111.32   31.63   20.31    3.43 
1987 7	  64.50   33.89   21.67    2.87 
1987 8	  24.67   36.49   23.28    2.82 
1987 9	  70.38   31.88   17.52    2.99 
1987 10	  26.25   26.63   10.36    3.79 
1987 11	 147.32   20.55    7.07    4.37 
1987 12	 172.80   15.24    3.88    4.24 
1988 1	  26.82   12.69    0.24    4.83 
1988 2	  84.55   16.69    2.88    4.38 
1988 3	 129.62   21.14    6.68    4.47 
1988 4	  51.15   26.63   10.58    3.71 
1988 5	  50.10   28.90   14.71    3.33 
1988 6	  42.17   32.64   19.02    2.88 
1988 7	  64.35   34.82   22.03    3.00 
1988 8	  28.68   36.65   22.66    2.54 
1988 9	  66.00   33.06   18.98    3.67 
1988 10	  89.53   25.80   11.97    3.55 
1988 11	  60.75   22.41    7.89    4.93 
1988 12	  88.88   16.78    3.79    4.10 
1989 1	  63.28   16.60    5.59    4.29 
1989 2	  75.95   12.56    2.61    5.55 
1989 3	  93.05   21.08    7.69    4.97 
1989 4	  76.88   26.07   13.05    4.15 
1989 5	 307.47   28.99   18.21    4.21 
1989 6	 160.77   30.38   19.78    3.97 
1989 7	 110.62   32.82   21.72    2.90 
1989 8	  16.75   33.73   21.27    2.50 
1989 9	  17.20   30.66   16.31    3.59 
1989 10	  60.05   27.89   12.39    3.90 
1989 11	  17.83   21.28    8.60    4.42 
1989 12	  16.23   11.71   -2.36    4.80 
1990 1	 126.57   18.20    5.36    4.14 
1990 2	  79.73   19.61    6.18    4.98 
1990 3	 194.30   20.67    9.69    4.54 
1990 4	  92.48   24.72   12.45    4.36 
1990 5	 227.60   28.41   17.13    4.50 
1990 6	  17.20   33.88   22.00    3.35 
1990 7	  68.52   34.21   21.13    2.53 
1990 8	  68.75   35.61   22.04    2.42 
1990 9	 144.02   32.36   20.21    2.18 
1990 10	 170.70   26.12   11.52    3.68 
1990 11	 137.23   22.18    9.23    4.13 
1990 12	  90.30   14.75    2.19    4.34 
1991 1	 143.12   11.72    2.12    4.50 
1991 2	 118.30   18.50    4.95    4.22 
1991 3	  72.12   22.75    8.92    4.84 
1991 4	 169.33   25.78   14.27    4.20 
1991 5	  97.43   28.94   18.39    4.26 
1991 6	  97.43   32.38   20.94    2.95 
1991 7	  49.05   34.62   21.83    2.44 
1991 8	 164.90   32.80   21.29    1.95 
1991 9	  36.95   29.62   17.97    3.29 
1991 10	 114.38   27.63   13.30    3.51 
1991 11	  95.75   17.08    5.06    4.97 
1991 12	 228.23   14.76    5.09    4.61 
1992 1	  72.53   13.41    3.35    3.89 
1992 2	 147.42   18.50    6.33    4.21 
1992 3	  90.43   22.27    8.86    4.12 
1992 4	  39.92   24.62   13.36    3.35 
1992 5	  89.95   26.81   16.26    3.04 
1992 6	  61.65   31.58   21.13    2.73 
1992 7	  64.30   33.59   22.83    3.68 
1992 8	  23.15   32.45   19.45    2.62 
1992 9	  62.83   31.39   18.27    3.76 
1992 10	 120.62   27.99   12.67    3.53 
1992 11	 105.10   17.63    5.98    4.40 
1992 12	 105.62   14.90    4.75    3.76 
1993 1	 144.30   12.98    2.47    4.14 
1993 2	  96.73   15.70    3.68    4.47 
1993 3	 116.42   18.51    6.74    4.16 
1993 4	 109.12   21.82   10.24    4.53 
1993 5	  53.70   26.83   16.42    3.79 
1993 6	 123.85   31.22   21.64    4.21 
1993 7	   0.05   34.15   23.53    3.30 
1993 8	  15.35   36.21   23.37    2.54 
1993 9	  77.90   32.19   17.65    3.07 
1993 10	 102.35   24.21   12.64    4.03 
1993 11	  64.08   16.89    4.61    4.49 
1993 12	  49.87   15.76    4.17    4.50 
1994 1	  46.05   14.41    2.85    4.87 
1994 2	 161.40   16.35    3.11    4.15 
1994 3	  80.38   21.52    8.78    3.69 
1994 4	  22.82   25.64   12.25    4.03 
1994 5	 169.35   26.67   16.58    3.33 
1994 6	  67.45   32.27   21.81    3.35 
1994 7	  85.75   34.44   22.42    3.36 
1994 8	 157.77   33.85   21.60    2.20 
1994 9	  43.77   30.89   17.18    2.60 
1994 10	 404.12   25.58   13.97    4.06 
1994 11	 116.92   21.05    9.93    4.50 
1994 12	 166.60   15.85    5.40    4.03 
1995 1	 134.00   15.36    3.84    4.76 
1995 2	  66.60   18.84    5.02    3.99 
1995 3	 124.60   19.60    9.06    4.55 
1995 4	 142.18   24.27   11.76    4.47 
1995 5	 193.75   28.03   17.76    4.20 
1995 6	  64.10   31.40   19.20    2.95 
1995 7	 142.20   34.52   22.76    3.09 
1995 8	  68.70   34.65   22.91    2.16 
1995 9	 103.97   31.11   18.97    2.73 
1995 10	   7.92   27.25   11.70    4.43 
1995 11	  18.08   20.75    6.50    4.53 
1995 12	  60.95   15.67    5.05    4.77 
1996 1	  30.35   15.49    0.94    4.90 
1996 2	   4.97   19.40    5.55    5.21 
1996 3	  23.45   19.61    4.66    4.84 
1996 4	  55.12   26.19   10.61    4.60 
1996 5	  15.85   31.38   20.64    4.68 
1996 6	  66.35   33.92   21.11    2.92 
1996 7	 105.20   36.07   23.99    2.86 
1996 8	 227.90   32.94   22.30    2.62 
1996 9	  73.28   29.61   17.88    2.63 
1996 10	  43.45   26.57   13.00    4.53 
1996 11	 155.80   19.08    7.97    4.74 
1996 12	  62.73   17.24    4.94    4.36 
1997 1	  73.93   13.40    2.33    5.09 
1997 2	 250.92   15.63    5.62    4.71 
1997 3	  98.95   22.04    9.20    3.87 
1997 4	 185.47   21.81   10.26    4.81 
1997 5	  75.80   27.12   15.67    3.35 
1997 6	 174.70   30.56   20.08    2.78 
1997 7	  16.42   34.75   23.03    1.87 
1997 8	 120.75   33.58   21.93    2.66 
1997 9	  39.57   33.25   19.71    2.81 
1997 10	 106.48   25.94   14.10    4.47 
1997 11	  84.63   17.45    6.06    4.25 
1997 12	 123.85   14.49    2.48    4.48 
1998 1	 218.38   16.33    5.35    4.06 
1998 2	 105.70   17.30    5.22    4.12 
1998 3	 102.07   19.47    7.30    5.13 
1998 4	  48.25   24.46   10.64    4.22 
1998 5	   1.08   32.16   18.97    3.64 
1998 6	  60.02   35.95   23.35    5.04 
1998 7	  36.03   38.62   25.25    3.32 
1998 8	  34.75   36.13   23.50    1.97 
1998 9	 168.15   33.35   22.22    4.56 
1998 10	 225.85   26.37   15.47    4.37 
1998 11	 188.35   19.99   10.70    3.83 
1998 12	 107.72   15.07    4.66    4.59 
1999 1	 176.98   17.58    5.04    5.04 
1999 2	  13.97   20.82    7.61    4.14 
1999 3	  64.27   19.97    8.46    4.42 
1999 4	  75.50   25.94   14.06    4.91 
1999 5	 142.45   28.23   16.88    3.34 
1999 6	 148.10   30.88   21.62    3.50 
1999 7	  35.55   33.98   22.72    2.45 
1999 8	   4.30   38.01   22.95    2.25 
1999 9	  27.42   32.97   17.86    3.46 
1999 10	  48.05   27.92   11.61    3.65 
1999 11	  15.77   23.88    8.23    3.41 
1999 12	  89.03   17.77    2.88    4.73 
2000 1	  62.20   16.96    4.47    4.90 
2000 2	  68.43   21.65    7.13    4.54 
2000 3	  90.65   23.25   10.03    3.98 
2000 4	 107.65   24.61   11.89    3.88 
2000 5	 189.30   29.54   18.79    4.14 
2000 6	 166.23   30.64   21.56    3.57 
2000 7	   1.82   35.93   22.85    2.73 
2000 8	   6.88   37.93   22.98    2.10 
2000 9	  26.00   34.07   18.29    3.71 
2000 10	  93.72   26.63   15.42    4.08 
2000 11	 303.57   16.48    6.36    4.46 
2000 12	 154.73   10.85    0.40    4.74 
2001 1	 109.40   12.83    0.70    4.32 
2001 2	 146.45   17.93    5.84    4.26 
2001 3	 195.02   17.08    6.23    3.82 
2001 4	  15.90   26.04   14.50    4.76 
2001 5	 113.47   29.18   17.61    3.57 
2001 6	 118.28   31.20   20.35    2.86 
2001 7	   2.40   34.93   23.61    2.35 
2001 8	 109.43   35.14   23.03    2.81 
2001 9	 125.05   29.54   18.48    3.53 
2001 10	  72.85   25.41   11.00    4.03 
2001 11	  66.10   21.70    9.93    3.39 
2001 12	 176.85   16.88    4.69    4.09 
2002 1	  47.50   15.94    2.77    4.13 
2002 2	  77.72   15.53    1.68    4.52 
2002 3	 118.70   19.38    6.73    4.83 
2002 4	  43.48   25.90   15.89    4.41 
2002 5	 105.40   28.71   17.28    4.66 
2002 6	 113.67   31.57   20.42    3.11 
2002 7	  84.47   32.73   22.78    2.70 
2002 8	  43.15   34.87   22.23    2.75 
2002 9	  31.28   32.04   18.89    4.29 
2002 10	 140.83   23.40   14.17    3.30 
2002 11	  63.45   18.86    5.40    4.33 
2002 12	 187.15   15.32    3.58    4.81 
2003 1	  17.35   13.73    1.30    4.35 
2003 2	 199.35   13.48    3.80    4.51 
2003 3	  29.85   19.67    7.15    3.31 
2003 4	  29.42   25.69   11.79    4.10 
2003 5	  68.22   29.34   18.60    4.10 
2003 6	 147.23   31.10   20.38    2.68 
2003 7	  61.35   34.04   22.61    2.81 
2003 8	  50.25   35.38   22.65    2.43 
2003 9	  78.50   29.75   17.45    3.08 
2003 10	  91.20   27.02   13.23    3.29 
2003 11	  57.42   21.00   10.01    4.53 
2003 12	  66.02   17.05    1.67    4.56 
2004 1	  45.52   15.49    3.66    4.51 
2004 2	 135.50   13.51    2.20    4.55 
2004 3	  53.25   22.86   10.35    3.91 
2004 4	 233.73   24.75   12.42    4.17 
2004 5	  31.42   28.28   18.10    4.22 
2004 6	 238.05   30.57   20.97    2.92 
2004 7	  86.88   32.95   21.96    2.30 
2004 8	 106.40   32.58   20.67    2.99 
2004 9	  32.88   31.52   17.53    3.22 
2004 10	 165.05   28.09   17.71    3.85 
2004 11	 173.40   19.37   10.00    4.31 
2004 12	  46.75   15.75    2.30    4.55 
2005 1	  92.45   16.32    5.28    4.41 
2005 2	  91.78   16.62    6.52    4.19 
2005 3	  61.33   20.31    6.93    3.82 
2005 4	  37.47   24.83   10.94    4.24 
2005 5	  81.50   27.93   15.78    3.18 
2005 6	   4.38   33.47   21.36    2.62 
2005 7	  88.45   34.12   22.08    2.54 
2005 8	 104.23   34.73   22.43    2.22 
2005 9	  49.47   34.86   19.95    3.28 
2005 10	  37.08   27.32   11.46    4.03 
2005 11	  10.30   23.10    8.30    4.40 
2005 12	   8.88   16.25    0.38    4.43 
2006 1	 101.15   20.48    3.66    4.46 
2006 2	  82.35   15.82    2.87    4.40 
2006 3	 129.73   22.11    9.87    4.79 
2006 4	  73.25   27.47   15.26    4.30 
2006 5	  41.18   29.52   17.62    3.62 
2006 6	  56.00   33.29   19.77    2.17 
2006 7	  24.77   35.01   22.82    2.33 
2006 8	  10.00   37.38   23.70    2.49 
2006 9	  33.58   32.14   17.12    3.11 
2006 10	 114.20   27.03   12.11    4.07 
2006 11	  87.52   21.28    7.11    4.16 
2006 12	 109.00   16.06    3.82    4.68 
2007 1	 259.80   11.47    0.72    4.73 
2007 2	  27.00   14.88    2.12    4.11 
2007 3	 167.30   23.05   11.17    3.95 
2007 4	  82.17   21.92    9.58    4.09 
2007 5	 230.70   27.14   17.66    3.79 
2007 6	 173.35   30.21   21.14    2.92 
2007 7	 262.77   30.49   21.96    2.84 
2007 8	  87.53   33.83   23.01    2.28 
2007 9	  32.55   31.39   19.97    2.57 
2007 10	  67.08   27.30   13.32    3.94 
2007 11	  50.15   21.29    9.43    3.75 
2007 12	  74.28   17.05    3.10    3.62 
2008 1	  42.95   13.63    0.88    4.94 
2008 2	  49.45   19.35    4.04    4.41 
2008 3	 161.58   21.69    8.36    5.13 
2008 4	 116.60   24.44   11.42    4.22 
2008 5	 179.67   28.21   17.13    4.34 
2008 6	  59.33   33.53   22.41    3.62 
2008 7	  10.65   35.86   22.78    2.86 
2008 8	 143.80   33.95   22.93    2.64 
2008 9	  98.88   29.36   17.31    4.25 
2008 10	  65.88   26.54   11.03    3.41 
2008 11	  71.85   20.62    6.85    3.78 
2008 12	  28.82   15.75    1.41    5.08 
2009 1	  37.95   15.54    1.06    4.21 
2009 2	  29.30   20.55    5.51    4.90 
2009 3	 173.97   20.41    8.32    4.32 
2009 4	 137.15   23.32   10.29    4.94 
2009 5	  34.98   28.02   16.81    3.59 
2009 6	  68.28   34.11   21.86    3.09 
2009 7	 105.55   35.12   23.49    2.55 
2009 8	  59.68   35.13   22.47    2.20 
2009 9	 159.85   29.03   18.89    2.69 
2009 10	 327.85   23.06   11.43    4.28 
2009 11	  57.20   21.43    8.07    3.83 
2009 12	  67.45   11.01    0.80    4.66 
2010 1	  65.28   11.55    0.20    4.42 
2010 2	 113.13   10.45    0.24    4.50 
2010 3	 101.70   18.53    5.67    3.91 
2010 4	  42.03   25.03   11.64    4.21 
2010 5	  16.23   30.46   18.39    3.39 
2010 6	 191.05   33.42   23.22    2.72 
2010 7	  66.82   33.78   23.69    2.99 
2010 8	  17.58   37.22   23.94    2.58 
2010 9	  48.10   31.74   20.12    3.23 
2010 10	  52.05   27.68   10.89    3.46 
2010 11	  66.18   20.86    7.71    4.59 
2010 12	  27.90   14.53    1.55    4.91 
