1949 1	 146.17   14.18    2.29    5.70 
1949 2	 108.62   18.43    7.56    5.05 
1949 3	  82.97   22.21    9.28    5.52 
1949 4	 218.28   23.68   12.25    5.26 
1949 5	  27.77   31.73   19.76    4.55 
1949 6	 144.40   33.81   21.50    3.88 
1949 7	  64.53   35.03   22.92    3.36 
1949 8	  56.65   35.27   21.20    3.01 
1949 9	 106.18   33.17   20.10    3.70 
1949 10	 172.90   26.79   16.16    5.04 
1949 11	   1.20   24.96    7.60    4.66 
1949 12	 144.75   18.25    7.26    6.25 
1950 1	  39.78   19.15    8.74    6.16 
1950 2	 104.75   19.25    8.31    4.53 
1950 3	  25.65   21.78    8.13    5.57 
1950 4	 136.80   24.78   13.04    5.57 
1950 5	  90.95   30.19   19.37    4.77 
1950 6	 137.93   32.40   21.21    3.96 
1950 7	  91.23   34.92   22.42    4.26 
1950 8	   5.47   36.30   21.61    3.24 
1950 9	 113.20   31.94   19.30    3.41 
1950 10	   6.85   30.69   15.01    4.69 
1950 11	   1.30   23.82    7.41    5.65 
1950 12	   0.88   20.04    4.37    4.99 
1951 1	  20.02   18.44    3.05    6.29 
1951 2	  55.20   18.13    5.47    6.20 
1951 3	  99.50   23.73    9.88    5.34 
1951 4	  18.40   27.13   12.26    5.24 
1951 5	  66.28   30.04   17.52    4.53 
1951 6	  67.67   33.73   22.20    5.15 
1951 7	   3.70   37.60   23.24    3.57 
1951 8	   5.88   38.62   23.21    3.19 
1951 9	 127.03   32.73   20.05    3.97 
1951 10	  54.02   28.76   15.53    4.43 
1951 11	  47.78   20.06    7.16    6.01 
1951 12	  33.20   19.09    5.69    6.25 
1952 1	  21.85   21.12    9.00    5.86 
1952 2	  43.80   20.12    7.77    5.68 
1952 3	  48.83   21.57    8.05    5.44 
1952 4	  78.83   24.34   11.19    4.81 
1952 5	  96.95   29.10   15.89    3.73 
1952 6	   8.07   33.48   21.57    3.81 
1952 7	  82.15   34.86   22.53    3.08 
1952 8	   0.00   37.28   23.03    3.58 
1952 9	  61.00   33.41   18.08    4.63 
1952 10	   0.00   27.70    8.81    4.50 
1952 11	 168.85   20.79    8.05    5.69 
1952 12	 125.25   15.94    4.41    4.93 
1953 1	  30.12   19.90    5.45    6.10 
1953 2	  61.87   17.36    5.68    5.41 
1953 3	  65.32   24.79   13.08    4.94 
1953 4	 123.73   25.79   12.29    5.07 
1953 5	 134.45   29.53   18.18    4.46 
1953 6	  68.67   35.51   22.30    3.47 
1953 7	  42.05   34.59   23.00    3.33 
1953 8	  43.65   35.18   22.43    2.51 
1953 9	  73.35   32.78   18.43    3.67 
1953 10	 139.08   28.57   14.35    4.38 
1953 11	  19.27   20.65    7.74    4.71 
1953 12	  51.48   14.64    3.36    5.72 
1954 1	  35.85   17.44    5.00    5.23 
1954 2	  25.52   22.98    6.47    5.01 
1954 3	   3.67   21.67    8.36    5.86 
1954 4	 110.35   27.50   16.20    5.16 
1954 5	  79.17   28.26   16.31    4.60 
1954 6	  18.98   34.73   21.30    4.32 
1954 7	 110.98   37.33   22.87    3.45 
1954 8	  11.40   36.40   22.50    4.00 
1954 9	  43.50   35.43   19.57    4.32 
1954 10	  25.88   29.04   15.88    4.97 
1954 11	  50.72   22.12    7.09    5.13 
1954 12	  38.97   19.62    5.85    5.13 
1955 1	  58.15   16.00    5.27    5.00 
1955 2	 120.90   17.47    6.25    5.86 
1955 3	  15.50   23.90   10.64    5.91 
1955 4	  40.65   28.04   15.37    4.97 
1955 5	  39.67   31.97   18.92    4.81 
1955 6	  57.65   32.70   19.58    3.80 
1955 7	  43.33   35.88   22.16    3.91 
1955 8	  87.50   35.16   21.95    2.78 
1955 9	   7.20   33.99   20.70    4.37 
1955 10	   8.60   29.77   12.84    4.81 
1955 11	  75.67   22.04    7.95    6.54 
1955 12	   3.25   17.77    4.31    5.43 
1956 1	  72.75   16.95    3.43    5.24 
1956 2	  82.58   18.82    6.49    5.57 
1956 3	  37.35   21.81    8.24    4.71 
1956 4	  66.47   25.19   12.74    5.33 
1956 5	  72.65   31.53   19.01    4.30 
1956 6	  71.92   34.37   20.81    3.75 
1956 7	  25.77   37.17   22.43    4.04 
1956 8	  28.38   36.51   22.16    3.56 
1956 9	  17.80   34.85   19.05    4.15 
1956 10	  21.65   30.87   14.73    3.91 
1956 11	  29.75   20.93    6.79    5.26 
1956 12	  72.62   20.10    5.40    5.02 
1957 1	  33.45   15.80    4.48    5.08 
1957 2	  64.47   20.55    9.93    4.18 
1957 3	 161.23   20.97    8.27    4.66 
1957 4	 242.72   23.98   12.97    5.71 
1957 5	 143.42   29.08   18.94    5.34 
1957 6	 109.30   32.10   21.11    4.27 
1957 7	   7.67   36.66   22.97    2.79 
1957 8	   2.62   36.43   21.99    3.78 
1957 9	 230.40   31.47   18.30    4.14 
1957 10	 204.40   24.57   12.39    5.03 
1957 11	 124.90   20.01    8.48    5.82 
1957 12	  41.93   20.14    6.23    5.61 
1958 1	  77.05   15.31    2.65    6.37 
1958 2	 102.78   14.57    3.61    5.90 
1958 3	  44.60   18.93    6.57    5.27 
1958 4	  70.93   25.53   13.01    4.54 
1958 5	  61.62   30.43   18.19    3.41 
1958 6	  25.38   35.07   21.89    4.10 
1958 7	 139.80   35.96   22.98    4.04 
1958 8	  31.48   37.03   22.87    3.00 
1958 9	 308.68   31.65   21.33    4.17 
1958 10	  58.37   25.37   15.03    5.46 
1958 11	  60.00   22.22    9.55    4.63 
1958 12	  55.20   15.73    2.95    4.97 
1959 1	  27.62   14.87    2.21    5.71 
1959 2	  65.17   16.73    6.80    5.44 
1959 3	  37.00   22.23    7.20    5.49 
1959 4	 167.65   23.64   12.39    5.21 
1959 5	  85.03   30.52   19.60    4.55 
1959 6	  76.33   33.38   21.51    3.83 
1959 7	  21.22   35.05   22.34    2.51 
1959 8	  70.05   34.26   22.30    3.01 
1959 9	 127.50   32.45   20.84    4.33 
1959 10	 132.15   27.62   14.58    4.47 
1959 11	  46.45   18.83    4.74    5.73 
1959 12	  82.90   17.74    5.90    5.52 
1960 1	  67.58   14.52    4.55    5.41 
1960 2	  97.47   14.84    2.27    6.07 
1960 3	  17.92   17.81    6.52    5.07 
1960 4	 131.32   26.96   15.08    5.33 
1960 5	  20.85   28.80   16.94    4.90 
1960 6	 188.62   34.69   21.41    3.90 
1960 7	  47.52   34.50   23.05    2.66 
1960 8	 118.03   33.54   22.79    3.66 
1960 9	  28.12   32.70   19.02    3.52 
1960 10	 199.62   28.35   16.11    4.02 
1960 11	 130.62   21.87   10.44    5.09 
1960 12	 128.60   14.61    4.23    5.19 
1961 1	  65.15   13.29    1.70    5.47 
1961 2	 110.80   18.84    6.18    4.95 
1961 3	 101.32   23.89   11.06    5.60 
1961 4	  76.22   25.58   11.46    5.32 
1961 5	  47.47   30.42   17.57    5.28 
1961 6	 267.23   31.46   20.55    3.99 
1961 7	 115.40   32.56   22.01    3.52 
1961 8	  61.20   33.90   20.77    2.68 
1961 9	 268.70   31.62   20.08    5.69 
1961 10	  59.12   27.56   13.73    4.96 
1961 11	  98.85   19.76    7.87    5.76 
1961 12	  58.12   16.86    5.44    4.88 
1962 1	  64.47   13.87    0.14    6.05 
1962 2	  29.27   23.15    8.98    5.52 
1962 3	  18.73   20.56    7.04    5.36 
1962 4	  92.90   25.58   13.89    5.52 
1962 5	  60.35   30.39   18.49    5.46 
1962 6	 176.92   32.21   21.03    3.25 
1962 7	   1.12   35.66   22.80    2.77 
1962 8	   3.67   38.40   22.92    2.80 
1962 9	 224.30   32.81   20.42    3.54 
1962 10	  98.17   29.13   17.11    4.62 
1962 11	  91.65   21.40    8.97    5.64 
1962 12	  95.47   16.67    5.20    4.69 
1963 1	  31.00   12.67    0.35    5.59 
1963 2	  74.58   18.63    3.13    5.98 
1963 3	  15.42   25.07   10.78    5.26 
1963 4	  87.05   28.84   16.88    5.87 
1963 5	  33.85   31.43   19.15    4.40 
1963 6	  69.78   34.41   21.71    3.79 
1963 7	   0.32   36.35   22.90    3.95 
1963 8	   4.75   37.77   22.83    2.78 
1963 9	  60.60   33.76   20.49    3.47 
1963 10	   0.10   31.65   15.90    3.85 
1963 11	  86.43   22.96   10.79    5.71 
1963 12	  72.20   13.41    1.65    6.06 
1964 1	  75.72   17.31    4.06    5.18 
1964 2	  54.20   15.40    2.86    5.03 
1964 3	  73.50   21.95    8.76    5.39 
1964 4	  62.08   26.75   15.50    5.89 
1964 5	  54.27   30.23   19.05    4.52 
1964 6	  61.93   32.60   21.42    4.09 
1964 7	  17.05   35.95   22.62    3.54 
1964 8	  14.43   36.63   23.57    3.60 
1964 9	 137.88   32.37   20.68    3.71 
1964 10	  53.98   26.10   12.59    5.18 
1964 11	  65.43   23.30   11.36    5.19 
1964 12	  47.85   18.60    5.83    5.99 
1965 1	  72.68   19.16    5.98    5.27 
1965 2	 183.03   16.39    4.79    6.13 
1965 3	  38.30   19.23    6.53    6.08 
1965 4	  52.52   27.29   16.62    5.36 
1965 5	 341.58   28.47   19.57    5.74 
1965 6	  42.35   32.24   21.39    4.13 
1965 7	  17.17   35.23   22.35    2.75 
1965 8	 102.25   35.23   22.14    2.78 
1965 9	  66.98   33.00   20.83    4.61 
1965 10	 104.75   25.66   13.22    4.74 
1965 11	 146.22   23.99   13.75    4.38 
1965 12	 165.20   18.73    7.47    5.40 
1966 1	  69.52   12.98    2.54    5.99 
1966 2	 114.48   15.66    3.73    5.50 
1966 3	  36.20   21.53    9.35    5.11 
1966 4	  98.60   26.22   14.77    5.47 
1966 5	 112.45   27.89   17.99    4.26 
1966 6	  80.70   31.93   20.18    3.46 
1966 7	  28.45   34.70   22.56    2.86 
1966 8	 100.77   33.86   22.31    3.31 
1966 9	 142.65   31.42   19.45    2.53 
1966 10	  18.30   27.34   11.73    4.93 
1966 11	   1.80   25.07   10.66    5.32 
1966 12	  37.35   18.38    3.69    5.48 
1967 1	  11.50   17.62    4.34    5.50 
1967 2	  35.58   18.55    4.16    5.49 
1967 3	  54.03   26.02   11.95    5.16 
1967 4	 112.22   29.57   18.22    6.20 
1967 5	 137.73   29.74   18.37    5.87 
1967 6	   0.00   34.16   21.37    4.59 
1967 7	  29.88   35.09   21.91    4.22 
1967 8	  71.62   34.47   21.32    3.04 
1967 9	 158.10   30.52   19.37    4.69 
1967 10	  95.07   27.17   12.79    4.75 
1967 11	  35.05   21.81    9.20    4.86 
1967 12	  37.55   16.64    4.07    5.13 
1968 1	 181.38   13.24    4.15    5.66 
1968 2	  47.95   14.96    3.02    5.03 
1968 3	  61.03   19.77    7.85    5.73 
1968 4	  76.33   25.16   14.72    5.84 
1968 5	 183.60   28.86   18.03    4.98 
1968 6	 238.43   30.64   21.10    3.94 
1968 7	  98.65   32.62   21.70    3.52 
1968 8	   9.77   35.05   21.92    3.70 
1968 9	 251.00   30.56   18.53    4.33 
1968 10	  19.15   28.33   14.99    4.41 
1968 11	 188.10   20.47    6.87    5.70 
1968 12	  46.38   17.10    4.04    6.13 
1969 1	  38.90   16.56    5.44    5.71 
1969 2	 117.82   16.72    5.96    5.71 
1969 3	 118.88   17.38    6.45    5.54 
1969 4	 129.62   25.63   14.61    4.81 
1969 5	  45.88   28.10   17.03    4.10 
1969 6	  28.40   32.45   20.99    4.64 
1969 7	   8.22   36.56   23.82    3.62 
1969 8	  65.75   35.86   23.28    3.35 
1969 9	  93.25   31.91   19.52    3.94 
1969 10	  75.47   26.95   14.20    6.25 
1969 11	  78.95   21.09    7.51    5.29 
1969 12	 109.10   18.76    5.89    4.56 
1970 1	  70.88   12.05    1.25    5.53 
1970 2	 106.22   17.02    5.00    5.70 
1970 3	 102.18   18.76    7.44    5.24 
1970 4	  70.32   25.72   15.24    5.72 
1970 5	 309.55   27.45   16.44    5.34 
1970 6	   3.72   31.46   20.56    3.73 
1970 7	  35.15   34.17   22.34    3.08 
1970 8	  32.75   35.69   22.84    3.42 
1970 9	 130.82   30.65   20.95    5.10 
1970 10	  91.60   25.19   12.88    5.39 
1970 11	   5.12   20.97    6.15    5.81 
1970 12	  16.92   21.48    8.76    5.20 
1971 1	   1.90   19.22    4.76    5.79 
1971 2	  51.95   19.44    5.13    6.32 
1971 3	   2.45   23.42    7.51    5.50 
1971 4	  23.55   26.36   12.77    5.34 
1971 5	  41.15   29.33   17.32    5.18 
1971 6	  78.73   33.91   21.91    4.32 
1971 7	  30.30   36.19   22.91    3.68 
1971 8	  91.95   32.98   21.58    2.82 
1971 9	  61.75   31.07   20.39    4.18 
1971 10	  91.48   27.64   15.74    4.28 
1971 11	  73.30   22.35    8.77    5.18 
1971 12	 101.97   18.66    8.62    4.98 
1972 1	  31.60   17.25    4.11    5.90 
1972 2	  11.02   19.07    4.99    5.60 
1972 3	  26.45   25.01   11.48    5.28 
1972 4	  43.20   28.25   15.35    5.72 
1972 5	 141.90   28.64   17.37    3.43 
1972 6	 127.97   32.63   21.36    4.65 
1972 7	  62.27   32.83   21.92    4.30 
1972 8	 112.80   33.87   21.68    3.38 
1972 9	  71.90   33.21   21.66    3.32 
1972 10	  91.30   26.99   14.57    4.85 
1972 11	  63.00   16.98    5.87    5.95 
1972 12	  44.75   14.18    1.85    5.72 
1973 1	 143.83   12.65    1.24    6.32 
1973 2	  84.30   15.61    4.06    5.60 
1973 3	 121.80   23.20   11.34    5.15 
1973 4	 105.53   22.16   12.30    6.00 
1973 5	  63.80   28.61   16.61    5.46 
1973 6	 267.25   30.62   20.76    4.51 
1973 7	  81.62   33.97   22.69    3.38 
1973 8	  35.30   33.09   20.89    3.41 
1973 9	 205.57   31.16   20.35    3.58 
1973 10	 219.22   27.50   15.80    4.74 
1973 11	  42.55   24.52   12.08    5.78 
1973 12	  47.25   18.60    3.66    5.95 
1974 1	 112.40   14.21    3.37    4.67 
1974 2	   4.90   20.17    4.87    6.03 
1974 3	  73.03   24.79   12.85    5.89 
1974 4	  66.05   26.33   13.10    6.49 
1974 5	 111.98   30.34   18.90    5.05 
1974 6	  49.73   32.33   20.23    4.28 
1974 7	  55.13   34.92   21.85    2.83 
1974 8	 263.95   32.43   22.20    3.51 
1974 9	 248.80   27.30   17.20    5.48 
1974 10	  93.78   27.14   14.06    5.60 
1974 11	 164.70   19.72    8.47    5.37 
1974 12	  64.72   16.24    4.46    4.85 
1975 1	  52.12   17.98    5.81    5.29 
1975 2	  65.65   17.33    3.84    4.81 
1975 3	  29.77   21.92    8.32    5.71 
1975 4	 101.60   24.76   13.74    6.21 
1975 5	 249.03   28.78   18.44    4.76 
1975 6	 153.12   31.42   21.81    4.45 
1975 7	 134.88   32.93   22.24    3.09 
1975 8	  91.47   33.22   22.16    3.47 
1975 9	  87.30   30.16   17.60    4.00 
1975 10	  65.15   27.67   13.30    4.81 
1975 11	  34.38   22.71    8.66    5.31 
1975 12	  47.80   16.99    4.26    5.56 
1976 1	  44.52   17.00    1.62    5.83 
1976 2	  32.55   22.15    8.63    5.63 
1976 3	  81.02   22.30   10.52    6.12 
1976 4	 195.00   25.32   14.53    5.44 
1976 5	 186.02   26.92   16.00    4.12 
1976 6	  52.00   31.48   20.36    4.38 
1976 7	  98.42   31.76   22.12    3.36 
1976 8	  78.38   35.05   21.65    2.61 
1976 9	 122.65   31.29   19.18    3.26 
1976 10	 160.47   22.05   10.02    4.91 
1976 11	  84.17   16.53    5.23    5.93 
1976 12	 152.50   15.32    2.66    5.29 
1977 1	  45.12   10.55   -0.84    5.61 
1977 2	  71.98   18.45    5.02    5.65 
1977 3	  43.20   22.58   10.06    5.40 
1977 4	 182.00   25.11   13.46    4.69 
1977 5	  45.48   29.16   19.00    4.35 
1977 6	  44.50   33.32   22.22    4.03 
1977 7	   6.00   35.53   23.23    3.29 
1977 8	   5.67   36.16   23.71    3.74 
1977 9	 115.35   34.17   21.97    4.00 
1977 10	  45.22   28.89   14.59    4.14 
1977 11	  70.43   22.71   10.47    4.89 
1977 12	  32.72   18.27    4.67    6.12 
1978 1	 129.20    9.56   -0.48    6.73 
1978 2	  92.47   11.23    0.87    5.74 
1978 3	  39.65   21.11    7.10    4.71 
1978 4	  29.05   26.11   15.05    5.24 
1978 5	  85.82   31.08   19.17    4.55 
1978 6	 158.55   33.04   21.37    3.51 
1978 7	  14.55   36.37   23.41    3.33 
1978 8	  53.55   35.47   22.99    3.58 
1978 9	 151.72   30.64   21.01    4.71 
1978 10	  21.78   27.66   13.57    4.40 
1978 11	 148.50   21.19   11.07    4.96 
1978 12	  64.40   16.25    3.56    6.01 
1979 1	  87.35    9.60   -0.44    6.55 
1979 2	  78.83   13.89    3.78    5.63 
1979 3	 113.80   22.17   10.56    5.47 
1979 4	  83.85   24.68   14.63    4.51 
1979 5	 181.48   27.01   16.49    4.92 
1979 6	  99.08   31.71   21.30    3.96 
1979 7	 100.23   33.38   23.04    3.92 
1979 8	  27.62   33.80   21.98    3.04 
1979 9	  74.75   30.39   18.18    4.86 
1979 10	  36.72   29.31   15.00    4.54 
1979 11	  43.15   19.99    5.58    6.36 
1979 12	  83.00   17.53    3.87    5.48 
1980 1	  99.52   15.79    5.16    4.78 
1980 2	  52.67   16.62    3.72    5.57 
1980 3	  74.38   21.18    7.62    5.18 
1980 4	  70.43   24.47   11.19    4.92 
1980 5	 128.05   28.57   18.23    4.05 
1980 6	  11.73   34.41   22.72    4.68 
1980 7	  12.32   37.74   23.87    2.63 
1980 8	   0.95   36.62   23.45    4.61 
1980 9	 103.20   33.93   22.14    3.51 
1980 10	  67.85   26.56   12.26    5.01 
1980 11	  81.72   20.06    7.86    5.23 
1980 12	  15.72   17.46    5.75    4.87 
1981 1	  56.48   16.09    3.10    4.92 
1981 2	  36.67   17.47    5.53    5.27 
1981 3	  36.40   20.73    9.07    5.09 
1981 4	  26.48   27.41   16.73    5.07 
1981 5	 124.92   28.47   17.35    4.86 
1981 6	 180.92   31.76   22.41    4.51 
1981 7	  44.62   33.85   23.23    3.49 
1981 8	  57.92   35.28   22.43    3.18 
1981 9	  19.50   31.65   18.43    4.02 
1981 10	 214.58   27.14   15.70    4.79 
1981 11	  26.70   23.10   10.41    4.76 
1981 12	  15.08   17.57    4.38    5.52 
1982 1	  20.45   16.59    2.47    6.28 
1982 2	  26.77   15.51    3.65    5.51 
1982 3	  57.65   21.80   12.02    5.99 
1982 4	  86.10   24.26   13.64    5.52 
1982 5	 200.97   28.73   18.78    5.03 
1982 6	  87.70   33.27   21.57    3.74 
1982 7	   2.95   36.19   23.81    3.63 
1982 8	  17.70   36.39   23.50    3.19 
1982 9	  50.85   33.58   19.15    4.45 
1982 10	 123.32   26.39   14.07    5.24 
1982 11	  97.87   20.09   10.19    5.13 
1982 12	 111.15   17.28    5.71    6.02 
1983 1	  80.30   13.81    3.23    4.81 
1983 2	 108.80   16.05    4.58    5.78 
1983 3	 155.18   20.05    8.09    5.13 
1983 4	   7.00   24.29   11.51    5.97 
1983 5	 176.28   28.45   16.76    4.80 
1983 6	  68.85   31.13   20.47    3.66 
1983 7	  28.68   33.43   22.82    3.98 
1983 8	 132.12   33.81   22.96    2.51 
1983 9	 138.88   31.34   19.08    4.57 
1983 10	  84.32   27.93   14.64    4.29 
1983 11	  48.95   23.25   10.47    5.44 
1983 12	  17.92   11.73   -0.18    6.34 
1984 1	  44.75   12.89    1.04    5.65 
1984 2	  31.12   19.28    5.01    5.60 
1984 3	  59.33   22.61    9.88    5.18 
1984 4	   2.40   27.93   13.73    5.45 
1984 5	  72.28   30.67   18.24    5.63 
1984 6	  81.63   32.56   21.36    4.43 
1984 7	  59.95   35.51   22.35    3.24 
1984 8	  36.68   35.66   22.47    3.27 
1984 9	  22.55   31.39   18.88    5.62 
1984 10	 320.30   26.59   16.68    4.91 
1984 11	  81.97   21.25    9.35    5.68 
1984 12	 145.10   20.61   10.34    5.87 
1985 1	  52.40   12.22   -0.14    5.40 
1985 2	  96.93   14.60    4.45    5.73 
1985 3	  74.03   22.83   13.52    5.61 
1985 4	  56.78   26.31   15.62    5.63 
1985 5	  68.38   29.81   18.51    4.08 
1985 6	  32.75   32.89   21.84    4.57 
1985 7	  56.20   34.57   22.79    3.18 
1985 8	   3.35   37.22   23.34    2.97 
1985 9	 113.35   33.25   20.52    5.08 
1985 10	 190.05   26.24   16.92    6.17 
1985 11	 161.93   22.12   12.21    5.43 
1985 12	  22.70   15.28    2.13    5.34 
1986 1	  34.25   17.96    4.62    5.33 
1986 2	  56.60   20.17    7.40    5.39 
1986 3	  18.73   23.81    9.86    4.66 
1986 4	 131.48   26.97   15.60    5.19 
1986 5	 124.58   27.97   18.38    4.75 
1986 6	 237.40   32.27   22.52    3.13 
1986 7	   6.40   35.53   23.46    3.54 
1986 8	 102.38   34.74   22.59    3.02 
1986 9	 131.87   31.83   22.58    4.07 
1986 10	 120.03   25.78   14.54    4.74 
1986 11	 118.62   20.01    9.67    5.67 
1986 12	 159.75   14.64    5.64    5.46 
1987 1	  30.53   15.43    3.42    5.11 
1987 2	 116.43   17.70    7.08    5.58 
1987 3	  38.17   21.03    7.14    4.80 
1987 4	  11.70   26.66   10.98    3.72 
1987 5	 217.02   29.10   19.03    4.00 
1987 6	 172.45   31.22   21.62    4.15 
1987 7	   7.48   33.49   22.79    3.64 
1987 8	   3.88   35.78   23.69    3.50 
1987 9	  90.33   31.75   18.95    3.91 
1987 10	   3.50   27.70   12.31    4.89 
1987 11	  83.42   21.66    8.61    5.63 
1987 12	  73.02   16.79    5.02    5.33 
1988 1	  22.02   13.73    0.73    6.04 
1988 2	  46.45   16.56    3.87    5.67 
1988 3	  64.62   21.58    8.95    5.65 
1988 4	  72.60   26.49   12.03    4.30 
1988 5	  97.58   28.52   16.48    4.18 
1988 6	  54.05   32.23   19.82    3.79 
1988 7	  56.72   34.75   22.97    3.49 
1988 8	   8.40   36.73   23.60    3.27 
1988 9	  27.58   33.71   20.12    4.84 
1988 10	  42.83   28.82   14.95    4.48 
1988 11	  12.03   24.22   10.51    5.99 
1988 12	  61.80   18.17    5.88    5.27 
1989 1	 149.32   17.61    6.73    5.14 
1989 2	  24.88   14.62    4.45    6.97 
1989 3	  91.60   21.33    9.13    5.86 
1989 4	  40.27   25.89   14.10    4.97 
1989 5	 109.45   30.22   20.05    5.23 
1989 6	 120.23   31.67   21.37    4.98 
1989 7	 102.48   33.59   22.52    3.53 
1989 8	  13.05   33.49   22.15    3.49 
1989 9	  21.30   31.76   17.63    4.79 
1989 10	  34.00   28.32   13.90    5.00 
1989 11	  33.38   22.36   10.92    5.57 
1989 12	  12.00   12.24   -0.77    6.15 
1990 1	  55.58   19.19    7.17    5.21 
1990 2	 100.10   20.66    8.18    5.93 
1990 3	  65.90   21.29   11.28    5.76 
1990 4	 143.20   25.64   13.58    5.58 
1990 5	  52.23   30.52   19.64    5.46 
1990 6	   7.78   36.19   23.09    4.37 
1990 7	  94.33   34.13   22.29    3.45 
1990 8	  12.68   36.19   23.16    3.01 
1990 9	 113.43   32.56   20.93    3.06 
1990 10	  84.83   27.03   12.76    4.82 
1990 11	  68.30   23.45   10.77    5.51 
1990 12	  75.75   16.81    3.42    5.47 
1991 1	 342.80   12.73    3.40    5.57 
1991 2	  78.15   18.54    7.06    5.25 
1991 3	  51.60   23.29   10.54    5.92 
1991 4	 125.85   26.74   16.30    5.26 
1991 5	 107.63   29.23   19.57    5.14 
1991 6	  50.43   32.57   21.96    3.94 
1991 7	  51.58   34.10   22.69    3.15 
1991 8	  62.70   34.72   22.72    2.83 
1991 9	 121.63   30.11   18.88    4.32 
1991 10	  80.12   29.27   14.54    4.63 
1991 11	  39.50   18.93    6.69    6.43 
1991 12	 260.20   17.08    7.10    5.96 
1992 1	 126.52   14.36    5.18    5.03 
1992 2	 207.18   19.45    8.11    5.11 
1992 3	  83.10   22.80   11.01    5.07 
1992 4	  76.02   25.22   13.99    4.12 
1992 5	 210.38   27.53   16.96    4.14 
1992 6	 142.38   32.29   21.84    3.25 
1992 7	  94.60   33.70   23.33    4.59 
1992 8	  60.35   33.11   20.77    2.94 
1992 9	  23.45   32.99   20.25    4.59 
1992 10	  81.05   29.24   13.71    4.68 
1992 11	  93.17   19.61    7.18    5.70 
1992 12	  90.85   17.00    6.58    4.77 
1993 1	 110.25   15.34    4.24    5.03 
1993 2	  54.00   17.64    6.00    5.53 
1993 3	  85.15   20.94    8.54    4.61 
1993 4	 101.75   23.97   11.90    5.58 
1993 5	 182.85   27.78   16.44    4.41 
1993 6	 188.90   31.58   22.11    5.26 
1993 7	   0.00   34.44   23.64    4.28 
1993 8	   2.20   36.57   23.44    3.17 
1993 9	  38.50   33.74   19.31    4.09 
1993 10	 126.27   27.07   13.75    5.29 
1993 11	  38.75   18.51    5.55    5.55 
1993 12	  51.60   17.39    6.09    5.55 
1994 1	  11.45   16.25    4.30    6.16 
1994 2	  85.15   17.59    4.21    5.59 
1994 3	  31.08   22.19    9.65    4.74 
1994 4	  56.73   26.14   13.50    5.09 
1994 5	 104.42   28.30   16.93    4.29 
1994 6	  53.02   33.63   22.57    3.87 
1994 7	   0.73   36.09   23.15    4.18 
1994 8	 174.50   33.75   21.73    3.12 
1994 9	  38.60   31.56   17.93    3.31 
1994 10	 312.52   27.22   15.09    4.96 
1994 11	  25.05   23.67   11.61    5.70 
1994 12	 190.50   17.71    7.08    5.15 
1995 1	  51.73   16.95    5.27    5.95 
1995 2	  19.30   19.39    6.33    4.67 
1995 3	  88.15   20.91    9.65    5.43 
1995 4	  75.53   25.32   12.93    5.60 
1995 5	 224.65   29.54   18.64    5.17 
1995 6	  42.93   31.98   20.62    3.79 
1995 7	  65.70   35.35   23.06    3.42 
1995 8	 114.13   34.90   22.98    2.92 
1995 9	 155.28   33.42   19.66    3.66 
1995 10	 149.52   28.36   12.73    6.10 
1995 11	  66.88   21.33    8.04    5.48 
1995 12	  92.92   17.24    5.95    5.90 
1996 1	   3.38   17.59    1.90    6.26 
1996 2	  17.25   20.15    6.25    6.13 
1996 3	  24.80   19.43    5.89    5.83 
1996 4	  61.40   27.05   11.74    5.59 
1996 5	  21.80   32.19   21.05    5.50 
1996 6	  80.75   34.17   21.69    3.91 
1996 7	  38.13   36.76   23.82    3.71 
1996 8	 201.90   34.69   22.80    3.76 
1996 9	 152.08   31.25   19.16    3.30 
1996 10	  25.12   27.05   14.42    5.81 
1996 11	  82.92   21.37    9.77    5.94 
1996 12	  46.98   18.47    5.71    5.29 
1997 1	  73.93   15.09    3.87    6.02 
1997 2	 115.40   16.37    6.09    5.80 
1997 3	  67.35   22.63   10.74    4.51 
1997 4	  76.35   22.83   11.34    5.78 
1997 5	  48.57   28.48   17.26    4.17 
1997 6	 144.25   32.30   21.20    3.47 
1997 7	  17.05   36.06   23.15    2.50 
1997 8	  32.50   35.45   22.47    3.38 
1997 9	  54.03   34.07   20.09    3.36 
1997 10	 107.08   27.09   14.60    5.67 
1997 11	  95.37   18.99    7.15    5.18 
1997 12	  82.93   16.32    2.67    5.62 
1998 1	 111.72   18.95    6.17    5.11 
1998 2	 132.75   18.65    5.62    5.10 
1998 3	  49.80   20.41    8.38    6.07 
1998 4	  16.42   25.50   11.55    4.93 
1998 5	   8.25   32.83   19.58    4.27 
1998 6	   8.53   36.78   23.72    5.84 
1998 7	   3.28   38.60   24.42    3.95 
1998 8	  99.38   36.52   23.39    2.83 
1998 9	 161.55   33.30   22.46    5.26 
1998 10	 283.10   27.62   16.50    6.01 
1998 11	 143.00   21.84   11.84    5.16 
1998 12	  74.33   16.96    5.69    5.74 
1999 1	  15.52   19.57    5.55    6.35 
1999 2	   8.98   22.53    9.13    5.10 
1999 3	  98.50   22.69    9.82    5.28 
1999 4	  26.98   27.74   15.31    5.91 
1999 5	 108.38   30.61   17.99    4.35 
1999 6	 108.57   32.66   22.27    4.34 
1999 7	  42.42   34.12   22.42    3.15 
1999 8	   8.18   37.69   23.31    2.45 
1999 9	   2.33   34.52   18.20    4.19 
1999 10	  37.40   28.88   12.98    4.99 
1999 11	   7.48   25.17    9.16    4.69 
1999 12	  24.60   19.79    3.84    5.90 
2000 1	 123.55   19.08    5.57    5.97 
2000 2	  29.75   22.19    8.00    5.77 
2000 3	  89.03   24.33   12.11    4.80 
2000 4	 103.05   26.54   12.65    4.81 
2000 5	  68.18   31.02   19.77    5.12 
2000 6	  81.32   32.45   21.91    4.64 
2000 7	   9.10   37.53   22.55    2.93 
2000 8	   6.78   38.07   22.37    2.49 
2000 9	  60.30   35.46   19.17    4.57 
2000 10	 118.75   27.17   15.92    5.40 
2000 11	 190.95   18.86    7.92    5.54 
2000 12	  83.97   14.28    1.38    5.94 
2001 1	  88.05   14.08    2.60    5.26 
2001 2	  63.60   18.95    7.37    5.23 
2001 3	 133.25   17.68    6.59    4.66 
2001 4	  17.05   26.76   16.11    6.09 
2001 5	  88.45   30.63   17.99    4.63 
2001 6	 112.12   32.58   21.15    3.38 
2001 7	  15.15   35.75   22.88    2.96 
2001 8	 177.60   35.84   22.67    3.58 
2001 9	 105.78   30.81   18.59    4.66 
2001 10	  89.25   26.64   11.41    5.21 
2001 11	  88.92   23.36   10.24    4.74 
2001 12	 139.77   18.43    5.45    5.18 
2002 1	  39.40   17.55    3.83    5.25 
2002 2	  40.83   17.21    2.05    5.68 
2002 3	  25.10   20.90    7.76    5.90 
2002 4	  43.33   27.66   17.75    5.36 
2002 5	  19.07   30.96   18.82    5.77 
2002 6	 131.07   33.14   20.86    4.02 
2002 7	  92.30   33.34   22.35    3.76 
2002 8	  45.45   35.19   22.20    3.26 
2002 9	  68.00   32.40   19.32    5.03 
2002 10	 236.75   25.55   14.92    4.20 
2002 11	 215.78   19.72    6.74    5.35 
2002 12	 143.52   17.33    4.72    5.99 
2003 1	  41.60   15.09    2.41    5.22 
2003 2	 161.62   15.70    4.81    5.50 
2003 3	  27.62   20.86    8.39    3.89 
2003 4	  24.32   26.82   14.05    4.85 
2003 5	  52.83   31.74   19.31    4.85 
2003 6	 107.43   33.31   20.61    3.31 
2003 7	  56.47   34.13   22.01    3.58 
2003 8	  40.42   35.88   22.28    2.87 
2003 9	 106.95   30.13   18.02    4.10 
2003 10	 104.43   27.72   13.61    4.53 
2003 11	  40.75   22.86    9.30    5.84 
2003 12	  52.93   18.78    2.67    5.62 
2004 1	  87.83   16.87    5.14    5.70 
2004 2	 131.45   15.20    4.64    5.56 
2004 3	  56.20   24.20   13.55    4.93 
2004 4	 125.32   25.32   14.38    5.30 
2004 5	  43.95   28.89   19.08    5.28 
2004 6	 323.65   31.69   21.71    4.02 
2004 7	  57.35   33.77   22.78    2.86 
2004 8	  56.65   34.01   21.98    3.69 
2004 9	  52.92   32.51   20.05    3.54 
2004 10	 201.90   29.58   18.79    4.90 
2004 11	 192.45   21.42   10.62    5.35 
2004 12	  21.53   17.06    3.29    5.75 
2005 1	  98.85   17.85    6.94    5.22 
2005 2	  82.23   17.14    8.45    5.20 
2005 3	  96.45   21.70    8.60    4.44 
2005 4	  10.68   26.48   11.71    4.98 
2005 5	 131.98   29.23   17.32    4.07 
2005 6	   3.85   34.54   21.99    3.70 
2005 7	 117.88   35.79   22.98    3.51 
2005 8	  81.38   35.28   22.71    3.01 
2005 9	  28.35   36.05   21.45    4.23 
2005 10	  69.18   28.87   12.77    5.16 
2005 11	  16.23   25.17   10.09    5.64 
2005 12	  20.98   17.52    1.21    5.70 
2006 1	  53.18   21.66    4.45    5.49 
2006 2	  52.53   17.95    4.24    5.51 
2006 3	  71.10   24.22   11.46    5.83 
2006 4	  61.80   29.60   16.40    5.16 
2006 5	  74.80   31.84   18.04    4.62 
2006 6	  87.45   34.10   20.74    2.71 
2006 7	  57.25   34.60   22.61    2.99 
2006 8	  20.85   36.96   23.75    3.16 
2006 9	 108.55   32.83   18.70    3.68 
2006 10	 243.05   27.93   14.20    5.13 
2006 11	  20.60   23.09    9.02    5.23 
2006 12	 100.42   17.26    5.12    5.70 
2007 1	 130.35   12.81    2.49    5.72 
2007 2	   5.57   17.18    4.25    5.09 
2007 3	 151.85   23.84   12.10    5.04 
2007 4	  80.50   23.33   11.46    5.09 
2007 5	 136.10   28.67   18.40    4.65 
2007 6	 151.53   31.86   22.08    3.94 
2007 7	 201.60   31.39   22.49    3.83 
2007 8	  58.98   34.35   23.18    2.93 
2007 9	  37.90   32.91   20.44    3.26 
2007 10	  59.25   29.01   13.65    5.07 
2007 11	 112.20   23.06    9.60    4.69 
2007 12	  56.80   19.86    3.96    4.55 
2008 1	  49.40   16.31    1.95    6.16 
2008 2	  41.10   21.56    5.13    5.58 
2008 3	  84.03   22.96    8.45    6.24 
2008 4	  69.95   26.61   12.58    5.33 
2008 5	  93.62   30.28   18.20    5.34 
2008 6	  12.25   36.18   22.67    4.24 
2008 7	   9.10   36.51   21.87    3.67 
2008 8	  70.22   35.84   22.71    3.10 
2008 9	  44.75   32.66   17.45    5.03 
2008 10	  33.35   28.60   10.77    4.68 
2008 11	  10.25   23.54    7.48    4.87 
2008 12	  24.42   17.74    2.21    6.40 
2009 1	  14.45   17.91    1.35    5.18 
2009 2	  29.20   22.85    6.54    5.92 
2009 3	 106.20   23.03    8.93    5.49 
2009 4	 140.18   25.89   11.91    5.74 
2009 5	   6.45   31.05   18.11    4.58 
2009 6	   5.50   36.96   21.87    3.59 
2009 7	  30.07   38.56   23.81    3.14 
2009 8	  15.62   37.98   22.85    2.37 
2009 9	 172.15   30.63   19.30    3.15 
2009 10	 214.30   25.63   13.42    5.53 
2009 11	  78.03   22.50    7.97    5.17 
2009 12	  72.65   12.39    1.50    5.77 
2010 1	  58.10   14.39    0.93    5.72 
2010 2	 103.18   12.47    1.00    5.66 
2010 3	  58.45   20.61    5.61    4.75 
2010 4	  18.48   25.98   11.77    5.17 
2010 5	  78.07   31.74   18.44    4.26 
2010 6	 115.18   33.47   22.68    4.17 
2010 7	  88.05   33.90   22.86    4.04 
2010 8	  14.08   37.89   22.77    2.63 
2010 9	 123.93   32.78   19.69    4.59 
2010 10	   0.70   29.50   10.80    4.42 
2010 11	  21.12   23.29    7.35    5.85 
2010 12	  19.20   18.35    2.21    5.93 
