1949 1	 129.65   11.99   -0.73    3.57 
1949 2	 162.95   14.94    3.05    3.18 
1949 3	  53.35   20.22    7.21    3.54 
1949 4	  77.88   23.32   11.01    3.19 
1949 5	 126.27   29.92   17.68    3.06 
1949 6	 113.22   33.12   20.44    2.55 
1949 7	  18.78   35.80   22.33    2.19 
1949 8	  34.08   35.34   20.48    2.06 
1949 9	  21.12   32.42   17.72    2.37 
1949 10	 138.03   24.97   12.39    3.36 
1949 11	  11.75   23.99    6.43    2.87 
1949 12	  32.25   16.42    3.83    3.88 
1950 1	  68.82   16.15    4.75    3.87 
1950 2	 161.07   18.10    4.98    3.03 
1950 3	  15.85   21.30    5.48    3.94 
1950 4	 122.82   24.75   10.90    3.68 
1950 5	  97.23   29.23   17.06    2.95 
1950 6	 130.73   32.34   20.13    2.83 
1950 7	  92.28   33.10   21.57    2.70 
1950 8	  42.40   35.42   21.02    2.24 
1950 9	  76.57   30.17   18.26    2.43 
1950 10	   7.62   30.21   13.47    2.80 
1950 11	  14.28   21.68    2.64    3.64 
1950 12	   3.80   16.56    0.03    3.13 
1951 1	  27.30   16.05    0.39    3.94 
1951 2	  44.90   16.51    2.23    3.94 
1951 3	  28.78   23.00    6.86    3.87 
1951 4	  51.10   25.99   10.68    3.77 
1951 5	  63.95   29.19   15.99    3.20 
1951 6	 189.10   33.02   20.78    3.44 
1951 7	  15.68   37.47   23.21    2.32 
1951 8	  18.98   39.61   23.59    2.35 
1951 9	  58.43   33.46   18.59    2.40 
1951 10	  57.73   28.68   13.28    2.71 
1951 11	  16.48   18.76    3.80    3.76 
1951 12	   3.17   19.23    2.07    3.92 
1952 1	   9.35   19.99    5.45    3.79 
1952 2	  75.18   19.72    4.43    3.96 
1952 3	  69.65   20.43    5.04    3.56 
1952 4	 168.28   23.38    9.17    3.35 
1952 5	 145.90   28.98   14.57    2.66 
1952 6	   8.73   34.73   20.83    2.71 
1952 7	  27.67   35.45   21.82    1.97 
1952 8	   1.68   39.08   23.12    2.79 
1952 9	  19.90   33.62   17.17    2.46 
1952 10	   2.28   26.88    7.64    2.63 
1952 11	 223.13   19.05    6.35    3.48 
1952 12	 121.12   13.67    1.60    3.01 
1953 1	  12.45   18.79    2.76    4.29 
1953 2	  33.67   17.05    2.70    3.15 
1953 3	  57.47   23.17    9.27    3.20 
1953 4	  86.62   24.28    9.67    3.17 
1953 5	 123.98   28.38   15.70    2.93 
1953 6	  14.32   36.67   22.50    2.45 
1953 7	  51.02   35.14   22.91    2.14 
1953 8	  99.00   35.00   21.83    1.95 
1953 9	  60.50   33.45   16.82    1.84 
1953 10	  87.12   28.06   13.40    2.42 
1953 11	  40.12   18.70    5.74    2.80 
1953 12	  38.02   13.44    1.32    3.45 
1954 1	  31.05   14.83    1.78    3.62 
1954 2	  18.10   22.49    4.66    3.50 
1954 3	  22.50   20.90    5.78    3.86 
1954 4	  76.07   28.07   14.84    3.68 
1954 5	  79.00   26.87   14.86    2.87 
1954 6	  13.60   35.18   21.31    2.79 
1954 7	  24.25   38.91   24.03    2.59 
1954 8	   9.27   37.75   23.24    2.72 
1954 9	  55.17   35.69   19.40    2.37 
1954 10	  72.83   27.88   14.58    2.71 
1954 11	  57.90   20.34    5.04    3.00 
1954 12	  17.00   17.39    2.21    3.25 
1955 1	  31.90   14.08    2.21    2.97 
1955 2	  70.58   15.34    2.79    4.13 
1955 3	  29.50   22.34    7.00    3.96 
1955 4	  81.28   27.78   13.64    3.47 
1955 5	 151.90   30.90   17.28    3.06 
1955 6	 118.25   31.84   18.67    2.33 
1955 7	  31.80   35.69   22.27    2.27 
1955 8	 114.60   35.02   20.97    1.80 
1955 9	  76.95   33.04   19.86    2.12 
1955 10	  22.20   28.37   11.64    2.92 
1955 11	  12.00   21.69    4.90    4.01 
1955 12	   9.88   15.98    1.88    3.43 
1956 1	  49.00   14.47    0.55    3.72 
1956 2	  54.40   16.07    3.74    3.48 
1956 3	   5.95   22.80    6.68    3.27 
1956 4	  58.15   25.58   11.71    3.42 
1956 5	  97.08   31.81   18.61    2.98 
1956 6	  23.73   35.23   21.61    2.58 
1956 7	   5.00   38.37   23.52    3.09 
1956 8	  65.97   38.10   22.50    2.77 
1956 9	   0.85   34.85   18.85    2.49 
1956 10	  69.62   29.37   14.24    2.39 
1956 11	  77.30   19.09    4.13    3.27 
1956 12	  47.42   18.22    3.32    3.26 
1957 1	  39.90   13.20    1.51    3.41 
1957 2	  44.28   18.23    7.71    2.96 
1957 3	 133.42   18.79    6.63    3.16 
1957 4	 282.18   22.85   11.80    3.66 
1957 5	 242.75   27.98   16.85    3.19 
1957 6	  47.03   32.74   21.10    2.36 
1957 7	  24.85   38.03   23.49    1.71 
1957 8	  11.82   37.15   22.81    2.39 
1957 9	 112.90   31.39   17.50    2.70 
1957 10	 169.25   23.34   11.00    3.09 
1957 11	 152.43   17.22    5.83    3.57 
1957 12	  42.50   18.40    4.06    3.56 
1958 1	  47.45   13.84    0.81    3.95 
1958 2	  36.42   12.37    1.25    4.07 
1958 3	  76.50   15.90    4.67    3.38 
1958 4	 173.35   23.23   11.02    3.11 
1958 5	  90.50   29.64   16.56    2.48 
1958 6	  56.88   34.55   21.47    2.50 
1958 7	  73.50   35.69   23.01    2.99 
1958 8	  70.22   36.07   22.08    2.14 
1958 9	 147.80   30.27   20.05    2.49 
1958 10	  51.47   24.54   13.10    3.18 
1958 11	  64.38   21.27    7.10    2.88 
1958 12	  29.05   14.28   -0.28    3.34 
1959 1	   0.95   13.06   -0.70    3.82 
1959 2	  81.40   14.74    3.37    3.55 
1959 3	  44.88   22.03    5.02    3.71 
1959 4	 100.85   23.57   10.58    3.67 
1959 5	 143.50   29.15   18.26    3.20 
1959 6	 171.22   32.40   20.34    2.55 
1959 7	  55.40   33.88   21.59    1.59 
1959 8	  39.85   35.03   21.73    2.11 
1959 9	  67.53   32.24   19.96    2.94 
1959 10	 217.38   25.87   12.67    2.78 
1959 11	  21.98   16.99    3.25    3.47 
1959 12	 107.20   16.45    4.71    3.54 
1960 1	  61.05   13.00    2.07    3.46 
1960 2	  48.22   13.02    0.36    4.01 
1960 3	  18.33   16.05    4.07    3.39 
1960 4	  52.17   27.19   13.73    3.85 
1960 5	  98.35   28.46   15.60    3.34 
1960 6	  98.85   34.01   21.18    2.73 
1960 7	  75.95   35.28   22.77    1.85 
1960 8	  67.98   34.96   22.60    2.18 
1960 9	  21.55   33.37   19.05    1.90 
1960 10	  62.32   27.64   14.94    2.41 
1960 11	  24.12   21.32    7.74    3.16 
1960 12	 147.67   12.03    1.58    3.27 
1961 1	 119.70   11.64   -1.13    3.41 
1961 2	 101.83   17.50    4.43    3.61 
1961 3	  74.55   22.43    8.40    3.65 
1961 4	  17.43   25.17   10.67    3.96 
1961 5	  51.38   29.45   16.89    3.64 
1961 6	 236.48   30.94   19.69    2.56 
1961 7	  82.43   32.82   21.87    2.23 
1961 8	  16.75   34.71   20.82    1.81 
1961 9	  90.32   31.38   19.17    3.65 
1961 10	  88.02   26.29   13.14    2.96 
1961 11	  92.95   17.77    6.10    3.56 
1961 12	  58.05   14.27    2.40    3.23 
1962 1	  18.90   11.54   -2.67    3.85 
1962 2	  36.65   20.84    5.53    3.68 
1962 3	  20.62   18.87    4.94    3.63 
1962 4	  93.35   23.97   11.83    3.58 
1962 5	  46.95   30.76   17.98    4.05 
1962 6	 122.55   32.13   20.03    1.97 
1962 7	  23.35   35.74   22.45    2.18 
1962 8	  29.80   37.92   22.58    2.11 
1962 9	 123.12   32.32   19.63    2.13 
1962 10	 121.50   27.77   15.41    2.88 
1962 11	  57.35   18.96    6.82    3.48 
1962 12	  31.67   14.50    2.68    2.98 
1963 1	  15.67   10.09   -3.51    3.45 
1963 2	   3.80   16.58   -0.35    3.87 
1963 3	  14.90   23.58    8.24    3.78 
1963 4	  98.18   28.08   14.98    4.39 
1963 5	  67.53   29.25   17.45    3.17 
1963 6	  51.22   34.15   21.53    2.40 
1963 7	  21.88   37.05   23.48    2.90 
1963 8	  29.60   37.63   23.28    2.18 
1963 9	  24.77   33.33   19.75    2.25 
1963 10	   5.32   31.26   14.99    1.69 
1963 11	  74.53   21.68    7.59    3.67 
1963 12	  36.63   10.47   -1.66    3.68 
1964 1	  73.65   14.27   -0.72    3.55 
1964 2	  29.57   13.37    0.15    3.36 
1964 3	  97.10   20.44    6.10    3.50 
1964 4	 109.07   25.73   13.79    4.17 
1964 5	  71.03   28.97   17.71    3.12 
1964 6	  45.35   33.08   20.21    2.93 
1964 7	   2.45   37.45   23.07    2.33 
1964 8	  60.08   36.18   23.46    2.69 
1964 9	 135.02   30.94   19.70    2.22 
1964 10	  15.40   25.45   10.47    2.94 
1964 11	 123.40   21.25    8.30    3.11 
1964 12	  18.98   15.48    1.94    3.75 
1965 1	  72.32   15.96    2.65    3.44 
1965 2	 130.00   13.46    1.34    3.92 
1965 3	  37.30   15.27    2.79    3.73 
1965 4	  38.77   26.57   14.12    3.44 
1965 5	 227.00   27.17   18.06    3.67 
1965 6	  44.02   32.37   20.97    2.66 
1965 7	   7.07   36.19   22.76    2.06 
1965 8	  59.58   35.60   21.57    2.06 
1965 9	  91.53   32.26   19.72    2.99 
1965 10	  49.85   25.21   11.74    2.89 
1965 11	  78.10   22.54   10.76    2.84 
1965 12	  69.40   16.28    4.79    3.35 
1966 1	  31.22   10.41   -0.32    3.79 
1966 2	  69.95   13.84    1.38    3.76 
1966 3	  42.25   20.51    7.17    3.54 
1966 4	 249.97   24.80   11.83    3.91 
1966 5	  44.10   27.46   16.45    2.85 
1966 6	  68.93   31.97   19.90    2.23 
1966 7	  53.75   35.84   23.24    2.18 
1966 8	 150.67   33.09   21.41    2.04 
1966 9	  79.28   29.50   17.71    1.77 
1966 10	  15.55   25.78   10.22    2.92 
1966 11	   4.65   22.96    8.58    3.34 
1966 12	  22.95   14.85    1.13    3.54 
1967 1	   6.15   16.27    1.40    3.80 
1967 2	  20.60   16.39    0.55    3.48 
1967 3	  36.00   25.14    9.12    3.92 
1967 4	 101.43   27.91   15.68    4.41 
1967 5	  77.18   28.67   15.10    3.80 
1967 6	  60.05   33.24   21.11    3.01 
1967 7	  84.70   34.23   21.36    2.90 
1967 8	   9.58   35.38   20.56    1.93 
1967 9	 170.65   29.25   16.95    2.69 
1967 10	 193.98   25.96   11.11    2.89 
1967 11	  68.90   19.01    6.44    2.91 
1967 12	  88.72   13.42    2.01    3.26 
1968 1	 102.48   10.71    2.55    3.81 
1968 2	  49.60   13.26    0.83    3.04 
1968 3	  93.18   18.40    6.02    3.82 
1968 4	  80.35   24.45   11.64    3.80 
1968 5	 295.70   28.07   15.95    3.31 
1968 6	 122.25   30.97   20.18    2.46 
1968 7	  44.08   32.74   20.95    2.18 
1968 8	  46.48   34.62   21.70    2.51 
1968 9	  86.88   31.06   16.31    2.46 
1968 10	  28.77   27.30   12.77    2.59 
1968 11	 133.60   18.61    4.93    3.53 
1968 12	  20.65   15.56    0.79    3.95 
1969 1	  20.75   15.77    2.79    3.76 
1969 2	  62.38   15.31    3.52    3.71 
1969 3	 108.60   15.29    3.38    3.71 
1969 4	  69.28   24.66   12.11    3.20 
1969 5	 227.93   28.45   15.68    2.23 
1969 6	  30.98   33.12   19.81    3.22 
1969 7	   8.43   37.60   23.46    2.36 
1969 8	  48.45   36.05   22.42    2.23 
1969 9	  41.90   31.98   18.21    2.12 
1969 10	 116.37   25.49   12.25    3.79 
1969 11	  35.33   20.35    4.75    2.88 
1969 12	  73.22   16.55    2.67    2.70 
1970 1	  33.90   11.12   -1.71    3.21 
1970 2	 113.47   15.46    2.96    3.61 
1970 3	 101.05   16.64    5.10    3.51 
1970 4	  76.03   24.99   13.10    3.88 
1970 5	  70.43   27.93   15.01    3.05 
1970 6	  18.40   32.28   19.39    2.46 
1970 7	  12.95   35.29   21.28    2.14 
1970 8	  70.20   36.44   22.27    2.25 
1970 9	 148.70   30.77   19.41    2.83 
1970 10	 164.77   23.65   11.49    2.91 
1970 11	   6.73   19.32    4.26    3.86 
1970 12	  23.35   19.16    5.65    3.32 
1971 1	   5.58   17.52    1.13    3.83 
1971 2	  44.95   17.30    2.71    4.23 
1971 3	  11.77   21.82    5.12    3.84 
1971 4	 108.38   24.98   10.75    3.56 
1971 5	  96.40   28.43   15.83    3.44 
1971 6	  26.10   34.08   21.34    2.94 
1971 7	 127.80   35.40   22.15    2.53 
1971 8	  69.03   31.70   20.64    1.74 
1971 9	  49.30   31.06   19.05    2.67 
1971 10	 249.15   26.87   14.67    2.52 
1971 11	  36.50   19.79    6.99    3.18 
1971 12	 127.45   16.12    5.69    3.35 
1972 1	  52.18   13.69    0.71    3.92 
1972 2	   5.97   18.41    2.64    3.65 
1972 3	  16.42   24.60    8.66    3.66 
1972 4	  68.40   27.71   13.40    4.12 
1972 5	  67.58   28.95   15.91    2.05 
1972 6	  42.75   34.50   20.46    2.72 
1972 7	  46.33   33.70   21.07    2.72 
1972 8	  33.07   35.67   21.43    2.18 
1972 9	  76.98   33.15   20.67    2.00 
1972 10	 142.70   25.99   12.60    2.81 
1972 11	  56.17   14.96    3.74    3.59 
1972 12	  31.35   12.83   -0.61    3.48 
1973 1	 105.62   10.73   -0.79    4.31 
1973 2	  49.20   14.48    2.05    3.47 
1973 3	  88.22   22.31    9.01    3.59 
1973 4	 203.45   21.24   10.60    3.78 
1973 5	  61.05   28.79   14.55    3.63 
1973 6	 231.55   31.13   18.82    2.82 
1973 7	 143.85   34.09   22.05    2.21 
1973 8	   2.55   34.73   20.39    2.10 
1973 9	 165.80   31.26   19.11    2.44 
1973 10	 156.38   26.26   14.09    2.61 
1973 11	  38.40   22.50    9.71    3.67 
1973 12	  18.50   17.46    1.25    3.67 
1974 1	  58.75   12.82    0.46    3.30 
1974 2	  30.35   19.30    2.94    4.26 
1974 3	  16.95   24.14   10.81    4.59 
1974 4	  46.55   26.35   11.57    4.37 
1974 5	  62.52   31.09   18.69    3.48 
1974 6	  75.23   33.06   19.19    2.89 
1974 7	  17.10   36.98   21.85    2.02 
1974 8	 196.70   33.91   21.22    2.48 
1974 9	 126.90   26.26   15.72    3.19 
1974 10	 150.35   26.55   12.99    3.06 
1974 11	  69.35   18.46    6.28    3.32 
1974 12	  46.22   13.95    1.68    3.14 
1975 1	  50.55   15.48    3.06    3.64 
1975 2	  71.43   14.83    1.07    3.40 
1975 3	  65.78   18.78    5.55    4.14 
1975 4	 114.80   23.32   11.94    4.35 
1975 5	 205.80   27.95   16.23    3.10 
1975 6	  50.10   32.07   20.35    2.81 
1975 7	  76.30   33.94   21.34    1.80 
1975 8	  23.75   35.33   21.87    2.14 
1975 9	  66.53   30.45   16.40    2.45 
1975 10	  25.22   26.95   11.63    2.92 
1975 11	  42.25   21.51    6.27    3.33 
1975 12	  48.88   15.98    1.05    3.57 
1976 1	   2.42   15.49   -1.36    3.73 
1976 2	  19.40   22.16    5.57    4.26 
1976 3	  79.12   22.26    8.23    4.23 
1976 4	 144.25   24.23   12.20    3.68 
1976 5	 156.30   26.48   13.51    2.65 
1976 6	  97.83   31.52   18.63    2.73 
1976 7	 199.00   31.77   20.97    1.93 
1976 8	  18.42   35.63   20.52    1.74 
1976 9	 149.55   30.55   17.61    1.94 
1976 10	 115.18   21.56    8.34    3.02 
1976 11	  17.15   15.50    2.29    3.24 
1976 12	  59.65   14.79   -0.40    3.10 
1977 1	  57.00    9.10   -4.22    3.51 
1977 2	  66.15   17.99    2.61    3.48 
1977 3	 167.98   21.12    7.07    3.71 
1977 4	 136.18   25.38   11.76    3.25 
1977 5	  14.90   29.39   18.12    2.93 
1977 6	  40.97   34.55   21.29    2.74 
1977 7	  57.88   37.24   22.86    2.27 
1977 8	  43.12   36.26   22.81    2.52 
1977 9	  47.47   35.20   21.31    2.81 
1977 10	  30.07   28.58   13.48    2.55 
1977 11	  63.78   21.57    8.77    2.96 
1977 12	   7.12   17.76    2.88    4.10 
1978 1	  39.28    7.50   -2.91    4.32 
1978 2	  96.68    8.99   -1.36    3.92 
1978 3	  45.92   20.51    5.41    3.39 
1978 4	  47.98   26.88   13.48    3.87 
1978 5	 111.60   30.16   17.67    3.22 
1978 6	   4.53   34.47   21.25    2.27 
1978 7	  39.22   38.48   23.81    2.47 
1978 8	  58.78   35.75   22.26    2.33 
1978 9	  55.48   32.37   20.40    2.72 
1978 10	  23.75   28.51   12.65    2.39 
1978 11	 111.35   20.69    8.67    2.79 
1978 12	  42.35   15.32    1.78    3.59 
1979 1	  67.47    6.89   -2.09    4.10 
1979 2	  76.70   12.36    1.58    3.91 
1979 3	 169.80   21.08    8.14    3.87 
1979 4	  71.62   24.44   11.98    3.02 
1979 5	 233.67   26.56   14.86    3.29 
1979 6	  62.53   32.18   19.92    2.48 
1979 7	  41.90   34.11   22.48    2.33 
1979 8	  89.35   33.44   20.90    1.76 
1979 9	  56.43   30.85   16.97    2.66 
1979 10	  81.62   29.48   12.91    3.06 
1979 11	  14.57   18.72    3.88    3.57 
1979 12	  88.78   16.82    2.88    3.38 
1980 1	  60.83   13.79    2.17    3.15 
1980 2	  30.58   16.95    1.34    3.57 
1980 3	  54.75   21.46    4.93    3.54 
1980 4	 109.28   25.07    9.74    3.44 
1980 5	 142.20   28.93   16.84    2.70 
1980 6	   8.93   35.81   21.74    3.33 
1980 7	  13.92   38.63   23.37    2.13 
1980 8	  19.65   37.33   23.11    3.11 
1980 9	 110.15   32.55   20.71    2.39 
1980 10	   7.20   26.36   11.07    2.78 
1980 11	  43.00   19.75    5.80    3.22 
1980 12	  57.87   16.96    3.69    3.34 
1981 1	  22.05   15.24    0.94    3.08 
1981 2	  47.33   16.92    3.47    3.47 
1981 3	  98.97   20.56    7.60    3.43 
1981 4	  41.55   27.78   15.00    3.58 
1981 5	 118.95   29.01   16.07    3.53 
1981 6	 260.58   32.07   21.12    2.74 
1981 7	  78.22   35.20   22.40    2.29 
1981 8	  39.60   35.26   21.42    2.07 
1981 9	  47.23   31.83   17.50    2.26 
1981 10	 146.15   25.77   14.32    2.98 
1981 11	  41.12   21.90    7.55    2.85 
1981 12	   5.42   15.52    2.26    3.58 
1982 1	  54.07   15.85    0.67    4.22 
1982 2	  58.00   14.61    1.09    3.74 
1982 3	  71.70   22.11   10.24    4.39 
1982 4	  70.23   23.45   11.66    3.66 
1982 5	 168.10   28.27   17.38    3.34 
1982 6	 117.08   32.33   19.94    2.49 
1982 7	  19.50   35.38   22.49    2.62 
1982 8	  29.20   36.86   22.87    2.35 
1982 9	  15.60   33.06   18.34    2.69 
1982 10	  63.83   26.42   12.61    3.19 
1982 11	  93.18   19.07    7.88    3.23 
1982 12	  66.62   15.37    3.75    4.04 
1983 1	  28.88   12.75    0.83    3.08 
1983 2	  64.07   15.24    3.41    3.67 
1983 3	  74.12   18.96    6.07    3.75 
1983 4	   5.45   23.90    9.05    4.24 
1983 5	 142.62   28.20   14.13    3.25 
1983 6	  85.30   31.18   18.66    2.41 
1983 7	  65.43   34.43   21.75    2.48 
1983 8	  93.05   35.96   22.16    1.49 
1983 9	  17.25   31.90   17.79    2.52 
1983 10	  92.82   27.32   13.49    2.53 
1983 11	  50.38   22.25    8.52    3.49 
1983 12	  21.50    8.32   -2.64    3.95 
1984 1	  28.12   12.23   -1.37    3.50 
1984 2	  68.72   19.69    3.52    3.84 
1984 3	 122.40   21.85    8.16    3.79 
1984 4	  22.65   25.99   10.68    3.71 
1984 5	  51.38   31.09   16.93    3.59 
1984 6	  52.98   33.78   20.93    2.87 
1984 7	  34.62   36.21   22.04    2.22 
1984 8	  18.25   36.96   22.16    2.23 
1984 9	  56.75   30.80   17.83    3.37 
1984 10	 209.10   25.22   14.39    2.86 
1984 11	  47.58   19.14    7.19    3.55 
1984 12	 140.93   17.77    6.98    3.95 
1985 1	  18.37   11.36   -1.90    3.61 
1985 2	  57.62   13.31    1.99    3.85 
1985 3	  93.55   22.19   10.75    3.92 
1985 4	  72.50   26.41   13.16    3.60 
1985 5	  69.15   29.59   16.95    2.98 
1985 6	  48.03   32.95   19.98    2.85 
1985 7	  45.05   35.64   21.85    2.19 
1985 8	   9.17   37.92   23.21    2.15 
1985 9	 105.43   32.33   19.54    3.09 
1985 10	 155.75   25.06   15.18    3.89 
1985 11	  47.75   20.56    9.24    3.70 
1985 12	  82.97   14.10   -0.51    3.18 
1986 1	   0.85   18.16    2.19    3.56 
1986 2	  89.18   18.76    5.41    3.67 
1986 3	  16.95   23.45    8.00    3.24 
1986 4	  65.60   25.77   13.99    3.66 
1986 5	 167.00   27.61   16.53    3.32 
1986 6	 207.85   32.30   21.10    1.84 
1986 7	  35.42   36.10   22.37    2.43 
1986 8	  62.25   34.49   21.68    2.17 
1986 9	 146.30   31.73   21.61    2.49 
1986 10	 124.93   24.80   13.06    2.74 
1986 11	  68.45   18.00    6.77    3.34 
1986 12	  67.10   12.79    3.24    3.18 
1987 1	  39.15   13.85    1.29    3.30 
1987 2	  98.87   16.27    5.45    3.91 
1987 3	  46.50   19.44    5.64    3.26 
1987 4	   9.03   26.69    9.37    2.65 
1987 5	 207.50   29.08   17.93    2.62 
1987 6	 181.52   31.31   20.47    2.52 
1987 7	  39.90   33.86   21.75    2.38 
1987 8	  26.68   36.07   23.12    2.47 
1987 9	  84.10   31.46   17.48    2.30 
1987 10	  16.20   26.73   11.90    2.91 
1987 11	 126.20   19.89    7.41    3.20 
1987 12	  93.28   15.06    3.24    3.37 
1988 1	   7.48   12.23   -0.05    3.83 
1988 2	  46.93   16.48    2.78    3.48 
1988 3	  84.63   21.23    6.49    3.80 
1988 4	  30.68   26.44   10.65    3.03 
1988 5	  86.75   29.17   15.29    2.89 
1988 6	  52.08   32.26   19.34    2.20 
1988 7	  50.27   35.63   22.05    2.44 
1988 8	  10.35   37.07   23.08    2.04 
1988 9	 143.35   33.09   19.14    2.78 
1988 10	  18.32   26.13   12.42    2.69 
1988 11	  37.33   22.72    7.68    3.74 
1988 12	  64.90   16.76    3.73    3.29 
1989 1	  64.97   16.38    4.57    3.36 
1989 2	 110.50   12.30    1.66    4.64 
1989 3	 102.20   21.22    6.89    4.12 
1989 4	  61.17   25.84   12.97    3.60 
1989 5	 284.30   29.18   18.08    3.73 
1989 6	 181.85   30.67   19.26    2.93 
1989 7	  47.55   33.62   21.55    2.18 
1989 8	 100.73   32.88   21.50    2.30 
1989 9	  66.45   30.05   16.06    2.75 
1989 10	  23.55   28.16   12.87    3.05 
1989 11	  18.05   22.02    7.64    3.36 
1989 12	  10.20   12.23   -3.14    3.78 
1990 1	 147.78   18.51    4.66    3.51 
1990 2	  76.20   19.29    5.37    3.99 
1990 3	 132.02   19.81    9.18    4.02 
1990 4	 151.85   24.31   12.52    3.73 
1990 5	 147.73   28.95   17.25    3.81 
1990 6	  37.45   34.49   22.08    3.02 
1990 7	  35.65   34.45   21.42    2.26 
1990 8	  61.60   35.23   21.87    2.20 
1990 9	  57.32   32.19   20.11    1.71 
1990 10	  34.42   26.94   11.61    2.82 
1990 11	  97.75   22.15    9.01    3.31 
1990 12	  31.02   14.15    1.17    3.45 
1991 1	  99.60   11.37    0.70    3.41 
1991 2	  49.85   18.84    4.89    3.30 
1991 3	  15.30   22.70    8.54    3.95 
1991 4	 135.45   26.18   14.25    3.55 
1991 5	 129.77   28.61   18.39    3.24 
1991 6	  41.60   32.36   20.93    2.30 
1991 7	  90.90   34.87   21.89    2.00 
1991 8	 135.07   33.13   21.53    1.74 
1991 9	  78.85   29.20   17.95    2.42 
1991 10	 198.57   27.25   13.07    2.66 
1991 11	  35.05   17.29    5.13    3.80 
1991 12	 228.90   15.16    5.64    3.56 
1992 1	  81.95   13.30    3.02    2.85 
1992 2	 116.78   17.80    6.15    3.38 
1992 3	  67.10   22.28    8.85    3.40 
1992 4	  40.65   24.93   12.31    2.86 
1992 5	 165.85   26.80   15.37    2.55 
1992 6	 112.60   31.50   20.36    2.09 
1992 7	  52.22   33.92   22.25    3.20 
1992 8	  42.00   32.73   19.54    2.17 
1992 9	  37.00   31.95   18.82    3.00 
1992 10	  41.97   28.36   12.85    2.71 
1992 11	  93.02   17.41    6.08    3.26 
1992 12	  97.70   15.32    4.29    3.06 
1993 1	  54.25   12.60    1.86    3.27 
1993 2	 128.00   15.40    4.13    3.65 
1993 3	  84.48   19.07    7.21    3.41 
1993 4	  77.53   23.04   10.63    3.95 
1993 5	  81.98   27.58   15.47    3.15 
1993 6	  93.50   32.10   21.46    3.33 
1993 7	   0.00   35.35   23.15    3.20 
1993 8	  16.38   36.74   23.42    2.36 
1993 9	  50.70   32.69   17.80    2.36 
1993 10	 202.20   24.11   11.73    3.14 
1993 11	  48.85   17.01    4.54    3.36 
1993 12	  44.77   15.37    4.23    3.53 
1994 1	  31.33   13.97    2.58    3.86 
1994 2	  78.33   16.19    2.96    3.44 
1994 3	  56.62   21.74    8.58    3.26 
1994 4	  44.95   25.52   12.16    3.59 
1994 5	 154.35   26.88   16.48    2.68 
1994 6	  29.05   33.83   21.88    2.53 
1994 7	  34.00   35.51   22.31    2.87 
1994 8	  61.47   35.49   21.76    1.84 
1994 9	  49.82   31.18   17.04    1.91 
1994 10	 161.57   25.27   13.70    2.93 
1994 11	 152.40   19.97    9.21    3.58 
1994 12	  99.70   15.20    4.86    3.06 
1995 1	  56.02   15.58    3.17    3.83 
1995 2	  12.90   18.63    4.60    3.31 
1995 3	 127.73   18.87    8.06    3.85 
1995 4	 158.13   24.33   11.34    3.76 
1995 5	 197.45   28.24   17.52    3.39 
1995 6	  95.73   31.50   19.19    2.40 
1995 7	 154.25   35.26   22.36    2.42 
1995 8	  32.00   34.67   22.71    1.66 
1995 9	  92.28   30.58   18.92    2.07 
1995 10	  15.60   28.08   12.07    3.16 
1995 11	  15.15   21.29    6.22    3.45 
1995 12	  52.83   15.83    4.09    3.70 
1996 1	  17.73   15.52   -0.30    3.90 
1996 2	   7.38   20.11    4.60    4.57 
1996 3	  33.72   20.28    4.60    4.05 
1996 4	  74.70   27.11   10.39    4.00 
1996 5	  34.75   32.41   20.37    4.21 
1996 6	  66.20   33.77   20.98    2.46 
1996 7	  60.38   36.20   23.67    2.53 
1996 8	 185.20   32.96   22.21    2.26 
1996 9	  98.97   29.59   17.52    1.74 
1996 10	  69.30   26.09   13.00    3.45 
1996 11	 109.62   19.68    8.02    3.59 
1996 12	  34.90   17.10    3.69    3.45 
1997 1	  45.25   13.33    1.49    4.14 
1997 2	 201.37   15.01    5.06    3.75 
1997 3	  81.45   22.29    9.05    3.18 
1997 4	 157.20   22.05   10.26    3.76 
1997 5	  48.07   27.57   16.14    2.79 
1997 6	  98.63   31.22   20.40    2.18 
1997 7	  14.25   35.43   22.62    1.67 
1997 8	  92.05   34.92   21.99    2.35 
1997 9	  10.45   33.98   20.09    2.24 
1997 10	 185.48   26.09   13.71    3.27 
1997 11	  43.83   17.05    6.12    3.28 
1997 12	 193.22   14.10    1.77    3.58 
1998 1	 101.62   16.02    4.86    3.54 
1998 2	  88.15   16.64    5.35    3.37 
1998 3	  98.43   19.05    7.06    4.31 
1998 4	  35.12   25.03   10.82    3.40 
1998 5	  25.20   32.34   18.68    3.26 
1998 6	  41.62   35.52   22.87    4.18 
1998 7	  17.88   38.42   24.72    2.84 
1998 8	  42.65   36.18   23.20    1.55 
1998 9	 102.20   33.06   22.01    2.89 
1998 10	 134.55   26.56   15.57    3.28 
1998 11	 168.03   19.58   10.42    3.04 
1998 12	 124.80   14.06    3.84    3.74 
1999 1	  44.10   17.57    3.75    4.25 
1999 2	   1.67   20.79    6.93    3.53 
1999 3	  55.45   19.25    7.94    3.80 
1999 4	  57.88   26.57   14.08    4.16 
1999 5	 106.62   28.67   17.10    2.75 
1999 6	  58.50   32.08   21.98    2.81 
1999 7	  24.93   34.84   22.52    2.00 
1999 8	   2.10   38.25   23.77    1.74 
1999 9	  26.23   32.97   19.05    2.65 
1999 10	  68.95   28.10   12.65    2.69 
1999 11	  11.35   23.78    9.25    2.70 
1999 12	  68.65   17.37    3.48    3.74 
2000 1	  46.75   16.87    4.29    4.05 
2000 2	  39.53   21.58    7.17    3.95 
2000 3	  80.50   22.81    9.93    3.34 
2000 4	  70.30   24.86   12.63    3.35 
2000 5	  95.35   30.07   18.90    3.61 
2000 6	 295.95   30.91   21.41    2.91 
2000 7	   7.60   35.97   22.93    2.28 
2000 8	   0.98   37.79   23.24    1.93 
2000 9	  18.70   33.79   18.78    2.77 
2000 10	 119.18   26.06   15.97    3.21 
2000 11	 160.52   15.53    6.29    3.51 
2000 12	  70.85   10.29    0.19    3.63 
2001 1	  68.00   12.27    1.16    3.32 
2001 2	 148.35   16.70    5.12    3.60 
2001 3	 136.32   16.38    6.18    3.06 
2001 4	  27.78   25.72   14.82    4.05 
2001 5	  98.10   29.51   17.81    2.92 
2001 6	  49.90   32.75   20.57    2.13 
2001 7	  21.82   36.44   23.54    2.16 
2001 8	  76.62   35.78   23.44    2.33 
2001 9	  87.53   29.76   18.08    2.52 
2001 10	 106.67   25.51   11.73    2.94 
2001 11	  83.62   21.16    9.89    2.76 
2001 12	  99.97   15.94    4.76    3.25 
2002 1	  57.18   16.19    2.70    3.23 
2002 2	  42.17   15.54    1.61    3.55 
2002 3	  96.28   19.47    6.70    4.15 
2002 4	  65.12   26.10   15.51    3.97 
2002 5	 147.50   28.82   17.24    3.82 
2002 6	  62.15   32.05   20.60    2.38 
2002 7	  54.37   33.27   22.51    2.33 
2002 8	  19.15   35.33   22.35    2.16 
2002 9	  52.80   32.37   19.29    3.05 
2002 10	 143.15   22.93   14.17    2.57 
2002 11	  15.45   18.75    5.09    3.42 
2002 12	 124.20   14.95    3.85    3.75 
2003 1	  12.05   13.63    1.26    3.42 
2003 2	  96.88   13.56    3.27    3.65 
2003 3	  27.30   19.90    7.29    2.80 
2003 4	  51.60   26.52   12.54    3.59 
2003 5	  63.70   29.99   18.39    3.35 
2003 6	 125.70   31.41   20.08    2.05 
2003 7	  28.38   35.26   22.36    2.14 
2003 8	 115.45   35.32   22.47    1.87 
2003 9	  74.60   29.54   17.48    2.10 
2003 10	 116.20   27.08   13.75    2.46 
2003 11	  39.78   20.97    9.65    3.57 
2003 12	  21.73   17.24    3.45    3.66 
2004 1	  97.90   15.77    4.28    3.73 
2004 2	 113.75   13.04    2.60    3.62 
2004 3	  46.02   22.74   10.62    3.33 
2004 4	 180.30   24.50   12.97    3.62 
2004 5	  52.80   28.90   17.75    3.49 
2004 6	 178.32   31.08   20.73    2.17 
2004 7	  77.08   33.64   21.62    1.92 
2004 8	  84.23   32.72   20.85    2.23 
2004 9	  18.05   31.76   17.85    2.18 
2004 10	 213.42   27.81   16.65    3.11 
2004 11	 202.30   19.23    9.00    3.32 
2004 12	  22.88   15.76    1.96    3.51 
2005 1	  77.27   16.31    4.56    3.77 
2005 2	  59.88   16.65    5.57    3.38 
2005 3	  68.72   20.42    6.39    3.23 
2005 4	  27.55   24.87   10.62    3.60 
2005 5	  85.35   28.09   16.01    2.73 
2005 6	  21.70   33.27   20.85    2.33 
2005 7	  43.80   35.01   22.10    1.97 
2005 8	  64.35   35.12   22.16    1.87 
2005 9	  58.82   34.89   20.19    2.43 
2005 10	  23.73   27.00   11.79    2.94 
2005 11	  11.30   23.36    7.64    3.36 
2005 12	  10.02   15.53    0.20    3.34 
2006 1	  57.50   20.71    3.19    3.95 
2006 2	  50.60   15.54    1.95    3.70 
2006 3	 111.50   21.92    9.34    3.97 
2006 4	  49.65   28.22   14.74    3.66 
2006 5	  42.23   30.11   16.32    2.98 
2006 6	  58.05   33.85   19.82    1.85 
2006 7	  49.80   35.69   22.37    1.97 
2006 8	  47.62   37.51   23.49    2.20 
2006 9	  42.80   31.59   17.06    2.38 
2006 10	 105.12   27.02   11.79    3.14 
2006 11	  55.77   21.03    6.96    3.36 
2006 12	  89.50   15.85    2.58    3.62 
2007 1	 110.87   10.41   -0.26    3.76 
2007 2	  22.28   15.19    1.25    3.43 
2007 3	 274.43   22.60   10.13    3.51 
2007 4	  47.25   21.74    9.47    3.38 
2007 5	 210.12   27.11   17.23    3.05 
2007 6	 254.72   30.85   20.51    2.36 
2007 7	  97.22   31.73   21.53    2.03 
2007 8	  46.88   35.16   22.67    1.74 
2007 9	 155.22   32.08   19.74    1.81 
2007 10	  50.45   27.85   12.88    2.87 
2007 11	  44.02   21.38    8.53    3.09 
2007 12	  41.10   16.12    1.35    2.86 
2008 1	  23.40   13.29    0.08    3.74 
2008 2	  50.35   18.56    2.57    3.75 
2008 3	 143.93   21.31    6.87    4.35 
2008 4	 117.95   25.00   10.52    3.54 
2008 5	  67.05   29.21   16.99    3.56 
2008 6	  28.00   34.57   22.51    3.16 
2008 7	  35.55   36.33   22.47    2.51 
2008 8	  77.83   34.72   22.35    1.93 
2008 9	  28.40   30.97   17.13    2.88 
2008 10	  80.92   26.75   11.27    2.55 
2008 11	  50.57   21.53    6.79    2.77 
2008 12	  17.68   15.76    0.74    4.12 
2009 1	  24.95   15.78   -0.62    3.42 
2009 2	  24.30   20.44    4.85    4.22 
2009 3	 141.85   21.18    8.23    3.76 
2009 4	 112.05   24.06    9.94    3.99 
2009 5	  71.50   28.66   16.64    2.82 
2009 6	  28.78   34.74   21.85    2.70 
2009 7	  95.77   36.07   23.12    2.19 
2009 8	  41.50   36.16   22.58    2.08 
2009 9	 283.12   29.23   18.53    1.95 
2009 10	 286.43   22.72   11.33    3.26 
2009 11	  40.52   21.58    7.76    2.82 
2009 12	  40.73   11.38   -0.26    3.48 
2010 1	  92.18   12.55   -0.06    3.56 
2010 2	  78.50    9.62    0.18    3.43 
2010 3	 100.72   18.70    4.93    3.30 
2010 4	  76.47   24.96   11.84    3.68 
2010 5	  39.45   30.10   17.66    2.92 
2010 6	 117.32   34.36   22.89    2.47 
2010 7	  76.23   34.30   23.51    2.32 
2010 8	  34.25   37.67   23.99    2.04 
2010 9	 258.73   31.81   20.07    2.41 
2010 10	  25.22   27.73   11.68    2.68 
2010 11	  39.88   21.46    7.26    3.85 
2010 12	  34.47   16.03    1.84    3.82 
