1949 1	  66.12   16.08    4.85    5.55 
1949 2	  78.27   20.42   10.75    4.94 
1949 3	  27.78   25.00   11.25    4.94 
1949 4	 196.80   25.78   12.94    4.76 
1949 5	   8.57   32.00   20.47    4.23 
1949 6	 173.97   34.83   21.72    4.01 
1949 7	 155.52   35.72   22.67    3.62 
1949 8	  24.43   35.89   21.25    2.99 
1949 9	   5.65   34.90   20.59    3.34 
1949 10	  95.40   29.02   16.16    4.48 
1949 11	   0.10   26.88    8.54    3.92 
1949 12	  76.68   19.79    9.21    5.39 
1950 1	   8.72   22.01   11.26    6.04 
1950 2	  28.63   22.14    9.40    4.56 
1950 3	   3.58   25.30    9.90    5.09 
1950 4	  88.25   27.79   15.05    5.17 
1950 5	 104.73   32.27   20.76    4.65 
1950 6	  70.60   33.98   21.89    4.12 
1950 7	  49.68   36.31   22.94    4.83 
1950 8	  58.65   36.60   21.98    3.22 
1950 9	  27.90   34.55   21.55    3.24 
1950 10	   2.42   32.60   15.95    4.04 
1950 11	   0.05   25.99    8.48    5.11 
1950 12	   0.00   22.15    3.62    4.58 
1951 1	   1.40   21.43    3.62    5.82 
1951 2	  30.77   21.12    6.42    6.16 
1951 3	  35.30   26.14   11.80    5.24 
1951 4	  12.65   29.89   14.10    4.80 
1951 5	 104.27   31.29   19.01    4.18 
1951 6	  71.20   34.35   22.51    5.23 
1951 7	  19.30   37.92   23.86    4.09 
1951 8	   2.08   38.47   23.07    3.73 
1951 9	 143.07   33.81   21.57    3.80 
1951 10	  43.43   30.12   17.01    3.92 
1951 11	  18.50   22.36    9.08    5.49 
1951 12	   0.77   21.88    7.70    5.40 
1952 1	   1.10   23.21    9.43    5.66 
1952 2	  56.10   23.44    8.28    5.02 
1952 3	  43.83   24.85   10.60    4.97 
1952 4	  25.25   26.72   13.04    4.76 
1952 5	  47.90   31.24   16.62    4.02 
1952 6	  10.43   34.23   21.80    4.11 
1952 7	  19.15   36.60   22.87    3.34 
1952 8	   0.00   38.46   23.27    3.95 
1952 9	 121.20   33.01   19.10    3.69 
1952 10	   0.00   28.73   10.62    3.93 
1952 11	  61.50   21.18   10.38    5.09 
1952 12	  55.15   17.64    5.98    4.63 
1953 1	  11.28   23.58    5.31    5.10 
1953 2	  29.73   21.04    7.37    4.95 
1953 3	  21.77   27.96   14.94    4.75 
1953 4	  45.05   29.52   15.30    4.48 
1953 5	  62.60   32.44   19.08    4.55 
1953 6	  22.75   37.94   22.89    3.91 
1953 7	   2.33   38.10   24.29    3.78 
1953 8	 141.48   36.06   23.32    2.68 
1953 9	  77.68   33.77   18.68    3.31 
1953 10	  50.12   28.36   15.78    3.80 
1953 11	   3.47   22.66    9.18    4.03 
1953 12	  25.43   16.75    4.27    4.99 
1954 1	  12.75   21.23    7.42    4.87 
1954 2	   0.22   26.41    7.94    4.32 
1954 3	   0.25   26.53   10.50    5.26 
1954 4	  44.70   29.44   17.93    5.41 
1954 5	  64.93   31.00   18.38    4.42 
1954 6	  72.78   35.51   23.17    4.75 
1954 7	  22.95   37.30   23.25    3.79 
1954 8	  30.75   37.57   23.50    4.24 
1954 9	  27.42   36.10   21.46    3.50 
1954 10	  37.83   29.98   16.69    4.17 
1954 11	   4.38   24.27    8.66    4.17 
1954 12	   0.00   23.39    7.09    4.53 
1955 1	  39.80   18.61    6.40    5.07 
1955 2	  84.15   21.20    8.48    5.67 
1955 3	  11.40   26.98   12.02    5.59 
1955 4	   0.43   31.33   17.08    4.62 
1955 5	  76.82   33.64   20.11    4.83 
1955 6	  24.85   35.38   21.41    4.38 
1955 7	  25.65   36.57   23.25    4.25 
1955 8	 107.10   36.23   23.19    2.92 
1955 9	  13.15   33.29   22.31    3.67 
1955 10	   7.85   29.90   13.65    4.09 
1955 11	  18.42   23.32   11.16    5.48 
1955 12	  23.25   19.95    6.19    4.46 
1956 1	  24.50   19.40    5.02    4.62 
1956 2	   7.83   22.14    8.86    5.27 
1956 3	   2.45   26.18   10.04    4.61 
1956 4	   5.90   28.33   15.40    4.76 
1956 5	  50.50   32.54   19.93    4.43 
1956 6	   0.43   36.08   22.56    3.73 
1956 7	  12.70   37.05   22.55    4.20 
1956 8	  27.60   37.13   23.14    3.62 
1956 9	  99.82   34.30   20.05    3.31 
1956 10	  25.02   30.58   16.83    3.42 
1956 11	  13.75   21.99    8.65    4.76 
1956 12	  75.28   21.70    7.36    4.59 
1957 1	  10.23   18.98    8.49    4.99 
1957 2	  49.80   23.58   12.81    3.97 
1957 3	  73.20   24.43   11.47    4.35 
1957 4	 201.85   25.70   14.92    5.39 
1957 5	 159.40   28.56   19.43    4.98 
1957 6	  30.32   32.90   22.45    3.93 
1957 7	   0.35   37.82   23.23    3.62 
1957 8	  20.08   37.61   22.94    3.59 
1957 9	 269.12   32.70   19.06    3.36 
1957 10	  44.62   26.02   14.45    4.29 
1957 11	 106.72   20.14    8.90    5.11 
1957 12	  35.73   20.84    7.31    5.02 
1958 1	 122.02   16.65    3.78    5.08 
1958 2	 155.20   16.02    5.50    4.96 
1958 3	  15.53   20.04    8.83    4.82 
1958 4	  45.47   27.01   14.75    4.32 
1958 5	  97.95   30.40   18.15    3.31 
1958 6	  34.20   34.41   22.76    4.22 
1958 7	  38.77   36.25   23.37    4.20 
1958 8	   6.70   37.31   22.77    3.32 
1958 9	 202.00   31.41   22.55    3.28 
1958 10	 186.13   24.10   16.17    4.36 
1958 11	  41.05   21.64   11.83    4.03 
1958 12	  22.80   17.86    4.31    4.42 
1959 1	   9.20   16.32    4.60    5.15 
1959 2	  63.40   17.83    8.00    4.62 
1959 3	   3.72   24.00    8.85    4.88 
1959 4	  48.08   25.13   13.89    4.73 
1959 5	 101.82   30.94   19.97    4.43 
1959 6	  71.45   34.51   23.81    3.69 
1959 7	  60.08   35.79   23.60    2.91 
1959 8	  26.52   35.71   23.00    3.15 
1959 9	  37.57   34.03   21.72    3.94 
1959 10	 131.67   28.07   15.97    3.90 
1959 11	  73.83   20.23    6.12    4.83 
1959 12	  36.30   19.07    6.86    4.75 
1960 1	  14.77   16.54    5.58    4.91 
1960 2	  23.15   18.07    3.84    5.39 
1960 3	  38.42   21.21    7.84    4.77 
1960 4	  48.30   28.15   15.47    5.12 
1960 5	  29.65   29.93   17.62    4.73 
1960 6	  99.38   35.58   21.81    3.74 
1960 7	 162.97   34.89   22.90    2.99 
1960 8	 130.57   33.84   23.27    3.72 
1960 9	  24.33   32.99   18.28    2.96 
1960 10	 158.95   28.99   17.57    3.72 
1960 11	  63.53   22.49   12.49    4.25 
1960 12	  95.55   15.78    5.23    4.61 
1961 1	  25.40   15.37    3.20    4.72 
1961 2	  35.90   20.97    6.59    4.68 
1961 3	   8.57   26.07   11.85    5.04 
1961 4	  26.42   28.01   12.78    4.89 
1961 5	  50.27   32.83   19.04    4.96 
1961 6	 145.00   32.92   22.00    3.90 
1961 7	  93.48   33.08   21.92    3.94 
1961 8	  16.18   34.45   20.76    2.30 
1961 9	  11.67   32.86   20.64    4.71 
1961 10	  66.18   28.47   14.78    4.39 
1961 11	  45.60   20.44    9.71    4.85 
1961 12	  16.68   18.55    6.74    4.20 
1962 1	  11.55   15.87    0.97    5.25 
1962 2	   9.20   26.00   10.74    4.72 
1962 3	   6.75   23.34    8.22    4.79 
1962 4	  64.60   28.20   14.92    5.16 
1962 5	  26.25   32.13   19.59    5.34 
1962 6	  79.43   33.83   22.02    3.61 
1962 7	   2.92   37.56   22.86    3.56 
1962 8	  21.50   38.25   23.17    2.83 
1962 9	  90.90   33.76   21.17    3.10 
1962 10	  17.25   31.77   18.76    4.21 
1962 11	  23.88   23.67    9.87    4.50 
1962 12	  40.07   18.45    5.89    4.12 
1963 1	   7.00   16.39    1.34    4.77 
1963 2	  65.40   21.21    4.04    4.85 
1963 3	   3.65   27.26   12.06    4.82 
1963 4	  70.15   31.85   17.78    5.57 
1963 5	  38.07   32.44   20.16    4.34 
1963 6	  66.05   35.60   22.43    4.17 
1963 7	  11.90   35.84   23.16    4.12 
1963 8	   3.67   37.59   22.89    3.10 
1963 9	  55.67   34.02   20.71    2.77 
1963 10	  27.45   30.85   16.41    3.62 
1963 11	  89.42   24.27   12.27    5.07 
1963 12	  55.95   14.28    2.65    5.10 
1964 1	  41.55   19.08    3.98    4.56 
1964 2	  48.83   17.86    4.18    4.29 
1964 3	  37.62   24.20    9.94    4.89 
1964 4	  27.15   29.15   16.41    5.22 
1964 5	  64.52   31.97   19.93    4.32 
1964 6	  10.33   34.53   21.50    3.93 
1964 7	  14.00   37.05   22.96    3.59 
1964 8	  93.50   36.65   23.05    3.81 
1964 9	  68.00   33.37   22.06    3.29 
1964 10	  42.05   27.90   12.18    4.29 
1964 11	   7.15   24.29   12.25    4.74 
1964 12	  22.08   19.49    5.99    4.97 
1965 1	  19.47   21.36    6.55    4.56 
1965 2	 125.57   17.75    5.99    5.12 
1965 3	  30.05   21.52    7.63    5.42 
1965 4	  69.67   29.05   17.08    5.01 
1965 5	 172.15   28.65   19.77    5.22 
1965 6	  20.60   33.98   21.71    4.11 
1965 7	   7.53   36.88   22.20    3.14 
1965 8	  18.88   35.99   22.07    2.85 
1965 9	  84.82   34.30   21.16    3.84 
1965 10	  57.10   26.26   13.70    3.96 
1965 11	  29.35   24.27   13.71    3.43 
1965 12	 138.87   19.27    8.85    4.67 
1966 1	  38.80   14.49    3.31    5.08 
1966 2	  58.00   17.54    4.59    4.86 
1966 3	   9.10   23.31   10.27    4.56 
1966 4	  71.20   28.73   15.87    4.75 
1966 5	  93.30   29.22   19.05    3.81 
1966 6	 151.05   32.55   20.64    3.43 
1966 7	  54.28   35.48   22.52    3.19 
1966 8	  44.62   35.85   22.65    3.59 
1966 9	  98.90   33.14   20.14    2.42 
1966 10	  36.50   28.72   13.60    4.01 
1966 11	   0.12   26.18   11.53    4.60 
1966 12	  12.98   20.98    3.96    4.92 
1967 1	  11.20   19.35    4.52    4.94 
1967 2	  16.32   20.43    5.36    5.11 
1967 3	  26.25   28.36   13.37    4.84 
1967 4	  22.23   31.80   19.58    5.82 
1967 5	  21.10   33.52   18.84    5.33 
1967 6	   0.05   36.06   22.55    4.54 
1967 7	  32.65   36.76   22.88    4.28 
1967 8	  62.38   34.50   21.82    3.12 
1967 9	 405.47   29.88   19.29    3.67 
1967 10	  65.03   27.20   13.99    3.96 
1967 11	  80.38   22.96   11.11    3.99 
1967 12	  16.30   18.12    6.05    4.47 
1968 1	 191.63   15.97    5.84    5.00 
1968 2	  79.25   16.21    4.71    4.42 
1968 3	  31.07   21.65    9.13    5.45 
1968 4	  68.00   26.15   15.57    5.32 
1968 5	 156.33   29.50   19.07    4.84 
1968 6	  97.35   32.23   21.57    3.62 
1968 7	 125.68   33.39   21.94    3.64 
1968 8	  12.10   35.52   21.65    3.61 
1968 9	 152.27   31.23   18.88    3.64 
1968 10	  15.60   29.67   16.23    3.95 
1968 11	 127.18   22.89    7.94    5.00 
1968 12	   8.65   19.67    4.98    5.43 
1969 1	   9.42   18.97    6.17    4.90 
1969 2	 104.08   20.59    7.27    4.86 
1969 3	  71.27   20.68    7.43    5.19 
1969 4	  48.67   28.56   14.85    4.86 
1969 5	 111.58   29.28   17.49    3.80 
1969 6	  14.95   35.19   20.63    4.40 
1969 7	   1.00   38.26   23.21    3.95 
1969 8	  70.90   37.21   22.42    3.15 
1969 9	  12.85   33.48   19.90    3.32 
1969 10	 135.52   28.12   15.68    5.32 
1969 11	  36.47   23.31    8.13    4.78 
1969 12	  41.38   21.35    6.76    3.95 
1970 1	  41.50   14.31    2.08    4.72 
1970 2	  63.47   20.52    6.30    5.18 
1970 3	  61.82   22.03    7.89    4.80 
1970 4	  24.90   29.28   15.31    5.37 
1970 5	 268.98   29.12   16.13    4.84 
1970 6	   3.97   32.54   20.57    3.87 
1970 7	  66.87   34.97   21.90    3.06 
1970 8	  28.75   36.36   22.25    3.12 
1970 9	 157.27   33.40   20.82    4.27 
1970 10	  13.78   27.88   13.50    4.48 
1970 11	   0.00   25.38    5.29    5.06 
1970 12	  11.30   24.05    9.63    5.02 
1971 1	   0.03   22.99    5.99    5.15 
1971 2	  23.40   23.21    5.19    5.52 
1971 3	   0.00   27.54    9.47    5.10 
1971 4	  14.02   28.60   13.55    4.94 
1971 5	  18.10   32.45   18.58    5.05 
1971 6	  45.78   34.40   22.48    4.45 
1971 7	   1.65   36.29   22.50    3.78 
1971 8	 238.32   32.57   21.52    2.89 
1971 9	 120.45   31.56   21.06    3.44 
1971 10	 139.75   27.95   16.93    3.87 
1971 11	  27.15   24.38   10.31    4.36 
1971 12	  53.10   20.77    8.99    4.42 
1972 1	  39.43   20.40    4.92    5.06 
1972 2	   3.18   21.57    6.26    4.88 
1972 3	   6.52   27.36   12.04    4.53 
1972 4	  24.30   31.06   16.11    5.06 
1972 5	 195.87   29.19   17.72    3.47 
1972 6	  51.65   33.29   21.12    3.91 
1972 7	  40.35   34.43   21.61    3.80 
1972 8	  67.40   34.94   21.58    3.40 
1972 9	 110.50   34.40   21.69    2.98 
1972 10	  28.83   29.37   15.51    4.23 
1972 11	  54.95   20.53    6.09    4.89 
1972 12	  26.47   17.53    2.91    4.99 
1973 1	  65.60   15.80    1.96    5.47 
1973 2	  89.67   18.24    4.24    5.24 
1973 3	  25.12   26.21   11.79    4.29 
1973 4	  89.15   25.05   13.06    5.47 
1973 5	  18.75   31.29   16.80    4.90 
1973 6	 366.75   31.61   20.74    4.54 
1973 7	  42.42   34.03   22.48    3.77 
1973 8	  50.55   34.28   21.15    3.04 
1973 9	 196.88   32.07   20.42    3.48 
1973 10	 110.45   28.52   16.28    4.06 
1973 11	   2.28   27.09   13.18    4.83 
1973 12	   0.05   21.99    2.30    5.08 
1974 1	  20.00   17.96    4.35    4.20 
1974 2	   0.93   23.84    3.58    5.37 
1974 3	  16.07   28.18   12.13    5.53 
1974 4	  27.35   29.43   13.52    5.53 
1974 5	 117.00   31.82   19.31    4.44 
1974 6	   5.00   34.09   19.49    4.01 
1974 7	  20.50   35.56   21.26    3.20 
1974 8	 228.20   33.86   22.10    3.74 
1974 9	  96.62   29.51   17.64    4.49 
1974 10	  48.00   28.44   14.15    4.55 
1974 11	  44.90   21.49    8.99    4.47 
1974 12	  31.53   17.98    4.39    4.26 
1975 1	   4.08   20.85    5.26    4.60 
1975 2	  43.45   21.61    5.41    4.51 
1975 3	  10.95   26.70    9.49    5.15 
1975 4	  79.30   28.80   14.34    5.56 
1975 5	 228.85   30.38   19.19    4.51 
1975 6	  84.30   33.33   21.61    4.36 
1975 7	  54.92   33.74   21.99    3.22 
1975 8	  88.85   35.13   22.18    3.40 
1975 9	  59.53   32.13   18.32    3.29 
1975 10	  98.73   30.52   14.08    4.23 
1975 11	   0.32   25.71    9.27    4.59 
1975 12	  26.83   20.39    4.60    5.19 
1976 1	  14.52   19.49    1.95    5.00 
1976 2	   0.00   25.83    7.62    5.42 
1976 3	  26.35   26.20   12.15    5.39 
1976 4	 171.60   27.44   15.57    5.02 
1976 5	 123.85   28.43   16.39    3.96 
1976 6	   5.75   34.17   20.68    4.16 
1976 7	 151.62   32.37   21.56    3.68 
1976 8	  14.60   35.57   20.72    2.54 
1976 9	 111.93   33.57   19.56    3.05 
1976 10	 174.93   24.60   10.52    4.17 
1976 11	  64.50   18.35    6.74    5.13 
1976 12	  47.58   17.13    3.79    4.64 
1977 1	  69.45   13.39    1.90    4.69 
1977 2	  19.02   20.98    4.96    4.67 
1977 3	  24.50   25.31   10.04    4.80 
1977 4	 316.00   26.81   13.22    4.27 
1977 5	  32.90   29.50   19.78    4.55 
1977 6	  51.38   34.38   21.77    3.82 
1977 7	   1.40   36.22   22.41    3.72 
1977 8	   0.45   37.65   23.10    3.75 
1977 9	  18.80   36.86   22.20    3.58 
1977 10	  21.03   31.13   15.59    3.72 
1977 11	  15.55   25.99   10.03    4.16 
1977 12	   1.53   21.27    4.55    5.05 
1978 1	  20.30   15.22    1.63    5.60 
1978 2	  21.35   15.04    2.61    4.84 
1978 3	   0.93   25.84    7.41    4.36 
1978 4	  39.10   29.46   15.43    5.17 
1978 5	  38.30   33.60   20.31    4.47 
1978 6	  84.07   35.02   22.15    3.49 
1978 7	  68.00   37.80   23.01    3.78 
1978 8	 174.88   34.77   22.22    3.44 
1978 9	  97.18   31.51   21.31    3.94 
1978 10	  38.55   28.86   14.42    3.87 
1978 11	  73.30   23.34   12.41    4.68 
1978 12	  25.05   18.82    5.20    5.17 
1979 1	  55.85   12.62    1.60    5.57 
1979 2	  29.28   17.71    5.31    5.00 
1979 3	  30.68   24.40   11.38    5.05 
1979 4	 149.38   27.23   15.12    4.09 
1979 5	  47.83   29.85   16.94    4.66 
1979 6	 108.43   32.79   20.76    3.76 
1979 7	  48.85   35.73   22.95    3.76 
1979 8	  25.25   36.16   21.90    3.23 
1979 9	  37.48   33.20   17.90    3.94 
1979 10	   1.65   32.57   15.02    4.12 
1979 11	  33.10   22.58    7.36    5.46 
1979 12	  28.15   19.65    5.37    5.11 
1980 1	  14.62   19.24    5.82    4.54 
1980 2	  19.72   20.04    4.50    4.99 
1980 3	  18.73   25.47    9.43    4.69 
1980 4	  14.77   29.47   12.35    4.71 
1980 5	 277.10   31.13   19.33    4.34 
1980 6	   0.00   36.83   22.99    4.63 
1980 7	  26.23   38.76   23.15    3.34 
1980 8	 179.80   35.03   23.29    4.42 
1980 9	  79.88   33.80   22.03    3.31 
1980 10	  34.00   29.02   13.71    4.38 
1980 11	 129.05   21.78    6.93    4.64 
1980 12	  20.33   19.35    7.06    4.43 
1981 1	  45.40   18.45    4.95    4.51 
1981 2	  22.77   19.43    6.56    5.05 
1981 3	  33.60   23.45    9.78    4.65 
1981 4	  35.95   29.06   17.19    4.97 
1981 5	 100.20   31.48   18.40    4.67 
1981 6	 220.60   32.68   22.44    4.09 
1981 7	   6.18   35.13   22.81    3.99 
1981 8	 108.82   35.99   22.52    3.34 
1981 9	  58.47   33.08   19.38    3.80 
1981 10	  92.55   29.46   16.59    4.59 
1981 11	   1.17   26.14   10.62    4.31 
1981 12	  36.95   20.53    5.51    4.57 
1982 1	  13.38   19.23    3.96    5.53 
1982 2	 111.20   18.37    4.62    4.98 
1982 3	  10.02   24.66   12.73    5.60 
1982 4	  59.18   27.50   15.03    5.03 
1982 5	  70.68   29.74   19.50    4.98 
1982 6	 100.45   34.61   22.43    4.43 
1982 7	   1.02   37.18   23.18    4.38 
1982 8	  61.43   37.56   23.17    3.60 
1982 9	  49.80   34.85   19.87    3.71 
1982 10	 105.78   28.10   14.88    4.38 
1982 11	  92.38   22.79   11.20    4.54 
1982 12	  36.30   19.17    6.06    4.95 
1983 1	  24.60   17.13    2.90    4.11 
1983 2	  57.63   19.55    5.15    4.67 
1983 3	  79.65   23.35    8.97    4.43 
1983 4	   0.45   27.94   11.74    5.24 
1983 5	 104.45   31.17   18.49    4.59 
1983 6	 115.68   33.57   20.87    3.81 
1983 7	  55.10   34.84   23.10    3.80 
1983 8	  51.88   36.71   22.78    2.55 
1983 9	  94.38   33.54   19.92    3.99 
1983 10	  93.55   29.80   15.78    3.91 
1983 11	  27.38   26.48   10.49    4.72 
1983 12	  14.67   15.19    0.22    5.34 
1984 1	  51.53   16.12    3.88    5.02 
1984 2	   9.38   21.88    5.68    4.86 
1984 3	  17.47   26.98   11.66    5.00 
1984 4	  12.72   32.08   13.79    4.64 
1984 5	  48.73   33.46   18.29    5.04 
1984 6	  17.15   35.33   21.40    4.80 
1984 7	  11.85   37.25   22.29    3.56 
1984 8	  20.92   37.13   22.31    3.61 
1984 9	  48.72   32.96   19.57    4.60 
1984 10	 173.97   27.48   17.97    4.32 
1984 11	  36.22   22.79    9.57    4.89 
1984 12	  64.15   22.17   10.97    5.17 
1985 1	  72.48   14.68    0.79    4.76 
1985 2	  32.38   17.02    4.43    5.30 
1985 3	  45.28   24.44   12.97    5.02 
1985 4	  76.20   28.92   14.10    5.09 
1985 5	  76.92   31.98   18.47    4.03 
1985 6	 135.48   33.02   21.27    4.24 
1985 7	  64.70   34.75   21.47    3.69 
1985 8	   0.10   37.73   22.27    3.33 
1985 9	 176.62   34.08   20.46    4.31 
1985 10	 138.55   28.22   16.32    5.21 
1985 11	 102.43   24.24   13.60    4.96 
1985 12	   8.55   17.83    2.72    4.78 
1986 1	  30.93   20.11    4.31    4.60 
1986 2	   9.82   23.28    7.03    4.50 
1986 3	   7.43   26.76    8.66    4.35 
1986 4	  19.90   30.62   17.23    5.02 
1986 5	 120.53   30.61   18.92    4.69 
1986 6	  78.57   33.20   22.24    3.34 
1986 7	   8.10   36.70   22.19    4.05 
1986 8	  16.75   36.35   22.66    3.23 
1986 9	 100.70   34.63   23.43    4.01 
1986 10	 224.90   27.32   16.87    4.21 
1986 11	  34.58   21.41   11.01    4.76 
1986 12	 132.83   16.31    6.00    4.77 
1987 1	  36.62   18.13    3.69    4.46 
1987 2	 105.98   19.60    7.74    4.88 
1987 3	  29.45   22.01    7.73    4.25 
1987 4	   6.65   27.28   10.43    3.79 
1987 5	 170.08   30.19   19.10    4.25 
1987 6	 236.93   31.82   21.56    3.57 
1987 7	  45.92   34.04   22.69    3.73 
1987 8	  29.17   36.51   22.83    3.83 
1987 9	  29.75   33.14   19.73    3.78 
1987 10	   2.47   29.92   13.81    4.23 
1987 11	  29.67   23.94    9.69    4.80 
1987 12	  46.60   20.55    6.70    4.72 
1988 1	   6.88   15.33    1.67    5.29 
1988 2	   5.50   19.21    4.14    5.02 
1988 3	  26.22   25.38    9.30    5.14 
1988 4	  26.75   30.42   13.30    3.78 
1988 5	  61.75   31.01   18.21    4.24 
1988 6	  52.10   34.29   20.68    3.49 
1988 7	  61.40   34.77   23.00    3.57 
1988 8	   8.68   36.80   23.18    3.12 
1988 9	  38.22   34.15   20.54    4.13 
1988 10	  26.20   30.10   15.51    3.82 
1988 11	   0.60   26.45   10.99    5.10 
1988 12	   5.68   20.64    6.57    4.89 
1989 1	  41.62   19.66    8.09    4.54 
1989 2	   5.57   17.61    5.57    6.26 
1989 3	  34.72   24.50    8.78    5.13 
1989 4	  42.83   29.12   14.03    4.68 
1989 5	  11.22   34.42   20.84    5.23 
1989 6	  36.67   35.41   21.49    4.29 
1989 7	  11.50   37.10   22.64    3.52 
1989 8	  35.38   35.81   22.59    3.85 
1989 9	  10.90   33.97   18.64    4.25 
1989 10	 109.93   29.98   14.45    4.40 
1989 11	  33.80   23.30   10.63    4.59 
1989 12	  13.95   14.41   -0.51    5.29 
1990 1	  22.10   20.60    6.73    4.91 
1990 2	  39.30   22.77    7.16    4.83 
1990 3	  45.78   22.68   11.17    5.69 
1990 4	  67.10   26.75   15.35    5.39 
1990 5	  39.00   32.00   20.44    5.30 
1990 6	  10.67   37.54   23.29    4.80 
1990 7	 274.98   34.39   22.56    3.85 
1990 8	  21.65   34.96   22.74    3.54 
1990 9	 112.25   33.12   20.88    2.96 
1990 10	  45.67   28.63   12.71    4.07 
1990 11	  44.92   24.63   11.06    5.03 
1990 12	   3.42   19.45    3.36    4.90 
1991 1	  88.40   15.37    3.70    4.77 
1991 2	 164.63   19.96    7.49    4.66 
1991 3	   9.68   26.01   10.38    5.16 
1991 4	  61.38   28.22   16.23    4.66 
1991 5	  56.93   31.24   19.93    4.64 
1991 6	 127.58   34.70   21.93    3.97 
1991 7	  36.65   34.62   22.64    3.57 
1991 8	  58.38   36.26   22.71    3.29 
1991 9	  76.75   31.01   19.51    3.52 
1991 10	  18.95   30.52   15.96    3.96 
1991 11	   9.50   21.48    7.51    5.67 
1991 12	 262.65   17.99    8.84    5.28 
1992 1	 112.18   15.33    5.86    4.53 
1992 2	 165.52   21.39    8.24    4.41 
1992 3	  54.08   24.23   10.38    4.60 
1992 4	 151.77   25.52   13.34    3.97 
1992 5	  90.40   28.31   17.44    4.10 
1992 6	  77.15   32.56   21.04    3.55 
1992 7	  42.35   34.29   23.28    4.84 
1992 8	  24.77   34.09   20.69    2.64 
1992 9	  23.60   33.84   21.21    3.91 
1992 10	  96.35   29.63   14.27    3.92 
1992 11	 174.57   22.55    8.35    4.91 
1992 12	  31.30   18.31    8.82    4.25 
1993 1	  28.75   17.10    4.94    4.26 
1993 2	  34.25   19.54    6.37    4.92 
1993 3	  39.03   22.93    8.61    3.96 
1993 4	  77.48   26.71   12.58    5.13 
1993 5	 158.25   28.66   16.16    4.02 
1993 6	 152.05   31.18   20.93    4.43 
1993 7	   0.00   34.38   22.73    4.78 
1993 8	   4.10   36.36   22.80    3.63 
1993 9	  26.45   33.65   19.18    3.63 
1993 10	  68.50   28.80   13.91    4.68 
1993 11	  16.43   21.39    6.39    4.66 
1993 12	  14.98   20.71    6.44    4.78 
1994 1	  39.23   18.91    5.00    5.40 
1994 2	  28.38   19.89    5.69    5.38 
1994 3	  84.18   24.18   10.42    4.37 
1994 4	 116.40   27.24   13.05    4.80 
1994 5	  71.25   28.58   17.88    4.19 
1994 6	  69.05   33.76   21.61    3.53 
1994 7	   2.17   36.65   23.54    4.37 
1994 8	  34.80   35.56   21.89    3.16 
1994 9	  61.57   32.57   18.61    2.77 
1994 10	 109.83   28.98   16.70    4.12 
1994 11	   8.50   25.19   12.03    4.98 
1994 12	  88.52   19.69    7.80    4.57 
1995 1	   6.95   19.17    4.73    5.16 
1995 2	  23.82   22.06    6.29    4.28 
1995 3	  52.23   21.64    9.80    4.75 
1995 4	  42.83   28.43   12.38    5.01 
1995 5	 111.90   32.17   19.19    4.99 
1995 6	 100.27   32.97   19.85    3.98 
1995 7	  26.60   35.97   22.07    3.52 
1995 8	  63.60   36.30   22.98    2.66 
1995 9	  33.78   34.51   20.58    3.17 
1995 10	  25.47   31.04   15.07    4.90 
1995 11	  45.97   24.68   10.10    4.41 
1995 12	  22.65   21.82    9.36    5.06 
1996 1	   0.00   21.75    3.66    5.49 
1996 2	  20.30   22.83    6.47    5.50 
1996 3	  13.28   22.46    6.81    5.18 
1996 4	  28.25   30.09   12.53    5.09 
1996 5	  24.83   34.60   22.19    5.60 
1996 6	  13.62   36.15   22.76    4.03 
1996 7	  47.03   37.42   23.46    4.07 
1996 8	 119.53   35.51   23.41    3.95 
1996 9	  95.38   32.92   21.59    3.23 
1996 10	   9.52   29.04   16.04    4.61 
1996 11	  22.35   24.26   10.12    5.01 
1996 12	   5.02   20.12    6.46    4.57 
1997 1	   9.38   16.33    5.01    5.25 
1997 2	  46.25   18.68    7.27    4.93 
1997 3	  50.47   25.01   12.89    4.10 
1997 4	 112.40   24.43   12.70    4.78 
1997 5	  85.83   29.60   18.29    3.66 
1997 6	 166.97   32.64   21.18    3.84 
1997 7	   3.95   35.87   22.88    3.29 
1997 8	  41.40   36.80   22.97    3.51 
1997 9	  37.48   34.49   20.91    2.84 
1997 10	  82.50   27.88   15.40    4.55 
1997 11	  52.55   20.73    8.64    4.34 
1997 12	  48.50   18.45    3.31    4.92 
1998 1	 120.53   21.23    8.11    4.69 
1998 2	  90.73   21.06    6.99    4.51 
1998 3	  83.55   22.81    9.68    5.60 
1998 4	   3.98   27.68   12.00    4.42 
1998 5	   6.40   33.44   18.65    4.41 
1998 6	  11.40   36.98   22.83    5.41 
1998 7	   7.65   37.86   23.41    4.13 
1998 8	 236.85   34.23   23.00    3.09 
1998 9	  52.65   32.38   22.42    3.43 
1998 10	 144.73   27.51   16.58    5.10 
1998 11	  64.78   22.34   12.27    4.51 
1998 12	  12.25   19.06    6.20    5.24 
1999 1	   8.80   21.94    4.55    5.65 
1999 2	   1.95   24.77    8.88    4.84 
1999 3	  93.15   24.71   10.81    5.17 
1999 4	  20.98   28.66   16.01    5.42 
1999 5	  59.35   30.66   19.09    4.35 
1999 6	 105.73   33.03   20.74    4.19 
1999 7	  61.00   34.20   21.37    3.51 
1999 8	  53.07   35.09   21.11    2.30 
1999 9	  12.25   33.65   18.64    3.44 
1999 10	  12.97   28.74   13.04    4.20 
1999 11	   1.88   26.17    9.75    4.16 
1999 12	  20.23   20.01    3.25    5.05 
2000 1	  56.23   21.16    6.21    5.09 
2000 2	  24.25   23.75   10.08    5.30 
2000 3	  45.57   26.29   13.26    4.48 
2000 4	  37.38   29.16   14.09    4.69 
2000 5	 159.42   31.50   19.85    5.02 
2000 6	 140.85   30.90   19.89    4.58 
2000 7	  16.62   32.00   18.53    3.44 
2000 8	   5.85   37.28   21.99    2.80 
2000 9	  38.05   35.81   19.31    3.60 
2000 10	  86.43   27.09   17.05    4.65 
2000 11	 164.47   20.57    9.32    4.73 
2000 12	  37.78   14.54    2.87    5.10 
2001 1	  58.35   16.02    4.20    4.76 
2001 2	   9.50   21.50    8.18    4.86 
2001 3	  68.42   19.75    7.71    4.06 
2001 4	  31.15   27.65   16.54    5.56 
2001 5	  37.58   32.00   18.92    4.42 
2001 6	  21.70   35.96   21.97    3.23 
2001 7	   2.95   37.50   23.16    3.45 
2001 8	 140.12   37.13   23.25    3.51 
2001 9	  93.65   31.50   19.54    3.95 
2001 10	  19.50   27.96   13.56    4.36 
2001 11	  53.87   23.99   12.06    4.30 
2001 12	  78.82   18.71    6.31    4.49 
2002 1	   4.52   20.12    4.99    4.76 
2002 2	   9.00   19.78    2.99    4.80 
2002 3	  17.62   23.92    9.68    5.36 
2002 4	  56.75   30.20   18.26    5.01 
2002 5	  49.40   32.74   19.50    5.35 
2002 6	  78.12   36.14   22.36    3.69 
2002 7	 184.43   32.72   22.79    3.86 
2002 8	  48.78   35.53   22.99    2.94 
2002 9	 185.85   31.24   19.97    3.66 
2002 10	 222.50   26.81   17.51    3.62 
2002 11	  78.60   21.45    7.74    4.50 
2002 12	  75.55   19.45    5.63    5.19 
2003 1	  26.35   16.68    3.65    4.45 
2003 2	  56.10   18.02    6.10    5.04 
2003 3	  28.40   22.42    9.82    3.68 
2003 4	   5.00   27.90   15.40    4.60 
2003 5	   0.05   33.35   21.29    4.46 
2003 6	 131.62   34.11   22.04    3.20 
2003 7	 108.85   32.84   22.64    3.49 
2003 8	  17.82   35.69   21.96    2.71 
2003 9	 189.65   30.49   20.06    3.27 
2003 10	  66.78   28.18   15.15    3.88 
2003 11	   9.77   24.68   11.62    5.04 
2003 12	   7.83   20.97    3.79    4.95 
2004 1	  51.22   18.76    6.96    5.25 
2004 2	  53.15   18.74    5.58    4.87 
2004 3	  35.05   24.99   13.44    4.56 
2004 4	 140.00   25.74   13.99    5.07 
2004 5	  21.33   29.63   18.80    4.99 
2004 6	 268.70   33.02   21.56    3.96 
2004 7	  40.17   33.80   22.15    3.14 
2004 8	  78.10   34.93   22.03    3.27 
2004 9	  62.27   32.52   20.67    2.57 
2004 10	  65.10   31.47   19.12    4.39 
2004 11	 179.70   24.21   11.03    4.65 
2004 12	   0.38   19.35    4.39    5.00 
2005 1	  44.18   20.29    8.05    4.85 
2005 2	  73.88   18.54   10.04    4.90 
2005 3	  50.10   24.23    9.89    4.03 
2005 4	   9.25   28.34   12.82    4.50 
2005 5	  74.12   30.50   18.09    4.18 
2005 6	  10.93   34.66   21.88    4.08 
2005 7	  36.72   36.90   23.38    3.52 
2005 8	  17.30   36.79   23.26    3.31 
2005 9	  23.50   36.85   22.57    3.47 
2005 10	  66.45   29.05   14.85    4.16 
2005 11	   1.68   26.57   10.23    4.88 
2005 12	  11.30   19.61    4.16    4.84 
2006 1	   8.43   23.59    5.69    4.82 
2006 2	   6.82   21.50    4.70    4.96 
2006 3	  22.08   27.62   13.41    5.20 
2006 4	   2.78   32.69   17.65    4.84 
2006 5	  26.10   35.49   19.24    4.62 
2006 6	  22.95   36.60   21.57    2.93 
2006 7	  42.90   36.16   23.12    3.36 
2006 8	   0.97   38.05   23.92    3.36 
2006 9	  96.72   33.05   20.04    3.30 
2006 10	   8.15   29.63   16.07    4.18 
2006 11	   2.55   25.99   10.56    4.53 
2006 12	  92.88   18.58    6.72    4.94 
2007 1	 121.78   14.66    3.89    5.05 
2007 2	   1.42   20.07    5.80    4.41 
2007 3	 236.30   24.77   13.65    4.85 
2007 4	  54.62   24.79   13.03    4.51 
2007 5	 156.80   28.77   18.93    4.20 
2007 6	 248.67   31.71   21.49    4.07 
2007 7	 259.33   31.69   22.59    3.75 
2007 8	  67.85   33.51   23.28    2.93 
2007 9	  79.02   32.24   21.12    2.67 
2007 10	  13.67   30.70   14.78    4.04 
2007 11	  44.70   24.23   11.10    4.20 
2007 12	   5.98   22.07    5.61    4.18 
2008 1	  13.72   18.59    3.85    5.30 
2008 2	   2.45   25.63    7.39    5.05 
2008 3	  94.15   26.13    9.82    5.55 
2008 4	  61.32   28.82   14.35    4.97 
2008 5	  20.68   33.16   19.62    4.86 
2008 6	  14.67   37.45   23.25    4.39 
2008 7	 114.90   34.36   22.14    3.88 
2008 8	 150.40   34.53   22.59    3.10 
2008 9	   7.12   32.79   19.07    3.73 
2008 10	  35.88   29.87   13.55    4.02 
2008 11	   0.10   25.69    9.53    4.00 
2008 12	  11.45   20.23    4.85    5.50 
2009 1	   3.40   21.38    2.74    4.52 
2009 2	   8.40   25.59    8.46    5.35 
2009 3	  31.40   26.11   11.38    5.10 
2009 4	  37.33   29.03   14.33    5.04 
2009 5	  60.45   33.54   20.09    4.32 
2009 6	   4.38   37.41   22.55    3.84 
2009 7	  24.62   39.08   23.60    3.87 
2009 8	   5.30   38.62   23.57    2.86 
2009 9	  99.05   31.75   20.58    2.68 
2009 10	 153.12   27.67   15.91    4.79 
2009 11	  74.43   23.66    9.48    4.57 
2009 12	  57.75   14.03    3.85    4.85 
2010 1	 105.90   16.85    4.01    5.30 
2010 2	  91.95   15.81    3.95    4.93 
2010 3	  33.70   23.44    7.64    4.33 
2010 4	  80.50   26.66   15.12    4.64 
2010 5	  50.62   31.21   19.56    4.22 
2010 6	 117.95   34.21   23.26    4.29 
2010 7	 103.22   34.03   23.79    3.84 
2010 8	   7.92   37.35   23.26    2.69 
2010 9	 156.48   32.69   21.49    3.71 
2010 10	   3.92   30.34   13.02    4.21 
2010 11	  52.55   24.87    9.42    5.31 
2010 12	   6.55   21.16    3.71    5.10 
