1949 1	  94.53    8.96   -2.74    3.32 
1949 2	  44.08   15.62    2.85    2.60 
1949 3	  23.30   20.49    6.91    2.87 
1949 4	  58.95   23.33   10.31    2.70 
1949 5	 180.60   29.32   17.42    2.67 
1949 6	  96.60   32.95   20.65    2.70 
1949 7	  33.07   36.62   22.61    2.23 
1949 8	  92.50   34.59   20.51    1.97 
1949 9	  69.90   30.62   17.48    2.08 
1949 10	  99.48   25.46   11.76    3.01 
1949 11	   0.00   24.16    5.26    2.49 
1949 12	  29.83   16.58    3.23    3.12 
1950 1	  49.12   16.94    2.81    3.31 
1950 2	  25.72   18.43    4.20    3.03 
1950 3	   3.35   22.12    5.13    3.49 
1950 4	 117.32   26.36   10.91    3.49 
1950 5	 110.30   29.10   16.88    2.60 
1950 6	  60.30   32.41   20.65    2.80 
1950 7	 163.42   33.03   22.45    2.72 
1950 8	  68.82   34.64   21.40    2.42 
1950 9	 113.00   30.34   18.35    2.34 
1950 10	   3.05   30.74   14.37    2.62 
1950 11	   0.12   22.53    4.52    3.18 
1950 12	   0.12   16.13   -0.61    2.67 
1951 1	  14.50   16.27   -0.09    3.37 
1951 2	  20.40   18.03    2.16    3.48 
1951 3	  23.52   22.30    5.57    3.48 
1951 4	  57.32   26.33   10.10    3.29 
1951 5	 109.03   30.35   15.47    2.82 
1951 6	 141.58   33.26   20.58    3.21 
1951 7	  22.88   37.49   22.58    2.51 
1951 8	  12.88   38.87   23.09    2.47 
1951 9	   6.00   34.51   18.04    2.31 
1951 10	  55.38   29.13   13.03    2.57 
1951 11	  20.10   18.26    3.38    3.23 
1951 12	   1.17   18.23    2.03    3.32 
1952 1	  12.02   18.38    3.92    3.35 
1952 2	  14.77   19.95    4.66    3.57 
1952 3	  25.27   20.73    5.17    3.22 
1952 4	  68.17   25.23    9.49    3.11 
1952 5	  63.73   29.95   15.19    2.85 
1952 6	  12.20   36.27   21.59    2.86 
1952 7	  30.90   36.90   22.01    2.30 
1952 8	  10.43   40.39   24.78    2.83 
1952 9	  53.58   33.02   16.57    1.92 
1952 10	   0.55   26.90    7.23    2.37 
1952 11	  87.88   18.43    5.85    2.92 
1952 12	  22.60   14.10    0.89    2.51 
1953 1	   2.05   19.64    2.71    3.75 
1953 2	  14.65   16.88    1.38    2.75 
1953 3	  33.58   23.42    7.44    2.59 
1953 4	  39.65   24.83    8.22    2.86 
1953 5	  96.65   29.10   14.61    3.06 
1953 6	  64.47   38.26   23.44    2.72 
1953 7	  97.22   35.42   22.50    2.37 
1953 8	  67.55   35.44   21.26    2.01 
1953 9	  30.03   34.67   16.26    1.55 
1953 10	 134.38   26.83   11.98    2.18 
1953 11	  25.87   17.81    4.07    2.12 
1953 12	  12.73   13.62   -0.11    3.13 
1954 1	  43.40   13.76    0.01    3.19 
1954 2	   5.05   20.98    4.37    3.24 
1954 3	   9.45   19.49    4.32    3.27 
1954 4	  94.50   27.52   13.91    3.64 
1954 5	 110.45   26.08   13.21    2.64 
1954 6	   9.83   35.24   20.87    2.93 
1954 7	  19.17   39.14   23.84    2.47 
1954 8	  16.38   37.86   23.20    2.81 
1954 9	  19.55   35.42   19.08    2.12 
1954 10	  25.25   27.12   12.81    2.28 
1954 11	  64.43   19.90    4.07    2.44 
1954 12	  25.00   17.41    0.90    2.95 
1955 1	  36.65   13.54    0.93    2.96 
1955 2	  28.48   15.46    0.51    3.62 
1955 3	  11.40   21.36    5.46    3.29 
1955 4	  41.45   28.24   13.15    3.31 
1955 5	 162.13   31.13   17.40    2.87 
1955 6	  56.30   32.72   19.01    2.58 
1955 7	  30.42   36.26   22.64    2.35 
1955 8	  42.42   36.02   20.67    1.73 
1955 9	  89.50   33.57   18.65    1.87 
1955 10	   9.43   28.13   11.09    2.55 
1955 11	  19.67   21.07    3.59    3.20 
1955 12	   1.55   15.90    0.67    2.71 
1956 1	  68.72   13.80   -0.12    3.38 
1956 2	  68.90   15.54    2.20    3.08 
1956 3	   6.08   22.74    5.94    3.22 
1956 4	  58.30   24.94   10.45    3.09 
1956 5	  32.08   31.93   17.18    2.96 
1956 6	   9.10   36.47   21.62    2.65 
1956 7	  19.50   38.21   23.96    3.05 
1956 8	  22.25   38.33   23.04    2.92 
1956 9	  15.52   34.80   18.22    2.18 
1956 10	  40.20   28.67   13.18    2.04 
1956 11	  37.10   19.03    3.25    2.82 
1956 12	  58.40   16.73    2.06    2.90 
1957 1	  25.00   12.62   -0.38    3.02 
1957 2	 102.25   16.59    6.09    2.75 
1957 3	  25.67   18.05    5.48    3.00 
1957 4	 230.35   22.77   10.23    3.13 
1957 5	 331.35   26.18   15.04    2.73 
1957 6	  58.70   31.59   19.54    2.27 
1957 7	  35.85   37.50   22.53    1.89 
1957 8	  10.67   36.78   21.37    2.30 
1957 9	  92.35   30.46   15.07    2.45 
1957 10	 143.60   22.61    9.18    2.59 
1957 11	 100.97   15.12    2.61    2.96 
1957 12	  17.67   17.38    1.60    3.29 
1958 1	  39.75   13.64   -0.92    3.07 
1958 2	  36.95   11.72    0.65    3.48 
1958 3	  72.22   14.03    2.89    2.76 
1958 4	 126.35   22.45    9.92    2.79 
1958 5	  89.12   28.40   15.18    2.27 
1958 6	  50.73   34.10   19.88    2.48 
1958 7	 163.50   34.82   22.51    3.09 
1958 8	  79.80   36.29   21.68    2.08 
1958 9	 119.18   30.05   18.55    2.14 
1958 10	  34.12   23.71   11.16    2.42 
1958 11	  34.93   20.77    5.13    2.29 
1958 12	  14.38   13.69   -1.47    2.81 
1959 1	   4.60   13.16   -2.31    3.43 
1959 2	  12.80   14.96    1.11    2.97 
1959 3	  15.78   22.56    4.36    3.47 
1959 4	  26.55   25.18    9.32    3.29 
1959 5	 107.55   30.08   17.08    3.04 
1959 6	 163.68   32.80   19.76    2.37 
1959 7	  55.45   33.57   20.75    1.80 
1959 8	  35.37   35.83   21.32    2.23 
1959 9	  48.08   33.03   18.72    2.76 
1959 10	 146.32   25.08   10.19    2.31 
1959 11	   7.58   16.35    1.25    2.75 
1959 12	  64.22   16.46    3.22    2.97 
1960 1	  63.05   12.49    0.42    2.94 
1960 2	  45.35   12.64   -0.57    3.64 
1960 3	  30.05   16.24    2.41    2.91 
1960 4	  57.55   25.78   11.43    3.65 
1960 5	  69.22   28.84   14.25    3.17 
1960 6	  22.90   35.30   20.88    2.61 
1960 7	  80.92   35.71   21.96    1.98 
1960 8	  66.47   35.08   21.86    2.12 
1960 9	  70.45   32.66   17.57    1.97 
1960 10	  64.33   26.55   13.29    2.32 
1960 11	   1.05   21.12    5.86    2.61 
1960 12	  64.97   10.60   -0.63    2.85 
1961 1	 114.47   11.41   -2.39    2.81 
1961 2	  59.08   16.23    2.31    3.39 
1961 3	  29.00   21.65    6.94    3.40 
1961 4	  16.45   25.72    9.37    3.69 
1961 5	  35.92   29.53   15.55    3.28 
1961 6	 188.20   30.82   18.29    2.51 
1961 7	  93.32   32.47   20.12    2.44 
1961 8	   7.18   34.72   18.90    1.95 
1961 9	 102.25   29.64   16.15    3.12 
1961 10	  59.20   25.79   10.45    2.72 
1961 11	  98.55   16.03    3.36    2.88 
1961 12	  25.93   13.05   -0.60    2.99 
1962 1	   3.68   11.34   -5.01    3.24 
1962 2	   5.73   20.45    2.33    3.22 
1962 3	  40.23   18.67    3.14    3.31 
1962 4	  46.98   23.44    9.68    3.20 
1962 5	  47.27   32.09   17.15    4.12 
1962 6	 145.20   31.78   17.78    1.97 
1962 7	 147.20   35.24   21.08    2.46 
1962 8	  28.08   36.76   20.00    2.26 
1962 9	 184.10   30.12   16.56    2.02 
1962 10	  42.38   26.98   12.24    2.77 
1962 11	  33.47   18.50    5.29    2.71 
1962 12	  33.33   14.71    1.31    2.53 
1963 1	   4.60   11.19   -5.88    3.00 
1963 2	   5.93   16.59   -1.01    3.16 
1963 3	   8.60   23.85    6.72    3.50 
1963 4	 100.32   28.10   13.64    3.95 
1963 5	 135.40   29.61   16.79    3.03 
1963 6	  75.65   32.81   20.59    2.51 
1963 7	  25.07   37.19   23.08    2.89 
1963 8	  57.15   37.26   21.67    2.17 
1963 9	  51.15   32.24   17.69    2.00 
1963 10	  70.05   30.40   13.25    1.79 
1963 11	 119.60   20.16    5.59    2.97 
1963 12	  11.03   10.19   -2.64    2.74 
1964 1	  57.70   14.64   -1.34    3.30 
1964 2	  52.53   13.35   -0.78    3.16 
1964 3	  28.07   20.71    4.50    3.17 
1964 4	  34.45   26.56   12.29    3.75 
1964 5	  54.85   30.18   16.75    3.06 
1964 6	  23.80   34.12   19.51    3.02 
1964 7	  23.30   38.28   22.98    2.41 
1964 8	 125.30   36.04   22.11    2.85 
1964 9	 130.65   29.50   17.99    2.01 
1964 10	  16.50   25.01    9.37    2.26 
1964 11	 121.90   19.07    6.09    2.68 
1964 12	  17.15   15.29    0.21    3.01 
1965 1	  54.27   15.52    0.95    3.03 
1965 2	  45.80   13.84   -0.25    3.25 
1965 3	  14.38   14.63    0.97    3.30 
1965 4	  64.22   26.30   12.27    3.10 
1965 5	 237.23   26.87   16.63    3.15 
1965 6	  41.00   32.23   20.02    2.58 
1965 7	   6.62   36.76   21.91    2.12 
1965 8	  50.55   35.27   20.52    2.27 
1965 9	  72.70   32.46   17.80    2.56 
1965 10	  62.92   24.47    9.46    2.32 
1965 11	  21.80   21.84    7.57    2.16 
1965 12	  49.77   15.76    3.38    2.95 
1966 1	  30.25    9.31   -3.37    2.98 
1966 2	  32.35   13.43   -0.95    3.25 
1966 3	   9.93   21.66    5.84    3.36 
1966 4	 205.63   24.52    9.80    3.39 
1966 5	  11.25   27.70   14.35    2.59 
1966 6	 128.57   32.17   19.26    2.32 
1966 7	  24.12   36.36   23.12    2.38 
1966 8	 125.80   32.92   19.94    2.12 
1966 9	 199.18   28.67   16.38    1.69 
1966 10	  22.95   24.44    8.25    2.33 
1966 11	   8.85   21.79    6.77    3.10 
1966 12	   4.60   14.49   -2.02    2.79 
1967 1	   1.80   17.08   -1.14    3.49 
1967 2	  17.65   16.01   -0.17    3.33 
1967 3	  26.27   25.22    8.37    3.95 
1967 4	  39.03   28.28   14.92    4.08 
1967 5	  77.55   29.03   13.80    3.32 
1967 6	  85.55   33.13   20.93    2.83 
1967 7	  76.30   34.57   21.53    2.69 
1967 8	   4.22   35.00   19.77    2.03 
1967 9	 137.83   27.78   16.30    2.33 
1967 10	  51.40   25.37    9.95    2.70 
1967 11	  52.48   18.64    5.19    2.35 
1967 12	  35.70   12.92   -0.34    2.66 
1968 1	 169.05   10.60    0.77    3.26 
1968 2	  53.85   11.77   -0.91    2.39 
1968 3	  83.05   17.57    5.72    3.85 
1968 4	  82.15   22.88    9.79    3.28 
1968 5	  95.12   27.69   15.03    3.13 
1968 6	  56.10   31.49   19.45    2.52 
1968 7	  85.30   33.01   20.85    2.36 
1968 8	  23.65   34.58   21.23    2.70 
1968 9	  30.23   30.55   15.09    2.09 
1968 10	   8.75   27.96   11.65    2.61 
1968 11	 119.68   17.51    3.19    3.06 
1968 12	  10.03   14.99   -1.80    3.37 
1969 1	  29.02   15.32    1.15    3.22 
1969 2	  67.45   14.79    1.92    3.05 
1969 3	 118.35   14.50    1.44    3.26 
1969 4	 107.85   25.11   11.52    3.15 
1969 5	 118.45   27.89   15.24    2.13 
1969 6	  80.90   32.08   19.56    3.23 
1969 7	  36.60   37.61   23.19    2.37 
1969 8	  97.15   35.49   21.78    2.20 
1969 9	 113.88   29.90   17.84    1.80 
1969 10	 100.03   22.42   10.63    3.20 
1969 11	  24.65   18.97    4.14    2.49 
1969 12	 102.45   15.55    1.77    2.58 
1970 1	  10.72   11.11   -2.74    2.59 
1970 2	  74.05   15.87    2.74    3.16 
1970 3	  67.70   16.69    3.48    3.13 
1970 4	  84.67   25.29   11.98    3.38 
1970 5	  79.33   27.70   14.54    2.62 
1970 6	  10.55   32.75   18.79    2.63 
1970 7	   2.60   36.14   21.67    2.30 
1970 8	  48.67   36.23   21.36    2.30 
1970 9	  80.20   30.92   18.77    2.48 
1970 10	  40.68   23.86   10.00    2.31 
1970 11	   0.92   18.50    1.95    3.24 
1970 12	   6.82   19.17    2.83    2.78 
1971 1	   0.62   16.11   -1.14    3.21 
1971 2	  23.20   17.66    1.37    3.68 
1971 3	   4.32   21.66    4.24    3.56 
1971 4	  27.90   26.03   10.86    3.15 
1971 5	 124.82   30.46   15.51    3.21 
1971 6	  34.50   34.13   20.97    2.88 
1971 7	  75.20   35.85   21.65    2.41 
1971 8	  74.97   31.12   19.03    1.82 
1971 9	 111.05   29.66   16.52    2.41 
1971 10	  96.82   25.49   12.32    2.35 
1971 11	  19.47   18.64    4.62    2.84 
1971 12	  59.67   14.99    2.63    3.10 
1972 1	  13.87   13.35   -0.85    3.13 
1972 2	  11.02   17.18    0.80    3.00 
1972 3	   6.03   23.73    7.50    3.37 
1972 4	  72.95   28.07   12.75    3.70 
1972 5	  79.95   28.39   13.75    1.96 
1972 6	  51.10   34.77   20.38    2.36 
1972 7	  22.88   34.47   20.96    2.62 
1972 8	  56.97   34.27   20.30    2.22 
1972 9	  41.15   31.62   18.47    2.06 
1972 10	 125.90   25.40   11.47    2.38 
1972 11	  28.35   13.88    1.67    2.54 
1972 12	  19.02   12.70   -2.01    3.07 
1973 1	  88.32    9.05   -3.08    3.64 
1973 2	  52.50   13.73    0.64    2.94 
1973 3	  54.18   21.49    7.37    3.30 
1973 4	 131.02   21.45    8.72    3.18 
1973 5	  48.60   29.70   14.18    3.09 
1973 6	  73.43   32.20   18.80    2.74 
1973 7	  94.33   34.51   21.48    2.22 
1973 8	  12.50   35.01   20.44    2.18 
1973 9	 107.15   30.34   18.31    2.48 
1973 10	 136.80   26.59   13.36    2.37 
1973 11	  31.80   21.95    9.19    3.34 
1973 12	   0.10   17.26    1.05    3.28 
1974 1	   4.70   14.09   -1.32    2.99 
1974 2	  35.47   20.11    2.41    3.81 
1974 3	  41.97   25.00    9.73    4.30 
1974 4	  50.00   26.77   11.35    3.80 
1974 5	  48.12   31.79   17.55    3.13 
1974 6	  52.88   35.02   19.03    2.90 
1974 7	  57.38   37.15   21.68    2.25 
1974 8	 126.23   32.71   20.35    2.52 
1974 9	 139.03   25.98   14.49    2.58 
1974 10	 157.05   25.45   11.96    2.57 
1974 11	  37.08   18.33    5.76    2.76 
1974 12	  46.75   13.54    0.97    2.49 
1975 1	  42.50   15.08    1.07    3.34 
1975 2	  50.10   15.13    0.22    3.24 
1975 3	  24.98   19.81    4.61    3.56 
1975 4	  36.00   23.76    9.70    3.87 
1975 5	  96.80   28.98   14.33    2.80 
1975 6	  61.08   33.02   19.14    2.80 
1975 7	  49.05   34.50   20.64    1.83 
1975 8	  51.20   35.41   20.57    2.27 
1975 9	  47.60   30.05   14.54    2.37 
1975 10	  12.45   27.72   10.62    2.86 
1975 11	  47.18   20.70    5.31    3.32 
1975 12	  28.67   15.63    0.22    3.15 
1976 1	   0.30   15.06   -2.39    3.15 
1976 2	   5.00   21.28    4.53    4.20 
1976 3	  22.25   22.49    6.27    3.82 
1976 4	 104.80   25.63   11.95    3.38 
1976 5	  58.70   27.34   13.02    2.59 
1976 6	  67.28   33.99   18.79    2.68 
1976 7	  95.62   32.75   20.36    2.09 
1976 8	  30.80   36.72   20.73    1.76 
1976 9	 139.95   30.51   17.40    1.73 
1976 10	 155.28   20.86    7.46    2.60 
1976 11	  15.52   14.70    1.87    2.55 
1976 12	  17.88   14.41   -1.54    2.79 
1977 1	  50.35    7.90   -4.72    2.62 
1977 2	  14.25   17.13    1.81    2.95 
1977 3	  98.85   21.79    5.99    3.31 
1977 4	  52.72   24.21   10.98    3.11 
1977 5	  69.80   29.59   17.30    2.96 
1977 6	  45.05   35.78   20.75    2.65 
1977 7	  45.58   37.75   22.62    2.35 
1977 8	  36.05   37.00   22.27    2.51 
1977 9	   8.20   36.61   20.32    2.63 
1977 10	  16.30   28.40   11.34    2.33 
1977 11	  38.90   21.74    5.75    2.78 
1977 12	   6.15   17.33    0.79    3.23 
1978 1	  19.90    6.62   -5.01    3.15 
1978 2	  42.83    7.66   -2.97    3.05 
1978 3	  29.62   20.03    3.83    3.30 
1978 4	  89.75   29.04   12.40    3.88 
1978 5	  81.43   31.78   15.74    3.11 
1978 6	  22.72   35.41   21.26    2.35 
1978 7	  19.45   38.97   24.59    2.49 
1978 8	 121.00   34.05   21.24    2.47 
1978 9	  59.30   31.18   19.38    2.35 
1978 10	  31.95   27.53   11.16    2.07 
1978 11	  63.27   18.99    6.29    2.38 
1978 12	   2.88   13.83   -0.96    2.95 
1979 1	  51.93    5.18   -4.54    3.28 
1979 2	  22.30   11.65   -2.06    3.17 
1979 3	 134.02   20.03    6.24    3.58 
1979 4	  76.73   24.81   11.02    2.80 
1979 5	  90.53   27.34   12.87    3.14 
1979 6	  27.55   32.75   18.97    2.45 
1979 7	  31.88   35.39   22.20    2.08 
1979 8	  60.03   34.93   20.82    1.89 
1979 9	   2.67   33.31   16.03    2.05 
1979 10	  23.23   30.65   11.82    2.77 
1979 11	  17.92   17.81    1.95    2.61 
1979 12	  75.03   14.88    1.12    3.02 
1980 1	  29.77   12.50    0.50    3.17 
1980 2	  28.50   14.35   -0.63    3.01 
1980 3	  35.35   19.09    2.86    3.23 
1980 4	  26.67   24.83    7.65    3.29 
1980 5	 129.88   28.36   14.72    2.65 
1980 6	  36.85   35.09   21.99    3.17 
1980 7	   0.30   38.94   23.25    2.45 
1980 8	  26.87   36.92   22.68    3.03 
1980 9	 227.60   31.35   19.19    2.35 
1980 10	  28.73   25.71    9.34    2.30 
1980 11	  47.18   18.20    4.49    2.58 
1980 12	  48.83   15.70    2.15    3.14 
1981 1	  14.15   14.06   -0.05    2.49 
1981 2	  35.38   15.42    2.18    3.04 
1981 3	  68.78   18.08    7.13    3.15 
1981 4	  60.22   26.06   13.64    3.36 
1981 5	  45.05   27.42   14.28    3.19 
1981 6	 147.30   31.84   20.54    2.49 
1981 7	  30.33   36.47   22.24    2.41 
1981 8	  27.32   34.52   21.24    2.03 
1981 9	  86.52   31.18   17.82    2.11 
1981 10	 514.10   23.79   13.23    2.78 
1981 11	  21.75   20.67    5.68    2.43 
1981 12	  12.83   14.67    1.12    2.97 
1982 1	  58.52   14.15   -1.73    3.54 
1982 2	  36.12   13.02   -0.81    3.15 
1982 3	  31.40   21.00    6.55    3.80 
1982 4	  25.42   23.17    9.88    3.36 
1982 5	 274.40   27.42   15.71    3.00 
1982 6	 204.15   30.80   19.00    2.51 
1982 7	  38.28   33.83   22.54    2.68 
1982 8	   9.05   35.78   22.50    2.48 
1982 9	   9.93   32.46   17.52    2.37 
1982 10	  38.18   25.76   11.07    2.60 
1982 11	  68.72   18.71    6.33    2.95 
1982 12	  51.70   13.70    2.30    3.61 
1983 1	  59.55   11.54   -0.87    2.45 
1983 2	   9.65   13.73    1.16    2.97 
1983 3	  90.77   18.64    5.03    3.56 
1983 4	  19.90   24.07    8.11    3.94 
1983 5	 136.10   27.94   12.71    3.02 
1983 6	  62.10   30.48   17.54    2.39 
1983 7	  20.60   35.28   20.96    2.35 
1983 8	  37.42   36.84   22.46    1.51 
1983 9	  18.42   32.32   17.32    2.18 
1983 10	  58.75   26.98   12.42    2.53 
1983 11	  31.87   21.87    6.91    2.92 
1983 12	  14.55    5.68   -6.39    3.08 
1984 1	  10.95   11.75   -3.69    2.59 
1984 2	  18.90   18.23   -0.58    3.45 
1984 3	  36.13   20.42    4.24    3.62 
1984 4	  33.55   26.02    8.13    3.13 
1984 5	  25.58   32.36   15.51    3.25 
1984 6	  46.72   35.66   21.07    2.87 
1984 7	  96.60   36.09   21.20    2.21 
1984 8	  57.08   36.48   20.86    2.12 
1984 9	  54.70   30.61   15.83    2.85 
1984 10	 201.70   23.67   10.64    2.56 
1984 11	  52.12   18.64    5.04    2.92 
1984 12	 106.18   15.14    1.74    3.31 
1985 1	  14.50   10.09   -4.08    3.07 
1985 2	  37.00   11.27   -0.15    3.30 
1985 3	  83.38   20.28    8.04    3.48 
1985 4	  50.00   26.21   11.79    3.19 
1985 5	 101.35   29.99   16.35    2.82 
1985 6	  86.25   32.59   18.59    2.43 
1985 7	  43.20   34.21   20.32    2.13 
1985 8	  24.12   37.10   21.97    2.17 
1985 9	  42.52   31.55   17.57    2.59 
1985 10	 103.08   23.58   11.59    3.31 
1985 11	  21.85   18.33    4.69    3.12 
1985 12	   0.52   12.59   -4.77    2.72 
1986 1	   0.00   16.09   -1.02    2.98 
1986 2	  45.42   16.44    3.76    3.15 
1986 3	  33.17   23.24    8.10    3.24 
1986 4	  63.17   26.70   13.21    3.44 
1986 5	 156.38   28.83   16.22    3.23 
1986 6	 105.55   31.95   20.05    1.79 
1986 7	  63.22   36.69   22.00    2.63 
1986 8	  51.43   35.53   21.39    2.29 
1986 9	  26.47   32.37   21.02    2.53 
1986 10	 138.95   24.93   10.45    2.39 
1986 11	  50.40   18.29    3.79    2.79 
1986 12	  72.30   11.66    0.36    2.55 
1987 1	  43.08   13.12   -1.97    2.91 
1987 2	 106.88   15.93    2.81    3.51 
1987 3	  27.20   19.37    2.46    3.06 
1987 4	  24.23   25.25    8.45    2.65 
1987 5	 168.60   28.50   15.66    2.47 
1987 6	 133.10   31.15   18.37    2.18 
1987 7	  29.73   33.82   20.66    2.39 
1987 8	  78.20   35.71   21.70    2.46 
1987 9	  58.35   30.23   16.12    2.04 
1987 10	   8.10   27.62   10.72    2.60 
1987 11	  33.95   20.55    2.87    2.72 
1987 12	  77.60   14.57   -1.16    2.79 
1988 1	   1.12   11.72   -2.32    3.20 
1988 2	  10.53   15.28   -1.82    3.18 
1988 3	  21.28   21.91    3.05    3.52 
1988 4	  46.83   26.97    7.74    2.77 
1988 5	  97.85   29.75   14.34    2.95 
1988 6	  33.98   32.97   18.58    2.02 
1988 7	  48.33   35.23   21.44    2.23 
1988 8	  29.95   36.97   21.17    1.94 
1988 9	  70.67   33.09   16.50    2.30 
1988 10	  23.40   27.24   10.04    2.28 
1988 11	   1.17   23.00    4.05    2.91 
1988 12	  42.05   15.36   -0.62    2.83 
1989 1	  32.15   16.33    0.85    2.89 
1989 2	  99.98    9.81   -1.52    3.80 
1989 3	  27.25   21.09    4.70    3.58 
1989 4	  44.00   26.91   11.35    3.36 
1989 5	 127.05   30.19   16.78    3.62 
1989 6	 201.75   30.76   18.21    2.78 
1989 7	  21.12   35.56   21.49    1.98 
1989 8	  42.38   34.97   21.77    2.53 
1989 9	 160.65   30.02   14.72    2.37 
1989 10	  28.65   27.47   11.49    2.83 
1989 11	   0.18   21.37    4.89    2.71 
1989 12	   7.58    9.94   -5.54    3.26 
1990 1	  64.98   17.17    2.01    3.05 
1990 2	  97.73   17.99    3.75    3.22 
1990 3	 111.40   19.47    6.17    3.67 
1990 4	 248.52   23.19    9.96    3.31 
1990 5	  52.35   27.98   14.81    3.44 
1990 6	   7.40   36.09   22.62    3.08 
1990 7	  92.70   33.26   20.74    2.26 
1990 8	 124.70   34.23   20.83    2.35 
1990 9	  92.00   31.56   18.56    1.62 
1990 10	  51.90   25.65    9.84    2.50 
1990 11	  85.70   21.58    7.57    2.95 
1990 12	  28.98   13.13   -0.99    2.95 
1991 1	  68.25   11.37   -0.52    2.77 
1991 2	  19.98   18.45    3.25    2.79 
1991 3	  17.30   22.58    6.84    3.47 
1991 4	  20.73   27.52   10.29    2.99 
1991 5	  93.90   30.75   16.44    2.71 
1991 6	 195.85   33.04   18.88    2.21 
1991 7	  50.92   35.74   20.87    2.09 
1991 8	 114.78   32.26   20.12    1.93 
1991 9	  91.68   27.82   16.26    2.02 
1991 10	 125.95   26.78   11.09    2.56 
1991 11	  25.95   16.60    3.29    3.01 
1991 12	 200.60   14.38    3.42    3.07 
1992 1	  48.75   12.88    0.56    2.44 
1992 2	 115.57   17.34    4.35    3.05 
1992 3	  42.97   22.34    7.02    3.06 
1992 4	  30.10   24.64   10.46    2.66 
1992 5	 164.52   26.32   14.27    2.34 
1992 6	  92.70   31.37   18.95    1.97 
1992 7	  68.05   33.61   21.16    3.10 
1992 8	 128.38   32.15   18.45    2.09 
1992 9	  48.48   31.22   16.92    2.78 
1992 10	  23.07   28.14   10.93    2.35 
1992 11	  81.25   17.62    4.03    2.78 
1992 12	  62.33   14.67    1.84    2.71 
1993 1	  40.70   11.58   -0.49    2.62 
1993 2	  87.33   14.59    1.43    3.09 
1993 3	  23.65   19.26    4.93    3.26 
1993 4	  46.27   24.42    9.06    3.62 
1993 5	  67.08   27.53   13.59    2.92 
1993 6	  95.13   32.63   20.41    2.90 
1993 7	   0.22   36.28   23.52    3.50 
1993 8	  64.28   35.75   21.91    2.41 
1993 9	  76.30   30.82   15.59    1.97 
1993 10	 115.92   23.54    9.54    2.63 
1993 11	  12.12   17.18    1.60    2.83 
1993 12	  66.05   15.40    0.84    3.06 
1994 1	  25.87   13.59   -0.86    3.19 
1994 2	  39.67   15.00   -0.52    3.08 
1994 3	   7.23   22.17    5.48    3.15 
1994 4	  65.03   25.72    9.44    3.34 
1994 5	 204.20   27.20   14.79    2.38 
1994 6	  21.75   34.70   21.03    2.34 
1994 7	  76.20   34.75   21.60    2.78 
1994 8	  35.33   35.26   21.29    2.07 
1994 9	  36.30   29.95   15.95    1.82 
1994 10	  73.38   25.35   12.02    2.40 
1994 11	  92.57   19.32    6.00    2.83 
1994 12	  37.33   14.35    1.56    2.34 
1995 1	  24.55   14.76   -0.10    3.13 
1995 2	  18.77   17.20    1.84    2.95 
1995 3	  59.65   17.77    5.70    3.33 
1995 4	  36.90   24.54    9.44    3.36 
1995 5	 117.25   27.50   15.00    2.99 
1995 6	 106.30   31.62   17.85    2.45 
1995 7	 159.98   35.63   21.30    2.33 
1995 8	 100.85   33.78   21.70    1.58 
1995 9	 142.50   29.24   17.66    1.96 
1995 10	  26.52   26.87    9.77    2.34 
1995 11	   5.25   20.13    4.14    2.71 
1995 12	  20.70   14.44    1.05    2.99 
1996 1	  11.52   13.55   -3.55    3.29 
1996 2	   1.27   18.88    1.14    3.88 
1996 3	  49.15   19.04    2.59    3.70 
1996 4	  52.30   25.31    7.84    3.67 
1996 5	  56.23   32.66   18.93    4.27 
1996 6	  63.55   33.70   20.39    2.31 
1996 7	  51.78   35.83   22.95    2.46 
1996 8	 111.40   32.44   21.21    2.30 
1996 9	 223.40   28.43   16.36    1.49 
1996 10	  67.85   25.16   10.59    2.82 
1996 11	 109.72   18.63    4.67    3.07 
1996 12	   0.00   17.11    0.37    2.97 
1997 1	   5.53   12.69   -0.66    3.44 
1997 2	 158.30   14.05    2.60    3.11 
1997 3	  59.07   21.44    6.55    2.91 
1997 4	  84.67   20.77    8.14    3.14 
1997 5	  49.97   26.96   13.72    2.53 
1997 6	 191.75   30.66   19.15    2.02 
1997 7	  20.75   34.13   21.56    1.95 
1997 8	 128.62   33.87   20.75    2.32 
1997 9	  11.20   32.89   18.82    2.05 
1997 10	  97.82   26.15   11.51    2.64 
1997 11	  33.45   17.03    2.23    2.60 
1997 12	  91.53   12.20   -1.09    3.17 
1998 1	  66.88   15.27    1.61    3.09 
1998 2	  48.30   15.17    2.35    2.71 
1998 3	 124.23   17.56    5.02    3.90 
1998 4	   7.15   24.67    7.37    3.09 
1998 5	  18.78   33.08   17.23    3.26 
1998 6	  94.28   35.06   21.87    3.71 
1998 7	  58.00   37.28   23.95    2.75 
1998 8	  36.23   35.59   21.46    1.43 
1998 9	  16.83   34.27   19.82    1.86 
1998 10	  56.62   26.77   13.87    2.85 
1998 11	  50.93   19.86    7.22    2.57 
1998 12	  50.12   13.54   -0.41    3.17 
1999 1	  71.32   16.00   -0.42    3.73 
1999 2	   0.08   22.03    2.63    3.05 
1999 3	 117.47   18.68    5.86    3.43 
1999 4	  55.00   25.95   10.87    3.48 
1999 5	  72.05   28.96   16.02    2.68 
1999 6	  88.20   31.71   20.90    2.64 
1999 7	   8.23   35.38   22.22    2.14 
1999 8	  26.83   38.42   22.56    1.79 
1999 9	  23.92   32.32   17.12    2.51 
1999 10	  40.33   27.33   10.00    2.36 
1999 11	   0.55   23.58    6.13    2.48 
1999 12	  13.35   17.08   -0.48    3.27 
2000 1	  16.40   16.60    1.13    3.49 
2000 2	  13.80   21.00    4.43    3.36 
2000 3	  63.90   22.79    7.51    3.11 
2000 4	  56.40   26.11   11.39    3.25 
2000 5	  43.35   32.52   18.85    3.48 
2000 6	 109.35   31.16   21.14    2.65 
2000 7	   8.05   37.06   23.29    2.29 
2000 8	   6.88   38.48   23.54    2.17 
2000 9	   4.28   34.57   17.18    2.24 
2000 10	  70.15   24.92   15.06    2.95 
2000 11	 117.35   14.43    2.72    2.85 
2000 12	  44.18    9.36   -2.35    2.78 
2001 1	  62.98   11.13   -1.51    2.75 
2001 2	 156.65   14.86    1.65    3.33 
2001 3	  70.70   16.29    4.14    2.71 
2001 4	  27.35   24.98   12.07    3.62 
2001 5	  84.85   29.41   17.22    2.78 
2001 6	  37.03   34.18   20.47    2.42 
2001 7	   1.80   37.99   24.09    2.36 
2001 8	  44.12   35.31   22.02    2.29 
2001 9	  66.95   30.35   16.37    1.86 
2001 10	  29.40   25.52    9.46    2.59 
2001 11	  49.62   20.60    7.93    2.72 
2001 12	  32.08   15.60    0.58    2.89 
2002 1	  32.00   16.83   -0.37    2.99 
2002 2	  48.80   14.80   -1.28    2.99 
2002 3	  95.25   19.41    4.23    3.93 
2002 4	  38.60   26.21   13.16    3.76 
2002 5	 117.50   29.58   15.58    3.42 
2002 6	  57.00   31.77   20.06    2.07 
2002 7	 178.48   32.70   21.38    2.17 
2002 8	  20.65   35.12   21.99    2.09 
2002 9	  51.77   32.13   16.91    2.31 
2002 10	 122.85   21.33   11.36    2.22 
2002 11	  26.93   17.75    2.88    3.03 
2002 12	  69.10   14.34   -0.18    3.15 
2003 1	   7.78   13.11   -0.97    2.79 
2003 2	  43.03   13.34    0.32    3.10 
2003 3	  20.98   20.57    4.96    2.79 
2003 4	  18.33   26.87   11.06    3.51 
2003 5	  76.10   30.84   16.37    2.98 
2003 6	 153.70   31.59   18.74    2.02 
2003 7	   2.60   36.39   22.08    2.00 
2003 8	  41.00   36.50   21.82    1.74 
2003 9	  78.90   29.50   16.92    1.67 
2003 10	  54.52   27.09   11.03    2.12 
2003 11	  41.72   19.89    6.04    3.15 
2003 12	   1.47   18.27   -0.17    3.41 
2004 1	  35.80   15.89    1.57    3.17 
2004 2	 139.18   13.40    0.26    3.26 
2004 3	  41.60   22.45    8.84    3.12 
2004 4	 109.85   24.74   11.53    3.31 
2004 5	  38.25   28.99   16.24    3.24 
2004 6	 168.62   31.25   19.56    2.06 
2004 7	  38.10   34.16   21.05    2.02 
2004 8	 107.95   32.18   19.35    1.91 
2004 9	  25.68   31.02   15.88    1.80 
2004 10	 103.42   26.33   13.15    2.70 
2004 11	 164.90   18.29    5.99    2.92 
2004 12	  13.07   15.51    0.01    2.99 
2005 1	  27.38   15.19    0.40    3.35 
2005 2	  48.02   15.51    2.15    2.84 
2005 3	  54.40   18.37    2.91    2.87 
2005 4	   0.43   25.20    8.27    3.46 
2005 5	 110.95   26.82   15.03    2.60 
2005 6	  37.55   33.11   20.21    2.34 
2005 7	  96.18   34.29   21.30    1.82 
2005 8	 203.03   32.98   21.03    1.88 
2005 9	  12.35   33.62   18.66    1.95 
2005 10	  53.17   25.96    9.91    2.42 
2005 11	   0.00   22.91    3.29    2.71 
2005 12	   0.97   15.07   -2.74    2.70 
2006 1	  22.98   19.70   -0.34    3.67 
2006 2	  41.15   15.95   -0.00    3.26 
2006 3	  68.18   22.20    7.71    3.57 
2006 4	 103.05   28.73   12.80    3.37 
2006 5	  87.10   30.50   16.54    2.91 
2006 6	  60.85   34.27   19.03    1.98 
2006 7	  41.92   36.10   22.41    2.13 
2006 8	  43.95   36.78   23.53    2.36 
2006 9	  98.65   29.43   14.51    2.22 
2006 10	  50.40   26.10   10.27    2.43 
2006 11	  30.80   21.34    5.59    3.08 
2006 12	  24.70   15.18   -0.08    3.07 
2007 1	  62.30    9.67   -2.65    3.14 
2007 2	  10.62   15.16   -1.21    3.13 
2007 3	 186.90   22.79    8.79    3.39 
2007 4	  67.55   22.54    8.52    3.00 
2007 5	 238.65   26.10   16.88    2.60 
2007 6	 308.10   29.84   19.84    2.16 
2007 7	  63.75   31.15   20.62    1.53 
2007 8	 137.12   33.56   21.93    1.76 
2007 9	  56.15   30.77   19.03    1.69 
2007 10	  20.45   27.61   11.18    2.39 
2007 11	  37.85   20.27    5.45    2.81 
2007 12	  26.90   14.75   -1.76    2.67 
2008 1	   1.95   13.90   -2.08    2.89 
2008 2	  21.50   18.39   -0.64    3.28 
2008 3	 184.98   21.22    5.30    3.87 
2008 4	 101.38   25.27    9.36    3.39 
2008 5	  76.20   29.37   15.28    3.21 
2008 6	  39.38   34.61   22.16    3.25 
2008 7	  17.27   35.43   21.89    2.69 
2008 8	  68.48   33.57   20.53    1.78 
2008 9	  54.85   29.50   15.14    2.06 
2008 10	  83.17   25.82    9.08    2.33 
2008 11	   6.73   21.07    3.27    2.42 
2008 12	   0.45   15.63   -2.64    3.38 
2009 1	  12.37   15.95   -1.62    3.13 
2009 2	   9.50   21.17    3.37    3.89 
2009 3	  56.92   22.32    6.91    3.73 
2009 4	  38.45   25.39    9.15    3.68 
2009 5	  74.35   28.55   15.32    2.39 
2009 6	  67.57   34.43   20.58    2.74 
2009 7	 124.82   35.46   21.76    2.17 
2009 8	  44.42   35.69   21.11    2.39 
2009 9	 122.58   28.61   15.76    1.79 
2009 10	 113.57   21.58    9.19    2.78 
2009 11	   0.35   21.30    4.19    2.33 
2009 12	  61.08   10.73   -3.79    2.80 
2010 1	  58.23   11.72   -2.91    3.16 
2010 2	  75.70    9.15   -2.01    2.96 
2010 3	  67.28   18.70    2.73    3.41 
2010 4	  78.45   24.35    9.83    3.37 
2010 5	  93.70   27.77   14.89    2.73 
2010 6	  69.85   34.05   21.65    2.63 
2010 7	  95.65   33.40   22.20    2.26 
2010 8	  23.65   37.48   22.31    2.13 
2010 9	 126.50   31.36   18.58    2.15 
2010 10	  26.65   26.69    8.86    2.30 
2010 11	   7.68   20.99    4.13    3.34 
2010 12	  31.92   16.01   -1.25    3.17 
