1949 1	  94.62    7.82   -3.18    3.28 
1949 2	  35.48   13.77    1.38    2.50 
1949 3	  78.78   19.79    5.33    2.85 
1949 4	  43.15   22.11    9.65    2.64 
1949 5	 213.20   28.37   16.24    2.67 
1949 6	  92.78   32.15   19.52    2.66 
1949 7	  12.47   36.23   22.06    2.21 
1949 8	  47.18   35.47   20.11    1.96 
1949 9	  92.78   30.33   16.33    2.03 
1949 10	 117.93   25.05   10.80    3.00 
1949 11	   0.68   23.42    3.65    2.50 
1949 12	  31.20   15.35    1.73    3.04 
1950 1	  49.55   15.40    0.72    3.28 
1950 2	  17.08   17.19    3.22    3.04 
1950 3	   4.35   20.12    3.23    3.43 
1950 4	 137.43   24.46   10.02    3.51 
1950 5	 125.28   27.10   15.92    2.57 
1950 6	  71.55   31.42   20.12    2.80 
1950 7	 139.08   31.52   21.26    2.59 
1950 8	  84.85   33.42   19.53    2.40 
1950 9	  87.20   29.84   17.38    2.31 
1950 10	   2.83   30.06   12.43    2.63 
1950 11	   0.00   21.17    2.73    3.15 
1950 12	   0.25   15.15   -1.46    2.69 
1951 1	   7.97   15.03   -1.19    3.35 
1951 2	  19.45   16.44    0.98    3.37 
1951 3	  16.23   20.12    4.45    3.46 
1951 4	  68.03   25.92    9.71    3.29 
1951 5	  66.10   28.72   15.31    2.84 
1951 6	 179.32   31.93   20.13    3.12 
1951 7	  49.80   36.67   22.42    2.45 
1951 8	  58.00   38.81   22.52    2.40 
1951 9	  90.58   33.59   16.94    2.29 
1951 10	  31.90   28.04   12.06    2.57 
1951 11	  12.00   16.81    2.92    3.16 
1951 12	   0.90   16.99    1.45    3.31 
1952 1	   6.95   18.80    2.88    3.27 
1952 2	  11.35   19.03    3.67    3.53 
1952 3	  32.40   19.80    4.82    3.12 
1952 4	 111.88   23.78    8.47    3.06 
1952 5	  46.90   29.15   14.12    2.89 
1952 6	   4.55   36.40   21.04    2.87 
1952 7	  11.53   36.90   21.23    2.28 
1952 8	  11.55   40.42   24.45    2.79 
1952 9	  22.23   33.57   16.49    1.91 
1952 10	   0.00   26.99    7.38    2.41 
1952 11	  83.53   18.55    5.68    2.87 
1952 12	  18.77   13.47   -0.20    2.48 
1953 1	   3.07   18.36    2.03    3.75 
1953 2	  15.40   16.63    2.05    2.69 
1953 3	  41.92   23.13    8.77    2.55 
1953 4	  34.55   24.33    9.10    2.88 
1953 5	  95.40   28.90   15.60    3.09 
1953 6	  29.73   38.72   23.60    2.72 
1953 7	  39.95   35.42   22.67    2.27 
1953 8	  63.50   35.21   21.50    1.99 
1953 9	  30.05   34.91   15.75    1.57 
1953 10	 150.82   26.84   13.07    2.12 
1953 11	  34.88   17.87    5.23    2.17 
1953 12	  15.43   13.69    0.52    3.12 
1954 1	  38.03   12.88    0.81    3.17 
1954 2	   6.70   21.11    4.46    3.25 
1954 3	   6.85   19.36    4.68    3.24 
1954 4	 113.57   27.39   14.22    3.59 
1954 5	 111.10   24.89   12.90    2.58 
1954 6	  11.05   35.08   20.83    2.82 
1954 7	  55.05   39.28   23.67    2.48 
1954 8	  11.73   37.46   22.82    2.73 
1954 9	  15.70   36.17   19.02    2.14 
1954 10	  27.15   27.44   13.23    2.25 
1954 11	  64.72   19.97    4.31    2.41 
1954 12	  37.20   16.41    0.86    2.91 
1955 1	  25.38   13.03    1.28    2.90 
1955 2	  30.90   14.52    0.64    3.56 
1955 3	  32.80   21.30    5.85    3.24 
1955 4	  59.70   27.64   14.43    3.34 
1955 5	 117.53   31.17   17.68    2.77 
1955 6	 162.62   31.36   19.13    2.46 
1955 7	  26.65   36.01   22.83    2.19 
1955 8	  27.35   36.73   21.58    1.72 
1955 9	 174.52   33.56   19.15    1.78 
1955 10	   9.10   27.44   10.62    2.57 
1955 11	  13.78   20.63    2.12    3.16 
1955 12	   0.08   14.36   -0.42    2.67 
1956 1	  37.80   13.29   -0.98    3.37 
1956 2	  27.78   15.48    2.31    2.97 
1956 3	   4.85   23.10    6.05    3.30 
1956 4	  60.22   25.30    9.87    3.13 
1956 5	  28.33   31.70   18.21    3.00 
1956 6	  12.93   36.19   21.99    2.64 
1956 7	  25.15   38.33   23.07    3.01 
1956 8	   8.12   38.50   22.12    2.93 
1956 9	  16.10   35.30   17.76    2.22 
1956 10	  64.80   29.28   12.56    2.02 
1956 11	  28.07   18.45    2.63    2.78 
1956 12	  54.63   16.45    1.04    2.86 
1957 1	  28.40   11.52   -0.80    3.04 
1957 2	 121.90   15.48    5.69    2.68 
1957 3	  41.50   17.21    4.45    2.95 
1957 4	 261.70   21.91   10.07    3.08 
1957 5	 295.43   25.77   15.70    2.64 
1957 6	  72.13   30.86   19.70    2.26 
1957 7	  48.62   37.08   22.81    1.75 
1957 8	   2.62   36.29   21.46    2.27 
1957 9	  79.70   30.48   15.81    2.42 
1957 10	 110.65   21.89    9.75    2.56 
1957 11	 123.23   15.66    3.64    2.93 
1957 12	  17.07   17.40    1.27    3.28 
1958 1	  29.37   12.69   -1.46    2.97 
1958 2	  23.80   11.15   -0.45    3.40 
1958 3	  69.50   13.04    2.07    2.72 
1958 4	 119.18   22.18    9.15    2.77 
1958 5	  51.43   27.41   15.08    2.27 
1958 6	  49.20   33.55   20.80    2.44 
1958 7	  94.45   34.56   22.44    3.09 
1958 8	  32.75   36.54   21.86    2.05 
1958 9	  62.90   30.79   19.33    2.14 
1958 10	  22.15   24.24   11.79    2.34 
1958 11	  32.02   20.84    4.73    2.31 
1958 12	  19.58   13.93   -2.02    2.84 
1959 1	   6.00   12.22   -2.88    3.49 
1959 2	  15.08   14.72    0.75    2.94 
1959 3	  22.40   21.69    3.91    3.48 
1959 4	  27.15   24.75    9.98    3.32 
1959 5	  77.60   29.88   17.56    3.01 
1959 6	 190.52   32.88   19.88    2.30 
1959 7	  65.03   32.90   20.87    1.73 
1959 8	  36.60   36.59   21.88    2.17 
1959 9	  45.60   33.25   18.87    2.71 
1959 10	 172.43   24.50    9.85    2.24 
1959 11	  10.22   15.50    1.13    2.70 
1959 12	  55.18   15.77    2.18    2.86 
1960 1	  55.38   11.72   -0.42    2.86 
1960 2	  49.18   12.52   -1.72    3.53 
1960 3	  23.62   14.86    2.16    2.86 
1960 4	  76.03   26.18   11.43    3.64 
1960 5	  73.62   28.01   13.94    3.15 
1960 6	  24.45   34.55   20.24    2.61 
1960 7	  84.92   35.38   21.67    1.97 
1960 8	  60.85   35.17   21.24    2.09 
1960 9	 119.12   33.58   16.35    1.96 
1960 10	  57.35   26.94   12.42    2.32 
1960 11	   1.42   21.81    4.54    2.64 
1960 12	  72.95   11.03   -1.51    2.85 
1961 1	  71.90   11.78   -3.97    2.85 
1961 2	  46.97   16.34    1.11    3.32 
1961 3	  56.08   21.90    5.54    3.36 
1961 4	   9.40   25.37    8.68    3.70 
1961 5	  28.10   29.32   15.36    3.25 
1961 6	 133.67   31.02   18.30    2.51 
1961 7	  77.03   33.35   20.18    2.44 
1961 8	  21.88   35.18   19.28    1.98 
1961 9	  98.98   30.49   16.89    3.15 
1961 10	  43.45   26.50   10.75    2.68 
1961 11	 110.18   16.69    3.69    2.86 
1961 12	  28.52   12.87   -0.49    3.03 
1962 1	   5.70   10.87   -5.59    3.17 
1962 2	   7.57   20.76    1.24    3.16 
1962 3	  57.50   18.49    2.80    3.32 
1962 4	  54.33   23.47    9.51    3.13 
1962 5	  47.22   32.04   17.33    4.12 
1962 6	 182.65   31.53   18.18    1.95 
1962 7	 158.88   34.97   21.93    2.37 
1962 8	  45.05   36.65   20.68    2.26 
1962 9	 183.95   30.39   17.89    1.99 
1962 10	  53.50   27.43   13.72    2.75 
1962 11	  62.70   18.73    4.83    2.67 
1962 12	  40.65   14.73    0.87    2.53 
1963 1	   1.75   10.58   -6.47    3.01 
1963 2	   9.75   16.41   -1.77    3.12 
1963 3	  10.77   23.33    5.36    3.51 
1963 4	 127.30   28.29   13.23    3.90 
1963 5	 109.97   29.14   16.52    3.03 
1963 6	  70.55   32.60   20.27    2.45 
1963 7	  21.27   37.36   23.15    2.87 
1963 8	  61.55   37.98   21.76    2.18 
1963 9	  35.45   32.80   17.87    2.03 
1963 10	  94.10   31.08   12.37    1.83 
1963 11	  84.83   21.01    5.04    2.87 
1963 12	  25.90   10.19   -3.68    2.69 
1964 1	  60.80   15.06   -2.97    3.28 
1964 2	  35.05   13.48   -1.48    3.12 
1964 3	  37.15   20.22    3.31    3.11 
1964 4	  40.10   27.13   11.66    3.73 
1964 5	 118.50   30.13   16.16    3.02 
1964 6	  16.72   33.69   19.34    3.04 
1964 7	  13.42   38.74   22.52    2.41 
1964 8	  78.03   36.51   22.40    2.82 
1964 9	  72.45   30.87   17.83    1.96 
1964 10	   4.45   26.01    8.71    2.26 
1964 11	 139.98   20.53    6.24    2.63 
1964 12	  19.73   14.60   -1.10    3.01 
1965 1	  54.40   15.09    0.27    3.04 
1965 2	  38.65   13.91   -0.91    3.20 
1965 3	  13.50   13.87    0.65    3.30 
1965 4	  91.25   26.44   11.80    3.07 
1965 5	 218.98   27.10   16.71    3.10 
1965 6	  28.45   32.05   19.78    2.54 
1965 7	   0.50   37.07   22.16    2.10 
1965 8	 101.82   35.06   20.49    2.26 
1965 9	  96.35   32.83   18.06    2.60 
1965 10	  69.60   24.66    9.82    2.36 
1965 11	  12.20   22.29    7.51    2.13 
1965 12	  37.65   15.99    2.52    2.91 
1966 1	  40.88    9.47   -3.68    2.93 
1966 2	  30.35   13.05   -1.28    3.22 
1966 3	  14.50   21.12    5.18    3.35 
1966 4	 234.80   24.54    9.39    3.40 
1966 5	   3.78   27.69   13.98    2.64 
1966 6	  47.57   32.14   19.55    2.35 
1966 7	   8.65   36.89   23.33    2.34 
1966 8	 142.88   33.23   20.28    2.13 
1966 9	 253.55   28.79   16.53    1.76 
1966 10	  21.40   24.33    8.27    2.37 
1966 11	   9.95   22.40    6.06    3.12 
1966 12	   4.10   13.47   -2.76    2.73 
1967 1	   0.50   16.72   -2.49    3.47 
1967 2	  11.05   16.07   -1.69    3.37 
1967 3	  21.25   25.49    6.99    3.98 
1967 4	  54.65   27.99   13.98    4.02 
1967 5	  79.22   28.70   13.05    3.30 
1967 6	  40.77   32.87   20.26    2.75 
1967 7	  50.05   34.56   21.17    2.54 
1967 8	   6.35   35.81   19.63    2.04 
1967 9	 172.82   28.08   16.12    2.32 
1967 10	  41.30   26.01    9.12    2.76 
1967 11	  25.05   18.39    4.60    2.30 
1967 12	  36.67   13.32   -0.75    2.66 
1968 1	 122.45   10.25    0.04    3.24 
1968 2	  52.55   12.35   -1.49    2.36 
1968 3	 110.20   18.11    4.15    3.84 
1968 4	  47.52   23.38    8.79    3.25 
1968 5	 114.70   27.65   14.23    3.07 
1968 6	  64.82   31.17   19.19    2.47 
1968 7	  98.70   33.00   20.67    2.31 
1968 8	  31.70   34.78   21.56    2.65 
1968 9	  30.20   31.20   14.58    2.11 
1968 10	  17.40   27.90   10.55    2.63 
1968 11	  99.12   18.66    2.73    3.04 
1968 12	  11.02   14.99   -1.44    3.31 
1969 1	  14.20   14.64   -0.05    3.20 
1969 2	  59.85   14.42    1.40    3.07 
1969 3	 117.43   14.04    0.77    3.27 
1969 4	  66.85   25.23   10.48    3.13 
1969 5	 112.73   27.72   14.50    2.09 
1969 6	  57.67   31.46   19.13    3.22 
1969 7	  23.58   37.68   22.92    2.27 
1969 8	  68.22   35.45   21.47    2.19 
1969 9	 160.32   30.25   17.55    1.75 
1969 10	 116.85   22.69   10.17    3.14 
1969 11	  25.85   19.28    2.51    2.50 
1969 12	 105.62   15.51    0.26    2.67 
1970 1	   7.95   10.94   -3.89    2.58 
1970 2	  70.60   15.43    0.83    3.13 
1970 3	  59.20   16.39    2.97    3.08 
1970 4	 126.50   25.02   10.92    3.33 
1970 5	  41.15   28.02   13.88    2.57 
1970 6	   9.85   32.21   19.10    2.65 
1970 7	   1.92   36.40   21.45    2.37 
1970 8	  46.02   36.70   21.23    2.32 
1970 9	  62.38   31.89   19.10    2.49 
1970 10	  58.43   24.58    9.49    2.33 
1970 11	  12.55   19.00    1.64    3.24 
1970 12	  10.48   19.51    1.13    2.72 
1971 1	   3.75   15.71   -2.93    3.17 
1971 2	  27.52   16.92   -0.76    3.62 
1971 3	  10.35   21.65    2.88    3.59 
1971 4	  31.02   26.18   10.41    3.10 
1971 5	  59.38   30.70   14.50    3.13 
1971 6	  31.38   34.69   21.03    2.89 
1971 7	  96.15   36.35   22.30    2.40 
1971 8	 176.45   31.48   19.72    1.76 
1971 9	 136.05   29.54   17.11    2.39 
1971 10	  81.05   26.16   12.54    2.35 
1971 11	  23.92   19.44    4.97    2.81 
1971 12	  64.18   15.35    1.99    3.12 
1972 1	   8.95   13.11   -2.71    3.07 
1972 2	  15.15   16.90   -0.37    2.95 
1972 3	   5.12   23.99    6.01    3.40 
1972 4	  83.12   27.91   11.49    3.75 
1972 5	 116.30   28.01   14.22    1.94 
1972 6	 106.38   34.08   19.56    2.32 
1972 7	  31.57   34.15   21.01    2.64 
1972 8	 100.35   34.74   20.81    2.19 
1972 9	  65.15   31.92   19.02    2.06 
1972 10	 159.05   26.10   11.34    2.40 
1972 11	  31.45   14.24    2.47    2.48 
1972 12	   9.32   12.99   -2.82    3.11 
1973 1	  92.62    9.35   -3.48    3.55 
1973 2	  45.00   13.99   -0.25    2.89 
1973 3	  48.62   21.51    6.60    3.35 
1973 4	  57.38   21.48    7.82    3.13 
1973 5	  72.53   29.18   13.04    3.08 
1973 6	  85.08   31.69   18.44    2.73 
1973 7	 117.90   34.59   21.95    2.12 
1973 8	   3.42   34.67   20.39    2.21 
1973 9	 168.30   29.61   18.14    2.53 
1973 10	 107.28   25.95   12.26    2.35 
1973 11	  36.27   21.22    7.29    3.36 
1973 12	   2.55   16.79   -1.32    3.22 
1974 1	   5.62   12.75   -3.25    2.97 
1974 2	  39.15   19.68    0.23    3.77 
1974 3	  16.12   24.79    8.39    4.29 
1974 4	  95.92   26.33   10.03    3.77 
1974 5	  45.30   31.21   17.34    3.13 
1974 6	  89.65   33.26   18.22    2.93 
1974 7	  43.10   36.69   21.56    2.23 
1974 8	 113.05   32.99   20.38    2.45 
1974 9	 190.22   25.79   14.21    2.51 
1974 10	 146.02   25.68   11.29    2.52 
1974 11	  27.20   18.37    4.29    2.73 
1974 12	  39.85   13.17   -0.77    2.46 
1975 1	  44.60   14.42   -0.64    3.32 
1975 2	  51.90   13.73   -1.64    3.19 
1975 3	  33.92   18.30    3.06    3.52 
1975 4	  38.10   23.18    9.05    3.84 
1975 5	 200.43   27.93   14.36    2.71 
1975 6	 120.82   31.03   19.03    2.74 
1975 7	  63.08   32.63   20.44    1.76 
1975 8	  41.05   33.87   20.87    2.23 
1975 9	  44.90   29.21   13.68    2.39 
1975 10	   4.80   27.41    9.95    2.86 
1975 11	  36.60   21.04    4.91    3.36 
1975 12	  35.53   16.04   -0.98    3.10 
1976 1	   0.00   15.22   -3.73    3.15 
1976 2	   2.60   22.22    3.05    4.14 
1976 3	  24.35   22.20    5.48    3.84 
1976 4	  94.47   25.17   10.87    3.32 
1976 5	 124.25   26.53   12.23    2.63 
1976 6	  73.23   32.26   18.86    2.58 
1976 7	  48.33   32.31   20.20    2.00 
1976 8	  52.50   36.37   20.23    1.73 
1976 9	 173.80   29.40   16.88    1.74 
1976 10	 168.80   20.99    6.86    2.61 
1976 11	  15.62   14.61    0.84    2.54 
1976 12	  14.27   14.67   -2.48    2.80 
1977 1	  53.18    7.37   -6.09    2.58 
1977 2	  19.48   16.97    0.94    2.97 
1977 3	  89.05   21.58    4.83    3.33 
1977 4	  57.75   23.89   10.28    3.06 
1977 5	  76.17   27.87   17.16    2.89 
1977 6	  74.55   33.98   20.51    2.69 
1977 7	  31.72   36.47   22.37    2.28 
1977 8	  20.62   36.00   22.58    2.47 
1977 9	  18.48   35.76   19.76    2.67 
1977 10	  31.40   27.70   10.67    2.31 
1977 11	  26.00   20.91    5.40    2.86 
1977 12	   4.60   16.71   -0.27    3.17 
1978 1	  20.68    6.77   -5.51    3.06 
1978 2	  50.45    6.84   -4.12    3.04 
1978 3	  26.92   19.41    3.15    3.25 
1978 4	  55.35   27.96   11.75    3.85 
1978 5	  66.78   30.15   15.36    3.08 
1978 6	  71.15   34.76   21.03    2.37 
1978 7	  18.97   39.54   24.61    2.42 
1978 8	 125.35   34.16   21.04    2.48 
1978 9	  24.95   32.06   19.28    2.31 
1978 10	  79.15   27.46   10.16    2.10 
1978 11	  79.65   18.54    5.80    2.26 
1978 12	   9.60   14.21   -2.61    2.98 
1979 1	  44.87    5.38   -5.34    3.22 
1979 2	  18.83   11.42   -2.59    3.11 
1979 3	  87.58   20.01    4.88    3.53 
1979 4	  70.80   23.81    9.91    2.87 
1979 5	  67.70   26.01   13.35    3.11 
1979 6	  46.88   31.26   19.07    2.47 
1979 7	  87.53   35.12   22.30    2.09 
1979 8	 129.40   34.44   20.13    1.82 
1979 9	   0.60   32.28   15.28    2.00 
1979 10	  36.70   29.89   10.62    2.81 
1979 11	  12.40   17.85    0.76    2.51 
1979 12	  69.95   15.21   -0.65    3.01 
1980 1	  27.55   12.15   -0.96    3.16 
1980 2	  51.72   14.52   -2.35    3.00 
1980 3	  22.33   19.29    1.36    3.23 
1980 4	  44.52   25.06    6.15    3.28 
1980 5	 227.10   28.08   13.77    2.61 
1980 6	  25.05   35.18   21.22    3.17 
1980 7	  13.40   39.96   22.37    2.38 
1980 8	  16.55   37.44   21.48    2.97 
1980 9	 261.68   32.60   17.44    2.35 
1980 10	  50.15   25.82    7.74    2.35 
1980 11	  44.30   18.42    1.46    2.55 
1980 12	  50.53   15.67   -0.72    3.14 
1981 1	   2.40   13.56   -1.60    2.44 
1981 2	  37.38   16.09   -0.50    2.92 
1981 3	  60.12   18.98    4.46    3.11 
1981 4	  79.27   26.72   11.30    3.35 
1981 5	  65.95   27.61   12.32    3.17 
1981 6	 136.43   32.12   18.90    2.52 
1981 7	  12.32   36.81   21.73    2.34 
1981 8	  25.18   35.94   20.44    1.98 
1981 9	  64.97   32.10   17.09    2.06 
1981 10	 348.20   24.24   11.74    2.76 
1981 11	  14.80   20.74    4.44    2.38 
1981 12	   8.53   15.00   -0.42    2.97 
1982 1	  16.83   14.65   -3.60    3.48 
1982 2	  36.83   13.05   -2.04    3.07 
1982 3	  50.75   21.19    5.56    3.71 
1982 4	  43.05   23.26    9.06    3.35 
1982 5	 338.70   27.36   14.62    2.93 
1982 6	 199.02   29.73   18.16    2.36 
1982 7	  31.20   33.41   21.60    2.49 
1982 8	   4.72   36.11   21.14    2.42 
1982 9	  40.27   32.83   15.72    2.36 
1982 10	  29.25   26.44    8.37    2.55 
1982 11	  68.25   19.32    3.25    2.95 
1982 12	  71.65   14.91   -1.35    3.58 
1983 1	  30.10   11.67   -2.54    2.44 
1983 2	  20.88   13.74   -0.86    2.89 
1983 3	  83.88   17.92    3.21    3.56 
1983 4	  40.65   23.03    5.70    3.99 
1983 5	 168.55   27.16   10.98    2.97 
1983 6	  81.43   29.75   15.23    2.35 
1983 7	   2.27   35.19   19.73    2.30 
1983 8	   9.78   37.50   20.17    1.52 
1983 9	   7.65   33.74   15.66    2.15 
1983 10	  44.38   27.51    9.73    2.52 
1983 11	  58.92   21.96    4.44    2.94 
1983 12	  19.05    6.39   -6.98    2.99 
1984 1	  11.78   11.18   -5.16    2.49 
1984 2	  33.90   18.94   -1.49    3.41 
1984 3	  51.75   21.16    3.38    3.54 
1984 4	  12.38   25.42    6.97    3.13 
1984 5	  68.95   31.23   14.16    3.23 
1984 6	  27.75   35.37   19.79    2.82 
1984 7	  40.85   37.12   19.72    2.24 
1984 8	  28.85   37.10   20.97    2.03 
1984 9	  88.97   30.89   16.28    2.83 
1984 10	 225.57   23.88   11.18    2.57 
1984 11	  83.50   18.13    4.92    2.89 
1984 12	 113.80   15.08    2.74    3.25 
1985 1	  21.17   10.04   -4.79    3.01 
1985 2	  50.68   11.73   -0.99    3.23 
1985 3	 102.43   20.28    7.13    3.45 
1985 4	  78.35   26.02   11.30    3.16 
1985 5	  44.90   29.59   15.52    2.84 
1985 6	 135.10   32.71   18.40    2.42 
1985 7	  65.07   34.95   20.51    2.04 
1985 8	  20.40   37.65   22.14    2.12 
1985 9	  35.35   31.90   17.89    2.54 
1985 10	 119.78   24.74   12.38    3.29 
1985 11	  39.02   18.30    5.36    3.01 
1985 12	   3.80   12.73   -4.05    2.75 
1986 1	   0.00   17.30   -2.06    2.95 
1986 2	  35.75   17.33    3.15    3.17 
1986 3	  31.25   23.75    7.24    3.26 
1986 4	  76.90   26.71   13.08    3.38 
1986 5	 130.23   28.81   16.02    3.21 
1986 6	 134.55   31.95   20.28    1.76 
1986 7	 109.10   36.14   22.34    2.53 
1986 8	  40.25   35.21   21.31    2.31 
1986 9	 134.70   30.76   19.73    2.50 
1986 10	 115.88   23.46   11.06    2.37 
1986 11	  97.48   17.44    3.00    2.79 
1986 12	  46.65   11.50    0.65    2.49 
1987 1	  54.60   11.99   -2.86    2.84 
1987 2	  92.90   15.13    3.18    3.43 
1987 3	  35.30   18.04    3.63    3.08 
1987 4	  28.17   25.43    7.68    2.68 
1987 5	 115.88   28.52   15.96    2.39 
1987 6	 184.90   30.67   18.85    2.17 
1987 7	  36.20   32.93   20.84    2.39 
1987 8	  40.13   36.32   22.19    2.42 
1987 9	  85.00   30.38   15.66    1.98 
1987 10	   9.18   25.94    9.02    2.60 
1987 11	  28.75   19.06    4.52    2.72 
1987 12	 128.23   13.17   -0.71    2.75 
1988 1	   8.60   10.39   -2.63    3.16 
1988 2	  18.30   14.70   -0.77    3.20 
1988 3	  27.00   21.10    3.49    3.52 
1988 4	  60.38   25.70    8.12    2.81 
1988 5	  81.70   28.96   14.13    2.95 
1988 6	  41.33   32.21   18.10    1.99 
1988 7	  91.43   34.40   21.23    2.18 
1988 8	  54.32   35.79   21.18    1.91 
1988 9	 156.43   31.13   16.24    2.20 
1988 10	  13.90   25.03    9.97    2.27 
1988 11	  21.45   21.26    3.90    2.92 
1988 12	  37.75   14.88   -1.01    2.79 
1989 1	  27.92   15.32    0.50    2.90 
1989 2	  95.78    9.46   -1.80    3.66 
1989 3	  42.85   20.48    4.52    3.60 
1989 4	  15.50   25.87   11.25    3.38 
1989 5	 296.08   28.97   15.61    3.56 
1989 6	 157.68   29.87   17.71    2.77 
1989 7	  22.00   34.95   20.85    1.95 
1989 8	  60.88   34.01   21.40    2.47 
1989 9	 137.12   30.17   14.32    2.30 
1989 10	  19.93   27.85    9.76    2.86 
1989 11	   4.15   21.60    3.61    2.71 
1989 12	   7.90   10.07   -6.27    3.25 
1990 1	  71.18   17.17    0.69    3.04 
1990 2	 120.40   17.80    2.43    3.14 
1990 3	 149.70   18.99    6.30    3.62 
1990 4	 240.32   23.42    9.43    3.24 
1990 5	 143.73   27.73   14.81    3.43 
1990 6	  41.12   35.80   22.16    3.00 
1990 7	 109.22   33.78   20.40    2.15 
1990 8	  38.67   34.57   20.38    2.25 
1990 9	 143.98   32.72   18.16    1.64 
1990 10	  26.05   26.00    9.10    2.51 
1990 11	 105.40   22.21    6.24    2.96 
1990 12	  19.90   12.64   -2.11    2.92 
1991 1	  79.05   10.51   -0.86    2.69 
1991 2	  12.07   18.58    2.16    2.75 
1991 3	  40.62   22.07    5.82    3.45 
1991 4	  16.85   26.70    9.88    2.97 
1991 5	 109.05   29.77   16.84    2.61 
1991 6	 156.28   32.37   19.51    2.11 
1991 7	  61.23   35.82   21.22    1.98 
1991 8	  79.48   33.12   20.21    1.83 
1991 9	  94.05   28.43   16.14    1.96 
1991 10	 210.98   26.81   10.09    2.60 
1991 11	  29.38   16.25    2.98    2.98 
1991 12	 145.40   14.50    2.62    3.04 
1992 1	  41.83   12.40   -0.93    2.43 
1992 2	  87.92   17.15    3.48    3.02 
1992 3	  42.02   22.03    6.18    3.00 
1992 4	  20.00   25.18    9.56    2.64 
1992 5	 166.73   26.66   13.53    2.33 
1992 6	 103.50   31.27   18.90    1.93 
1992 7	  75.10   34.07   21.49    2.98 
1992 8	  71.88   32.34   18.21    2.11 
1992 9	  28.63   31.19   16.36    2.77 
1992 10	  24.77   28.01   10.02    2.34 
1992 11	  75.58   17.08    3.84    2.78 
1992 12	  68.60   13.80    1.00    2.68 
1993 1	  34.85   10.71   -1.15    2.58 
1993 2	  93.43   13.87    0.42    3.05 
1993 3	  33.05   18.55    3.93    3.33 
1993 4	  54.75   23.67    7.70    3.59 
1993 5	  53.67   27.15   13.09    2.94 
1993 6	  81.78   32.82   20.06    2.88 
1993 7	   2.65   37.34   23.78    3.43 
1993 8	  82.10   36.64   21.55    2.33 
1993 9	  96.13   30.88   14.18    1.96 
1993 10	 122.80   23.53    8.25    2.60 
1993 11	  12.45   16.47    0.45    2.82 
1993 12	  38.67   14.92   -0.37    3.04 
1994 1	  15.93   12.79   -1.00    3.14 
1994 2	  59.20   13.97   -1.96    3.01 
1994 3	   9.83   21.43    4.73    3.16 
1994 4	  62.53   25.57    8.82    3.29 
1994 5	 233.05   26.34   14.69    2.33 
1994 6	  14.50   35.03   21.10    2.37 
1994 7	 118.98   34.53   21.06    2.69 
1994 8	  53.40   36.23   20.48    2.06 
1994 9	  65.22   29.86   15.32    1.87 
1994 10	 213.92   25.28   10.93    2.41 
1994 11	 103.30   18.41    5.40    2.72 
1994 12	  51.97   13.96    1.85    2.29 
1995 1	  31.23   13.80   -0.74    3.13 
1995 2	  16.47   16.98    1.00    2.98 
1995 3	  76.02   18.01    4.83    3.29 
1995 4	  39.20   23.98    8.58    3.40 
1995 5	 117.70   26.94   14.20    2.94 
1995 6	  91.20   31.91   17.55    2.35 
1995 7	 151.02   35.67   20.57    2.31 
1995 8	  57.40   34.63   21.38    1.55 
1995 9	 100.55   29.56   17.25    1.99 
1995 10	  38.68   27.15    8.43    2.31 
1995 11	   2.78   20.35    3.26    2.70 
1995 12	  43.45   14.42   -0.07    2.97 
1996 1	   4.12   12.84   -4.69    3.28 
1996 2	   9.32   18.93   -0.29    3.83 
1996 3	  73.48   18.97    2.12    3.73 
1996 4	  62.17   24.87    7.02    3.69 
1996 5	  44.30   32.88   18.57    4.26 
1996 6	  64.53   34.20   20.06    2.22 
1996 7	  68.00   36.62   22.44    2.37 
1996 8	 133.95   33.31   21.10    2.20 
1996 9	 177.98   28.69   15.76    1.48 
1996 10	  46.08   25.10    9.67    2.78 
1996 11	 140.27   18.13    3.82    3.04 
1996 12	   0.00   16.60   -0.71    2.99 
1997 1	  11.10   12.60   -1.40    3.38 
1997 2	 154.90   14.37    1.50    3.05 
1997 3	  37.95   21.85    5.57    2.92 
1997 4	  99.72   20.98    6.98    3.14 
1997 5	  68.10   26.95   13.20    2.56 
1997 6	  71.45   31.40   18.56    1.99 
1997 7	  55.20   35.23   21.32    1.86 
1997 8	  66.28   34.63   20.27    2.23 
1997 9	  13.43   33.96   17.91    2.08 
1997 10	  57.15   26.78   11.01    2.59 
1997 11	  47.15   17.09    2.50    2.60 
1997 12	 130.25   11.56   -1.54    3.12 
1998 1	  48.80   15.25    0.43    3.06 
1998 2	  71.62   14.96    1.90    2.65 
1998 3	 139.32   18.06    3.88    3.96 
1998 4	  18.10   24.29    5.89    3.11 
1998 5	  24.55   33.17   15.95    3.23 
1998 6	  49.88   36.01   21.90    3.72 
1998 7	  30.12   39.21   23.91    2.68 
1998 8	  54.80   36.31   21.31    1.36 
1998 9	  32.42   35.10   19.38    1.88 
1998 10	 111.33   26.58   13.01    2.81 
1998 11	  30.25   19.11    6.48    2.58 
1998 12	  49.00   13.00   -1.34    3.12 
1999 1	  45.80   16.43   -1.21    3.69 
1999 2	   1.45   20.62    1.51    3.03 
1999 3	 180.45   18.76    4.76    3.41 
1999 4	  92.32   25.44    9.31    3.45 
1999 5	 101.57   29.00   14.90    2.66 
1999 6	  66.13   31.77   20.50    2.61 
1999 7	  16.75   36.26   22.03    2.15 
1999 8	  22.95   39.21   21.93    1.84 
1999 9	  27.75   32.54   16.19    2.50 
1999 10	  79.65   27.62    8.75    2.33 
1999 11	   0.00   23.56    5.18    2.50 
1999 12	  18.05   16.37   -1.48    3.24 
2000 1	  21.35   16.10    0.07    3.46 
2000 2	  14.75   21.16    2.72    3.22 
2000 3	  80.10   21.98    6.03    3.10 
2000 4	  85.80   25.10    8.54    3.25 
2000 5	  35.60   31.80   16.94    3.49 
2000 6	 131.60   31.48   20.13    2.58 
2000 7	   6.72   37.16   22.23    2.24 
2000 8	   0.00   39.23   22.68    2.21 
2000 9	  13.32   34.91   15.69    2.20 
2000 10	 101.15   25.25   13.80    2.90 
2000 11	 151.90   13.66    1.48    2.78 
2000 12	  44.35    8.31   -3.33    2.72 
2001 1	  66.07   10.13   -2.29    2.65 
2001 2	 115.88   15.28    0.36    3.27 
2001 3	 113.85   15.89    3.46    2.67 
2001 4	  18.15   25.17   10.89    3.59 
2001 5	  70.77   29.35   16.05    2.71 
2001 6	   4.00   34.37   20.42    2.48 
2001 7	   1.48   38.73   24.16    2.32 
2001 8	  48.33   35.77   21.78    2.25 
2001 9	  45.27   31.20   15.41    1.76 
2001 10	  76.80   25.81    8.81    2.60 
2001 11	  69.60   20.81    6.78    2.72 
2001 12	  37.28   15.16   -0.13    2.87 
2002 1	  24.05   16.08   -1.40    3.02 
2002 2	  33.23   14.21   -2.00    2.95 
2002 3	 101.78   19.07    2.66    3.93 
2002 4	 113.95   25.46   12.98    3.70 
2002 5	  78.55   27.88   14.12    3.31 
2002 6	 132.07   31.43   19.60    2.00 
2002 7	 117.27   33.21   21.28    2.05 
2002 8	   3.78   35.54   21.42    2.06 
2002 9	  45.23   32.70   16.72    2.28 
2002 10	 162.57   20.89   10.17    2.23 
2002 11	  21.40   17.36    1.89    3.07 
2002 12	  70.05   13.44   -0.96    3.17 
2003 1	   2.25   12.15   -2.29    2.79 
2003 2	  39.38   12.54   -0.58    3.10 
2003 3	  20.13   20.28    4.06    2.84 
2003 4	  31.35   25.88    9.68    3.53 
2003 5	  72.25   30.23   15.05    2.97 
2003 6	 233.57   30.64   18.45    1.99 
2003 7	   0.50   35.78   21.84    2.07 
2003 8	  64.93   36.18   21.68    1.77 
2003 9	  98.72   28.84   16.51    1.67 
2003 10	   9.05   27.04   10.52    2.15 
2003 11	  36.95   19.03    4.97    3.14 
2003 12	   3.00   17.39   -0.17    3.41 
2004 1	  31.52   14.21   -0.07    3.12 
2004 2	 128.32   11.85   -0.86    3.24 
2004 3	  44.53   21.93    8.49    3.13 
2004 4	 127.68   23.65   10.65    3.25 
2004 5	  35.67   28.64   15.79    3.25 
2004 6	 174.95   29.77   19.23    1.98 
2004 7	  92.25   33.39   20.66    2.11 
2004 8	  65.10   31.97   19.26    1.91 
2004 9	   5.57   30.92   16.14    1.80 
2004 10	 103.27   25.43   12.64    2.64 
2004 11	 171.85   16.97    6.31    2.90 
2004 12	  43.17   14.19   -1.26    2.93 
2005 1	  58.35   13.56    0.32    3.31 
2005 2	  47.33   13.80    1.85    2.77 
2005 3	  31.15   18.15    3.46    2.86 
2005 4	   1.38   23.45    8.15    3.50 
2005 5	 106.75   25.04   14.35    2.56 
2005 6	  26.42   31.61   19.32    2.24 
2005 7	  89.55   34.04   20.72    1.79 
2005 8	 163.50   33.70   21.28    1.77 
2005 9	  40.67   33.98   18.84    2.00 
2005 10	 119.98   25.20   10.82    2.41 
2005 11	   0.00   21.91    4.19    2.69 
2005 12	   4.33   14.50   -1.39    2.69 
2006 1	  23.10   18.96    1.38    3.68 
2006 2	  45.85   14.34   -1.37    3.22 
2006 3	  78.05   19.82    7.28    3.55 
2006 4	  79.82   27.81   12.98    3.38 
2006 5	  96.83   26.30   15.09    2.93 
2006 6	  33.78   33.99   19.58    1.99 
2006 7	  13.85   36.37   22.83    2.18 
2006 8	  20.10   38.04   23.81    2.32 
2006 9	  52.35   30.12   14.59    2.24 
2006 10	  56.03   25.73   10.30    2.40 
2006 11	  48.83   20.63    5.33    3.06 
2006 12	  31.83   14.86   -0.25    3.04 
2007 1	  38.00    9.69   -1.96    3.06 
2007 2	   6.80   13.91   -0.96    3.21 
2007 3	 122.18   23.31    8.49    3.37 
2007 4	  78.12   22.17    7.44    2.99 
2007 5	 200.47   26.51   16.47    2.51 
2007 6	 276.15   29.66   19.26    2.12 
2007 7	  57.58   31.45   20.16    1.47 
2007 8	  31.63   34.60   21.83    1.74 
2007 9	 159.03   30.80   18.73    1.67 
2007 10	   4.40   27.30   11.34    2.38 
2007 11	   7.95   19.88    5.24    2.80 
2007 12	  23.02   13.57   -0.96    2.64 
2008 1	   0.28   13.42   -2.54    2.86 
2008 2	  27.45   17.02   -1.04    3.26 
2008 3	 156.75   20.16    4.45    3.85 
2008 4	  67.55   24.92    8.48    3.44 
2008 5	 121.38   29.41   14.74    3.17 
2008 6	 137.38   34.89   21.67    3.28 
2008 7	   0.33   36.08   22.27    2.65 
2008 8	 126.28   34.18   21.18    1.78 
2008 9	  99.60   29.42   15.53    2.06 
2008 10	  97.55   25.65   10.10    2.31 
2008 11	   1.02   21.64    3.26    2.52 
2008 12	   6.18   14.95   -2.48    3.36 
2009 1	   9.62   14.64   -1.92    3.15 
2009 2	  13.80   21.52    1.78    3.84 
2009 3	  40.55   21.79    6.53    3.76 
2009 4	  59.52   25.16    8.98    3.68 
2009 5	  33.28   28.79   14.65    2.33 
2009 6	  64.43   35.11   20.98    2.73 
2009 7	 132.20   36.19   21.76    2.15 
2009 8	  14.48   36.09   21.94    2.41 
2009 9	 150.70   28.96   16.25    1.88 
2009 10	 169.32   21.28    8.74    2.75 
2009 11	   0.68   21.26    4.91    2.35 
2009 12	  31.62   10.33   -3.24    2.78 
2010 1	  61.05   11.35   -2.71    3.07 
2010 2	  72.80    8.18   -1.70    2.92 
2010 3	  60.05   17.99    3.43    3.46 
2010 4	 155.73   24.22    9.86    3.40 
2010 5	 113.20   27.73   15.11    2.70 
2010 6	  52.05   34.38   22.00    2.58 
2010 7	 108.48   33.43   22.50    2.23 
2010 8	  12.07   37.28   22.84    2.16 
2010 9	 163.13   31.30   18.95    2.13 
2010 10	  22.67   26.51    9.44    2.27 
2010 11	   4.17   20.81    3.78    3.27 
2010 12	  62.28   15.31   -0.93    3.18 
