1949 1	  72.72   11.61   -0.18    4.64 
1949 2	  79.62   17.98    6.15    3.97 
1949 3	  75.22   21.30    7.94    4.23 
1949 4	 136.35   22.61   10.64    3.98 
1949 5	  15.77   30.49   18.29    3.58 
1949 6	  83.80   33.54   20.32    3.22 
1949 7	  35.05   35.50   21.61    2.75 
1949 8	  43.50   35.25   19.58    2.50 
1949 9	  50.85   32.72   17.68    2.91 
1949 10	  67.47   26.39   13.51    3.94 
1949 11	   0.00   24.95    6.61    3.52 
1949 12	 107.62   17.67    4.14    4.77 
1950 1	  22.65   17.78    5.84    5.07 
1950 2	  89.13   18.29    5.06    3.76 
1950 3	  17.88   21.58    6.13    4.61 
1950 4	 129.77   23.35   11.65    4.41 
1950 5	 105.93   29.41   17.59    3.69 
1950 6	  60.83   32.55   19.66    3.41 
1950 7	  36.15   34.97   21.01    3.68 
1950 8	   7.42   35.83   19.84    2.78 
1950 9	  48.95   31.47   17.21    2.88 
1950 10	  35.00   30.53   12.71    3.58 
1950 11	   3.43   22.79    6.18    4.43 
1950 12	   0.00   18.84    1.74    3.94 
1951 1	   7.20   17.96    0.11    5.00 
1951 2	  61.15   17.25    2.70    5.09 
1951 3	  58.42   22.70    7.74    4.51 
1951 4	  44.47   26.24   11.01    4.30 
1951 5	  61.82   29.31   16.20    3.69 
1951 6	  78.85   33.06   20.92    4.33 
1951 7	   0.18   36.84   23.02    3.16 
1951 8	  23.55   37.79   23.27    2.99 
1951 9	  89.40   32.37   19.42    3.13 
1951 10	  60.85   28.39   14.54    3.40 
1951 11	  38.47   19.38    5.73    4.69 
1951 12	  17.85   18.60    2.89    4.71 
1952 1	   8.10   20.43    6.43    4.81 
1952 2	  67.15   20.28    5.32    4.59 
1952 3	  81.43   20.76    6.21    4.30 
1952 4	 177.10   23.68   10.08    4.05 
1952 5	 181.95   28.37   15.12    3.17 
1952 6	  53.00   33.15   21.02    3.36 
1952 7	  19.52   34.59   21.46    2.59 
1952 8	   0.00   38.17   22.79    3.30 
1952 9	  85.50   32.26   17.12    3.24 
1952 10	   0.00   26.78    7.75    3.32 
1952 11	 114.45   20.04    7.33    4.38 
1952 12	 131.03   15.79    1.96    3.85 
1953 1	  67.18   20.77    3.91    4.92 
1953 2	  34.80   18.23    4.01    4.05 
1953 3	  33.80   24.67   10.74    3.96 
1953 4	  83.03   25.83   10.67    3.82 
1953 5	  93.25   28.27   16.52    3.64 
1953 6	   6.47   35.98   21.47    3.09 
1953 7	  14.88   35.39   22.16    2.89 
1953 8	  72.10   34.53   21.28    2.29 
1953 9	  53.55   33.32   15.93    2.60 
1953 10	 164.07   27.31   13.29    3.27 
1953 11	  13.55   19.92    5.73    3.43 
1953 12	  48.00   15.50    1.28    4.34 
1954 1	  15.25   17.63    3.30    4.34 
1954 2	   8.55   23.04    4.93    3.96 
1954 3	   7.97   22.06    6.26    4.67 
1954 4	  36.42   28.41   15.10    4.56 
1954 5	  52.30   28.55   15.59    3.71 
1954 6	  28.07   34.59   21.03    3.81 
1954 7	  14.30   37.81   22.61    3.01 
1954 8	   8.65   36.76   22.50    3.53 
1954 9	  59.80   34.87   18.15    3.15 
1954 10	  38.50   28.86   14.56    3.59 
1954 11	  20.35   21.99    5.84    3.69 
1954 12	   3.20   20.91    4.89    4.04 
1955 1	  63.15   16.04    2.94    4.05 
1955 2	  76.57   17.07    4.68    4.91 
1955 3	  73.03   22.61    8.25    4.83 
1955 4	  30.00   29.02   14.42    4.08 
1955 5	 169.28   31.85   17.56    4.00 
1955 6	 111.08   32.55   19.09    3.33 
1955 7	  41.35   34.72   22.78    3.30 
1955 8	  93.30   34.61   21.82    2.36 
1955 9	  45.10   32.85   20.09    3.18 
1955 10	   9.70   28.99   11.52    3.65 
1955 11	   9.02   21.69    6.93    5.02 
1955 12	  22.50   18.69    2.22    4.15 
1956 1	  46.10   16.71    2.10    4.30 
1956 2	  45.48   18.50    4.52    4.48 
1956 3	   2.62   24.17    6.48    3.89 
1956 4	  14.62   27.08   12.42    4.08 
1956 5	  55.78   31.97   17.79    3.63 
1956 6	  14.98   35.43   21.02    3.17 
1956 7	  32.83   37.13   22.03    3.63 
1956 8	  24.57   36.79   20.88    3.20 
1956 9	   5.38   34.49   17.44    2.99 
1956 10	  18.90   29.95   13.84    3.05 
1956 11	  98.93   19.92    6.04    4.08 
1956 12	  55.80   19.65    4.33    4.04 
1957 1	  23.32   15.75    3.73    4.12 
1957 2	  64.93   20.37    9.46    3.55 
1957 3	 100.07   21.29    7.59    3.80 
1957 4	 293.12   23.33   11.85    4.49 
1957 5	 158.35   26.87   16.70    4.15 
1957 6	 132.50   31.47   20.48    3.13 
1957 7	  15.87   36.76   21.48    2.52 
1957 8	  30.15   36.70   21.08    3.08 
1957 9	 143.38   31.08   16.36    3.25 
1957 10	 144.03   23.62   10.96    3.76 
1957 11	  90.05   17.88    6.18    4.39 
1957 12	  42.25   19.09    3.81    4.38 
1958 1	  63.42   14.85    0.73    4.76 
1958 2	 138.62   13.44    1.88    4.61 
1958 3	  60.30   17.30    4.47    4.10 
1958 4	  44.40   24.37   11.03    3.65 
1958 5	  56.25   29.20   15.33    2.86 
1958 6	 109.68   33.68   20.63    3.35 
1958 7	  16.60   35.44   22.23    3.55 
1958 8	  45.67   36.45   21.30    2.65 
1958 9	 216.37   30.51   19.83    3.01 
1958 10	  84.05   24.00   13.26    4.00 
1958 11	  50.92   21.51    7.11    3.53 
1958 12	  31.62   15.44    0.44    3.84 
1959 1	  15.73   14.62    0.61    4.55 
1959 2	  79.33   15.86    4.29    4.19 
1959 3	   7.45   22.43    6.11    4.30 
1959 4	  66.10   23.54   11.28    4.26 
1959 5	 107.85   29.98   18.12    3.81 
1959 6	 147.35   33.37   20.22    3.16 
1959 7	  47.83   34.27   20.95    2.11 
1959 8	 214.98   34.08   21.34    2.56 
1959 9	  56.83   31.85   19.75    3.52 
1959 10	 274.03   26.90   12.76    3.44 
1959 11	  37.03   18.39    2.98    4.27 
1959 12	 117.95   17.90    4.60    4.30 
1960 1	  33.47   14.87    2.84    4.23 
1960 2	  68.60   15.25    1.14    4.84 
1960 3	  34.05   17.71    5.07    4.12 
1960 4	  43.35   26.76   13.07    4.52 
1960 5	   5.80   28.77   15.78    3.95 
1960 6	  48.47   34.56   20.35    3.29 
1960 7	  24.58   34.45   21.73    2.35 
1960 8	  41.05   33.47   22.11    2.86 
1960 9	  24.23   32.55   17.57    2.57 
1960 10	 173.75   27.44   15.09    3.07 
1960 11	  60.50   21.03    9.08    3.82 
1960 12	  97.83   13.13    2.27    3.99 
1961 1	  98.53   12.97    0.53    4.16 
1961 2	 129.52   18.88    4.70    4.22 
1961 3	   7.35   23.17    9.10    4.46 
1961 4	  13.93   26.34   10.79    4.42 
1961 5	  17.70   30.43   16.72    4.36 
1961 6	 135.30   31.76   19.76    3.19 
1961 7	 173.95   32.18   21.04    2.99 
1961 8	  16.30   33.80   19.91    2.12 
1961 9	 113.85   30.88   19.03    4.23 
1961 10	 125.72   26.18   13.16    3.77 
1961 11	  65.15   18.60    6.39    4.34 
1961 12	  31.62   16.32    3.49    3.71 
1962 1	  24.55   13.73   -1.23    4.72 
1962 2	  34.73   22.65    7.04    4.33 
1962 3	  24.20   20.23    5.72    4.23 
1962 4	 102.40   25.19   12.65    4.47 
1962 5	  80.88   30.02   18.27    4.70 
1962 6	 144.53   31.88   20.21    2.60 
1962 7	  22.60   35.72   22.24    2.78 
1962 8	   7.30   37.48   22.25    2.48 
1962 9	  53.10   32.27   19.76    2.72 
1962 10	  84.70   28.10   16.34    3.67 
1962 11	  49.75   20.12    7.93    4.18 
1962 12	  45.10   16.06    3.44    3.55 
1963 1	   0.12   13.00   -1.68    4.12 
1963 2	  43.73   18.19    1.95    4.54 
1963 3	  13.28   24.59    9.34    4.31 
1963 4	  66.73   28.94   15.70    5.05 
1963 5	  62.90   30.53   18.17    3.77 
1963 6	  58.38   34.65   21.55    3.17 
1963 7	   0.00   36.13   22.74    3.46 
1963 8	   5.77   36.91   22.46    2.58 
1963 9	  67.65   33.06   19.67    2.54 
1963 10	  44.65   30.43   14.91    2.70 
1963 11	  79.07   21.51    9.58    4.46 
1963 12	  70.85   12.13    0.14    4.51 
1964 1	  93.32   16.23    0.72    4.14 
1964 2	  30.50   14.66    1.35    3.89 
1964 3	 101.20   22.08    7.33    4.27 
1964 4	  37.38   26.62   14.41    4.78 
1964 5	  56.47   30.10   17.69    3.83 
1964 6	  88.10   32.81   20.18    3.46 
1964 7	   5.35   36.17   22.30    2.92 
1964 8	  75.45   36.28   22.95    3.24 
1964 9	 183.95   31.62   19.63    2.87 
1964 10	  61.82   25.97   10.69    3.72 
1964 11	 156.93   22.33    9.31    4.01 
1964 12	  25.70   17.38    3.47    4.54 
1965 1	  86.05   18.32    4.49    4.10 
1965 2	 155.47   14.61    3.24    4.63 
1965 3	  37.42   17.82    4.75    4.66 
1965 4	 135.20   27.04   15.11    4.24 
1965 5	 198.78   27.36   18.18    4.47 
1965 6	  48.47   32.25   20.98    3.34 
1965 7	  70.25   35.08   21.67    2.50 
1965 8	  28.80   35.08   20.95    2.46 
1965 9	 142.48   32.37   19.72    3.48 
1965 10	  89.45   25.13   11.55    3.48 
1965 11	  82.20   23.28   11.11    3.31 
1965 12	  98.80   17.50    6.21    4.06 
1966 1	  50.30   12.22    0.79    4.52 
1966 2	  90.57   15.53    1.91    4.44 
1966 3	  16.25   21.19    7.73    4.13 
1966 4	 156.50   26.11   13.27    4.43 
1966 5	  73.50   27.81   17.08    3.33 
1966 6	  12.68   31.90   19.68    2.79 
1966 7	  11.95   35.21   22.29    2.64 
1966 8	  80.60   33.37   21.35    2.77 
1966 9	 166.82   30.95   18.47    2.05 
1966 10	  11.43   26.95   10.90    3.58 
1966 11	   0.12   24.07    8.94    4.12 
1966 12	  24.58   17.82    1.69    4.32 
1967 1	   3.35   17.57    2.45    4.47 
1967 2	  20.65   18.34    2.31    4.36 
1967 3	  30.67   26.74   11.03    4.43 
1967 4	 118.57   29.23   17.62    5.23 
1967 5	 115.38   29.61   15.86    4.62 
1967 6	  10.92   34.33   21.23    3.81 
1967 7	   5.57   35.36   21.90    3.67 
1967 8	  62.35   34.35   20.14    2.50 
1967 9	 143.18   29.43   17.06    3.38 
1967 10	 101.38   26.82   11.93    3.55 
1967 11	  77.75   20.77    7.50    3.63 
1967 12	  63.87   15.15    3.10    3.94 
1968 1	 251.05   13.00    3.30    4.47 
1968 2	  46.65   14.44    1.62    3.80 
1968 3	  88.55   19.47    7.15    4.68 
1968 4	  64.10   25.03   13.04    4.59 
1968 5	 162.30   28.45   16.90    4.10 
1968 6	  95.88   30.92   20.41    3.12 
1968 7	  43.35   32.68   20.80    2.92 
1968 8	  24.10   34.73   21.13    3.19 
1968 9	 187.93   30.46   16.69    3.19 
1968 10	  11.93   28.36   14.05    3.36 
1968 11	 116.65   20.26    5.57    4.34 
1968 12	  17.48   17.51    2.87    4.85 
1969 1	  13.17   18.11    4.79    4.48 
1969 2	  71.65   17.03    4.01    4.35 
1969 3	  99.95   17.76    5.21    4.41 
1969 4	 166.05   25.65   13.14    4.01 
1969 5	  70.45   28.29   15.65    3.06 
1969 6	  68.92   32.89   20.01    3.90 
1969 7	  40.80   36.39   22.13    3.18 
1969 8	 175.77   35.39   21.80    2.78 
1969 9	  50.00   31.85   18.27    2.89 
1969 10	 107.35   25.68   12.83    4.73 
1969 11	  55.15   21.14    5.46    3.78 
1969 12	  61.77   18.33    3.84    3.31 
1970 1	  57.47   13.27   -0.14    4.02 
1970 2	  75.72   18.18    4.90    4.54 
1970 3	  95.33   18.86    6.03    4.19 
1970 4	  43.25   26.09   13.54    4.65 
1970 5	 193.25   27.68   14.79    4.07 
1970 6	   5.27   31.88   19.25    3.05 
1970 7	   1.88   34.83   20.94    2.55 
1970 8	  41.42   35.81   21.03    2.78 
1970 9	 137.90   31.20   19.43    3.73 
1970 10	  43.72   25.29   11.55    3.87 
1970 11	   0.00   21.27    4.96    4.57 
1970 12	   9.00   20.88    6.87    4.26 
1971 1	   0.20   20.64    3.47    4.60 
1971 2	  41.60   19.57    4.21    5.03 
1971 3	  12.10   24.69    6.74    4.45 
1971 4	  52.33   26.51   11.69    4.30 
1971 5	  63.05   30.34   16.65    4.33 
1971 6	  38.35   33.85   21.24    3.62 
1971 7	 181.83   35.71   21.64    3.17 
1971 8	  62.42   31.70   20.11    2.37 
1971 9	  77.48   31.28   19.11    3.25 
1971 10	 121.03   27.32   14.93    3.24 
1971 11	  60.25   21.49    8.20    3.87 
1971 12	  93.55   18.09    6.17    3.98 
1972 1	  28.17   17.38    2.16    4.66 
1972 2	   8.77   20.47    3.88    4.39 
1972 3	  21.83   26.10   10.16    4.26 
1972 4	  45.55   29.12   14.20    4.67 
1972 5	 119.80   28.47   15.75    2.73 
1972 6	  94.97   32.85   20.18    3.49 
1972 7	  48.92   33.13   20.89    3.41 
1972 8	  80.50   33.78   20.73    2.79 
1972 9	  57.17   33.28   20.73    2.58 
1972 10	 127.35   27.25   13.16    3.58 
1972 11	  39.47   17.13    4.71    4.35 
1972 12	  37.68   15.72    1.14    4.40 
1973 1	 108.05   12.99    0.31    5.10 
1973 2	  62.30   15.91    3.31    4.36 
1973 3	  48.97   23.62    9.44    3.95 
1973 4	  88.07   22.49   10.72    4.62 
1973 5	  93.80   29.25   14.87    4.32 
1973 6	 129.18   30.73   19.37    3.63 
1973 7	 148.42   33.30   21.30    2.96 
1973 8	  13.70   33.86   19.90    2.63 
1973 9	 155.03   31.38   19.40    2.92 
1973 10	 160.35   26.85   14.45    3.47 
1973 11	  31.12   24.24   10.79    4.41 
1973 12	  15.65   18.98    1.76    4.52 
1974 1	  59.43   15.86    1.17    3.85 
1974 2	  15.47   21.28    3.85    4.96 
1974 3	  43.13   25.31   11.92    5.15 
1974 4	  83.30   26.79   12.28    5.11 
1974 5	 135.30   30.38   18.69    4.03 
1974 6	  35.92   32.57   18.57    3.45 
1974 7	  16.67   35.32   20.70    2.56 
1974 8	 243.12   32.31   20.90    3.12 
1974 9	 188.00   27.23   15.90    4.07 
1974 10	 193.70   26.60   12.34    3.96 
1974 11	  65.40   19.05    6.69    4.01 
1974 12	  55.18   15.43    2.28    3.72 
1975 1	  43.85   17.77    3.33    4.25 
1975 2	  86.15   17.41    2.65    4.03 
1975 3	  38.62   21.51    6.49    4.75 
1975 4	  46.15   24.71   12.69    4.99 
1975 5	 237.48   27.94   16.71    3.80 
1975 6	 142.75   31.55   20.35    3.60 
1975 7	  42.28   33.19   21.14    2.53 
1975 8	  83.12   33.56   21.41    2.83 
1975 9	  40.47   29.81   16.13    2.99 
1975 10	  46.82   27.20   11.79    3.67 
1975 11	  15.03   22.36    6.80    4.06 
1975 12	  46.03   16.74    2.78    4.52 
1976 1	   5.25   16.98   -0.46    4.46 
1976 2	  22.97   22.81    6.61    4.97 
1976 3	  75.90   23.05    9.17    4.87 
1976 4	 203.60   24.81   13.42    4.41 
1976 5	  97.60   26.88   13.98    3.27 
1976 6	 104.77   31.25   18.20    3.60 
1976 7	  93.53   30.99   19.81    2.82 
1976 8	  39.78   34.71   20.27    2.16 
1976 9	  66.60   30.77   17.51    2.51 
1976 10	 102.73   21.82    7.93    3.56 
1976 11	  45.30   16.76    3.61    4.25 
1976 12	  66.62   15.22    1.04    3.84 
1977 1	  48.75   10.88   -2.30    4.26 
1977 2	  37.25   19.35    2.90    4.23 
1977 3	  54.20   22.56    7.23    4.27 
1977 4	 183.05   25.29   11.67    3.81 
1977 5	  28.62   28.45   18.33    3.65 
1977 6	  39.55   33.64   20.66    3.29 
1977 7	   8.60   36.41   21.87    2.98 
1977 8	  44.23   37.43   21.87    3.13 
1977 9	  49.83   35.27   20.04    3.21 
1977 10	  51.35   28.67   12.77    3.20 
1977 11	  60.22   22.32    7.83    3.55 
1977 12	   2.90   18.94    3.01    4.79 
1978 1	  42.28    9.59   -1.64    5.18 
1978 2	  75.67   11.60    0.11    4.43 
1978 3	  26.20   21.52    5.54    3.93 
1978 4	  36.58   27.26   13.20    4.51 
1978 5	  81.48   31.01   17.77    3.82 
1978 6	  51.15   34.02   20.56    2.89 
1978 7	  34.40   37.55   22.29    3.09 
1978 8	  44.73   34.73   20.98    2.91 
1978 9	  91.35   30.72   19.03    3.49 
1978 10	   9.88   27.86   10.94    3.13 
1978 11	 146.93   20.64    7.88    3.87 
1978 12	  52.10   15.70    1.59    4.53 
1979 1	  73.45    8.31   -1.43    4.98 
1979 2	  96.35   15.09    1.81    4.58 
1979 3	 164.12   21.98    8.58    4.47 
1979 4	  72.85   25.26   12.47    3.53 
1979 5	 188.40   27.22   14.64    4.01 
1979 6	  27.35   32.09   19.45    3.12 
1979 7	 104.98   34.20   21.46    3.01 
1979 8	  67.98   34.32   19.79    2.54 
1979 9	  55.40   31.98   15.00    3.41 
1979 10	  24.47   30.46   11.33    3.66 
1979 11	  17.92   19.68    3.77    4.68 
1979 12	  74.22   17.28    2.32    4.28 
1980 1	  34.62   15.12    3.10    3.84 
1980 2	  58.77   17.41    2.10    4.36 
1980 3	  70.62   21.61    6.46    4.10 
1980 4	  97.00   25.53    9.44    4.12 
1980 5	 179.25   29.02   17.11    3.39 
1980 6	  14.22   35.13   21.77    3.98 
1980 7	   1.00   38.32   22.13    2.64 
1980 8	  23.00   36.62   21.69    3.85 
1980 9	 128.75   32.58   19.83    2.85 
1980 10	  35.47   26.87   10.00    3.62 
1980 11	  82.83   19.99    4.65    3.99 
1980 12	  33.72   17.88    3.79    3.94 
1981 1	  34.30   15.71    1.54    3.88 
1981 2	  54.80   17.70    3.50    4.40 
1981 3	  77.88   20.36    7.78    4.08 
1981 4	  88.88   27.38   15.07    4.31 
1981 5	 145.55   29.19   15.75    4.05 
1981 6	 323.63   31.32   20.64    3.40 
1981 7	  18.27   34.43   21.46    3.04 
1981 8	  67.03   34.97   20.40    2.67 
1981 9	 226.62   31.38   16.80    3.10 
1981 10	 148.82   26.36   13.83    3.82 
1981 11	  14.35   22.85    7.31    3.66 
1981 12	   6.70   16.74    2.37    4.21 
1982 1	  23.40   17.28    0.41    5.06 
1982 2	  40.42   15.27    1.67    4.40 
1982 3	  36.50   22.07   10.85    5.12 
1982 4	 107.77   24.56   11.97    4.36 
1982 5	  93.03   28.54   17.32    4.11 
1982 6	  97.17   32.95   19.72    3.39 
1982 7	  11.50   35.92   21.98    3.50 
1982 8	  25.00   36.58   21.74    2.99 
1982 9	  43.00   33.59   17.16    3.35 
1982 10	  38.78   26.54   11.99    3.91 
1982 11	 154.73   19.32    8.53    3.94 
1982 12	  59.70   16.83    3.89    4.72 
1983 1	  34.73   14.05    1.19    3.69 
1983 2	  87.70   15.91    2.69    4.36 
1983 3	 110.73   19.44    6.38    4.20 
1983 4	   4.00   24.29    9.19    4.81 
1983 5	 187.80   28.35   15.02    3.87 
1983 6	  75.50   30.01   17.87    3.03 
1983 7	  32.62   33.12   20.90    3.20 
1983 8	  48.05   34.73   20.66    1.98 
1983 9	  10.82   32.16   16.60    3.33 
1983 10	  70.62   27.43   12.05    3.29 
1983 11	  65.43   22.80    7.10    4.21 
1983 12	  11.90   10.58   -2.47    4.82 
1984 1	  40.18   12.36   -1.75    4.34 
1984 2	   7.47   19.65    2.33    4.47 
1984 3	  36.58   22.78    7.61    4.46 
1984 4	  14.95   27.91   10.98    4.26 
1984 5	  29.62   31.40   16.10    4.43 
1984 6	 109.78   33.01   20.16    3.77 
1984 7	  54.30   35.18   20.61    2.84 
1984 8	  12.57   36.13   20.79    2.86 
1984 9	  37.90   30.78   16.52    4.17 
1984 10	 234.38   25.19   14.33    3.67 
1984 11	  55.77   19.90    7.08    4.31 
1984 12	  94.08   18.64    7.25    4.76 
1985 1	  26.43   11.40   -2.00    4.30 
1985 2	  99.77   13.40    2.02    4.64 
1985 3	  64.68   22.12   10.45    4.53 
1985 4	  50.87   25.93   13.57    4.51 
1985 5	  78.07   29.48   17.20    3.50 
1985 6	  40.88   32.01   19.97    3.61 
1985 7	  33.50   35.08   21.03    2.89 
1985 8	  11.55   37.22   21.80    2.73 
1985 9	  93.90   32.39   18.60    3.89 
1985 10	 149.58   25.59   14.94    4.71 
1985 11	 131.40   20.55    9.02    4.53 
1985 12	  65.78   14.96   -0.32    4.04 
1986 1	  18.42   17.61    2.32    4.19 
1986 2	 145.12   19.08    5.17    4.15 
1986 3	   7.42   23.43    7.83    3.86 
1986 4	  26.10   26.66   14.40    4.40 
1986 5	 116.83   27.37   16.46    3.98 
1986 6	 117.00   31.00   20.85    2.50 
1986 7	   0.00   35.77   22.03    3.20 
1986 8	  87.90   34.25   21.57    2.63 
1986 9	 115.50   31.20   21.60    3.27 
1986 10	 179.02   24.17   13.03    3.52 
1986 11	  60.45   18.96    6.90    4.13 
1986 12	 144.45   12.72    3.78    4.02 
1987 1	  16.00   14.40    1.39    4.02 
1987 2	  70.98   16.23    5.33    4.56 
1987 3	  30.30   19.28    5.26    3.71 
1987 4	  23.57   25.89    9.62    3.11 
1987 5	 144.73   28.25   17.77    3.39 
1987 6	 244.73   30.42   20.19    3.09 
1987 7	  30.60   32.84   21.55    2.98 
1987 8	  30.60   35.19   22.23    3.07 
1987 9	  85.88   31.04   17.85    3.07 
1987 10	   8.38   27.18   11.16    3.63 
1987 11	 100.12   20.35    7.10    4.04 
1987 12	 100.18   15.93    3.20    4.16 
1988 1	   7.63   12.94   -1.14    4.66 
1988 2	  27.45   15.96    2.27    4.38 
1988 3	  60.62   21.42    6.85    4.51 
1988 4	  33.95   26.35   10.15    3.41 
1988 5	 103.55   28.08   15.27    3.50 
1988 6	  82.75   31.46   18.73    2.93 
1988 7	 123.45   34.01   21.71    2.96 
1988 8	  46.95   36.11   21.57    2.65 
1988 9	  35.88   33.00   17.94    3.60 
1988 10	  20.20   27.46   12.55    3.40 
1988 11	  21.55   23.36    7.80    4.54 
1988 12	  25.57   16.56    3.58    4.07 
1989 1	 115.20   16.16    3.93    4.03 
1989 2	  72.03   12.67    1.69    5.68 
1989 3	  76.75   20.06    6.44    4.72 
1989 4	  18.95   25.13   12.00    4.21 
1989 5	 155.30   29.37   17.63    4.48 
1989 6	  93.40   31.02   19.38    3.68 
1989 7	  16.48   34.59   21.03    2.76 
1989 8	  22.35   33.68   21.11    3.08 
1989 9	  26.42   31.10   16.20    3.63 
1989 10	  52.40   27.91   12.44    3.82 
1989 11	  22.08   21.30    7.82    4.13 
1989 12	   2.53   10.90   -3.10    4.55 
1990 1	  58.55   18.06    4.35    4.29 
1990 2	  46.45   19.20    5.29    4.62 
1990 3	  75.15   19.37    9.48    4.88 
1990 4	  93.97   24.01   12.48    4.58 
1990 5	 104.90   29.79   17.25    4.54 
1990 6	  15.42   35.02   21.93    3.90 
1990 7	  89.77   33.09   20.69    3.07 
1990 8	  15.17   35.10   21.48    2.89 
1990 9	 103.05   31.67   20.22    2.29 
1990 10	  88.85   25.74   11.23    3.56 
1990 11	  73.53   21.59    9.21    4.28 
1990 12	  29.60   14.84    1.14    4.32 
1991 1	 125.43   11.32    1.33    4.28 
1991 2	  48.78   18.16    4.35    4.01 
1991 3	  27.38   22.35    8.27    4.64 
1991 4	  93.82   25.90   13.77    4.22 
1991 5	 129.20   28.22   17.81    4.01 
1991 6	 139.68   31.74   20.12    3.16 
1991 7	  46.00   34.21   21.32    2.74 
1991 8	  67.20   34.29   21.10    2.54 
1991 9	 116.75   28.36   17.32    3.15 
1991 10	  87.20   27.89   13.19    3.46 
1991 11	  27.40   17.63    4.69    4.87 
1991 12	 250.95   15.16    4.80    4.59 
1992 1	 124.60   13.16    1.70    3.64 
1992 2	 181.70   18.07    5.50    3.98 
1992 3	 118.55   21.74    8.57    4.06 
1992 4	  34.12   23.73   11.16    3.36 
1992 5	 202.27   26.68   15.74    3.32 
1992 6	 120.93   31.57   20.07    2.68 
1992 7	  36.33   33.24   21.98    4.01 
1992 8	  35.13   32.29   19.31    2.46 
1992 9	  52.80   31.60   18.90    3.61 
1992 10	  11.35   27.97   12.76    3.48 
1992 11	  98.58   18.21    5.62    4.17 
1992 12	  80.45   15.32    4.50    3.83 
1993 1	  64.17   13.12    1.48    3.90 
1993 2	  89.93   15.67    3.41    4.35 
1993 3	  67.03   19.75    6.79    3.71 
1993 4	  89.35   23.29   10.09    4.65 
1993 5	  93.20   27.07   14.50    3.56 
1993 6	 182.12   30.74   20.64    4.01 
1993 7	   0.00   34.07   22.81    3.99 
1993 8	   5.00   36.34   22.63    2.96 
1993 9	 105.35   31.77   17.54    3.14 
1993 10	  41.45   25.23   11.76    4.04 
1993 11	  37.65   16.90    4.03    4.10 
1993 12	  49.60   16.06    4.44    4.34 
1994 1	  44.25   14.14    1.97    4.75 
1994 2	  47.05   16.44    2.26    4.45 
1994 3	  41.85   22.02    8.37    3.85 
1994 4	  20.55   25.96   10.77    4.28 
1994 5	 136.52   27.05   15.68    3.41 
1994 6	  61.30   34.33   21.37    2.94 
1994 7	   2.07   36.70   22.25    3.58 
1994 8	 119.92   34.06   21.66    2.50 
1994 9	  62.70   30.45   16.80    2.37 
1994 10	 148.15   26.09   13.72    3.62 
1994 11	  60.92   20.81    9.92    4.51 
1994 12	 107.57   16.23    4.74    3.90 
1995 1	  14.32   16.78    2.50    4.65 
1995 2	  26.88   18.83    3.93    3.69 
1995 3	  63.23   19.02    8.13    4.49 
1995 4	  91.78   24.87   11.85    4.43 
1995 5	 174.95   28.89   17.02    4.15 
1995 6	  66.00   30.85   16.93    3.16 
1995 7	  26.95   35.21   21.19    2.91 
1995 8	  43.65   34.58   22.43    2.22 
1995 9	  69.35   31.61   18.20    2.66 
1995 10	  30.95   28.07   11.31    4.22 
1995 11	  45.55   19.92    6.79    4.11 
1995 12	  41.67   16.49    3.92    4.47 
1996 1	   2.35   16.87   -0.96    4.90 
1996 2	   5.28   19.68    4.35    5.19 
1996 3	  26.35   19.02    4.43    4.66 
1996 4	  31.17   27.16   10.17    4.61 
1996 5	  87.93   32.46   19.63    4.86 
1996 6	  74.25   33.28   20.67    3.26 
1996 7	  24.77   36.28   23.02    3.25 
1996 8	 166.00   33.96   21.92    3.16 
1996 9	 132.00   29.78   18.06    2.42 
1996 10	  73.82   25.47   12.18    4.26 
1996 11	  81.95   19.60    7.76    4.55 
1996 12	  69.65   17.46    2.79    4.09 
1997 1	  42.80   13.50    1.22    4.87 
1997 2	 116.42   14.72    4.55    4.47 
1997 3	  70.27   21.16    8.61    3.71 
1997 4	 179.32   21.12   10.16    4.37 
1997 5	 130.62   26.87   15.83    3.30 
1997 6	 170.03   30.48   20.21    2.76 
1997 7	  26.10   34.80   22.13    2.34 
1997 8	  20.75   34.50   21.66    3.02 
1997 9	  79.25   33.13   19.50    2.60 
1997 10	  77.20   26.41   13.68    4.09 
1997 11	  97.28   17.68    5.49    3.97 
1997 12	 166.60   14.95    1.32    4.35 
1998 1	  94.25   17.75    4.46    4.30 
1998 2	  82.38   17.26    4.21    4.04 
1998 3	  85.68   19.38    6.39    4.91 
1998 4	  37.75   24.99   10.38    3.86 
1998 5	  35.90   32.61   18.10    3.82 
1998 6	  44.20   35.33   22.01    4.82 
1998 7	  43.80   36.75   23.21    3.51 
1998 8	  70.22   34.88   22.20    2.30 
1998 9	  92.27   31.75   21.30    3.39 
1998 10	 276.98   25.77   14.88    4.39 
1998 11	  57.23   20.18    9.96    3.92 
1998 12	  54.10   15.22    3.94    4.63 
1999 1	   5.35   18.43    3.67    5.17 
1999 2	   4.55   21.64    6.58    4.25 
1999 3	  86.83   21.11    8.38    4.46 
1999 4	  74.12   26.59   13.94    4.85 
1999 5	 175.85   28.50   17.10    3.49 
1999 6	 112.05   31.49   21.61    3.48 
1999 7	  94.83   33.10   21.85    2.66 
1999 8	   0.12   37.23   22.69    1.94 
1999 9	   1.85   33.49   18.12    3.15 
1999 10	  59.38   27.60   11.94    3.58 
1999 11	   4.92   23.95    8.27    3.55 
1999 12	  63.88   17.36    3.18    4.57 
2000 1	  40.35   17.50    3.32    4.76 
2000 2	  69.07   20.99    6.74    4.82 
2000 3	  75.98   23.60    9.96    3.93 
2000 4	  88.47   25.38   12.81    4.05 
2000 5	  88.25   30.51   18.73    4.28 
2000 6	 139.08   31.84   20.20    3.80 
2000 7	  14.20   37.29   22.30    2.75 
2000 8	  11.78   37.53   22.24    2.24 
2000 9	  52.47   34.30   18.52    3.34 
2000 10	 119.63   24.60   15.49    4.11 
2000 11	 209.88   16.84    6.40    4.34 
2000 12	  84.15   11.42    0.20    4.54 
2001 1	  78.57   12.82    1.22    4.14 
2001 2	  39.35   17.82    5.35    4.26 
2001 3	 130.80   16.36    6.03    3.60 
2001 4	  45.83   25.25   14.28    4.89 
2001 5	  93.82   29.55   17.74    3.73 
2001 6	  71.00   32.81   20.78    2.56 
2001 7	  37.40   36.10   22.85    2.72 
2001 8	 142.68   35.51   22.56    2.91 
2001 9	  70.35   29.79   18.14    3.39 
2001 10	  74.05   25.59   11.59    3.80 
2001 11	 208.37   21.86   10.13    3.60 
2001 12	  53.58   16.96    4.21    4.01 
2002 1	  24.45   16.68    2.65    4.06 
2002 2	  22.10   16.19    1.58    4.31 
2002 3	  32.97   20.18    7.04    4.84 
2002 4	  23.75   27.11   15.90    4.61 
2002 5	  64.53   31.17   17.34    4.66 
2002 6	 118.70   33.17   20.74    3.11 
2002 7	 136.93   32.07   22.11    3.17 
2002 8	  39.37   35.32   22.81    2.60 
2002 9	  94.40   31.61   19.02    3.57 
2002 10	 131.00   24.07   14.48    3.17 
2002 11	  53.83   19.19    5.85    4.03 
2002 12	 109.93   16.41    3.69    4.58 
2003 1	  32.10   14.23    1.62    4.07 
2003 2	 110.35   14.59    3.21    4.35 
2003 3	  25.83   20.35    7.65    3.21 
2003 4	   2.80   27.43   13.32    4.08 
2003 5	  48.25   31.55   20.06    3.88 
2003 6	 118.95   32.69   20.20    2.63 
2003 7	  35.42   34.52   22.20    2.69 
2003 8	  72.00   36.04   22.21    2.20 
2003 9	  59.30   29.80   18.45    2.84 
2003 10	  46.92   27.51   14.17    3.30 
2003 11	  35.67   21.53    9.93    4.47 
2003 12	  12.85   18.15    2.97    4.42 
2004 1	 118.38   16.52    4.60    4.61 
2004 2	 105.48   14.16    3.41    4.32 
2004 3	  46.58   22.59   11.26    3.97 
2004 4	 154.70   24.15   12.98    4.38 
2004 5	  27.40   28.46   18.02    4.22 
2004 6	 217.65   31.69   20.44    3.06 
2004 7	  27.17   32.88   21.16    2.32 
2004 8	  76.53   31.86   20.01    2.82 
2004 9	  21.30   31.36   18.63    2.50 
2004 10	 229.70   28.40   17.95    3.92 
2004 11	 245.97   20.74    9.43    4.12 
2004 12	  20.48   16.32    2.12    4.41 
2005 1	  79.92   17.13    5.51    4.36 
2005 2	  71.55   16.90    5.71    4.22 
2005 3	  79.75   20.99    7.15    3.67 
2005 4	  20.60   26.81   10.58    4.04 
2005 5	 106.60   28.84   16.26    3.39 
2005 6	   1.00   33.05   21.06    3.19 
2005 7	  92.90   34.88   21.96    2.74 
2005 8	 103.43   33.88   21.88    2.60 
2005 9	  26.33   34.41   20.77    3.12 
2005 10	  43.20   26.91   12.94    3.69 
2005 11	  45.03   24.37    9.02    4.25 
2005 12	   4.42   16.71    1.67    4.23 
2006 1	  36.00   20.63    4.32    4.57 
2006 2	  50.20   17.16    3.12    4.43 
2006 3	  63.67   22.79   10.13    4.65 
2006 4	 144.60   28.75   15.05    4.29 
2006 5	  91.28   31.01   17.29    3.73 
2006 6	  79.53   33.49   20.49    2.33 
2006 7	  22.25   34.59   22.49    2.49 
2006 8	  11.77   37.28   23.03    2.76 
2006 9	  83.03   32.47   17.17    2.89 
2006 10	 104.17   29.05   13.30    3.87 
2006 11	  11.45   23.67    8.14    4.13 
2006 12	  76.23   16.51    3.26    4.42 
2007 1	 158.30   12.51    0.94    4.51 
2007 2	   4.25   17.22    3.05    3.99 
2007 3	 255.28   22.85   11.06    4.21 
2007 4	  54.62   22.78   10.65    4.04 
2007 5	 223.85   27.35   17.55    3.68 
2007 6	 258.67   30.85   20.48    3.14 
2007 7	 173.98   30.71   21.36    2.87 
2007 8	  58.90   33.84   22.58    2.31 
2007 9	  82.90   32.06   19.96    2.39 
2007 10	  37.58   28.59   13.65    3.60 
2007 11	  35.57   21.64    9.08    3.72 
2007 12	  28.43   18.47    2.41    3.61 
2008 1	  22.43   14.97    1.07    4.65 
2008 2	   5.85   21.21    2.78    4.59 
2008 3	 111.47   22.78    5.35    5.04 
2008 4	  48.30   26.23   12.38    4.23 
2008 5	  79.92   30.72   17.78    4.32 
2008 6	  11.55   36.08   22.27    3.71 
2008 7	  23.07   35.76   21.69    3.16 
2008 8	  64.67   35.40   22.45    2.41 
2008 9	  25.12   32.39   17.58    3.52 
2008 10	  53.45   27.99   11.50    3.39 
2008 11	  25.60   22.58    7.58    3.45 
2008 12	   7.80   16.94    2.16    4.98 
2009 1	  24.10   16.88    1.11    4.10 
2009 2	  24.52   21.80    6.39    4.91 
2009 3	 102.78   22.68    8.93    4.48 
2009 4	 123.08   25.37   11.59    4.57 
2009 5	  31.35   29.55   17.33    3.56 
2009 6	  44.20   35.28   21.73    3.20 
2009 7	  26.70   36.77   23.38    2.93 
2009 8	  25.38   36.93   22.65    2.34 
2009 9	 261.05   28.78   18.37    2.37 
2009 10	 264.22   23.88   12.52    4.15 
2009 11	  74.48   20.95    8.06    3.70 
2009 12	  52.85   11.73    0.89    4.28 
2010 1	 116.78   13.22    1.32    4.52 
2010 2	  95.20   11.44    0.92    4.26 
2010 3	  86.30   20.04    5.58    3.77 
2010 4	  39.53   24.96   12.28    4.29 
2010 5	  26.00   30.86   18.24    3.57 
2010 6	  96.55   34.01   22.53    3.45 
2010 7	  96.53   33.43   23.20    3.11 
2010 8	   5.53   37.49   23.28    2.25 
2010 9	 306.15   31.48   20.26    3.28 
2010 10	   0.95   27.77   12.13    3.45 
2010 11	  25.10   21.83    8.22    4.74 
2010 12	  24.60   16.48    2.81    4.56 
