1949 1	 146.18   17.13    6.99    6.65 
1949 2	 194.57   18.83   10.09    5.69 
1949 3	 202.38   21.20   10.68    6.53 
1949 4	 170.48   23.51   13.89    6.46 
1949 5	  32.10   29.93   20.41    5.36 
1949 6	 112.65   32.95   22.55    4.37 
1949 7	 193.10   33.09   23.38    3.76 
1949 8	  87.65   32.90   22.11    3.26 
1949 9	  88.40   31.93   20.70    4.52 
1949 10	 440.37   26.52   17.97    5.68 
1949 11	  22.50   23.70    8.00    5.61 
1949 12	 250.48   18.49    8.21    7.34 
1950 1	  42.70   22.11   12.87    6.39 
1950 2	 176.40   21.77   10.30    5.51 
1950 3	  63.62   21.60    9.15    6.20 
1950 4	 194.85   24.38   13.85    6.65 
1950 5	  69.90   29.93   20.40    5.62 
1950 6	 224.92   31.58   21.98    3.97 
1950 7	 123.35   32.15   22.82    4.12 
1950 8	  85.40   34.01   22.29    3.24 
1950 9	 252.73   31.13   20.24    3.74 
1950 10	  17.37   29.40   14.43    5.64 
1950 11	  34.50   22.55    7.74    6.39 
1950 12	  83.38   19.04    4.96    5.68 
1951 1	 162.43   18.66    4.90    6.53 
1951 2	  40.10   18.38    6.31    6.63 
1951 3	 106.58   22.71   10.91    6.28 
1951 4	  11.25   24.70   12.96    5.79 
1951 5	  44.57   29.60   17.91    4.94 
1951 6	  66.78   32.49   22.67    5.20 
1951 7	  83.92   34.33   24.25    3.62 
1951 8	  38.12   35.95   25.94    2.74 
1951 9	 334.02   31.30   21.66    4.40 
1951 10	  31.72   28.47   14.94    5.58 
1951 11	  27.05   20.78    8.80    6.86 
1951 12	 128.05   20.24    8.43    7.11 
1952 1	 127.23   22.00   12.25    6.37 
1952 2	 141.53   19.84    9.60    6.63 
1952 3	  68.28   21.84    8.75    6.59 
1952 4	 206.42   23.81   13.72    5.39 
1952 5	 103.10   29.15   19.31    4.01 
1952 6	  22.10   33.06   23.65    3.49 
1952 7	 194.32   33.00   24.46    3.71 
1952 8	   9.05   34.52   23.28    3.21 
1952 9	  38.48   32.45   18.59    5.80 
1952 10	   0.00   27.15    7.94    5.68 
1952 11	 167.23   21.38    8.60    6.33 
1952 12	 161.20   17.51    5.48    5.64 
1953 1	  58.65   20.27    6.04    6.88 
1953 2	 129.25   17.97    7.01    6.25 
1953 3	  11.65   24.69   13.79    5.28 
1953 4	  65.90   26.40   14.01    6.18 
1953 5	 222.90   29.26   20.46    5.62 
1953 6	 129.38   34.47   22.92    3.60 
1953 7	 118.65   33.29   23.21    3.46 
1953 8	 218.05   32.50   23.03    2.60 
1953 9	  15.12   32.70   18.59    4.98 
1953 10	  65.30   29.04   14.05    5.41 
1953 11	 117.77   20.90    7.35    5.86 
1953 12	 158.82   15.71    4.39    6.93 
1954 1	  48.35   17.96    6.35    5.66 
1954 2	  12.68   22.68    7.24    6.25 
1954 3	  38.03   21.08    8.50    6.52 
1954 4	 101.70   27.29   16.07    5.02 
1954 5	  89.05   27.70   16.05    4.84 
1954 6	  39.25   32.63   21.57    3.83 
1954 7	 105.08   34.03   23.52    3.68 
1954 8	  64.47   34.31   22.70    3.83 
1954 9	  71.15   33.62   19.94    5.10 
1954 10	 123.97   28.95   15.94    6.18 
1954 11	  56.62   21.56    7.41    6.56 
1954 12	  43.25   20.48    5.76    5.94 
1955 1	 129.73   16.31    5.67    5.50 
1955 2	 117.45   18.02    6.72    6.20 
1955 3	  28.75   23.85   12.02    6.70 
1955 4	  59.70   26.38   15.60    5.59 
1955 5	  76.38   30.63   19.21    4.97 
1955 6	  84.00   32.10   19.76    3.67 
1955 7	 104.55   32.88   23.01    4.03 
1955 8	 286.10   33.22   22.62    2.94 
1955 9	  84.85   31.62   21.92    5.03 
1955 10	  25.75   28.47   13.44    5.62 
1955 11	  63.15   21.93    9.15    7.10 
1955 12	 117.47   18.36    6.92    6.46 
1956 1	 108.55   17.54    4.63    6.06 
1956 2	  95.60   19.48    8.54    6.51 
1956 3	  74.15   21.72   10.27    5.54 
1956 4	  51.95   24.96   13.69    6.54 
1956 5	  74.45   30.85   19.59    4.40 
1956 6	  89.25   32.24   20.16    3.90 
1956 7	  25.20   34.64   22.42    3.57 
1956 8	  41.33   34.46   22.35    3.11 
1956 9	  51.30   33.47   18.54    5.09 
1956 10	  64.78   29.52   14.70    4.35 
1956 11	  41.55   22.38    7.34    6.17 
1956 12	 246.22   20.86    8.28    5.62 
1957 1	  42.55   18.87    8.43    5.73 
1957 2	  48.25   22.13   11.53    4.93 
1957 3	 243.02   21.05   10.43    5.42 
1957 4	 226.88   24.89   15.58    6.75 
1957 5	  57.55   29.30   19.60    6.04 
1957 6	 208.27   31.34   22.26    5.41 
1957 7	  63.22   34.62   23.66    2.94 
1957 8	  97.45   33.61   22.44    3.93 
1957 9	 204.45   29.83   19.51    4.45 
1957 10	 134.28   25.36   13.01    6.28 
1957 11	 153.55   21.43   10.61    6.85 
1957 12	  74.18   19.08    6.64    6.43 
1958 1	 109.38   15.41    3.31    8.05 
1958 2	  96.10   14.46    4.01    7.49 
1958 3	  43.05   20.19    8.15    6.44 
1958 4	  84.95   25.93   14.35    5.72 
1958 5	  40.80   30.56   19.16    4.18 
1958 6	  52.88   33.54   22.50    4.45 
1958 7	 102.02   34.59   23.59    3.80 
1958 8	  81.03   34.40   23.07    2.92 
1958 9	 455.25   30.94   22.01    5.46 
1958 10	  79.18   25.87   15.53    6.73 
1958 11	  48.40   22.37   10.68    5.71 
1958 12	  74.92   16.52    4.34    6.14 
1959 1	 132.15   15.35    3.23    6.77 
1959 2	 293.12   16.93    7.51    6.32 
1959 3	  37.70   21.64    8.60    6.57 
1959 4	 144.50   23.96   13.95    5.74 
1959 5	 116.60   30.20   19.83    5.13 
1959 6	  70.10   32.86   22.33    4.29 
1959 7	 255.52   33.07   22.59    2.78 
1959 8	 137.68   32.91   22.85    3.37 
1959 9	  85.28   31.80   21.24    4.61 
1959 10	 111.45   27.40   15.99    5.15 
1959 11	  61.10   19.64    6.33    7.06 
1959 12	 106.57   17.46    6.43    6.76 
1960 1	  59.43   14.34    5.01    6.40 
1960 2	 170.28   14.66    3.56    7.07 
1960 3	  21.68   17.61    7.52    6.01 
1960 4	  71.93   26.09   14.68    5.80 
1960 5	   7.73   28.57   16.81    5.67 
1960 6	 135.85   33.62   21.79    4.08 
1960 7	 113.93   34.61   23.05    2.52 
1960 8	 200.55   32.06   23.03    4.16 
1960 9	  31.02   31.83   19.76    4.47 
1960 10	 172.35   27.34   16.50    4.81 
1960 11	  87.30   21.77   11.33    6.16 
1960 12	 232.95   15.07    5.62    6.86 
1961 1	 216.38   13.00    3.07    6.85 
1961 2	 175.65   19.00    7.41    5.45 
1961 3	  53.42   23.50   12.47    6.61 
1961 4	  53.28   24.02   12.40    6.14 
1961 5	  69.12   29.27   17.99    5.80 
1961 6	 304.48   30.93   21.02    4.26 
1961 7	 164.65   32.52   22.67    3.31 
1961 8	  89.10   32.49   21.51    3.20 
1961 9	 255.33   31.02   20.54    6.96 
1961 10	   9.25   27.81   13.84    6.17 
1961 11	 202.52   21.29    9.57    6.92 
1961 12	  88.10   18.72    6.20    6.13 
1962 1	  47.18   14.80    2.06    7.23 
1962 2	  26.45   23.15   10.36    6.36 
1962 3	  35.47   20.20    7.81    6.42 
1962 4	 100.98   24.99   13.80    6.12 
1962 5	  15.83   29.92   18.63    5.53 
1962 6	 159.18   31.79   21.89    3.51 
1962 7	  35.47   34.60   23.23    2.43 
1962 8	  97.62   35.64   23.42    2.72 
1962 9	  85.75   32.85   21.38    4.15 
1962 10	  91.60   29.50   16.87    5.37 
1962 11	 112.40   21.02    8.67    7.09 
1962 12	 152.58   15.78    5.93    5.73 
1963 1	 100.80   13.16    1.81    7.42 
1963 2	  85.75   17.47    3.75    7.32 
1963 3	  12.15   23.90   11.17    6.21 
1963 4	  22.72   27.71   17.10    6.24 
1963 5	  44.40   30.58   19.35    4.19 
1963 6	 132.72   33.52   22.15    3.87 
1963 7	  88.97   33.71   23.35    3.71 
1963 8	  52.92   34.92   22.70    2.44 
1963 9	 318.20   31.85   20.71    4.76 
1963 10	   5.78   30.00   16.13    5.05 
1963 11	 149.05   22.94   10.81    6.84 
1963 12	  87.40   14.01    1.66    7.29 
1964 1	 112.20   15.28    4.06    6.33 
1964 2	 103.87   14.37    4.11    6.48 
1964 3	  93.80   21.46    9.60    6.73 
1964 4	  51.05   25.79   16.49    6.91 
1964 5	 101.95   29.99   19.86    4.99 
1964 6	  42.17   32.14   22.26    4.17 
1964 7	 123.95   33.06   23.27    3.95 
1964 8	  87.55   33.85   23.93    3.37 
1964 9	 137.43   31.60   20.63    4.37 
1964 10	   9.35   26.53   12.42    6.44 
1964 11	  78.92   23.98   11.76    6.25 
1964 12	 171.50   17.61    6.41    7.20 
1965 1	  33.40   19.44    6.54    6.30 
1965 2	 121.90   17.59    5.64    7.77 
1965 3	  46.23   19.67    8.21    7.49 
1965 4	  25.12   27.49   17.14    6.29 
1965 5	  72.45   29.00   20.56    6.72 
1965 6	  69.72   32.37   22.05    4.51 
1965 7	  73.65   34.17   22.82    2.59 
1965 8	  93.35   33.17   22.09    2.82 
1965 9	 146.77   32.23   21.15    5.44 
1965 10	  40.70   26.68   13.74    5.82 
1965 11	  83.60   25.24   14.05    5.28 
1965 12	 181.72   19.38    7.76    6.67 
1966 1	 152.48   13.00    3.28    7.31 
1966 2	 153.88   16.21    5.81    6.72 
1966 3	  34.80   21.00    8.62    6.15 
1966 4	 176.90   25.63   15.30    6.40 
1966 5	 222.12   28.57   19.59    5.22 
1966 6	  58.50   32.32   21.03    4.13 
1966 7	 116.88   34.16   23.97    2.82 
1966 8	 273.28   32.21   22.74    3.57 
1966 9	  75.65   31.72   19.83    2.96 
1966 10	 118.65   26.65   13.55    6.06 
1966 11	 118.15   23.81   11.71    6.34 
1966 12	  72.80   17.40    5.68    6.49 
1967 1	  53.10   16.40    4.78    6.35 
1967 2	  62.67   17.98    5.03    6.41 
1967 3	  33.98   24.03   11.42    5.73 
1967 4	 135.20   28.25   18.63    6.56 
1967 5	 163.95   28.76   18.09    6.69 
1967 6	  25.52   33.03   22.27    4.37 
1967 7	 118.10   32.63   22.10    3.78 
1967 8	  87.25   32.37   21.67    3.10 
1967 9	  50.70   30.65   19.00    5.88 
1967 10	  65.68   28.07   12.87    5.94 
1967 11	  17.57   23.15   10.68    6.08 
1967 12	 128.75   18.44    7.04    6.40 
1968 1	 140.13   15.17    5.32    7.01 
1968 2	  53.05   15.87    3.45    6.23 
1968 3	  61.62   19.69    8.68    6.51 
1968 4	 144.62   26.04   16.72    6.57 
1968 5	 173.10   28.74   19.23    5.47 
1968 6	 249.77   30.98   22.12    4.39 
1968 7	  74.08   33.02   22.86    3.63 
1968 8	  61.92   34.11   23.28    3.52 
1968 9	 165.10   30.97   18.93    4.88 
1968 10	  79.20   28.82   16.82    5.31 
1968 11	 139.62   22.05    8.61    6.68 
1968 12	  65.27   17.94    5.13    6.89 
1969 1	  32.20   18.39    8.04    6.84 
1969 2	 155.62   19.27    9.05    6.87 
1969 3	  87.67   18.46    7.93    6.35 
1969 4	 152.02   26.26   16.05    5.42 
1969 5	 180.37   28.69   18.50    4.95 
1969 6	  38.83   32.70   21.78    4.74 
1969 7	 202.30   35.22   23.79    3.33 
1969 8	  72.90   34.79   23.29    3.65 
1969 9	  33.65   32.94   19.71    4.77 
1969 10	  71.07   29.18   15.24    7.61 
1969 11	  50.80   22.79    7.29    6.85 
1969 12	 184.63   18.54    6.82    5.86 
1970 1	  72.45   13.54    2.63    7.26 
1970 2	  60.52   18.30    5.42    6.47 
1970 3	 136.00   20.29    9.30    6.06 
1970 4	  61.90   26.02   16.11    6.38 
1970 5	 223.72   28.52   18.37    6.04 
1970 6	  37.67   32.10   21.17    3.96 
1970 7	  75.45   34.26   23.26    3.34 
1970 8	  98.25   35.33   23.88    3.70 
1970 9	 220.62   32.14   21.72    6.19 
1970 10	 377.17   26.10   13.48    6.27 
1970 11	  51.28   20.71    7.10    6.49 
1970 12	  60.05   21.75    9.74    5.41 
1971 1	  20.22   17.93    7.58    6.73 
1971 2	  86.88   19.84    6.15    7.43 
1971 3	  47.75   22.30    9.05    6.33 
1971 4	  55.45   25.92   13.50    6.08 
1971 5	  88.30   28.68   17.87    5.40 
1971 6	  82.35   33.15   21.63    4.17 
1971 7	  76.68   34.67   22.59    3.29 
1971 8	 178.37   32.68   21.47    2.91 
1971 9	 150.05   30.68   20.64    5.18 
1971 10	  62.45   28.15   16.28    5.00 
1971 11	  57.67   22.94    9.24    6.43 
1971 12	 210.90   20.62   10.46    5.95 
1972 1	 150.72   19.14    7.44    6.62 
1972 2	  34.60   19.29    6.58    6.54 
1972 3	  84.40   24.30   10.68    5.91 
1972 4	  90.05   27.37   14.45    6.35 
1972 5	 176.47   29.35   17.35    4.10 
1972 6	  85.43   33.02   20.88    5.77 
1972 7	 152.75   31.95   20.46    4.78 
1972 8	  69.78   33.08   21.19    3.47 
1972 9	 210.77   32.45   20.45    3.90 
1972 10	  67.75   27.57   14.01    5.88 
1972 11	 135.25   18.90    7.13    7.27 
1972 12	  92.40   16.43    4.09    6.77 
1973 1	 127.03   14.02    2.39    7.16 
1973 2	  81.38   16.54    3.95    6.65 
1973 3	 197.80   22.64   11.65    6.34 
1973 4	 258.30   23.07   12.33    7.17 
1973 5	 101.67   28.38   16.22    5.98 
1973 6	 238.65   30.99   20.73    4.68 
1973 7	 168.45   33.42   22.03    3.31 
1973 8	 188.57   31.94   20.79    3.99 
1973 9	 243.35   30.80   20.74    4.98 
1973 10	 220.20   28.40   16.32    5.82 
1973 11	  67.68   25.72   11.77    6.81 
1973 12	  87.57   18.60    3.59    7.39 
1974 1	 215.30   17.76    7.58    5.14 
1974 2	  53.53   20.28    5.05    6.70 
1974 3	 105.57   24.10   12.65    6.26 
1974 4	 102.83   25.77   13.97    7.60 
1974 5	 193.40   29.51   18.45    5.81 
1974 6	  23.60   31.95   19.69    4.68 
1974 7	  85.55   33.57   21.54    2.77 
1974 8	 125.85   32.68   21.29    3.23 
1974 9	  79.60   28.74   18.33    6.19 
1974 10	 126.55   27.58   13.38    7.34 
1974 11	 183.45   21.14    9.19    6.45 
1974 12	 120.80   17.77    5.72    5.93 
1975 1	 110.22   18.86    7.50    6.31 
1975 2	  46.80   18.87    6.08    5.25 
1975 3	  66.58   21.73    9.61    6.63 
1975 4	 135.93   24.21   14.15    7.51 
1975 5	 172.48   29.27   19.44    5.50 
1975 6	 197.50   31.10   21.84    4.84 
1975 7	 152.55   32.69   22.61    3.45 
1975 8	 218.62   32.42   22.40    3.67 
1975 9	  87.80   29.97   18.18    4.93 
1975 10	 150.10   27.71   13.89    5.84 
1975 11	 115.13   22.17    8.71    6.35 
1975 12	  90.38   16.92    5.96    6.14 
1976 1	  43.03   17.00    3.57    7.06 
1976 2	  24.73   21.48    8.58    5.84 
1976 3	  87.50   21.94   11.86    7.13 
1976 4	  70.93   25.99   14.61    6.01 
1976 5	 143.70   27.69   16.30    4.93 
1976 6	 122.97   31.23   20.22    4.35 
1976 7	 126.48   32.12   22.22    3.24 
1976 8	  75.60   33.78   21.11    3.02 
1976 9	 135.32   31.38   19.37    3.50 
1976 10	 138.18   22.73    9.92    6.39 
1976 11	 117.57   16.82    5.18    7.33 
1976 12	 182.20   15.68    4.02    6.78 
1977 1	  96.83   11.52    0.89    6.98 
1977 2	  42.10   18.39    5.38    7.16 
1977 3	  69.18   22.06   10.51    6.62 
1977 4	 156.30   25.47   13.50    6.15 
1977 5	  36.60   29.89   18.56    5.02 
1977 6	 123.40   33.14   22.33    4.46 
1977 7	  63.35   33.99   23.03    2.78 
1977 8	 127.88   33.33   23.43    4.07 
1977 9	 100.78   32.52   21.86    4.13 
1977 10	  57.45   27.45   14.35    5.05 
1977 11	 312.43   22.77   11.01    5.97 
1977 12	  68.12   17.99    5.95    6.93 
1978 1	 186.00   10.54    1.48    8.00 
1978 2	  57.95   12.31    1.90    7.08 
1978 3	  23.08   20.65    7.65    5.47 
1978 4	  10.33   25.58   14.95    5.75 
1978 5	  26.33   30.68   19.34    5.20 
1978 6	 191.60   32.12   22.16    3.75 
1978 7	  94.45   33.67   23.39    2.75 
1978 8	 101.63   33.52   22.98    3.85 
1978 9	 123.52   30.57   21.72    5.29 
1978 10	   2.25   28.17   13.24    5.43 
1978 11	 180.33   23.77   12.62    5.44 
1978 12	  70.57   17.98    5.97    7.06 
1979 1	 151.08   11.91    1.55    8.03 
1979 2	 114.93   14.55    5.49    6.21 
1979 3	 167.00   21.89   11.26    6.71 
1979 4	 320.80   24.69   15.86    5.79 
1979 5	 151.68   27.61   17.06    5.45 
1979 6	  38.50   31.44   21.79    4.43 
1979 7	 354.77   32.10   23.40    4.44 
1979 8	  77.35   32.11   22.52    3.02 
1979 9	 286.23   29.32   18.77    6.65 
1979 10	 110.78   27.99   14.30    5.16 
1979 11	  46.45   20.04    6.27    7.34 
1979 12	  67.30   17.24    4.87    6.29 
1980 1	 175.22   16.87    7.85    5.69 
1980 2	  68.82   16.04    5.00    6.34 
1980 3	 200.33   20.48    9.97    6.52 
1980 4	  37.30   24.09   12.52    5.71 
1980 5	 202.30   29.08   19.30    4.52 
1980 6	  31.97   33.00   22.62    4.74 
1980 7	  76.62   35.28   23.59    2.50 
1980 8	  52.43   33.86   22.72    4.86 
1980 9	 334.83   32.66   22.23    4.08 
1980 10	 166.38   25.78   12.11    5.93 
1980 11	  58.62   19.45    7.60    6.44 
1980 12	  51.85   17.90    5.91    5.97 
1981 1	  84.72   15.85    2.95    5.69 
1981 2	  71.88   17.31    5.61    5.80 
1981 3	  52.25   21.57    9.52    6.14 
1981 4	  62.67   27.27   17.42    5.23 
1981 5	  92.60   28.28   18.06    5.30 
1981 6	 403.85   31.82   23.10    5.35 
1981 7	 178.12   33.62   23.67    3.47 
1981 8	 111.20   33.80   23.06    3.22 
1981 9	  85.08   31.23   18.87    4.53 
1981 10	 205.60   27.09   15.71    5.40 
1981 11	  68.83   23.55   11.49    5.33 
1981 12	 103.15   18.14    6.72    6.33 
1982 1	  53.85   17.35    4.97    7.03 
1982 2	 100.93   16.33    5.87    6.35 
1982 3	  73.13   22.36   12.85    6.33 
1982 4	 103.60   24.65   14.55    6.63 
1982 5	 133.85   29.24   18.83    5.47 
1982 6	 134.35   33.25   22.34    3.24 
1982 7	  78.53   34.13   23.43    2.43 
1982 8	  61.23   34.08   23.22    2.50 
1982 9	  34.60   32.33   19.31    5.17 
1982 10	  89.42   26.96   14.87    6.27 
1982 11	 246.43   22.22   10.98    6.35 
1982 12	 287.08   19.19    8.17    7.60 
1983 1	 191.00   15.25    4.76    5.66 
1983 2	 107.88   16.94    6.75    7.16 
1983 3	  97.03   21.22    8.25    6.11 
1983 4	  23.08   23.07   11.94    7.01 
1983 5	 224.40   28.32   17.61    5.64 
1983 6	 132.15   30.95   21.10    4.23 
1983 7	 198.03   32.62   23.17    4.24 
1983 8	 271.00   32.82   23.11    2.92 
1983 9	 261.52   29.86   19.56    5.65 
1983 10	 115.30   27.39   14.84    5.32 
1983 11	  98.17   23.24   10.99    6.29 
1983 12	 149.90   14.23    3.03    7.83 
1984 1	 110.28   14.00    3.13    6.80 
1984 2	  96.28   18.83    6.11    6.48 
1984 3	  55.08   21.67   10.53    5.85 
1984 4	   8.90   26.43   14.45    6.81 
1984 5	 199.95   29.60   18.11    6.46 
1984 6	  46.15   32.25   21.40    4.40 
1984 7	  88.80   33.14   22.26    2.71 
1984 8	 100.85   33.47   22.04    3.24 
1984 9	  94.65   30.60   19.16    6.80 
1984 10	 231.00   28.54   17.64    6.16 
1984 11	 111.90   21.47    9.14    6.79 
1984 12	  62.17   22.00   12.28    6.38 
1985 1	  71.32   13.64    1.85    6.39 
1985 2	 205.98   15.53    4.86    6.46 
1985 3	 123.95   23.34   13.26    6.22 
1985 4	  25.62   27.00   15.67    6.33 
1985 5	  85.67   30.33   18.32    4.01 
1985 6	 145.50   32.68   21.59    4.83 
1985 7	 102.05   33.19   22.06    2.88 
1985 8	  68.55   34.57   22.76    3.13 
1985 9	 161.73   32.36   19.73    5.90 
1985 10	 211.55   26.72   17.27    7.04 
1985 11	 131.53   23.88   13.91    5.69 
1985 12	  47.13   16.29    3.84    6.30 
1986 1	  23.98   18.52    4.82    6.28 
1986 2	  54.65   21.06    9.06    6.51 
1986 3	  79.97   23.54    9.21    5.44 
1986 4	  58.17   26.47   15.56    5.68 
1986 5	 159.05   28.77   18.98    5.19 
1986 6	 277.85   31.96   22.45    3.27 
1986 7	  50.20   34.32   23.60    3.68 
1986 8	  98.45   33.86   22.04    3.38 
1986 9	 171.58   32.16   22.31    4.38 
1986 10	 158.95   26.15   14.70    5.67 
1986 11	 251.95   21.50   12.48    7.02 
1986 12	 218.63   15.15    6.29    6.93 
1987 1	 129.05   15.65    4.09    6.37 
1987 2	 124.87   18.18    7.55    6.37 
1987 3	  34.72   21.84    7.68    6.38 
1987 4	   2.90   27.06   10.45    4.40 
1987 5	 167.40   29.63   19.34    4.16 
1987 6	 436.27   31.15   21.61    4.95 
1987 7	 111.55   33.00   22.48    3.74 
1987 8	 102.28   34.71   23.05    3.38 
1987 9	 151.15   31.25   18.68    4.31 
1987 10	   8.80   26.69   11.13    6.27 
1987 11	 128.33   22.24    8.82    7.25 
1987 12	 156.22   18.43    7.95    6.35 
1988 1	  65.68   14.08    2.88    7.40 
1988 2	  68.37   16.88    6.18    6.58 
1988 3	 130.93   21.63   10.04    6.50 
1988 4	  48.70   26.25   13.44    5.61 
1988 5	  19.58   29.17   16.54    4.65 
1988 6	  97.65   31.96   20.42    4.16 
1988 7	 115.38   33.07   23.31    3.62 
1988 8	  88.90   33.96   23.36    3.60 
1988 9	 145.98   31.26   20.31    5.76 
1988 10	  50.48   27.44   14.22    5.18 
1988 11	  16.17   24.43   11.20    6.95 
1988 12	 109.73   18.62    6.34    6.21 
1989 1	 131.60   18.38    9.03    5.77 
1989 2	  19.10   15.38    6.04    7.43 
1989 3	  94.72   21.27   10.06    6.51 
1989 4	  43.85   25.09   13.80    5.44 
1989 5	 217.75   29.43   19.79    5.40 
1989 6	 460.43   30.41   22.00    5.93 
1989 7	 174.60   32.08   23.10    4.16 
1989 8	  70.05   32.14   22.07    3.19 
1989 9	  43.47   30.57   18.76    5.36 
1989 10	 101.30   27.90   13.75    5.93 
1989 11	  70.92   22.41   11.26    6.79 
1989 12	  41.02   12.91    0.85    7.55 
1990 1	 195.52   18.50    7.97    5.65 
1990 2	 114.75   20.09   10.04    7.06 
1990 3	 129.65   21.77   12.00    6.01 
1990 4	  96.55   25.26   14.60    6.20 
1990 5	 126.77   28.90   20.31    5.94 
1990 6	 105.47   33.48   23.10    3.95 
1990 7	 102.78   32.68   22.19    3.33 
1990 8	  30.40   34.78   22.59    2.64 
1990 9	 133.50   32.12   20.86    3.48 
1990 10	 122.75   26.71   12.81    5.73 
1990 11	 102.32   23.46   10.55    6.31 
1990 12	  95.18   17.82    5.90    6.53 
1991 1	 284.32   13.96    5.09    6.51 
1991 2	 176.92   19.42    7.95    6.54 
1991 3	  58.38   22.58   11.56    7.27 
1991 4	 236.55   25.92   17.33    6.21 
1991 5	 236.12   29.23   20.38    6.14 
1991 6	 213.72   31.77   22.42    4.31 
1991 7	 129.20   33.30   23.15    3.22 
1991 8	 125.92   32.53   22.44    2.80 
1991 9	 136.20   29.86   19.60    5.19 
1991 10	  67.90   28.49   15.55    5.72 
1991 11	  99.47   18.90    7.45    7.44 
1991 12	 237.57   17.54    9.17    6.94 
1992 1	 189.68   15.19    5.24    6.49 
1992 2	 174.35   19.76    8.86    6.25 
1992 3	 141.62   22.68   11.29    5.80 
1992 4	 102.58   25.06   13.80    4.84 
1992 5	 109.70   28.06   17.44    4.38 
1992 6	 204.23   32.68   22.96    3.64 
1992 7	  84.07   32.92   23.43    4.32 
1992 8	  63.78   31.95   20.78    2.99 
1992 9	  69.55   31.31   20.44    4.95 
1992 10	  63.10   28.18   13.94    5.72 
1992 11	 139.58   18.93    7.22    6.98 
1992 12	 171.65   18.02    8.01    5.38 
1993 1	 185.98   16.50    6.34    5.88 
1993 2	  87.15   18.76    6.58    6.59 
1993 3	 170.68   21.11    9.44    5.74 
1993 4	 130.15   23.57   12.49    6.27 
1993 5	 185.88   27.71   17.44    4.97 
1993 6	 250.67   30.98   22.67    6.09 
1993 7	  29.45   33.70   23.58    3.48 
1993 8	  87.15   34.95   23.28    2.74 
1993 9	  57.92   32.60   19.96    4.54 
1993 10	 103.20   26.40   14.39    5.99 
1993 11	 114.38   19.28    7.19    6.83 
1993 12	  83.40   18.07    6.13    6.64 
1994 1	 113.62   15.89    4.78    7.54 
1994 2	  38.35   17.94    6.81    6.28 
1994 3	  78.40   22.11   10.41    5.59 
1994 4	  94.33   25.42   14.95    5.58 
1994 5	 188.45   28.71   18.30    4.75 
1994 6	 105.63   31.95   23.13    4.83 
1994 7	  86.25   33.14   23.21    4.09 
1994 8	 176.43   32.08   22.25    3.41 
1994 9	  81.95   30.80   18.89    4.08 
1994 10	 469.25   26.63   15.83    5.91 
1994 11	  23.27   23.71   12.87    6.33 
1994 12	 134.30   18.31    8.34    6.11 
1995 1	 115.93   17.24    5.82    7.01 
1995 2	 117.80   20.13    7.42    5.95 
1995 3	 151.25   21.42   11.71    6.44 
1995 4	 125.07   25.12   13.93    6.48 
1995 5	 239.20   29.36   19.37    5.98 
1995 6	 111.68   31.99   20.67    4.37 
1995 7	 238.22   33.45   23.27    4.05 
1995 8	 122.87   33.60   23.72    3.70 
1995 9	  38.40   32.34   20.47    4.49 
1995 10	 118.78   27.37   13.65    7.84 
1995 11	 137.75   21.76    9.39    6.44 
1995 12	 175.03   18.15    7.15    7.02 
1996 1	 105.40   17.52    4.05    7.05 
1996 2	  42.92   19.01    7.14    6.48 
1996 3	   9.77   19.74    7.39    6.90 
1996 4	  54.85   25.19   13.33    6.27 
1996 5	  21.38   30.10   20.82    5.43 
1996 6	 162.78   32.51   21.68    3.80 
1996 7	  90.42   33.98   23.67    3.64 
1996 8	 277.55   32.42   22.60    3.85 
1996 9	 278.00   30.73   20.34    3.85 
1996 10	  63.37   26.70   15.32    7.23 
1996 11	  91.65   22.15   11.54    7.17 
1996 12	  85.20   19.37    8.75    6.22 
1997 1	  97.10   15.39    5.95    6.58 
1997 2	 139.77   17.43    8.33    7.18 
1997 3	 150.75   23.42   13.87    5.63 
1997 4	 108.68   22.89   12.51    7.19 
1997 5	 155.27   28.28   18.27    4.91 
1997 6	  77.40   31.49   22.15    3.98 
1997 7	 111.23   34.24   23.79    2.57 
1997 8	  62.60   33.67   23.33    3.12 
1997 9	  99.93   32.33   21.17    3.94 
1997 10	  64.53   25.83   15.72    7.14 
1997 11	  86.75   19.64    8.81    6.20 
1997 12	 135.28   16.47    4.87    6.88 
1998 1	 263.58   19.16    8.74    5.71 
1998 2	 118.73   18.56    7.95    6.29 
1998 3	  64.45   20.98   10.30    7.40 
1998 4	  30.22   24.83   12.98    6.07 
1998 5	   0.77   31.08   20.08    4.51 
1998 6	  86.25   33.61   24.52    6.28 
1998 7	  65.35   35.06   24.46    3.61 
1998 8	 216.78   34.60   23.99    3.12 
1998 9	 426.60   32.22   23.31    7.55 
1998 10	 206.57   27.76   17.61    7.25 
1998 11	 106.58   22.35   13.01    5.72 
1998 12	 161.87   18.11    8.00    6.22 
1999 1	  81.13   19.85    7.79    7.03 
1999 2	  49.03   21.88   10.20    5.36 
1999 3	  73.55   22.29   11.19    5.99 
1999 4	  21.92   27.38   17.12    6.46 
1999 5	 120.07   29.72   19.08    4.68 
1999 6	 197.75   31.54   22.83    4.66 
1999 7	 146.85   32.80   23.61    3.37 
1999 8	  51.83   35.88   24.46    3.13 
1999 9	  77.00   32.27   19.01    5.22 
1999 10	  50.77   27.48   13.83    6.30 
1999 11	  25.90   24.40    9.37    5.54 
1999 12	 124.55   19.16    5.44    6.90 
2000 1	  36.17   19.52    7.29    6.76 
2000 2	  35.60   22.23   10.38    6.19 
2000 3	  46.65   24.98   13.52    5.39 
2000 4	 134.40   25.86   14.56    5.20 
2000 5	 203.17   29.72   21.23    5.54 
2000 6	  80.27   32.44   22.76    4.65 
2000 7	  73.07   35.39   23.36    2.94 
2000 8	  26.35   35.39   22.81    2.47 
2000 9	 120.27   32.73   19.78    5.72 
2000 10	  34.97   27.36   15.79    6.48 
2000 11	 239.22   20.28    9.37    6.64 
2000 12	  51.62   14.61    3.18    7.07 
2001 1	 154.30   14.55    3.87    6.03 
2001 2	  39.00   20.52   10.08    6.23 
2001 3	 230.12   19.78    8.57    6.06 
2001 4	  41.25   26.91   17.44    7.20 
2001 5	 154.45   29.70   19.17    5.26 
2001 6	 573.45   31.40   22.03    4.33 
2001 7	  85.45   33.41   23.72    2.86 
2001 8	 259.62   33.49   23.27    4.00 
2001 9	 208.88   30.19   20.33    5.61 
2001 10	 152.88   25.88   13.53    6.71 
2001 11	 147.35   24.13   12.01    6.11 
2001 12	 130.28   19.26    8.23    6.38 
2002 1	  58.55   18.30    7.03    6.51 
2002 2	  35.22   17.32    4.61    6.87 
2002 3	  58.42   21.98   10.38    7.22 
2002 4	 107.23   26.97   17.50    5.78 
2002 5	  57.30   29.38   19.59    6.58 
2002 6	 144.02   31.94   21.80    4.66 
2002 7	 128.88   33.17   23.45    3.51 
2002 8	 200.28   33.08   23.37    3.83 
2002 9	 157.97   30.53   21.80    6.64 
2002 10	 426.90   25.99   17.94    5.20 
2002 11	 149.65   20.27    9.10    6.55 
2002 12	 259.30   17.13    6.79    7.17 
2003 1	  54.43   15.07    3.94    6.33 
2003 2	 179.40   16.44    7.21    6.32 
2003 3	  90.40   21.26   10.88    4.28 
2003 4	  37.60   25.49   15.35    5.47 
2003 5	   0.42   30.83   21.05    5.55 
2003 6	 143.40   32.39   22.46    4.03 
2003 7	 131.75   32.26   23.55    4.21 
2003 8	 287.20   33.42   23.71    3.73 
2003 9	 197.52   29.81   20.12    5.11 
2003 10	 158.98   27.35   15.24    5.52 
2003 11	 138.52   24.09   12.21    6.89 
2003 12	 106.72   17.55    4.83    6.56 
2004 1	 161.98   16.64    6.95    6.46 
2004 2	 167.75   15.51    6.40    6.74 
2004 3	  46.00   23.59   13.85    5.97 
2004 4	 125.57   24.98   14.94    5.75 
2004 5	 166.20   28.73   19.42    5.96 
2004 6	 319.80   31.43   22.68    4.69 
2004 7	  73.82   33.35   23.59    2.91 
2004 8	  45.70   33.13   22.12    4.03 
2004 9	  35.73   32.32   20.72    4.96 
2004 10	  76.82   29.16   19.52    5.45 
2004 11	 266.60   21.48   11.91    6.47 
2004 12	  97.20   16.25    5.15    7.23 
2005 1	  78.45   18.23    8.18    5.93 
2005 2	 160.23   17.82    9.84    5.79 
2005 3	  70.10   20.88   10.08    5.18 
2005 4	  27.50   25.28   13.50    5.89 
2005 5	  79.90   29.67   17.73    4.72 
2005 6	  24.10   33.09   22.52    3.90 
2005 7	 185.15   33.32   23.78    3.94 
2005 8	  92.15   34.14   23.59    2.97 
2005 9	 182.40   33.05   22.45    5.22 
2005 10	  34.95   27.54   14.36    6.69 
2005 11	  85.22   23.54   11.49    6.60 
2005 12	  81.52   17.21    4.57    6.85 
2006 1	  60.72   20.39    7.77    6.03 
2006 2	  50.07   17.83    6.07    6.37 
2006 3	  47.90   23.40   12.49    6.85 
2006 4	  92.12   27.31   16.99    5.70 
2006 5	 252.05   29.28   18.66    5.27 
2006 6	 199.25   32.02   21.45    3.06 
2006 7	 404.77   31.91   23.54    2.96 
2006 8	  55.15   33.42   23.80    3.27 
2006 9	 131.02   30.86   19.50    3.84 
2006 10	 405.45   27.03   16.19    6.00 
2006 11	  14.92   22.53   10.06    6.56 
2006 12	 120.30   17.72    6.57    7.17 
2007 1	 159.67   14.58    5.40    7.02 
2007 2	  57.93   16.72    5.72    5.92 
2007 3	 141.70   23.55   12.61    5.85 
2007 4	 101.57   23.60   13.40    6.08 
2007 5	 158.25   28.74   19.12    5.55 
2007 6	 122.08   31.64   22.63    4.30 
2007 7	 230.50   31.02   23.21    4.07 
2007 8	 130.90   33.55   24.02    3.54 
2007 9	 129.53   31.11   21.48    4.26 
2007 10	  48.75   28.12   15.80    6.73 
2007 11	 118.27   22.43   11.21    5.37 
2007 12	  63.03   20.17    7.68    5.17 
2008 1	 187.50   15.88    4.92    7.54 
2008 2	  69.80   20.40    7.93    6.13 
2008 3	  74.82   22.38   10.76    7.30 
2008 4	  28.20   25.78   14.98    6.37 
2008 5	  98.30   29.18   19.82    5.70 
2008 6	 130.97   32.59   22.98    4.35 
2008 7	 150.65   33.15   23.06    3.98 
2008 8	 270.75   32.61   22.97    3.86 
2008 9	 253.73   30.51   19.35    6.22 
2008 10	  54.12   26.92   13.72    5.91 
2008 11	 113.15   22.84    9.60    6.34 
2008 12	  71.95   17.95    6.69    7.15 
2009 1	  29.05   18.02    4.82    6.10 
2009 2	  43.63   20.92    8.91    6.67 
2009 3	 137.93   21.82   10.91    6.55 
2009 4	 283.67   24.90   13.87    7.09 
2009 5	  50.07   29.26   19.62    5.60 
2009 6	  50.98   33.25   22.43    3.67 
2009 7	 133.18   34.44   24.06    2.98 
2009 8	  83.50   33.82   23.31    2.26 
2009 9	 108.93   29.84   20.98    3.87 
2009 10	 283.87   26.14   16.01    6.52 
2009 11	  25.38   21.92   10.17    6.61 
2009 12	 133.12   13.67    4.81    7.34 
2010 1	  56.88   14.47    3.32    6.83 
2010 2	 149.02   13.04    3.04    7.02 
2010 3	  61.13   19.66    7.84    5.93 
2010 4	   9.03   25.48   14.25    6.02 
2010 5	  81.65   30.64   19.94    4.63 
2010 6	  89.02   33.19   23.91    4.17 
2010 7	 238.95   32.42   23.95    4.76 
2010 8	  88.00   34.77   24.42    3.16 
2010 9	 130.78   31.55   21.77    5.74 
2010 10	  10.95   28.77   14.08    4.96 
2010 11	  83.42   21.60   10.16    6.37 
2010 12	  99.45   17.20    5.25    6.95 
