1949 1	  79.18    9.16   -2.74    3.27 
1949 2	  29.93   16.75    2.26    2.88 
1949 3	  29.43   20.46    5.77    2.99 
1949 4	 112.45   22.27    8.63    2.90 
1949 5	 121.48   28.05   16.19    3.16 
1949 6	  73.25   32.66   18.84    3.38 
1949 7	  10.38   35.56   20.84    2.69 
1949 8	  35.45   33.56   18.80    2.22 
1949 9	  67.15   30.04   16.29    2.39 
1949 10	 120.60   24.71   10.28    2.94 
1949 11	   0.00   23.91    3.90    2.32 
1949 12	  21.83   15.79    1.90    3.09 
1950 1	  17.33   16.93    2.49    3.25 
1950 2	   1.15   18.97    3.92    3.07 
1950 3	   1.15   22.17    3.97    3.53 
1950 4	  31.80   25.82   10.47    3.60 
1950 5	  56.35   29.44   15.84    2.93 
1950 6	  20.50   32.17   19.10    3.11 
1950 7	  56.52   33.87   21.03    3.44 
1950 8	  51.95   34.15   19.22    2.73 
1950 9	  66.82   30.12   17.65    2.60 
1950 10	   0.28   29.66   12.21    2.63 
1950 11	   0.00   22.35    2.60    3.06 
1950 12	   0.00   17.12   -2.36    2.41 
1951 1	   0.08   15.95   -2.54    3.12 
1951 2	  15.12   17.82    1.10    3.50 
1951 3	  23.55   22.29    4.83    3.58 
1951 4	  24.68   26.59    9.13    3.34 
1951 5	  72.95   30.84   16.01    3.08 
1951 6	 121.60   33.71   20.26    3.66 
1951 7	   9.95   37.01   22.51    3.09 
1951 8	 107.90   36.84   21.81    2.99 
1951 9	  67.28   32.90   17.73    2.65 
1951 10	  38.90   27.84   12.92    2.78 
1951 11	   2.92   18.28    3.43    3.15 
1951 12	   0.25   18.19    1.27    2.97 
1952 1	   6.85   19.02    3.67    3.23 
1952 2	   7.88   20.10    2.82    3.22 
1952 3	  21.98   20.60    4.38    3.37 
1952 4	  44.72   24.97    9.75    3.25 
1952 5	  37.67   29.27   14.50    3.08 
1952 6	  19.83   34.58   20.81    3.34 
1952 7	  13.50   35.31   21.25    2.85 
1952 8	   3.88   38.54   23.31    3.18 
1952 9	  42.80   30.47   16.27    1.93 
1952 10	   0.00   26.42    7.63    2.27 
1952 11	  48.92   18.04    4.71    2.80 
1952 12	  17.90   15.31    0.29    2.32 
1953 1	   0.03   20.00    2.01    3.26 
1953 2	   4.83   17.55    1.20    2.80 
1953 3	  69.90   23.48    8.47    2.50 
1953 4	  16.62   26.36    9.22    2.83 
1953 5	  58.75   29.94   14.80    3.39 
1953 6	  10.38   37.44   22.45    3.22 
1953 7	  25.77   35.90   22.12    3.14 
1953 8	  93.48   34.27   21.13    2.31 
1953 9	   4.18   33.21   16.48    1.74 
1953 10	 127.98   25.47   12.41    2.41 
1953 11	  11.90   18.94    4.81    2.02 
1953 12	   3.28   13.98   -0.99    2.84 
1954 1	   7.45   16.04    0.91    2.92 
1954 2	   0.00   21.79    3.23    2.95 
1954 3	  14.52   20.94    4.93    3.18 
1954 4	 131.77   28.04   13.79    3.75 
1954 5	  84.72   27.77   14.83    3.11 
1954 6	  55.90   33.68   20.70    3.54 
1954 7	   9.10   37.35   21.79    2.83 
1954 8	   1.62   36.43   22.30    3.26 
1954 9	   7.55   34.32   18.46    2.27 
1954 10	   8.18   27.32   12.69    2.43 
1954 11	  10.70   20.92    4.35    2.33 
1954 12	  21.35   18.59    1.55    2.77 
1955 1	  19.85   14.08    0.58    2.92 
1955 2	  28.95   15.72    1.57    3.32 
1955 3	   1.55   22.88    5.89    3.23 
1955 4	   6.43   29.12   13.23    3.30 
1955 5	  79.22   31.69   16.68    3.14 
1955 6	  52.90   33.81   19.28    3.27 
1955 7	  41.70   34.05   21.47    3.26 
1955 8	  20.55   34.59   20.68    1.98 
1955 9	  44.72   32.13   18.96    2.15 
1955 10	  40.62   28.11   10.53    2.41 
1955 11	   4.10   20.63    3.06    2.97 
1955 12	   0.40   17.02   -0.48    2.42 
1956 1	  24.55   14.87   -1.03    2.94 
1956 2	   3.20   16.50    0.59    3.19 
1956 3	   1.38   23.24    4.56    3.05 
1956 4	  48.55   25.71   10.47    3.15 
1956 5	  31.92   31.54   17.34    3.26 
1956 6	   5.97   36.06   21.31    3.06 
1956 7	   6.15   36.67   21.61    3.51 
1956 8	  20.63   36.62   21.02    3.15 
1956 9	  28.95   33.62   17.02    2.22 
1956 10	 121.30   28.52   12.48    2.11 
1956 11	   6.27   18.46    3.36    2.68 
1956 12	  17.75   17.33    1.09    2.71 
1957 1	  14.28   14.12    0.22    2.81 
1957 2	  55.72   17.85    6.93    2.97 
1957 3	  16.83   21.00    5.64    3.28 
1957 4	  71.70   23.75    9.77    3.38 
1957 5	 154.73   25.79   14.78    3.04 
1957 6	  70.05   31.42   19.02    2.66 
1957 7	   2.05   37.10   21.76    2.70 
1957 8	   0.00   36.75   21.32    2.53 
1957 9	  77.55   30.59   15.55    2.58 
1957 10	 140.70   22.84   10.21    2.49 
1957 11	  26.75   15.72    3.17    2.74 
1957 12	  13.27   17.57    1.27    2.99 
1958 1	  50.40   13.33   -0.80    2.86 
1958 2	  70.20   12.07    0.93    3.41 
1958 3	  45.45   14.46    2.53    2.85 
1958 4	  56.65   23.30    8.98    3.08 
1958 5	  79.47   28.60   14.33    2.31 
1958 6	  20.40   34.53   19.86    2.93 
1958 7	   0.10   36.06   21.57    3.57 
1958 8	  42.90   35.89   20.36    2.39 
1958 9	  78.78   29.43   18.43    2.40 
1958 10	  57.10   22.36   10.95    2.42 
1958 11	  17.45   19.97    4.19    2.12 
1958 12	   1.70   14.77   -1.87    2.55 
1959 1	   0.00   14.45   -2.60    3.05 
1959 2	  10.52   14.97    1.18    2.90 
1959 3	   2.58   22.58    2.95    3.41 
1959 4	  36.15   24.72    9.33    3.28 
1959 5	  92.60   30.41   16.36    3.47 
1959 6	 204.68   32.72   18.93    2.79 
1959 7	 157.77   31.87   19.24    2.37 
1959 8	   0.65   34.32   19.88    2.59 
1959 9	  42.92   33.50   17.89    2.93 
1959 10	 111.80   24.61   10.29    2.43 
1959 11	  20.67   15.84    0.64    2.56 
1959 12	  54.30   15.85    1.70    2.94 
1960 1	  53.77   13.05    0.86    2.86 
1960 2	  10.77   14.23   -1.47    3.76 
1960 3	  14.83   17.15    2.79    2.98 
1960 4	  41.03   26.83   11.44    3.75 
1960 5	  44.78   29.97   14.04    3.42 
1960 6	   4.65   36.57   20.38    2.95 
1960 7	  88.30   36.01   21.86    2.51 
1960 8	  45.80   34.70   21.31    2.41 
1960 9	  43.77   33.20   17.15    2.11 
1960 10	 154.50   28.00   13.57    2.46 
1960 11	   2.70   20.23    6.45    2.53 
1960 12	  70.65   11.26   -0.45    2.72 
1961 1	  63.88   11.82   -2.34    2.58 
1961 2	  46.95   16.99    1.03    3.41 
1961 3	  19.85   22.43    5.25    3.31 
1961 4	   0.93   27.23    9.21    3.65 
1961 5	  66.37   30.97   15.96    3.46 
1961 6	 105.83   31.51   18.52    2.85 
1961 7	  30.32   32.28   19.31    2.85 
1961 8	   9.33   34.23   18.32    2.04 
1961 9	 126.43   29.72   16.93    3.23 
1961 10	  19.08   25.68   11.42    2.89 
1961 11	  37.65   16.14    3.81    2.74 
1961 12	   8.75   14.55    0.28    2.70 
1962 1	   0.00   12.41   -4.50    3.15 
1962 2	   3.28   22.53    2.24    3.17 
1962 3	  36.50   19.33    3.01    3.19 
1962 4	  51.35   25.46   10.81    3.31 
1962 5	   3.90   32.78   17.32    4.48 
1962 6	  68.12   33.66   19.26    2.58 
1962 7	  57.38   36.25   22.02    3.11 
1962 8	  19.38   38.04   21.55    2.39 
1962 9	  60.05   32.04   18.31    2.23 
1962 10	  44.60   28.11   14.78    2.90 
1962 11	  15.57   19.88    6.13    2.49 
1962 12	  18.92   14.56    1.04    2.38 
1963 1	   0.00   13.03   -5.30    2.76 
1963 2	  33.38   17.35   -0.46    2.91 
1963 3	   0.03   24.25    6.87    3.44 
1963 4	  52.45   29.72   14.16    3.84 
1963 5	 102.60   30.54   17.49    3.33 
1963 6	  96.53   33.03   20.14    3.24 
1963 7	   0.00   37.03   22.81    3.31 
1963 8	  77.60   35.53   21.82    2.38 
1963 9	 100.52   32.10   18.39    1.93 
1963 10	  17.58   29.68   13.22    1.94 
1963 11	  63.60   21.04    6.19    2.91 
1963 12	  21.42   11.74   -2.00    2.42 
1964 1	  34.00   16.09   -1.50    3.08 
1964 2	  49.97   14.68   -0.90    3.23 
1964 3	  30.12   22.88    5.02    3.32 
1964 4	  57.67   28.15   11.83    3.67 
1964 5	  60.47   31.86   17.08    3.37 
1964 6	   6.07   34.64   20.24    3.29 
1964 7	   8.57   37.44   22.38    2.69 
1964 8	  82.22   36.84   22.53    3.20 
1964 9	 102.45   30.14   18.45    2.25 
1964 10	  17.77   25.71    9.78    2.14 
1964 11	  49.40   20.92    6.25    2.65 
1964 12	   7.35   16.22    0.19    2.68 
1965 1	  16.48   17.00    1.30    2.81 
1965 2	  62.20   13.88    0.39    3.11 
1965 3	   0.28   17.01    1.73    3.36 
1965 4	   8.32   28.65   12.29    3.18 
1965 5	 177.43   28.34   16.69    3.41 
1965 6	  62.30   32.61   20.00    3.17 
1965 7	   4.60   35.99   21.28    2.47 
1965 8	  79.60   34.66   20.67    2.58 
1965 9	  44.82   32.17   18.35    2.66 
1965 10	  38.00   26.03   10.07    2.09 
1965 11	  25.83   23.50    7.90    1.99 
1965 12	  26.40   16.15    4.24    2.92 
1966 1	  15.32   11.06   -2.57    2.77 
1966 2	   9.70   14.64   -1.45    3.07 
1966 3	  20.30   22.51    6.12    3.43 
1966 4	 103.78   26.06   10.70    3.30 
1966 5	  30.23   29.09   15.99    2.67 
1966 6	  22.20   33.00   19.80    2.75 
1966 7	   6.77   36.62   23.11    2.73 
1966 8	 126.35   32.88   20.22    2.42 
1966 9	  78.47   28.56   17.34    1.70 
1966 10	  62.28   24.69    8.67    2.18 
1966 11	   0.22   23.11    6.26    2.90 
1966 12	   0.00   15.94   -2.65    2.58 
1967 1	   0.00   17.18   -2.49    3.14 
1967 2	   8.10   17.59    0.32    3.24 
1967 3	  31.72   26.46    8.69    4.00 
1967 4	  27.50   29.46   14.45    4.30 
1967 5	  68.57   31.41   13.94    3.40 
1967 6	  54.12   34.56   20.66    3.44 
1967 7	  56.12   34.66   21.41    3.25 
1967 8	  22.40   33.78   19.73    2.20 
1967 9	 140.12   27.40   16.03    2.44 
1967 10	  33.60   26.03    9.60    2.77 
1967 11	  70.03   19.02    6.73    2.42 
1967 12	  36.25   13.52   -0.34    2.45 
1968 1	  82.88   12.50    1.24    3.04 
1968 2	  32.33   13.55    0.03    2.61 
1968 3	  59.65   18.05    5.46    3.97 
1968 4	  88.05   23.12    9.45    3.24 
1968 5	 102.87   28.82   15.73    3.64 
1968 6	  74.45   31.65   18.59    2.98 
1968 7	  72.38   33.30   20.07    2.90 
1968 8	  30.57   34.56   20.34    3.11 
1968 9	  43.68   29.91   14.93    2.17 
1968 10	   4.05   28.24   11.37    2.84 
1968 11	 107.22   18.59    3.63    2.98 
1968 12	   0.00   16.65   -0.88    3.15 
1969 1	   1.10   17.98    1.59    2.92 
1969 2	  27.35   17.11    1.82    2.71 
1969 3	  39.25   16.60    2.14    3.36 
1969 4	 102.00   26.00   11.28    3.53 
1969 5	  97.10   28.38   13.88    2.40 
1969 6	  51.75   33.99   19.02    3.58 
1969 7	   5.80   37.34   22.40    2.92 
1969 8	  57.20   35.92   20.70    2.46 
1969 9	  89.75   29.32   16.89    1.99 
1969 10	  97.20   22.92   11.35    3.14 
1969 11	  38.92   18.52    3.88    2.34 
1969 12	  64.82   16.60    1.10    2.34 
1970 1	  10.23   13.21   -2.77    2.44 
1970 2	  38.20   16.38    2.00    2.99 
1970 3	  81.80   17.86    2.65    3.16 
1970 4	  37.58   26.34   10.32    3.35 
1970 5	  54.88   28.07   13.02    2.87 
1970 6	  27.65   32.56   17.84    2.94 
1970 7	   0.32   35.59   20.23    2.53 
1970 8	  22.62   35.97   20.09    2.48 
1970 9	 101.25   30.81   17.71    2.65 
1970 10	  24.85   23.58    8.60    2.16 
1970 11	   0.00   20.35    1.74    2.84 
1970 12	   6.10   20.11    2.73    2.61 
1971 1	   0.00   18.60   -0.64    2.91 
1971 2	   7.93   18.80    0.49    3.44 
1971 3	   0.00   24.08    3.90    3.35 
1971 4	  79.03   26.30   10.25    3.20 
1971 5	  15.00   31.20   15.21    3.49 
1971 6	 111.80   33.10   19.92    3.24 
1971 7	  35.85   34.59   20.45    2.72 
1971 8	 152.85   28.74   18.28    2.05 
1971 9	 146.02   28.77   16.06    2.50 
1971 10	  66.58   24.84   12.32    2.38 
1971 11	   7.88   19.47    5.38    2.81 
1971 12	  27.52   16.16    2.48    2.95 
1972 1	   8.58   16.01   -0.94    2.91 
1972 2	   0.95   19.57    0.11    2.82 
1972 3	   1.30   25.59    7.52    3.21 
1972 4	  23.25   30.15   12.69    3.66 
1972 5	  68.10   28.21   14.84    2.34 
1972 6	 119.95   33.01   19.45    2.56 
1972 7	  18.52   33.66   20.37    2.98 
1972 8	 141.35   31.67   19.30    2.62 
1972 9	 136.70   30.88   18.61    2.37 
1972 10	 129.20   25.08   10.83    2.45 
1972 11	   6.77   15.60    1.99    2.40 
1972 12	   1.32   15.38   -2.02    2.79 
1973 1	  52.17    9.97   -2.72    3.27 
1973 2	  36.85   14.76    0.21    2.95 
1973 3	  31.63   22.97    6.59    3.17 
1973 4	  53.55   23.28    8.48    3.25 
1973 5	  25.78   30.66   13.57    3.09 
1973 6	  59.60   31.74   17.42    3.08 
1973 7	 110.88   33.54   20.41    2.81 
1973 8	   4.15   34.17   19.37    2.29 
1973 9	 109.90   29.67   17.04    2.56 
1973 10	  52.90   26.20   11.25    2.47 
1973 11	   1.75   23.19    6.87    3.03 
1973 12	   0.98   18.06   -1.54    3.08 
1974 1	   2.60   15.41   -1.87    2.80 
1974 2	   6.55   20.82   -0.38    3.51 
1974 3	  11.45   26.34    8.91    4.04 
1974 4	  51.35   28.21   10.38    3.83 
1974 5	  58.12   31.04   17.10    3.30 
1974 6	  17.40   34.71   18.74    3.04 
1974 7	  21.83   35.68   20.72    2.79 
1974 8	 112.83   31.76   19.47    2.86 
1974 9	 229.95   25.30   13.65    2.67 
1974 10	 159.82   24.98   11.52    2.73 
1974 11	  35.67   18.28    5.07    2.62 
1974 12	  37.80   14.29    0.10    2.20 
1975 1	  26.17   15.45    0.11    3.17 
1975 2	  22.35   16.64    0.28    3.15 
1975 3	   2.33   21.62    3.89    3.48 
1975 4	  17.40   25.40    9.92    3.95 
1975 5	 137.68   28.81   14.54    3.10 
1975 6	  44.52   32.64   19.35    3.37 
1975 7	  65.95   32.13   19.47    2.46 
1975 8	  41.90   33.41   19.78    2.59 
1975 9	  68.85   29.11   14.41    2.51 
1975 10	  65.70   26.10   10.48    2.92 
1975 11	  76.00   20.84    4.74    3.17 
1975 12	  14.93   16.40    0.22    2.94 
1976 1	   0.75   15.82   -2.97    2.87 
1976 2	   2.67   22.87    3.81    3.88 
1976 3	  10.80   22.89    6.25    3.63 
1976 4	  90.62   25.47   11.26    3.65 
1976 5	  50.45   27.85   12.84    2.89 
1976 6	  16.52   33.17   18.89    3.21 
1976 7	 153.55   29.71   19.40    2.63 
1976 8	  25.60   34.05   18.99    1.92 
1976 9	  77.55   28.96   16.76    1.88 
1976 10	 140.98   21.81    6.87    2.64 
1976 11	  12.90   15.55    1.32    2.31 
1976 12	   3.88   15.42   -2.22    2.60 
1977 1	  19.52   11.00   -3.73    2.54 
1977 2	  11.18   18.42    1.14    2.86 
1977 3	  38.00   22.52    4.84    3.35 
1977 4	 102.73   24.49   10.36    3.35 
1977 5	  46.00   28.93   17.63    3.75 
1977 6	  83.60   34.04   20.06    2.98 
1977 7	  26.35   35.34   21.58    2.83 
1977 8	  33.93   36.37   22.28    2.86 
1977 9	  13.47   35.48   20.16    2.63 
1977 10	  46.15   27.42   12.07    2.44 
1977 11	  17.50   21.66    4.54    2.42 
1977 12	   4.03   18.94    1.31    2.93 
1978 1	  10.92    9.59   -3.56    2.86 
1978 2	  37.95   11.75   -1.42    2.81 
1978 3	   5.40   22.12    3.93    3.42 
1978 4	  20.70   29.89   12.51    4.13 
1978 5	 112.15   31.13   16.29    3.43 
1978 6	  25.98   33.56   19.63    2.72 
1978 7	  19.50   37.00   22.36    2.91 
1978 8	  93.42   32.67   20.53    2.58 
1978 9	  42.22   29.27   18.40    2.39 
1978 10	  20.05   26.03   10.25    2.10 
1978 11	  30.92   18.93    6.84    2.70 
1978 12	   3.70   14.73   -0.91    2.63 
1979 1	  16.05    8.42   -4.14    3.13 
1979 2	  32.50   15.97   -0.69    2.91 
1979 3	  76.80   21.13    6.40    3.56 
1979 4	  41.03   25.97   11.13    2.82 
1979 5	  36.03   29.00   13.97    3.33 
1979 6	  95.93   32.05   18.37    2.71 
1979 7	  56.47   34.95   21.61    2.49 
1979 8	  51.00   33.38   19.93    2.48 
1979 9	   6.65   32.18   15.32    2.03 
1979 10	  11.43   30.43   11.12    2.71 
1979 11	   3.00   18.63    1.33    2.59 
1979 12	  64.45   16.12    0.11    2.80 
1980 1	  17.58   14.65    0.67    3.17 
1980 2	  14.88   17.03    0.92    2.87 
1980 3	  13.25   21.44    4.10    3.21 
1980 4	  12.32   26.32    8.31    3.36 
1980 5	  99.28   29.09   15.41    3.11 
1980 6	  62.95   34.61   21.33    3.53 
1980 7	   4.32   37.91   22.49    2.99 
1980 8	  38.83   35.27   21.69    3.41 
1980 9	 297.62   29.89   19.04    2.68 
1980 10	   6.00   25.07    9.81    2.19 
1980 11	  53.17   18.12    3.44    2.48 
1980 12	  47.63   16.03    2.14    2.94 
1981 1	  25.60   13.98    0.14    2.38 
1981 2	  28.80   16.63    2.26    3.19 
1981 3	  65.50   19.15    5.52    3.10 
1981 4	 101.43   25.97   12.89    3.52 
1981 5	 115.73   28.60   14.46    3.32 
1981 6	  67.40   31.61   19.63    2.85 
1981 7	  41.62   34.73   21.52    3.03 
1981 8	  39.60   33.70   20.33    2.39 
1981 9	  46.93   30.76   16.64    2.48 
1981 10	 221.62   24.53   12.86    2.91 
1981 11	   3.75   22.40    4.61    2.38 
1981 12	   2.42   17.27    0.48    2.67 
1982 1	  20.57   15.98   -1.73    3.18 
1982 2	  31.90   14.85    0.22    3.14 
1982 3	  30.30   21.94    7.27    3.68 
1982 4	  31.80   25.46   10.44    3.51 
1982 5	 161.15   27.70   15.12    3.37 
1982 6	 160.12   31.52   19.03    3.48 
1982 7	  22.40   33.97   21.28    3.35 
1982 8	  23.17   35.23   21.63    2.79 
1982 9	  43.85   32.28   16.95    2.45 
1982 10	  14.75   26.26   10.87    2.62 
1982 11	  31.55   19.11    5.70    2.93 
1982 12	  28.20   14.54    1.12    3.22 
1983 1	  51.53   13.66   -1.34    2.33 
1983 2	   9.92   16.34    1.39    2.85 
1983 3	  26.03   20.74    5.55    3.60 
1983 4	   7.43   25.17    8.36    3.76 
1983 5	  47.55   30.59   14.59    3.24 
1983 6	  76.75   31.43   18.15    2.95 
1983 7	  49.65   33.94   21.15    2.82 
1983 8	  10.70   35.19   21.02    1.79 
1983 9	   4.72   32.10   18.07    2.51 
1983 10	  99.15   27.41   13.28    2.82 
1983 11	  38.03   21.84    7.09    2.59 
1983 12	   3.65    9.11   -5.08    2.84 
1984 1	  44.10   11.03   -2.05    2.53 
1984 2	   8.33   19.14    0.44    3.15 
1984 3	  20.27   22.64    5.78    3.75 
1984 4	   3.20   27.79    9.08    3.01 
1984 5	  13.70   32.39   16.48    3.34 
1984 6	  21.77   34.20   21.31    3.40 
1984 7	  23.08   34.86   21.02    2.44 
1984 8	  10.85   35.03   21.06    2.57 
1984 9	  70.10   29.82   15.62    2.86 
1984 10	 111.82   23.32   12.04    2.51 
1984 11	  34.85   17.93    4.95    2.82 
1984 12	  76.85   16.12    3.42    3.10 
1985 1	  10.57   10.97   -3.56    2.91 
1985 2	  25.70   14.07    0.16    3.29 
1985 3	  35.00   21.89    8.07    3.63 
1985 4	  16.58   27.67   11.87    3.21 
1985 5	  65.53   31.42   16.36    3.05 
1985 6	  95.75   32.08   18.63    2.71 
1985 7	  38.62   33.38   19.77    2.61 
1985 8	   1.90   36.20   21.08    2.52 
1985 9	  47.62   30.89   17.21    2.75 
1985 10	  93.35   24.49   13.27    3.10 
1985 11	  16.85   20.61    7.22    2.89 
1985 12	   1.90   14.09   -3.15    2.43 
1986 1	   3.55   17.66   -0.87    2.69 
1986 2	  43.83   19.31    3.72    2.83 
1986 3	  10.50   24.67    6.59    3.23 
1986 4	  17.02   29.23   13.47    3.64 
1986 5	 152.97   29.97   16.13    3.43 
1986 6	 102.68   31.16   19.61    2.18 
1986 7	  39.48   35.62   20.81    3.28 
1986 8	 186.93   33.52   20.70    2.60 
1986 9	  73.32   30.20   19.61    2.87 
1986 10	 165.12   23.44   11.34    2.44 
1986 11	  52.95   18.36    4.19    2.58 
1986 12	  59.88   12.30    1.05    2.51 
1987 1	  24.38   14.51   -1.28    2.83 
1987 2	  83.38   15.56    3.09    3.51 
1987 3	  43.58   17.99    2.82    3.11 
1987 4	  30.75   25.19    6.64    2.78 
1987 5	 228.85   28.22   14.68    2.73 
1987 6	  99.98   30.23   18.14    2.31 
1987 7	  11.62   33.23   19.84    2.75 
1987 8	 108.78   34.64   20.34    2.80 
1987 9	  98.03   29.49   14.86    2.26 
1987 10	  10.23   26.82   10.08    2.61 
1987 11	  15.45   20.43    3.02    2.64 
1987 12	  72.95   15.19   -1.04    2.68 
1988 1	   1.22   12.62   -2.95    2.96 
1988 2	   7.10   17.02   -0.94    2.98 
1988 3	  17.18   23.40    2.85    3.43 
1988 4	  40.23   27.66    7.64    2.78 
1988 5	  79.80   29.12   13.45    3.19 
1988 6	  47.52   33.20   17.80    2.35 
1988 7	  68.15   33.40   19.81    2.58 
1988 8	   9.68   35.07   19.45    2.33 
1988 9	  98.47   31.76   15.39    2.47 
1988 10	   1.20   27.15    9.37    2.28 
1988 11	   0.00   23.47    3.68    2.58 
1988 12	  24.47   16.11   -0.76    2.62 
1989 1	  16.52   17.48    0.42    2.76 
1989 2	  72.25   13.84   -1.28    3.53 
1989 3	  28.35   23.28    4.19    3.35 
1989 4	  19.58   27.35    9.99    3.42 
1989 5	  62.95   32.82   16.39    3.97 
1989 6	 130.75   32.31   17.09    3.23 
1989 7	  12.65   35.87   20.17    2.39 
1989 8	  26.12   34.17   20.67    3.03 
1989 9	  68.62   30.36   13.94    2.58 
1989 10	  38.15   28.18   10.13    2.79 
1989 11	   9.33   21.73    4.27    2.44 
1989 12	   8.38   11.64   -4.57    2.85 
1990 1	  20.55   17.92    0.94    2.80 
1990 2	  40.78   20.11    2.38    3.09 
1990 3	  49.65   20.49    6.49    3.71 
1990 4	  86.98   24.71   10.66    3.52 
1990 5	  84.45   29.35   14.72    3.57 
1990 6	  26.83   36.53   21.82    3.69 
1990 7	 134.65   31.82   19.90    2.86 
1990 8	  65.90   32.86   18.92    2.86 
1990 9	 157.77   29.93   17.29    1.78 
1990 10	  74.18   25.58    8.77    2.45 
1990 11	  40.60   20.98    5.93    2.88 
1990 12	  12.15   14.93   -2.23    2.71 
1991 1	  72.68   12.01   -0.86    2.65 
1991 2	   7.60   18.74    2.47    2.64 
1991 3	  11.35   23.25    6.47    3.44 
1991 4	   8.60   28.18   10.48    2.89 
1991 5	  67.30   31.80   16.97    3.24 
1991 6	 177.83   31.84   19.16    2.90 
1991 7	  63.87   33.93   20.55    2.75 
1991 8	  81.03   32.77   20.03    2.41 
1991 9	 147.90   27.76   16.09    2.21 
1991 10	  55.48   26.78   10.69    2.58 
1991 11	   7.80   16.72    3.14    2.86 
1991 12	 130.02   14.49    3.32    3.03 
1992 1	  60.50   12.99    0.84    2.25 
1992 2	 121.38   17.92    4.03    3.01 
1992 3	  30.50   22.48    6.99    3.07 
1992 4	  56.23   25.27   11.07    2.95 
1992 5	  56.75   27.08   14.44    2.63 
1992 6	 161.00   32.60   19.21    2.66 
1992 7	  55.63   34.44   21.35    3.72 
1992 8	  64.45   31.94   19.16    2.23 
1992 9	  10.60   32.00   17.15    2.87 
1992 10	  18.00   28.61   10.61    2.29 
1992 11	  28.33   18.49    4.18    2.64 
1992 12	  18.95   15.50    2.25    2.71 
1993 1	  26.40   13.03   -0.41    2.45 
1993 2	  37.27   16.31    1.45    2.94 
1993 3	  28.82   21.15    5.24    3.14 
1993 4	  41.55   26.95    9.36    3.57 
1993 5	  59.05   29.84   13.76    3.07 
1993 6	  53.40   33.10   20.39    3.18 
1993 7	  29.20   36.01   22.69    4.09 
1993 8	  41.28   36.01   21.46    2.82 
1993 9	  47.07   30.09   15.63    2.14 
1993 10	  48.68   25.67    9.75    2.59 
1993 11	   7.32   18.03    2.38    2.73 
1993 12	  18.35   16.92    1.77    2.92 
1994 1	  43.15   15.38    0.56    3.07 
1994 2	  28.73   17.29    0.42    3.14 
1994 3	   1.35   23.51    6.11    3.12 
1994 4	  25.00   27.78    9.33    3.36 
1994 5	 166.27   28.57   15.51    2.86 
1994 6	  28.17   35.84   20.48    2.72 
1994 7	  24.83   36.80   21.79    3.36 
1994 8	  42.30   35.70   21.30    2.50 
1994 9	  57.90   30.83   15.82    1.96 
1994 10	  54.85   26.05   12.15    2.40 
1994 11	  60.17   20.26    6.01    2.80 
1994 12	  30.62   16.43    2.61    2.32 
1995 1	  19.25   16.20    0.95    2.81 
1995 2	  33.95   19.26    2.73    2.74 
1995 3	  34.55   19.20    5.54    3.20 
1995 4	  72.58   26.47    9.44    3.31 
1995 5	 102.07   30.40   15.08    3.47 
1995 6	  68.53   32.02   18.36    3.09 
1995 7	  64.43   36.07   21.12    2.73 
1995 8	  54.65   33.98   20.80    1.96 
1995 9	  70.70   30.72   17.37    2.09 
1995 10	  34.00   28.05    9.71    2.29 
1995 11	  20.07   20.86    4.84    2.46 
1995 12	   7.30   16.53    0.81    2.63 
1996 1	   3.45   16.96   -2.69    2.93 
1996 2	   6.65   20.44    1.76    3.34 
1996 3	  12.90   21.00    2.73    3.48 
1996 4	  72.80   26.98    9.14    3.55 
1996 5	  59.62   34.28   18.85    4.70 
1996 6	  60.80   34.90   20.39    2.82 
1996 7	  27.05   36.70   22.38    2.92 
1996 8	 137.23   33.65   20.99    2.79 
1996 9	 108.25   29.44   16.46    1.67 
1996 10	  70.20   26.26   10.38    2.65 
1996 11	  79.67   19.72    5.37    3.07 
1996 12	   0.00   18.14    0.25    2.67 
1997 1	   6.00   13.67   -0.86    3.02 
1997 2	 100.93   14.44    2.19    3.02 
1997 3	  40.78   22.59    7.03    2.84 
1997 4	  99.62   21.65    7.74    3.17 
1997 5	  55.15   27.80   13.79    2.60 
1997 6	 154.72   31.47   18.25    2.54 
1997 7	  11.27   35.46   21.41    2.61 
1997 8	  55.85   35.19   20.92    2.75 
1997 9	  10.98   33.20   18.03    2.05 
1997 10	  33.12   26.97   10.99    2.64 
1997 11	  22.33   18.96    2.85    2.30 
1997 12	  43.12   14.00   -1.23    3.01 
1998 1	  12.07   18.42    1.07    2.77 
1998 2	  14.50   17.70    2.51    2.71 
1998 3	  56.78   20.36    4.51    3.55 
1998 4	   0.28   27.25    8.13    3.05 
1998 5	  57.72   35.55   16.67    3.58 
1998 6	  54.85   36.47   21.33    3.88 
1998 7	  12.75   38.00   23.29    3.27 
1998 8	  65.57   34.25   20.85    1.78 
1998 9	   6.45   33.89   18.75    1.91 
1998 10	  74.48   26.93   13.49    2.96 
1998 11	  16.85   20.87    7.35    2.36 
1998 12	  18.42   15.51    0.11    2.87 
1999 1	  18.15   19.20    0.45    3.32 
1999 2	   1.70   22.55    3.28    2.80 
1999 3	  58.60   21.09    6.39    3.49 
1999 4	  49.90   27.49   10.74    3.44 
1999 5	  46.00   30.49   16.30    3.16 
1999 6	  80.73   31.98   20.27    3.18 
1999 7	  30.05   34.87   21.32    2.70 
1999 8	  15.05   37.61   21.60    1.98 
1999 9	   3.85   33.18   16.98    2.65 
1999 10	  27.73   27.40    9.09    2.41 
1999 11	   0.00   23.54    5.30    2.36 
1999 12	   1.50   17.15   -1.01    3.00 
2000 1	   1.48   18.39    0.52    3.14 
2000 2	   4.95   21.82    3.46    3.22 
2000 3	  18.28   25.09    6.99    3.18 
2000 4	   7.62   28.23   11.15    3.41 
2000 5	  25.10   34.27   18.90    3.61 
2000 6	 110.57   31.36   20.38    3.06 
2000 7	  20.43   37.22   22.60    2.73 
2000 8	   0.25   36.97   21.97    2.45 
2000 9	  12.17   33.91   16.64    2.20 
2000 10	 136.53   23.79   13.23    3.12 
2000 11	  78.23   14.81    3.04    2.71 
2000 12	  10.97   11.66   -1.38    2.59 
2001 1	  31.65   12.06   -1.82    2.88 
2001 2	  45.83   16.32    2.04    3.34 
2001 3	  36.55   16.58    3.79    2.73 
2001 4	  16.08   25.61   11.38    3.60 
2001 5	  53.60   31.04   16.08    3.18 
2001 6	   3.28   35.39   20.40    2.86 
2001 7	  19.17   37.59   22.96    2.92 
2001 8	  54.72   34.96   21.11    2.62 
2001 9	  83.00   30.30   15.95    2.05 
2001 10	  27.02   26.13    9.60    2.74 
2001 11	  87.90   20.35    7.42    2.74 
2001 12	   6.40   15.79    0.28    2.70 
2002 1	  14.65   16.05   -0.37    2.77 
2002 2	  34.27   15.60   -1.46    2.83 
2002 3	  57.65   20.51    3.42    3.66 
2002 4	   5.25   27.83   13.20    3.93 
2002 5	  27.67   31.36   16.22    3.82 
2002 6	  35.95   33.60   20.03    2.65 
2002 7	  86.75   32.55   20.41    2.73 
2002 8	  11.12   35.70   21.28    2.47 
2002 9	  37.00   31.81   16.01    2.18 
2002 10	 141.13   22.33   11.81    2.32 
2002 11	  17.83   16.96    3.35    2.71 
2002 12	  34.05   14.44    0.35    2.76 
2003 1	   2.78   14.69   -0.96    2.54 
2003 2	  35.05   14.65    0.79    2.99 
2003 3	  28.12   21.16    5.92    2.81 
2003 4	  14.93   28.03    9.89    3.56 
2003 5	  24.85   32.46   16.40    2.94 
2003 6	 221.48   31.70   18.62    2.42 
2003 7	  10.88   34.60   20.54    2.21 
2003 8	  58.90   35.69   20.96    1.87 
2003 9	  65.03   28.94   16.54    1.82 
2003 10	  92.15   25.66   11.54    2.09 
2003 11	  19.38   19.42    6.59    3.02 
2003 12	   0.00   17.75   -0.69    3.19 
2004 1	  24.40   15.32    1.76    3.08 
2004 2	  43.88   14.38    0.47    3.14 
2004 3	  40.53   22.07    9.13    3.20 
2004 4	  66.18   23.97   10.20    3.41 
2004 5	   8.15   29.97   15.64    3.40 
2004 6	 127.50   32.86   19.33    2.74 
2004 7	  82.72   33.54   20.10    2.28 
2004 8	 110.05   32.14   19.79    2.10 
2004 9	  38.82   30.11   16.73    1.96 
2004 10	 178.93   25.86   13.59    2.58 
2004 11	 129.52   18.08    6.17    2.78 
2004 12	  10.00   15.11   -0.68    2.86 
2005 1	  15.38   16.54    2.20    3.12 
2005 2	  68.83   15.02    3.36    2.83 
2005 3	  57.52   19.90    4.71    2.81 
2005 4	   0.40   25.88    8.76    3.42 
2005 5	  89.78   28.03   15.09    3.01 
2005 6	  29.22   33.30   19.71    3.02 
2005 7	  61.35   35.01   21.09    2.34 
2005 8	 180.80   32.89   20.19    2.31 
2005 9	   1.48   33.59   18.17    1.97 
2005 10	 109.97   25.31   11.12    2.45 
2005 11	   0.00   22.56    4.02    2.49 
2005 12	   0.12   16.06   -1.80    2.41 
2006 1	   3.85   20.26    0.01    3.17 
2006 2	  11.05   17.89    0.09    3.03 
2006 3	  78.53   22.93    7.11    3.59 
2006 4	  27.55   29.28   12.30    3.43 
2006 5	  21.80   32.78   15.51    3.35 
2006 6	  42.58   35.11   19.03    2.36 
2006 7	  14.27   35.73   21.58    2.41 
2006 8	  83.93   36.04   22.42    2.71 
2006 9	  68.20   29.62   15.92    2.24 
2006 10	  51.40   26.18   11.39    2.33 
2006 11	   0.50   22.25    5.24    2.93 
2006 12	  27.60   15.81   -0.29    2.79 
2007 1	  44.73    9.72   -2.16    3.04 
2007 2	   2.80   16.25   -0.51    2.79 
2007 3	 140.95   22.52    7.81    3.47 
2007 4	 100.53   23.27    8.08    3.26 
2007 5	 110.15   26.08   15.52    2.95 
2007 6	 138.12   30.96   19.25    2.52 
2007 7	  59.35   31.21   19.78    1.88 
2007 8	 147.93   33.03   20.98    2.17 
2007 9	  41.03   31.08   18.31    1.99 
2007 10	  15.90   28.80   11.47    2.35 
2007 11	  24.50   21.14    5.82    2.72 
2007 12	   7.80   16.55   -1.17    2.65 
2008 1	   4.40   14.36   -1.66    2.75 
2008 2	   5.47   20.48    0.14    3.04 
2008 3	  99.27   21.87    5.15    3.67 
2008 4	  33.45   27.20    8.84    3.38 
2008 5	  39.50   31.90   15.46    3.30 
2008 6	  50.08   36.18   21.67    3.69 
2008 7	  27.38   34.96   20.96    3.32 
2008 8	 124.20   33.38   20.47    2.05 
2008 9	  64.25   29.33   15.02    1.80 
2008 10	  36.47   26.60    9.27    2.50 
2008 11	   1.97   21.61    3.12    2.19 
2008 12	   0.17   16.73   -1.06    3.03 
2009 1	   1.85   17.45   -2.66    2.91 
2009 2	   9.90   21.64    2.31    3.64 
2009 3	  35.30   23.04    7.19    3.69 
2009 4	  68.23   26.07    9.79    3.79 
2009 5	  69.75   29.99   15.88    2.79 
2009 6	  74.32   35.25   21.06    3.20 
2009 7	 107.88   35.16   21.69    2.78 
2009 8	  29.90   35.96   21.20    2.74 
2009 9	  79.15   29.35   16.24    1.83 
2009 10	  57.28   24.07   10.39    2.75 
2009 11	   3.35   22.51    4.57    2.23 
2009 12	  43.68   13.03   -1.45    2.50 
2010 1	  61.65   13.88   -1.98    3.17 
2010 2	  78.58   12.00   -0.15    2.98 
2010 3	  32.80   20.47    3.74    3.49 
2010 4	  69.10   25.06   10.50    3.39 
2010 5	  59.80   29.77   15.87    3.19 
2010 6	  70.50   35.62   21.55    3.30 
2010 7	 105.28   32.69   21.39    2.73 
2010 8	   9.57   37.22   22.01    2.44 
2010 9	 102.57   32.29   18.61    2.32 
2010 10	  27.75   27.64    9.45    2.30 
2010 11	   0.55   22.23    3.11    3.17 
2010 12	  18.50   17.64   -0.39    2.80 
