1949 1	  26.43   17.56    7.40    7.22 
1949 2	 105.53   21.61   12.10    6.64 
1949 3	  23.07   24.67   14.53    6.87 
1949 4	 130.65   25.93   16.02    6.78 
1949 5	  42.95   31.29   22.23    5.67 
1949 6	  74.47   33.89   23.40    5.49 
1949 7	  52.58   34.41   23.51    5.01 
1949 8	  51.25   34.90   22.28    4.09 
1949 9	  53.25   33.67   21.69    4.19 
1949 10	  95.77   28.94   17.72    5.88 
1949 11	   0.73   26.70   11.13    5.49 
1949 12	  27.68   22.35   13.05    6.97 
1950 1	  35.35   25.01   13.87    7.63 
1950 2	  33.08   24.47   12.53    6.20 
1950 3	  30.05   25.57   12.81    6.64 
1950 4	  14.35   27.68   17.65    7.22 
1950 5	 200.25   32.22   22.71    6.40 
1950 6	  49.48   33.56   23.35    5.14 
1950 7	  16.88   35.30   24.36    6.03 
1950 8	   1.75   36.27   23.09    3.90 
1950 9	  41.72   34.33   22.93    3.42 
1950 10	   0.77   32.53   18.28    5.14 
1950 11	  12.82   26.19   11.30    6.75 
1950 12	   0.00   24.00    8.10    6.59 
1951 1	   1.12   22.56    7.57    7.66 
1951 2	   6.30   21.78    8.32    8.36 
1951 3	  68.12   25.75   14.08    7.04 
1951 4	  12.10   28.47   16.58    6.14 
1951 5	  58.35   30.59   20.54    5.49 
1951 6	  31.05   34.12   23.94    6.60 
1951 7	  27.53   35.93   24.52    5.10 
1951 8	  11.70   36.28   24.37    4.67 
1951 9	 303.30   32.76   22.98    5.18 
1951 10	  39.52   30.64   18.82    5.11 
1951 11	  23.73   23.17   12.52    7.42 
1951 12	   2.95   23.09   11.28    7.56 
1952 1	   1.32   24.65   12.79    7.30 
1952 2	   7.47   24.57   10.63    6.67 
1952 3	   5.22   25.63   13.62    6.77 
1952 4	  21.75   27.88   15.88    6.55 
1952 5	 110.53   31.05   19.19    5.61 
1952 6	  24.05   33.00   23.05    5.02 
1952 7	  47.27   34.67   23.33    4.22 
1952 8	   3.82   36.41   24.20    4.32 
1952 9	  64.65   33.25   20.78    4.80 
1952 10	   0.00   29.22   13.01    5.69 
1952 11	  69.10   23.09   13.01    7.26 
1952 12	  11.95   20.46    8.52    6.48 
1953 1	   8.12   24.67    8.47    6.79 
1953 2	  28.35   21.54   10.25    7.22 
1953 3	   5.75   28.48   17.41    6.49 
1953 4	   8.95   30.78   18.08    6.49 
1953 5	  30.27   32.65   21.13    6.25 
1953 6	   1.83   36.40   24.70    4.68 
1953 7	  40.85   37.52   24.75    4.46 
1953 8	 296.55   35.40   23.68    3.47 
1953 9	  16.72   33.92   20.32    5.23 
1953 10	  63.53   29.33   17.64    5.60 
1953 11	   6.15   25.36   11.62    5.75 
1953 12	  27.85   19.58    7.02    7.04 
1954 1	   9.93   21.98    9.29    6.25 
1954 2	   0.88   26.61   10.69    5.98 
1954 3	  25.85   26.37   13.15    7.01 
1954 4	 118.73   29.72   18.76    6.40 
1954 5	  45.70   30.09   18.55    6.01 
1954 6	  56.73   34.37   23.02    5.83 
1954 7	  22.62   36.69   23.60    4.93 
1954 8	  32.38   36.27   24.11    4.84 
1954 9	  73.45   34.99   22.62    4.53 
1954 10	  75.90   30.55   18.31    5.81 
1954 11	  17.00   26.02   11.08    5.82 
1954 12	   2.73   25.09    9.45    5.87 
1955 1	  25.12   21.27    9.11    6.74 
1955 2	  13.70   22.39   10.47    7.71 
1955 3	   4.62   27.45   14.30    7.36 
1955 4	   3.43   31.08   19.09    6.24 
1955 5	  12.20   33.40   22.19    6.43 
1955 6	  15.20   35.06   22.60    5.77 
1955 7	  38.17   35.20   23.91    5.24 
1955 8	  48.42   35.56   24.08    3.98 
1955 9	 339.52   31.65   22.81    4.92 
1955 10	  49.85   29.84   16.49    5.68 
1955 11	  60.35   23.45   13.09    6.81 
1955 12	  14.55   21.47    9.71    6.16 
1956 1	  10.27   22.14    8.75    6.04 
1956 2	  10.15   23.60   11.13    7.46 
1956 3	  21.45   25.03   13.32    6.35 
1956 4	  62.77   27.74   17.71    6.45 
1956 5	  83.65   30.75   21.08    5.75 
1956 6	   9.62   34.32   23.06    4.79 
1956 7	  41.65   35.03   23.67    4.92 
1956 8	  19.07   35.47   24.09    4.25 
1956 9	  23.45   34.00   21.52    4.52 
1956 10	  79.12   31.31   19.26    4.31 
1956 11	  13.70   24.12   10.56    6.89 
1956 12	  10.27   23.22   10.17    6.04 
1957 1	   2.90   22.25   10.88    6.49 
1957 2	 110.73   25.19   14.88    4.71 
1957 3	  81.65   25.84   14.25    6.01 
1957 4	  53.05   27.61   17.75    7.20 
1957 5	 122.32   30.66   21.50    6.91 
1957 6	  75.22   32.77   23.34    5.48 
1957 7	   1.50   35.67   23.97    4.53 
1957 8	  28.40   35.95   24.03    4.44 
1957 9	  83.70   32.81   21.44    4.34 
1957 10	  40.23   28.35   16.90    6.15 
1957 11	  74.50   22.80   12.59    7.53 
1957 12	   6.70   23.59   10.14    6.93 
1958 1	 300.85   18.62    7.48    7.33 
1958 2	 122.40   20.63    9.34    6.60 
1958 3	  32.20   22.63   10.92    6.81 
1958 4	   3.10   29.79   16.46    5.83 
1958 5	  44.73   31.44   19.65    4.15 
1958 6	  45.00   35.17   23.08    5.43 
1958 7	  57.12   35.24   23.77    4.90 
1958 8	  12.48   36.98   23.03    4.10 
1958 9	 273.55   32.64   23.15    4.44 
1958 10	 193.35   26.70   18.31    5.61 
1958 11	  19.22   23.91   13.77    5.54 
1958 12	  30.35   19.28    7.41    6.56 
1959 1	  25.17   17.49    6.83    7.08 
1959 2	 100.05   19.59   10.33    6.07 
1959 3	   1.40   24.18   12.19    6.80 
1959 4	  45.03   25.01   16.26    6.13 
1959 5	  48.43   30.26   22.51    5.41 
1959 6	  95.62   32.60   23.21    4.63 
1959 7	  27.05   34.52   23.26    3.66 
1959 8	  90.83   34.43   23.99    3.81 
1959 9	  34.38   33.67   22.61    5.17 
1959 10	  60.43   29.51   18.27    5.39 
1959 11	  44.83   22.62    8.23    7.07 
1959 12	  30.53   22.19    8.05    6.08 
1960 1	  38.90   19.49    8.58    6.34 
1960 2	  26.08   21.14    6.47    6.96 
1960 3	  32.15   22.08   10.80    6.25 
1960 4	  69.08   28.20   17.18    6.32 
1960 5	  29.78   29.98   19.71    6.14 
1960 6	  49.47   34.44   22.88    4.51 
1960 7	  24.80   35.50   23.99    3.50 
1960 8	 131.60   33.05   25.09    4.60 
1960 9	  75.05   32.13   21.17    4.12 
1960 10	 257.85   29.42   20.10    5.24 
1960 11	  52.38   24.65   14.97    5.53 
1960 12	 163.80   17.95    8.93    6.35 
1961 1	  28.55   16.19    6.61    6.54 
1961 2	  37.32   21.20   10.12    6.20 
1961 3	   0.00   26.92   15.06    6.77 
1961 4	  50.33   28.19   16.44    6.08 
1961 5	   8.23   31.43   21.62    6.03 
1961 6	  82.05   32.78   23.33    5.15 
1961 7	  62.82   33.37   23.77    4.88 
1961 8	  30.38   34.39   22.65    2.71 
1961 9	 115.87   31.79   22.58    6.45 
1961 10	  12.33   28.97   16.99    6.04 
1961 11	  29.38   23.27   11.92    6.63 
1961 12	  10.97   21.69   10.38    5.86 
1962 1	  24.97   18.27    4.13    7.40 
1962 2	   0.00   26.53   14.63    6.12 
1962 3	  29.95   24.16   11.42    6.74 
1962 4	  56.58   27.92   17.47    6.98 
1962 5	  15.40   30.76   21.36    6.52 
1962 6	 112.05   32.92   23.11    5.06 
1962 7	   2.60   34.65   24.86    4.06 
1962 8	  20.13   36.65   24.16    3.29 
1962 9	  84.72   34.38   22.91    3.99 
1962 10	  24.00   32.29   19.98    5.44 
1962 11	  21.87   25.74   11.57    6.36 
1962 12	  70.90   19.96    8.35    6.09 
1963 1	   6.35   17.83    6.01    6.70 
1963 2	  30.20   22.07    5.88    6.54 
1963 3	   0.52   27.29   13.64    6.13 
1963 4	  22.08   31.31   19.84    6.65 
1963 5	  52.32   31.66   21.11    5.35 
1963 6	  75.38   34.39   23.34    5.35 
1963 7	  44.67   34.62   23.73    4.94 
1963 8	  26.05   35.77   23.38    3.65 
1963 9	  75.45   34.03   21.68    4.12 
1963 10	  44.90   30.01   17.98    5.63 
1963 11	  40.20   26.61   14.32    6.85 
1963 12	  26.87   16.86    4.82    7.47 
1964 1	  26.72   20.75    7.68    6.07 
1964 2	  40.72   20.38    6.40    5.94 
1964 3	   5.40   25.35   12.17    6.42 
1964 4	   8.33   30.07   19.52    6.55 
1964 5	  85.03   32.28   21.71    5.34 
1964 6	  22.57   33.59   22.35    4.96 
1964 7	  55.38   35.40   23.68    4.25 
1964 8	   3.53   36.33   24.02    4.57 
1964 9	 119.62   33.55   22.18    4.19 
1964 10	   5.58   29.09   13.57    6.52 
1964 11	   9.05   26.90   15.19    6.80 
1964 12	  36.17   21.29    8.86    6.99 
1965 1	  22.90   23.42    9.62    6.36 
1965 2	  66.60   20.56    8.18    7.47 
1965 3	  15.60   23.56    9.76    7.48 
1965 4	  11.80   29.59   18.29    6.58 
1965 5	  91.90   30.83   21.97    7.05 
1965 6	  62.05   33.27   22.80    5.09 
1965 7	   7.95   35.31   22.69    3.72 
1965 8	  66.97   33.96   22.56    3.68 
1965 9	 156.32   34.11   22.08    5.08 
1965 10	  63.05   27.52   15.18    5.83 
1965 11	  44.08   27.58   16.75    4.69 
1965 12	  66.35   23.13   12.37    6.75 
1966 1	  57.23   16.40    5.52    7.52 
1966 2	  28.90   19.27    6.99    6.69 
1966 3	  11.98   24.72   12.66    5.95 
1966 4	  70.53   28.54   17.68    6.30 
1966 5	 264.15   28.94   20.14    4.79 
1966 6	  95.05   31.66   21.89    4.72 
1966 7	  13.30   34.02   23.41    3.98 
1966 8	  29.45   34.87   24.12    4.66 
1966 9	  48.47   33.39   21.27    3.26 
1966 10	  58.03   29.52   15.62    5.79 
1966 11	   0.65   26.87   12.63    6.28 
1966 12	   5.45   22.19    7.64    6.77 
1967 1	  61.12   20.28    7.82    7.04 
1967 2	  32.00   21.43    8.55    7.16 
1967 3	   3.72   27.05   15.26    5.81 
1967 4	   1.40   30.69   20.80    7.21 
1967 5	  56.52   32.34   20.38    7.09 
1967 6	  16.07   33.83   22.42    5.77 
1967 7	  25.83   35.22   23.36    5.11 
1967 8	 156.73   32.90   22.01    4.49 
1967 9	 498.73   29.71   21.23    5.67 
1967 10	 105.58   28.00   16.89    5.56 
1967 11	  15.37   24.54   14.35    5.49 
1967 12	  50.50   20.55    8.75    6.56 
1968 1	  63.80   17.49    7.50    6.74 
1968 2	  65.68   18.10    6.64    6.06 
1968 3	  23.20   22.45   11.32    7.17 
1968 4	  61.50   27.66   17.55    7.25 
1968 5	 126.85   30.10   21.21    6.19 
1968 6	 149.92   31.83   23.03    5.03 
1968 7	  89.03   32.82   23.32    4.72 
1968 8	  65.38   34.06   22.89    4.26 
1968 9	 125.40   31.94   21.24    4.88 
1968 10	  67.32   29.86   18.30    5.79 
1968 11	  12.95   24.70   11.92    7.39 
1968 12	   4.43   22.86    9.31    7.52 
1969 1	  17.95   21.81    9.96    6.51 
1969 2	  62.55   21.98   11.24    6.85 
1969 3	  21.50   21.89    9.79    7.46 
1969 4	  41.80   28.30   16.50    6.54 
1969 5	  76.77   30.55   19.08    5.76 
1969 6	  16.65   34.10   22.34    5.79 
1969 7	   1.48   36.46   24.13    5.11 
1969 8	  53.17   35.28   23.29    4.22 
1969 9	  50.62   33.15   21.49    4.87 
1969 10	 111.05   29.26   17.48    7.73 
1969 11	  91.80   24.04   10.86    7.26 
1969 12	  12.82   22.92    9.73    5.86 
1970 1	  59.30   16.65    5.72    7.31 
1970 2	  17.45   22.24    9.09    7.09 
1970 3	  20.43   23.69   10.52    6.81 
1970 4	   9.55   29.22   17.62    6.99 
1970 5	 157.10   28.89   17.76    6.65 
1970 6	  65.10   31.81   21.46    5.71 
1970 7	  18.62   33.76   22.28    4.41 
1970 8	  69.70   34.94   22.59    4.22 
1970 9	 145.85   31.92   21.61    6.18 
1970 10	  81.30   28.84   16.10    6.86 
1970 11	  11.10   25.33    9.55    7.06 
1970 12	   0.52   25.36   13.28    6.39 
1971 1	   1.50   23.24   10.76    6.96 
1971 2	   3.65   24.69    9.91    7.11 
1971 3	   0.00   28.70   13.32    6.94 
1971 4	  77.82   28.07   15.72    6.62 
1971 5	  38.15   31.57   20.65    6.59 
1971 6	  54.15   33.40   22.89    6.15 
1971 7	  27.35   35.35   22.67    4.90 
1971 8	 251.68   33.12   22.20    4.27 
1971 9	 241.77   31.12   21.78    4.93 
1971 10	  55.77   29.24   19.20    5.95 
1971 11	  23.08   25.98   12.66    6.56 
1971 12	  82.70   23.22   12.51    6.00 
1972 1	  34.62   23.42    9.97    6.77 
1972 2	  70.50   22.85   10.00    6.54 
1972 3	  31.15   27.08   15.66    5.84 
1972 4	  54.65   30.28   18.59    6.35 
1972 5	 100.22   29.62   19.16    5.12 
1972 6	 140.10   32.09   22.17    5.55 
1972 7	  88.10   33.13   22.61    5.03 
1972 8	  46.73   34.10   22.33    5.09 
1972 9	  79.40   34.18   22.15    4.40 
1972 10	  10.07   30.74   17.60    6.33 
1972 11	  71.28   21.78   10.29    7.09 
1972 12	   8.10   20.43    6.32    6.64 
1973 1	  71.10   17.48    4.53    6.98 
1973 2	  60.47   19.72    7.07    7.56 
1973 3	   1.55   27.22   14.64    6.12 
1973 4	  27.17   26.46   14.94    7.68 
1973 5	   9.57   31.57   18.29    6.44 
1973 6	 262.93   31.67   22.01    5.93 
1973 7	  25.20   34.09   22.93    4.98 
1973 8	 123.85   32.91   22.09    4.42 
1973 9	 146.38   32.43   21.76    4.82 
1973 10	 312.32   29.67   19.00    6.02 
1973 11	  12.63   28.32   16.42    6.76 
1973 12	   0.65   23.53    7.47    7.48 
1974 1	  31.70   20.48    8.85    5.37 
1974 2	   4.57   24.95    9.03    7.04 
1974 3	  58.40   27.38   15.92    6.52 
1974 4	   5.65   28.76   16.89    7.10 
1974 5	  62.82   31.82   21.00    5.44 
1974 6	  39.10   32.91   20.55    5.97 
1974 7	  14.55   34.38   21.42    4.38 
1974 8	  25.70   35.27   22.83    4.38 
1974 9	 157.20   31.67   19.19    6.56 
1974 10	  71.32   29.02   16.33    6.83 
1974 11	  36.28   23.23   11.95    6.37 
1974 12	  26.80   20.34    8.50    6.32 
1975 1	  63.30   22.49    8.22    5.79 
1975 2	  14.20   22.94    9.02    5.94 
1975 3	   2.48   27.17   13.40    6.40 
1975 4	   4.75   29.20   18.06    6.66 
1975 5	 155.55   30.76   21.47    5.80 
1975 6	  62.17   33.07   22.78    5.82 
1975 7	 112.35   33.80   22.72    4.37 
1975 8	 125.80   33.13   22.95    4.38 
1975 9	 121.10   31.21   20.39    4.79 
1975 10	  44.00   29.55   16.51    6.15 
1975 11	  34.15   25.70   12.30    6.65 
1975 12	  22.95   21.82    7.97    6.85 
1976 1	  24.92   21.39    7.40    7.03 
1976 2	   0.00   25.85   10.61    6.71 
1976 3	  20.43   26.67   15.34    7.10 
1976 4	 170.95   27.54   18.02    6.75 
1976 5	  60.27   29.04   18.29    5.61 
1976 6	  36.00   32.85   21.73    5.30 
1976 7	 201.90   31.72   22.70    5.29 
1976 8	  45.68   33.86   21.60    3.55 
1976 9	  73.58   32.78   21.39    4.39 
1976 10	 174.05   25.36   13.87    6.40 
1976 11	  95.47   19.01    8.85    7.84 
1976 12	  46.70   17.77    7.71    7.03 
1977 1	  45.90   15.61    5.77    6.23 
1977 2	  37.50   20.72    9.36    6.49 
1977 3	  15.77   24.23   13.67    6.27 
1977 4	  58.95   27.27   17.00    5.61 
1977 5	  34.53   29.58   21.40    5.43 
1977 6	 121.90   32.53   23.33    4.95 
1977 7	   6.62   34.02   23.14    4.44 
1977 8	  17.95   35.27   23.71    4.49 
1977 9	  92.78   34.62   25.06    4.49 
1977 10	  68.83   29.52   18.08    5.22 
1977 11	  40.00   25.62   13.08    6.07 
1977 12	   0.20   23.62    9.96    6.61 
1978 1	  46.90   14.90    5.09    7.12 
1978 2	  22.08   16.60    5.51    6.98 
1978 3	   0.45   24.90   10.92    6.12 
1978 4	  38.92   27.89   17.67    6.42 
1978 5	  34.42   32.09   21.90    5.66 
1978 6	 141.40   34.12   23.26    4.58 
1978 7	  42.53   35.28   24.27    4.50 
1978 8	  34.25   34.58   23.97    4.64 
1978 9	 238.45   32.06   23.01    5.52 
1978 10	  55.25   28.43   17.25    5.86 
1978 11	  66.27   24.53   15.18    6.44 
1978 12	  57.05   20.89    9.64    7.02 
1979 1	  56.60   15.99    6.04    7.50 
1979 2	  11.25   19.29    8.57    6.46 
1979 3	  23.30   24.81   15.05    6.82 
1979 4	 133.60   27.64   18.89    5.67 
1979 5	  51.95   29.18   20.03    6.40 
1979 6	 133.95   31.83   22.92    5.14 
1979 7	  57.32   34.07   24.70    4.96 
1979 8	  56.50   34.03   24.42    4.16 
1979 9	 235.73   30.39   20.66    6.29 
1979 10	   1.50   30.46   17.87    5.29 
1979 11	  11.93   23.48   10.89    7.99 
1979 12	  29.98   20.25    8.72    7.11 
1980 1	  16.08   21.30    9.92    6.14 
1980 2	  25.03   20.80    9.26    6.63 
1980 3	   5.97   25.87   13.72    6.44 
1980 4	   1.15   27.86   15.73    6.40 
1980 5	  88.15   30.65   22.38    5.80 
1980 6	   1.50   34.17   25.12    5.27 
1980 7	  21.75   35.59   24.91    3.88 
1980 8	 321.97   33.23   24.52    5.48 
1980 9	 100.40   33.74   22.98    4.63 
1980 10	  17.60   28.13   16.46    6.63 
1980 11	  84.20   22.14    9.81    6.66 
1980 12	   2.72   20.71    9.02    6.11 
1981 1	  49.58   18.98    7.34    6.01 
1981 2	  29.30   21.30    9.70    6.47 
1981 3	  53.43   24.20   12.39    6.27 
1981 4	  31.88   28.80   19.95    6.28 
1981 5	 161.68   30.86   20.02    6.01 
1981 6	 177.35   32.74   23.78    5.77 
1981 7	  60.55   34.14   23.81    5.02 
1981 8	 135.05   34.83   23.65    4.08 
1981 9	  21.52   33.39   21.40    5.08 
1981 10	 165.85   29.75   18.57    6.21 
1981 11	  11.62   26.64   13.79    6.41 
1981 12	  14.42   22.63    9.40    6.73 
1982 1	   0.25   22.36    7.39    7.46 
1982 2	 182.58   20.12    8.29    6.53 
1982 3	   3.97   25.37   14.20    6.80 
1982 4	  30.00   27.86   17.41    6.49 
1982 5	  89.97   29.09   21.02    6.63 
1982 6	  26.45   33.63   23.16    5.38 
1982 7	  22.52   35.10   23.45    4.82 
1982 8	  66.70   35.26   23.49    4.20 
1982 9	  10.73   34.07   21.80    4.92 
1982 10	  32.40   28.88   18.07    5.99 
1982 11	  56.72   23.82   13.26    6.07 
1982 12	  17.95   21.16    8.79    6.61 
1983 1	  16.52   19.35    6.92    5.74 
1983 2	 104.75   21.33    8.52    6.63 
1983 3	  26.92   24.37   11.79    5.57 
1983 4	   0.00   28.09   15.03    7.19 
1983 5	  48.62   29.72   20.12    6.63 
1983 6	 104.17   32.73   22.01    4.93 
1983 7	 126.40   33.22   23.87    4.87 
1983 8	  58.45   34.61   23.58    3.74 
1983 9	 169.45   31.82   21.87    5.68 
1983 10	  44.48   28.92   18.37    5.33 
1983 11	  74.80   26.05   13.81    6.61 
1983 12	  14.17   16.05    3.92    7.42 
1984 1	  82.85   16.07    6.39    6.85 
1984 2	   9.65   22.31    9.20    6.64 
1984 3	   3.40   26.16   12.86    6.32 
1984 4	   0.00   30.92   16.20    6.44 
1984 5	  68.67   31.13   19.57    6.74 
1984 6	  33.55   32.73   22.50    6.08 
1984 7	  38.07   34.16   22.68    4.66 
1984 8	  26.50   34.34   22.74    4.69 
1984 9	  74.62   30.81   21.80    6.31 
1984 10	  82.55   29.28   21.12    6.34 
1984 11	  15.47   24.56   13.38    7.08 
1984 12	  56.05   23.37   14.00    6.48 
1985 1	  58.15   16.04    4.60    6.40 
1985 2	  45.83   17.37    8.86    6.81 
1985 3	  34.25   24.14   16.44    6.63 
1985 4	  33.17   28.11   18.31    6.53 
1985 5	  88.93   31.31   21.27    4.91 
1985 6	 108.40   32.04   22.53    5.38 
1985 7	  19.73   33.59   22.70    4.84 
1985 8	  46.58   35.15   23.35    4.07 
1985 9	 222.45   32.71   22.32    5.18 
1985 10	 152.70   29.36   18.95    7.12 
1985 11	  58.55   26.19   16.34    6.48 
1985 12	  21.72   19.39    7.81    6.74 
1986 1	  41.70   21.40    7.83    6.33 
1986 2	  32.98   24.33   10.36    6.26 
1986 3	  21.03   26.60   11.01    5.93 
1986 4	  14.45   29.42   18.77    6.11 
1986 5	 130.42   30.39   20.50    6.20 
1986 6	  97.97   32.94   23.30    4.80 
1986 7	   2.35   35.39   22.91    4.86 
1986 8	  50.02   34.98   23.43    3.97 
1986 9	  48.98   33.81   23.50    5.47 
1986 10	 106.68   28.82   18.16    6.34 
1986 11	  62.75   23.53   13.33    6.86 
1986 12	 118.22   17.60    8.94    7.01 
1987 1	  33.78   18.49    7.55    6.09 
1987 2	 110.67   21.25    9.82    6.14 
1987 3	  19.80   23.12   10.35    6.28 
1987 4	  23.48   27.77   12.73    5.28 
1987 5	 151.40   30.38   20.79    5.72 
1987 6	 158.75   31.88   22.84    4.94 
1987 7	  65.50   33.72   23.56    4.92 
1987 8	  27.98   35.17   23.78    4.85 
1987 9	  21.45   33.99   21.66    5.20 
1987 10	  58.85   29.59   15.94    6.04 
1987 11	  39.80   23.88   12.39    7.03 
1987 12	  13.03   22.15   10.46    6.91 
1988 1	  24.33   17.79    5.77    7.32 
1988 2	  36.15   20.87    8.85    6.79 
1988 3	  33.92   24.46   11.57    6.96 
1988 4	   6.27   29.44   15.49    5.27 
1988 5	  22.67   30.46   19.29    5.81 
1988 6	  26.40   33.51   21.46    4.66 
1988 7	  40.88   35.21   24.15    4.85 
1988 8	 104.00   35.40   23.89    3.91 
1988 9	 139.35   32.97   21.61    5.98 
1988 10	  48.05   30.12   17.48    5.29 
1988 11	   1.17   27.60   14.47    7.40 
1988 12	  10.77   22.63   10.02    7.24 
1989 1	  26.40   22.20   11.84    5.96 
1989 2	   1.08   19.70    9.34    8.00 
1989 3	   3.10   25.91   11.13    6.79 
1989 4	  71.95   28.84   16.53    5.98 
1989 5	   1.33   32.98   22.97    6.46 
1989 6	  51.70   34.30   23.59    5.86 
1989 7	  64.75   35.06   23.20    4.55 
1989 8	  79.67   34.96   23.57    4.51 
1989 9	  90.85   32.51   20.16    5.69 
1989 10	  10.77   30.58   16.25    5.75 
1989 11	  37.98   25.90   14.22    6.27 
1989 12	  33.67   15.32    2.77    7.92 
1990 1	   9.27   22.83   10.52    6.37 
1990 2	 103.42   24.01   11.93    6.27 
1990 3	  46.40   24.49   14.54    7.13 
1990 4	  49.15   27.22   18.09    7.05 
1990 5	  33.70   31.45   22.00    6.68 
1990 6	  10.82   35.36   23.86    5.59 
1990 7	  46.85   34.38   22.99    4.54 
1990 8	  19.35   35.82   23.44    4.23 
1990 9	  97.80   33.19   21.87    4.19 
1990 10	  40.28   29.69   15.70    5.98 
1990 11	  26.95   26.27   14.08    6.89 
1990 12	   6.43   21.18    8.35    6.50 
1991 1	  36.75   17.53    7.15    6.10 
1991 2	  41.35   22.19   10.34    6.50 
1991 3	  38.12   27.90   14.32    7.03 
1991 4	  88.13   29.24   19.48    6.09 
1991 5	 128.40   30.66   21.48    5.46 
1991 6	 149.53   33.79   23.62    5.11 
1991 7	  31.17   33.75   23.50    4.32 
1991 8	  53.83   36.26   23.93    4.19 
1991 9	 168.82   31.56   21.30    4.67 
1991 10	  94.40   30.58   17.82    5.44 
1991 11	   5.67   22.45   10.59    7.98 
1991 12	  91.03   20.65   12.39    6.92 
1992 1	 103.80   17.00    8.98    6.90 
1992 2	 110.78   22.22   11.65    6.06 
1992 3	  81.97   25.28   14.16    6.35 
1992 4	 102.03   26.76   16.30    5.59 
1992 5	 203.45   28.18   19.26    5.65 
1992 6	  66.85   33.48   21.88    4.39 
1992 7	  12.88   34.93   23.40    5.78 
1992 8	  64.55   33.78   22.65    3.04 
1992 9	  74.88   33.00   22.14    4.84 
1992 10	  31.78   30.57   16.79    5.56 
1992 11	  69.82   23.62   11.25    7.16 
1992 12	  24.40   20.79   11.27    5.00 
1993 1	  16.73   19.62    7.99    5.55 
1993 2	  84.25   21.58   11.20    6.61 
1993 3	  86.65   25.04   12.77    5.02 
1993 4	 123.55   26.78   15.63    6.84 
1993 5	 197.90   29.27   18.56    5.31 
1993 6	 236.07   31.41   23.75    5.98 
1993 7	   0.00   33.76   24.13    5.45 
1993 8	  28.12   35.22   23.01    4.31 
1993 9	  23.97   33.55   22.33    4.85 
1993 10	 106.10   29.83   17.00    6.71 
1993 11	  23.95   22.38   10.49    6.65 
1993 12	 128.43   21.68   10.34    5.97 
1994 1	  21.30   20.71    9.14    7.19 
1994 2	  16.25   21.00   10.16    7.32 
1994 3	 131.88   24.45   13.76    5.89 
1994 4	  57.40   27.49   18.19    5.96 
1994 5	  33.17   30.36   20.86    5.46 
1994 6	  69.40   32.29   23.71    4.97 
1994 7	  42.23   34.89   23.91    5.21 
1994 8	  23.12   34.38   23.46    4.24 
1994 9	  93.12   32.14   20.28    4.04 
1994 10	 109.60   28.40   19.36    5.95 
1994 11	   2.08   27.00   17.15    6.20 
1994 12	  93.57   21.44   12.58    6.15 
1995 1	  18.27   19.97    9.46    7.10 
1995 2	  34.93   23.71   10.55    6.04 
1995 3	 124.40   22.92   13.56    5.80 
1995 4	  14.45   28.24   16.48    6.84 
1995 5	  35.70   31.54   22.15    6.38 
1995 6	  62.15   32.87   21.87    5.25 
1995 7	  31.80   35.88   23.46    4.32 
1995 8	 151.75   34.12   24.44    3.66 
1995 9	 158.18   33.25   22.20    4.44 
1995 10	 158.95   29.20   17.34    7.74 
1995 11	 137.02   23.13   13.54    6.07 
1995 12	  20.52   21.34   10.95    7.44 
1996 1	   0.00   22.10    6.29    7.33 
1996 2	   1.25   22.44    9.79    7.18 
1996 3	   6.45   23.24    9.29    7.05 
1996 4	  32.57   28.22   14.86    6.85 
1996 5	  22.30   31.88   22.94    6.45 
1996 6	  68.53   34.48   23.19    5.19 
1996 7	   0.28   36.03   23.93    4.93 
1996 8	 114.80   34.11   23.94    5.17 
1996 9	  78.93   32.60   22.69    4.88 
1996 10	  53.68   30.07   18.34    6.13 
1996 11	  44.75   25.80   13.75    6.87 
1996 12	  25.80   22.22    9.59    6.35 
1997 1	  18.62   17.86    7.16    6.79 
1997 2	  39.53   20.65   10.19    6.77 
1997 3	 113.18   25.18   15.01    5.05 
1997 4	 107.00   25.71   15.69    6.44 
1997 5	 168.65   29.82   20.02    4.76 
1997 6	  39.55   33.37   22.67    4.91 
1997 7	   0.20   35.97   23.89    3.84 
1997 8	  21.42   36.48   24.22    3.87 
1997 9	 154.75   34.15   22.28    4.03 
1997 10	 428.55   27.52   17.90    6.60 
1997 11	  64.82   21.54   11.81    6.18 
1997 12	   6.80   20.93    6.59    6.78 
1998 1	  40.65   23.53   10.40    6.02 
1998 2	  80.68   22.87   10.43    6.35 
1998 3	  59.63   23.92   12.87    7.61 
1998 4	   6.82   28.39   15.31    6.18 
1998 5	   0.00   33.28   21.32    5.29 
1998 6	   4.07   36.30   25.71    6.45 
1998 7	  14.80   37.01   25.19    4.68 
1998 8	  96.50   36.06   24.57    4.18 
1998 9	 291.95   32.75   24.18    4.18 
1998 10	 249.27   29.00   19.90    7.35 
1998 11	  74.85   24.90   16.23    6.14 
1998 12	  20.67   20.87    9.43    6.94 
1999 1	   6.12   23.84    9.72    7.33 
1999 2	   5.85   25.89   13.06    6.25 
1999 3	  72.05   26.37   14.87    6.70 
1999 4	   6.03   29.17   19.00    7.16 
1999 5	  60.78   30.98   20.85    5.54 
1999 6	  83.25   32.92   23.97    5.13 
1999 7	  85.50   33.45   23.39    4.53 
1999 8	 280.98   35.34   23.49    3.22 
1999 9	 140.82   32.26   20.78    4.75 
1999 10	  42.40   28.56   15.70    6.26 
1999 11	  13.88   26.45   11.90    5.84 
1999 12	   4.15   22.01    7.70    7.05 
2000 1	  27.23   23.70    9.93    6.37 
2000 2	  23.02   25.41   13.54    6.63 
2000 3	  78.90   26.92   16.90    5.72 
2000 4	   7.27   29.11   16.85    6.11 
2000 5	  79.57   31.62   22.39    6.46 
2000 6	  50.38   33.14   23.62    5.80 
2000 7	   3.68   36.37   23.68    3.99 
2000 8	  42.48   35.94   23.36    3.78 
2000 9	   7.83   35.19   21.37    4.89 
2000 10	  42.15   28.66   18.09    6.07 
2000 11	 104.98   22.94   12.28    6.38 
2000 12	  21.10   18.14    5.80    6.93 
2001 1	  27.60   18.49    7.43    6.30 
2001 2	  24.32   22.89   12.63    6.65 
2001 3	  61.48   22.74   10.43    5.78 
2001 4	   8.98   29.07   18.96    7.14 
2001 5	  49.85   31.84   20.49    5.46 
2001 6	  39.40   35.22   23.36    4.52 
2001 7	  33.35   35.71   24.27    4.26 
2001 8	 110.88   36.07   24.07    4.75 
2001 9	 129.62   31.93   21.71    5.71 
2001 10	  29.97   29.32   17.02    6.07 
2001 11	 151.87   25.44   14.48    6.11 
2001 12	  44.68   21.04    9.82    6.07 
2002 1	   4.20   21.45    9.15    6.78 
2002 2	  21.47   20.42    6.91    6.83 
2002 3	   4.85   25.41   12.80    6.90 
2002 4	   7.75   30.61   20.34    5.58 
2002 5	  44.17   32.59   21.46    6.41 
2002 6	  44.93   34.64   23.24    4.53 
2002 7	 117.10   34.00   24.31    4.94 
2002 8	  23.75   36.04   24.28    3.84 
2002 9	 209.32   32.19   21.81    5.09 
2002 10	 151.20   29.16   19.83    5.39 
2002 11	  73.45   22.49   11.20    6.65 
2002 12	  63.47   20.39    8.95    7.05 
2003 1	  47.42   15.70    5.17    6.09 
2003 2	  38.00   19.03    9.33    6.76 
2003 3	  55.30   23.00   12.54    4.88 
2003 4	   7.80   27.84   17.56    6.00 
2003 5	   1.38   33.52   22.82    5.91 
2003 6	  96.30   34.54   23.47    4.29 
2003 7	  85.65   34.21   24.15    5.16 
2003 8	  57.03   36.03   23.79    3.63 
2003 9	 323.00   31.01   21.76    4.64 
2003 10	 148.97   28.47   17.52    5.56 
2003 11	  58.80   25.74   14.00    6.79 
2003 12	  14.50   21.97    7.30    6.52 
2004 1	  47.68   19.67    9.79    6.64 
2004 2	  48.95   20.25    8.87    6.58 
2004 3	 122.35   26.03   16.65    5.89 
2004 4	 111.50   26.82   16.66    6.58 
2004 5	 111.25   29.44   20.43    6.55 
2004 6	 139.95   33.46   23.56    5.64 
2004 7	  10.95   34.41   23.47    4.51 
2004 8	 117.70   35.51   23.56    4.03 
2004 9	 104.68   32.39   22.14    3.13 
2004 10	  50.12   32.14   20.55    5.77 
2004 11	  55.25   25.88   13.53    6.18 
2004 12	  17.45   20.07    7.04    6.64 
2005 1	  33.65   21.44   10.02    6.06 
2005 2	  65.15   20.76   12.74    6.37 
2005 3	  29.33   25.21   12.79    5.25 
2005 4	  17.38   29.10   15.73    5.66 
2005 5	  77.15   31.13   19.94    5.27 
2005 6	  13.27   34.19   23.10    4.96 
2005 7	  88.88   36.15   24.08    4.39 
2005 8	  25.83   37.36   24.60    4.16 
2005 9	 137.43   35.42   23.72    4.64 
2005 10	 131.48   29.91   16.94    6.10 
2005 11	  45.53   27.07   12.66    6.88 
2005 12	  27.62   20.81    7.36    6.89 
2006 1	   8.23   24.43    8.78    6.14 
2006 2	   4.35   23.40    8.09    6.71 
2006 3	  30.23   28.08   16.25    7.01 
2006 4	   3.88   31.65   19.57    6.06 
2006 5	 115.45   33.54   21.09    6.10 
2006 6	 166.18   33.86   22.67    3.61 
2006 7	 126.83   33.99   23.86    4.50 
2006 8	  12.75   36.29   24.21    3.89 
2006 9	 282.03   32.59   21.97    4.55 
2006 10	  75.55   29.55   18.67    5.75 
2006 11	   3.73   26.87   13.00    5.80 
2006 12	  87.22   20.51    8.62    6.58 
2007 1	 113.25   16.07    6.80    6.59 
2007 2	   1.27   20.88    8.80    6.37 
2007 3	  39.82   26.31   15.38    6.47 
2007 4	  38.60   25.97   15.53    5.71 
2007 5	 117.33   30.30   20.00    5.32 
2007 6	  55.98   33.20   23.21    5.43 
2007 7	 379.57   32.45   23.71    5.45 
2007 8	 134.65   33.86   24.11    4.31 
2007 9	 108.15   32.67   22.48    3.33 
2007 10	  15.10   30.77   16.64    5.94 
2007 11	  14.60   25.62   12.66    5.81 
2007 12	  11.98   23.90    9.55    5.40 
2008 1	  54.55   20.12    6.61    7.20 
2008 2	  10.83   26.77   11.65    6.55 
2008 3	   6.08   27.42   12.61    7.42 
2008 4	  38.80   30.18   16.20    6.62 
2008 5	  26.45   33.16   21.63    6.20 
2008 6	  35.00   35.36   23.79    5.45 
2008 7	 203.03   33.24   23.15    5.35 
2008 8	 145.20   33.89   24.08    4.39 
2008 9	 106.05   32.30   20.73    5.28 
2008 10	  23.82   29.46   15.17    5.75 
2008 11	   9.87   26.32   11.51    6.16 
2008 12	   7.30   21.90    8.15    7.22 
2009 1	   2.38   23.16    7.09    6.10 
2009 2	   3.67   25.94   10.49    7.03 
2009 3	  11.68   26.05   12.74    6.56 
2009 4	   5.07   30.37   17.20    6.70 
2009 5	  27.35   33.89   21.86    5.83 
2009 6	   6.12   36.03   23.90    4.48 
2009 7	  18.00   38.04   25.24    4.61 
2009 8	  10.20   37.23   24.75    3.30 
2009 9	 212.33   32.18   22.22    3.53 
2009 10	  67.15   29.73   18.60    7.02 
2009 11	  69.72   24.78   11.36    7.11 
2009 12	  84.65   15.75    6.76    6.78 
2010 1	  82.60   18.55    6.76    7.33 
2010 2	  88.08   17.36    6.72    6.81 
2010 3	  24.60   24.08   10.21    6.17 
2010 4	  93.95   27.10   16.94    5.95 
2010 5	  35.30   32.04   21.20    5.40 
2010 6	 176.70   34.07   23.96    5.51 
2010 7	 121.97   33.05   24.42    5.44 
2010 8	   8.40   36.19   24.28    3.57 
2010 9	 304.73   32.18   22.55    5.48 
2010 10	   0.00   30.00   15.61    5.90 
2010 11	  15.43   25.77   11.38    6.85 
2010 12	   3.25   22.59    7.98    6.95 
