1949 1	  91.18   12.00   -0.86    3.71 
1949 2	  89.72   18.68    4.39    3.28 
1949 3	  23.93   22.17    6.37    3.23 
1949 4	  88.45   22.88    8.94    3.13 
1949 5	 109.78   29.76   17.24    3.00 
1949 6	  96.10   32.54   19.13    3.06 
1949 7	 147.50   34.84   20.54    2.64 
1949 8	 161.32   33.77   18.19    2.26 
1949 9	 124.20   31.12   17.00    2.41 
1949 10	 104.22   25.50   10.83    3.21 
1949 11	   0.00   25.35    2.85    2.60 
1949 12	  69.25   17.30    3.60    3.59 
1950 1	  17.10   18.57    5.43    3.93 
1950 2	  30.15   20.01    5.03    3.23 
1950 3	   0.05   22.92    5.21    3.77 
1950 4	 124.05   25.27   11.12    3.58 
1950 5	  97.05   30.09   16.56    3.06 
1950 6	  99.55   32.25   19.05    3.09 
1950 7	  90.47   34.60   20.82    3.60 
1950 8	  79.53   35.48   18.61    2.61 
1950 9	  76.20   30.94   17.56    2.63 
1950 10	   0.28   30.29   10.80    2.80 
1950 11	   0.00   23.30    2.17    3.50 
1950 12	   0.00   19.58   -2.88    3.01 
1951 1	   0.00   17.55   -2.50    3.66 
1951 2	  27.42   19.01    1.21    4.15 
1951 3	  38.23   23.91    5.46    3.87 
1951 4	   8.25   27.81    9.41    3.58 
1951 5	  73.50   30.30   16.02    3.04 
1951 6	  62.28   33.39   20.14    3.81 
1951 7	  22.38   37.26   21.66    3.16 
1951 8	  20.32   37.99   21.32    3.01 
1951 9	  10.95   33.38   17.96    2.64 
1951 10	   8.73   29.14   13.64    2.82 
1951 11	   5.05   20.25    4.02    3.62 
1951 12	   5.95   19.92    1.69    3.47 
1952 1	   4.10   21.19    3.79    3.90 
1952 2	  14.23   21.71    3.24    3.61 
1952 3	  47.90   21.99    5.50    3.52 
1952 4	  96.10   24.98    9.46    3.38 
1952 5	 110.30   29.48   14.08    2.98 
1952 6	  32.23   33.89   20.17    3.18 
1952 7	  20.27   35.63   20.63    2.65 
1952 8	   1.02   38.82   21.98    3.24 
1952 9	 221.02   31.69   15.25    2.18 
1952 10	   0.00   27.78    6.05    2.44 
1952 11	  69.80   19.06    5.26    3.25 
1952 12	 102.28   16.60    0.84    2.87 
1953 1	   3.52   21.29    1.38    3.60 
1953 2	  21.48   19.13    1.81    3.03 
1953 3	  42.72   25.08    9.65    2.99 
1953 4	  46.40   27.42    9.81    2.90 
1953 5	 108.47   30.75   14.51    3.24 
1953 6	   2.77   37.54   21.52    3.03 
1953 7	  56.78   36.77   21.77    3.02 
1953 8	 139.68   35.32   20.61    2.25 
1953 9	  36.02   33.80   14.91    1.86 
1953 10	  27.23   26.78   11.85    2.49 
1953 11	   5.68   20.65    3.66    2.42 
1953 12	   6.75   15.05   -1.18    3.21 
1954 1	  15.02   18.15    1.73    3.44 
1954 2	   5.10   23.52    3.41    3.10 
1954 3	   4.23   23.07    5.20    3.56 
1954 4	  66.23   29.12   14.79    4.12 
1954 5	  81.95   29.33   15.23    3.11 
1954 6	  30.88   33.79   20.57    3.55 
1954 7	  18.42   37.17   20.84    2.88 
1954 8	   8.00   36.85   21.63    3.37 
1954 9	  20.85   34.81   17.36    2.23 
1954 10	  22.57   27.72   12.39    2.58 
1954 11	   7.45   22.11    3.33    2.59 
1954 12	   0.98   20.31    1.79    3.13 
1955 1	  36.13   15.81    1.48    3.32 
1955 2	  26.92   17.46    3.01    3.92 
1955 3	  41.23   24.04    7.14    3.85 
1955 4	   5.70   29.59   13.97    3.41 
1955 5	 149.03   31.93   16.65    3.38 
1955 6	  40.25   33.68   18.57    3.20 
1955 7	  83.82   34.67   20.81    3.25 
1955 8	 103.05   34.50   19.89    2.10 
1955 9	 118.20   32.50   18.02    2.31 
1955 10	   6.25   28.23    8.75    2.68 
1955 11	  28.08   21.47    3.56    3.59 
1955 12	   1.23   19.29   -0.16    2.89 
1956 1	  10.45   17.32   -0.52    3.40 
1956 2	  32.08   18.45    2.84    3.61 
1956 3	   0.00   25.27    5.11    3.23 
1956 4	  17.43   26.77   10.91    3.26 
1956 5	  42.93   32.13   17.04    3.19 
1956 6	  29.82   35.93   20.58    2.85 
1956 7	   9.05   36.66   20.87    3.45 
1956 8	   3.23   36.78   20.28    3.00 
1956 9	  18.55   33.80   15.70    2.13 
1956 10	  46.25   29.55   11.90    2.31 
1956 11	  11.98   20.23    3.11    3.08 
1956 12	  22.60   19.57    0.71    3.09 
1957 1	  23.70   16.61    2.33    3.32 
1957 2	  38.52   21.27    8.77    3.07 
1957 3	  72.22   22.40    7.07    3.33 
1957 4	 174.57   23.72   11.05    3.62 
1957 5	 199.57   26.65   15.50    3.26 
1957 6	  26.17   31.73   19.38    2.60 
1957 7	  27.22   36.88   20.70    2.74 
1957 8	 104.65   36.56   20.36    2.59 
1957 9	 103.90   31.34   15.72    2.54 
1957 10	 207.23   23.60   10.44    2.78 
1957 11	 125.85   17.32    4.86    3.19 
1957 12	  14.40   18.17    2.12    3.33 
1958 1	  82.80   14.40    0.05    3.30 
1958 2	  74.12   13.04    2.05    3.59 
1958 3	  67.83   16.23    3.97    3.18 
1958 4	  40.33   24.09    9.80    3.15 
1958 5	  75.22   28.75   14.52    2.42 
1958 6	 109.33   33.15   19.84    2.99 
1958 7	  23.92   34.98   21.42    3.43 
1958 8	  68.83   35.47   19.94    2.54 
1958 9	 119.22   29.50   19.29    2.28 
1958 10	  81.05   22.71   12.45    2.83 
1958 11	  16.10   20.38    5.40    2.53 
1958 12	  20.75   15.43   -0.84    2.87 
1959 1	   0.33   15.41   -0.56    3.47 
1959 2	  54.12   16.43    3.42    3.15 
1959 3	   6.88   23.08    4.23    3.44 
1959 4	 108.32   23.71    9.65    3.42 
1959 5	  48.90   29.71   16.47    3.41 
1959 6	 189.75   32.89   19.24    2.76 
1959 7	  26.42   32.90   19.73    2.32 
1959 8	  33.73   34.15   20.30    2.52 
1959 9	  26.95   33.08   18.83    2.95 
1959 10	 108.90   26.00   11.11    2.74 
1959 11	  33.35   17.72    1.04    3.03 
1959 12	  83.25   16.56    2.85    3.36 
1960 1	  30.50   14.65    1.72    3.34 
1960 2	  12.82   15.04    0.05    3.96 
1960 3	  30.20   18.71    3.97    3.35 
1960 4	  14.85   26.46   11.91    3.90 
1960 5	  21.02   29.07   14.46    3.50 
1960 6	   8.48   35.56   19.21    2.87 
1960 7	 160.95   34.55   20.73    2.36 
1960 8	 164.38   32.85   20.62    2.57 
1960 9	  20.95   32.16   15.60    2.02 
1960 10	  95.70   27.93   13.66    2.50 
1960 11	  25.48   20.40    7.09    2.75 
1960 12	 106.77   12.55    0.74    3.05 
1961 1	  49.85   13.51   -1.21    3.00 
1961 2	  68.62   19.19    2.41    3.61 
1961 3	  12.62   23.34    6.74    3.58 
1961 4	   9.05   26.63    9.01    3.74 
1961 5	  21.58   30.64   15.33    3.68 
1961 6	 232.80   31.38   18.50    2.77 
1961 7	  42.30   31.71   19.05    2.85 
1961 8	   1.95   33.74   17.60    1.86 
1961 9	  50.88   30.95   17.03    3.25 
1961 10	  37.92   26.12   11.03    3.00 
1961 11	  30.82   17.54    3.67    3.09 
1961 12	  15.70   16.12    0.96    2.83 
1962 1	   5.82   14.03   -3.53    3.57 
1962 2	   9.48   22.92    3.83    3.41 
1962 3	  12.72   20.68    3.59    3.35 
1962 4	  95.63   25.89   10.62    3.64 
1962 5	  49.47   30.78   16.63    4.28 
1962 6	 147.42   32.15   18.64    2.45 
1962 7	  27.12   36.76   21.38    3.06 
1962 8	  17.45   38.07   20.15    2.33 
1962 9	 102.80   32.68   18.15    2.23 
1962 10	 110.93   28.47   14.61    3.00 
1962 11	  37.70   20.01    5.62    2.86 
1962 12	  31.28   15.74    1.25    2.58 
1963 1	   0.17   14.42   -4.39    3.05 
1963 2	  26.92   19.08   -0.29    3.26 
1963 3	   5.57   25.20    7.28    3.56 
1963 4	  22.38   29.91   13.59    4.36 
1963 5	 152.95   29.99   16.71    3.32 
1963 6	  45.80   33.50   20.01    3.10 
1963 7	   1.38   36.21   20.90    3.28 
1963 8	  60.60   36.34   20.47    2.49 
1963 9	 136.40   31.78   16.94    1.97 
1963 10	  34.52   29.00   11.86    2.04 
1963 11	  86.75   20.45    6.19    3.42 
1963 12	   9.20   11.68   -2.25    3.02 
1964 1	  50.88   15.87   -2.30    3.34 
1964 2	  41.75   14.13   -0.80    3.26 
1964 3	  55.90   21.45    4.98    3.55 
1964 4	  57.78   26.16   11.83    3.88 
1964 5	  84.90   30.44   16.60    3.38 
1964 6	  13.60   33.68   18.81    3.05 
1964 7	  53.47   36.72   20.73    2.70 
1964 8	 139.58   35.79   21.20    3.15 
1964 9	 227.23   30.19   18.05    2.33 
1964 10	  41.15   24.75    8.18    2.52 
1964 11	  34.28   21.40    6.18    3.03 
1964 12	  13.02   16.72    0.16    3.14 
1965 1	  66.12   17.32    1.76    3.06 
1965 2	  87.45   13.57    0.28    3.35 
1965 3	  10.38   16.94    2.22    3.63 
1965 4	  56.50   27.37   12.18    3.45 
1965 5	 159.75   26.76   16.56    3.51 
1965 6	  31.45   31.79   18.79    3.01 
1965 7	  38.92   35.16   19.43    2.48 
1965 8	  18.62   34.88   18.89    2.36 
1965 9	  56.25   32.27   17.74    2.68 
1965 10	  38.28   25.23    9.17    2.37 
1965 11	  14.52   23.45    7.65    2.31 
1965 12	  37.95   16.18    3.98    3.12 
1966 1	  20.52   11.47   -2.29    3.22 
1966 2	  30.22   14.62   -1.30    3.37 
1966 3	  16.02   20.58    5.65    3.42 
1966 4	 121.75   25.96   10.58    3.52 
1966 5	  84.17   27.90   15.39    2.79 
1966 6	  34.27   31.82   18.51    2.48 
1966 7	  14.95   35.79   21.19    2.63 
1966 8	 114.97   32.60   19.78    2.55 
1966 9	 146.80   29.82   16.91    1.75 
1966 10	   3.05   25.98    7.27    2.43 
1966 11	   0.00   23.66    5.29    3.20 
1966 12	   0.23   17.85   -2.47    3.19 
1967 1	   6.68   17.79   -2.06    3.51 
1967 2	  26.65   17.45    0.15    3.51 
1967 3	  21.58   26.47    8.10    3.98 
1967 4	  38.13   29.25   15.28    4.49 
1967 5	  85.00   30.69   13.50    3.66 
1967 6	   8.65   34.36   20.05    3.32 
1967 7	  90.32   35.36   20.14    3.38 
1967 8	  55.25   33.61   18.33    2.24 
1967 9	 105.82   28.09   15.20    2.37 
1967 10	  53.90   25.83    8.79    2.69 
1967 11	  96.57   19.78    5.81    2.62 
1967 12	  25.90   14.34    0.39    2.76 
1968 1	 151.90   12.94    0.99    3.37 
1968 2	  54.45   14.11   -0.42    2.94 
1968 3	  75.58   18.26    5.17    4.04 
1968 4	 105.48   24.02   10.28    3.59 
1968 5	 150.25   27.43   14.43    3.58 
1968 6	  50.00   31.14   18.12    2.66 
1968 7	  28.80   33.02   19.08    2.72 
1968 8	  22.80   34.69   19.53    2.95 
1968 9	 101.48   29.63   14.52    2.30 
1968 10	  13.75   27.60   11.33    2.67 
1968 11	  90.92   19.35    3.08    3.26 
1968 12	  32.90   16.96   -0.75    3.63 
1969 1	  11.80   16.97    1.73    3.33 
1969 2	  30.30   16.70    1.67    3.05 
1969 3	  36.95   17.13    2.65    3.49 
1969 4	 117.75   26.35   10.91    3.56 
1969 5	  52.08   28.78   13.85    2.42 
1969 6	  57.15   33.80   18.67    3.41 
1969 7	  32.10   36.32   20.67    2.99 
1969 8	  84.40   35.41   19.78    2.39 
1969 9	  56.60   30.73   16.29    2.11 
1969 10	 252.72   24.39   11.39    3.43 
1969 11	  40.35   20.08    3.54    2.77 
1969 12	  33.78   17.39    1.59    2.51 
1970 1	  15.38   14.42   -1.83    2.82 
1970 2	  87.97   17.69    3.13    3.50 
1970 3	  89.62   19.11    3.71    3.37 
1970 4	  26.50   26.37   11.46    3.79 
1970 5	 110.97   27.82   12.85    3.05 
1970 6	   8.68   31.65   16.98    2.78 
1970 7	   1.58   35.07   18.83    2.30 
1970 8	  11.57   35.97   18.59    2.34 
1970 9	  85.53   31.01   16.93    2.75 
1970 10	  49.78   25.19    8.62    2.53 
1970 11	   0.00   21.36    1.82    3.42 
1970 12	   0.15   20.76    3.28    3.34 
1971 1	   0.08   20.25    0.06    3.45 
1971 2	  18.33   19.51    1.47    3.89 
1971 3	   0.22   24.74    4.48    3.68 
1971 4	  60.85   26.49    9.71    3.48 
1971 5	  42.73   30.96   15.05    3.68 
1971 6	  32.57   33.23   19.30    3.16 
1971 7	  78.55   34.62   19.46    2.85 
1971 8	 249.60   30.05   17.70    2.09 
1971 9	  34.45   29.94   16.25    2.55 
1971 10	 145.27   26.07   12.41    2.47 
1971 11	  35.35   21.04    5.77    2.95 
1971 12	  42.75   17.99    3.24    3.14 
1972 1	  18.80   17.64   -0.31    3.38 
1972 2	   0.50   20.62    0.59    3.24 
1972 3	  12.00   26.12    7.40    3.31 
1972 4	  30.98   29.19   12.52    3.78 
1972 5	 162.50   27.83   13.61    2.35 
1972 6	  18.55   33.08   17.91    2.59 
1972 7	  26.10   34.04   18.71    2.86 
1972 8	 139.35   33.02   18.50    2.48 
1972 9	 149.73   32.43   17.71    2.14 
1972 10	  37.05   27.41   11.31    2.62 
1972 11	  11.02   17.47    1.54    2.91 
1972 12	   4.12   16.33   -2.02    3.19 
1973 1	  78.48   12.24   -1.54    3.81 
1973 2	  71.40   15.49    0.25    3.35 
1973 3	  39.60   23.91    7.35    3.05 
1973 4	  42.15   23.82    9.02    3.58 
1973 5	  33.20   31.25   13.13    3.31 
1973 6	 147.65   30.90   16.76    3.13 
1973 7	 145.43   33.39   19.39    2.87 
1973 8	  14.08   33.73   17.75    2.13 
1973 9	  52.08   31.36   17.10    2.59 
1973 10	 228.77   26.80   11.99    2.57 
1973 11	  27.70   23.57    7.70    3.26 
1973 12	   1.25   18.88   -1.23    3.44 
1974 1	   7.05   16.52   -1.16    3.10 
1974 2	   5.65   21.38    0.40    3.90 
1974 3	  13.65   26.21    9.63    4.37 
1974 4	  32.65   27.75    9.97    3.93 
1974 5	  80.05   30.52   16.27    3.31 
1974 6	  15.70   34.39   17.27    2.88 
1974 7	  19.17   35.71   19.14    2.59 
1974 8	 268.73   31.62   18.76    2.97 
1974 9	  41.25   25.76   13.84    2.88 
1974 10	  69.90   25.14   11.76    2.79 
1974 11	  38.63   18.64    5.08    2.96 
1974 12	  45.50   15.53    0.22    2.61 
1975 1	  16.12   17.30    1.66    3.36 
1975 2	  47.07   17.47    0.73    3.38 
1975 3	  15.07   23.24    5.35    3.87 
1975 4	  58.12   25.56   11.40    4.19 
1975 5	 204.22   28.69   14.97    3.22 
1975 6	  69.17   31.93   18.75    3.15 
1975 7	  63.90   32.71   18.96    2.37 
1975 8	  29.77   34.31   19.23    2.53 
1975 9	  61.57   30.38   14.16    2.30 
1975 10	  50.07   27.92   10.05    2.92 
1975 11	  21.58   22.30    4.94    3.21 
1975 12	  13.12   17.71    0.92    3.54 
1976 1	   5.20   17.17   -2.03    3.29 
1976 2	   8.85   23.43    4.29    4.31 
1976 3	  40.38   23.77    7.91    3.81 
1976 4	 110.05   24.61   11.65    3.65 
1976 5	  48.78   27.47   13.06    2.79 
1976 6	  95.35   31.79   17.67    3.12 
1976 7	 175.22   29.80   19.02    2.62 
1976 8	  41.00   33.63   18.06    1.91 
1976 9	  81.07   29.91   16.50    2.01 
1976 10	 147.25   21.57    7.03    2.76 
1976 11	  18.15   16.47    1.87    2.91 
1976 12	  46.00   15.03   -0.98    2.78 
1977 1	  40.47   11.27   -2.44    3.01 
1977 2	  13.23   18.73    1.20    3.06 
1977 3	  54.22   22.29    5.40    3.43 
1977 4	 150.25   24.40    9.73    3.32 
1977 5	  68.00   27.62   17.06    3.53 
1977 6	  34.72   32.57   18.50    2.86 
1977 7	  11.33   34.94   20.10    2.89 
1977 8	  21.25   35.67   20.50    2.88 
1977 9	  18.08   35.04   19.17    2.60 
1977 10	  69.55   27.83   11.97    2.56 
1977 11	  69.12   22.02    4.88    2.58 
1977 12	   8.07   18.76    1.07    3.45 
1978 1	  19.83    9.84   -2.35    3.65 
1978 2	  38.50   11.07   -1.20    3.20 
1978 3	  18.70   21.30    4.36    3.40 
1978 4	  40.65   28.20   12.10    4.07 
1978 5	  72.65   30.76   16.41    3.46 
1978 6	  53.55   33.42   19.09    2.55 
1978 7	  30.20   36.22   21.06    3.04 
1978 8	 189.65   32.15   19.36    2.57 
1978 9	  92.43   29.40   18.04    2.54 
1978 10	  32.65   26.36    9.67    2.21 
1978 11	  92.80   20.24    6.98    3.04 
1978 12	  13.43   15.50   -0.16    3.09 
1979 1	  37.08    9.15   -2.40    3.59 
1979 2	  45.03   16.55    0.65    3.45 
1979 3	  69.53   22.12    6.74    3.74 
1979 4	  93.30   25.48   10.46    2.78 
1979 5	  93.97   28.15   13.24    3.36 
1979 6	  51.18   31.00   18.05    2.61 
1979 7	  94.63   34.83   20.63    2.49 
1979 8	  92.47   32.70   18.86    2.43 
1979 9	   1.32   31.85   13.75    2.27 
1979 10	  11.38   30.45   11.63    2.95 
1979 11	  14.10   19.78    2.19    3.16 
1979 12	  59.95   16.94    0.99    3.22 
1980 1	  22.30   16.01    1.21    3.25 
1980 2	  18.65   18.04    0.96    3.23 
1980 3	  31.83   21.89    5.15    3.29 
1980 4	  21.40   26.34    8.44    3.50 
1980 5	 138.40   29.47   15.73    3.15 
1980 6	 106.22   35.28   20.99    3.54 
1980 7	   2.67   37.90   20.83    2.90 
1980 8	  18.52   35.92   21.10    3.43 
1980 9	 233.62   31.75   19.19    2.53 
1980 10	  45.40   25.33    9.54    2.46 
1980 11	  58.60   19.63    3.61    2.89 
1980 12	  36.53   16.89    3.61    3.12 
1981 1	  23.60   15.56    0.77    2.92 
1981 2	  30.03   16.96    3.08    3.66 
1981 3	  90.57   19.30    5.57    3.30 
1981 4	 102.60   25.55   12.91    3.63 
1981 5	  76.78   27.96   14.61    3.48 
1981 6	 205.50   30.77   18.60    2.72 
1981 7	  20.00   34.00   20.43    3.02 
1981 8	  63.25   33.60   18.22    2.48 
1981 9	  43.70   30.82   15.61    2.57 
1981 10	 170.28   25.46   12.51    3.14 
1981 11	   7.45   22.90    4.30    2.72 
1981 12	   2.03   17.33    0.31    2.93 
1982 1	   7.93   17.35   -1.57    3.78 
1982 2	  49.17   14.72    0.49    3.48 
1982 3	  14.12   22.08    8.76    4.20 
1982 4	  49.70   24.86   11.02    3.57 
1982 5	 126.28   27.27   15.76    3.49 
1982 6	  97.90   31.60   18.70    3.40 
1982 7	  11.38   34.48   20.77    3.55 
1982 8	  23.33   35.45   19.57    2.90 
1982 9	  24.00   32.06   16.16    2.49 
1982 10	  19.07   26.15   10.74    2.84 
1982 11	 111.85   19.51    5.85    3.16 
1982 12	  51.15   15.62    0.67    3.53 
1983 1	  33.25   14.10   -0.93    2.63 
1983 2	  53.65   16.09    0.97    3.18 
1983 3	  88.65   19.71    5.18    3.56 
1983 4	  12.10   24.62    7.68    3.86 
1983 5	  85.35   28.60   13.78    3.31 
1983 6	  97.12   29.49   17.13    2.84 
1983 7	  29.00   33.14   19.81    2.75 
1983 8	  60.58   34.74   19.75    1.78 
1983 9	  17.50   31.82   17.04    2.54 
1983 10	  34.55   27.43   12.64    2.79 
1983 11	  45.15   22.25    7.02    3.00 
1983 12	   5.30   10.96   -3.85    3.45 
1984 1	  30.53   12.26   -1.64    3.08 
1984 2	   7.55   19.65    1.82    3.49 
1984 3	  15.67   23.63    5.92    4.00 
1984 4	   6.20   28.36    8.88    3.17 
1984 5	  44.00   31.41   14.87    3.52 
1984 6	  50.15   33.55   19.23    3.50 
1984 7	  68.38   34.39   19.50    2.58 
1984 8	  38.10   34.95   19.19    2.70 
1984 9	  48.38   29.84   15.30    3.08 
1984 10	 167.68   24.07   12.93    2.73 
1984 11	  54.48   19.05    5.20    3.14 
1984 12	 181.48   19.19    6.97    3.63 
1985 1	  44.12   12.32   -2.66    3.32 
1985 2	  60.85   15.42    0.50    3.68 
1985 3	  56.35   21.66    9.08    3.68 
1985 4	  40.35   26.45   11.59    3.58 
1985 5	  79.23   30.12   15.43    3.08 
1985 6	  57.05   31.76   18.23    2.89 
1985 7	  54.85   34.09   19.11    2.75 
1985 8	   9.43   36.27   20.25    2.66 
1985 9	  68.22   31.01   16.98    3.01 
1985 10	 106.47   24.97   13.34    3.48 
1985 11	  24.75   21.35    8.05    3.50 
1985 12	   4.62   14.68   -2.21    2.90 
1986 1	   8.43   17.95   -0.47    3.09 
1986 2	  50.30   20.18    3.47    3.03 
1986 3	   6.62   24.34    5.54    3.23 
1986 4	  24.35   28.50   13.67    3.84 
1986 5	  75.12   28.79   15.38    3.47 
1986 6	 134.55   30.86   19.19    2.18 
1986 7	  27.27   35.08   19.48    3.23 
1986 8	  76.90   33.33   19.57    2.56 
1986 9	  87.57   30.79   19.72    2.88 
1986 10	 197.67   24.33   11.30    2.58 
1986 11	  49.00   18.44    4.58    2.80 
1986 12	  88.47   12.96    1.79    2.93 
1987 1	  14.45   15.07   -1.19    3.10 
1987 2	  59.57   16.45    3.03    3.67 
1987 3	  39.55   18.46    2.42    3.10 
1987 4	  35.75   24.93    6.50    2.84 
1987 5	 166.15   28.22   15.25    2.99 
1987 6	 212.00   29.96   18.76    2.31 
1987 7	  28.80   32.35   19.64    2.67 
1987 8	  67.70   34.31   20.50    2.91 
1987 9	  73.08   30.04   15.08    2.52 
1987 10	   9.47   26.50   10.11    2.74 
1987 11	  36.80   20.08    4.54    2.86 
1987 12	  35.95   16.32    1.14    3.11 
1988 1	   3.70   13.73   -2.66    3.50 
1988 2	   8.92   17.39    1.08    3.32 
1988 3	  21.33   22.50    3.89    3.67 
1988 4	  19.32   27.19    7.95    2.77 
1988 5	  97.20   28.42   14.18    3.09 
1988 6	 102.37   32.18   16.99    2.33 
1988 7	  94.22   32.90   19.70    2.63 
1988 8	  11.60   34.90   19.86    2.38 
1988 9	  57.58   31.67   16.30    2.72 
1988 10	  11.88   28.08   10.76    2.50 
1988 11	   0.88   24.31    5.21    3.19 
1988 12	  13.40   17.54    1.55    3.10 
1989 1	  51.62   18.53    2.71    3.01 
1989 2	  79.58   15.06    1.54    4.31 
1989 3	  42.12   23.59    5.43    3.58 
1989 4	  19.65   27.27   10.95    3.54 
1989 5	  80.80   31.58   16.63    3.98 
1989 6	  62.15   32.38   18.17    3.10 
1989 7	  34.15   35.82   19.79    2.39 
1989 8	  45.27   33.99   19.47    3.02 
1989 9	  61.30   31.35   13.61    2.79 
1989 10	  49.58   28.25    9.23    2.92 
1989 11	  34.35   21.85    5.66    2.84 
1989 12	  10.10   13.17   -4.18    3.30 
1990 1	  25.92   19.02    2.16    3.36 
1990 2	  97.10   20.50    3.55    3.46 
1990 3	  69.90   19.98    7.91    4.08 
1990 4	  76.25   24.87   11.49    3.79 
1990 5	  87.95   29.33   15.46    3.87 
1990 6	   3.62   35.49   20.66    3.71 
1990 7	 150.77   31.94   19.50    3.00 
1990 8	  47.97   32.84   18.49    2.95 
1990 9	 109.67   30.44   17.24    1.89 
1990 10	  67.22   26.79    8.65    2.59 
1990 11	  43.22   22.01    6.59    3.20 
1990 12	   4.32   16.45   -0.81    3.31 
1991 1	  53.70   13.74    0.23    3.18 
1991 2	  17.67   19.62    3.88    3.06 
1991 3	  10.82   24.15    6.55    3.58 
1991 4	  54.22   27.73   12.74    3.21 
1991 5	  69.32   30.30   16.39    3.33 
1991 6	  88.85   32.75   19.28    2.81 
1991 7	  92.50   33.70   19.45    2.78 
1991 8	  54.87   34.25   19.79    2.53 
1991 9	 104.65   28.50   15.83    2.33 
1991 10	  46.38   28.11   10.83    2.68 
1991 11	  13.90   18.91    3.49    3.39 
1991 12	 165.50   15.71    4.01    3.43 
1992 1	  58.75   14.01    2.00    2.68 
1992 2	 137.57   19.08    4.73    3.08 
1992 3	  72.88   22.87    7.16    3.23 
1992 4	  34.53   25.90   10.92    2.95 
1992 5	  91.18   27.40   14.94    2.71 
1992 6	 125.17   32.66   18.68    2.62 
1992 7	  39.65   33.37   20.65    3.79 
1992 8	  51.25   33.04   18.12    2.10 
1992 9	  13.02   32.49   16.77    2.83 
1992 10	   8.23   28.93   10.57    2.47 
1992 11	 109.53   19.41    4.03    3.00 
1992 12	  63.42   17.57    3.09    2.94 
1993 1	  26.85   14.84    0.93    2.88 
1993 2	  53.52   17.82    2.44    3.27 
1993 3	  41.92   21.59    5.60    3.07 
1993 4	  82.60   25.53    8.39    3.82 
1993 5	  42.52   29.03   12.99    2.94 
1993 6	  93.78   32.21   19.67    3.12 
1993 7	   0.00   35.06   21.31    3.96 
1993 8	  26.55   36.14   20.53    2.93 
1993 9	  81.15   31.93   15.24    2.37 
1993 10	  40.67   26.81    9.68    2.90 
1993 11	  13.45   18.39    2.92    2.97 
1993 12	  29.25   17.49    2.72    3.32 
1994 1	  46.45   16.67    1.06    3.52 
1994 2	  37.72   17.69    1.58    3.58 
1994 3	  29.12   23.64    7.20    3.26 
1994 4	  25.42   26.96    9.50    3.64 
1994 5	 115.68   28.29   15.13    2.91 
1994 6	  78.35   34.29   19.63    2.46 
1994 7	  48.42   35.51   20.73    3.37 
1994 8	  44.15   34.54   19.35    2.32 
1994 9	  95.12   31.03   15.02    1.80 
1994 10	  80.97   26.40   12.13    2.56 
1994 11	  75.12   20.81    7.50    3.38 
1994 12	  95.40   16.72    2.94    2.84 
1995 1	   8.05   16.42    1.19    3.37 
1995 2	  33.68   18.85    2.52    2.87 
1995 3	  62.62   19.23    5.83    3.52 
1995 4	  59.45   25.67    8.69    3.50 
1995 5	 172.95   29.36   15.61    3.57 
1995 6	  80.40   30.96   17.21    3.00 
1995 7	  45.22   34.34   20.05    2.75 
1995 8	  48.95   34.26   20.45    1.86 
1995 9	 133.50   31.15   17.51    2.05 
1995 10	  23.65   27.57    9.30    2.68 
1995 11	  21.10   20.81    4.91    2.83 
1995 12	  10.25   17.80    1.74    3.14 
1996 1	   1.10   17.66   -2.40    3.52 
1996 2	  11.17   20.45    2.50    4.01 
1996 3	  19.50   20.27    3.20    3.69 
1996 4	  38.65   27.24    8.54    3.69 
1996 5	  57.35   32.71   18.46    4.57 
1996 6	  44.05   34.64   19.70    2.88 
1996 7	  63.00   35.60   21.20    3.11 
1996 8	  68.38   33.58   20.27    2.91 
1996 9	 108.35   30.24   16.80    1.85 
1996 10	 133.85   26.70   10.27    2.96 
1996 11	  93.22   20.92    5.58    3.34 
1996 12	  25.42   18.09    0.06    2.98 
1997 1	  28.00   14.27   -0.48    3.55 
1997 2	 171.05   15.17    2.05    3.28 
1997 3	 128.97   23.00    7.00    3.06 
1997 4	 103.38   22.56    7.84    3.29 
1997 5	  38.40   26.85   13.95    2.63 
1997 6	 271.85   31.70   17.96    2.66 
1997 7	  11.67   34.57   19.70    2.66 
1997 8	  17.98   35.06   19.78    2.86 
1997 9	  45.88   33.43   16.94    1.99 
1997 10	  45.58   26.77   10.43    2.84 
1997 11	  33.40   19.26    2.58    2.79 
1997 12	  49.65   15.29   -1.81    3.28 
1998 1	  31.15   18.83    1.79    3.29 
1998 2	  70.90   18.16    1.72    3.07 
1998 3	  54.38   20.46    4.71    3.87 
1998 4	  10.75   26.63    6.99    3.17 
1998 5	  23.95   34.43   15.36    3.62 
1998 6	  60.50   35.41   20.88    4.07 
1998 7	  19.50   37.28   22.74    3.34 
1998 8	 179.38   33.44   21.25    2.09 
1998 9	  89.57   31.94   18.25    2.09 
1998 10	  99.50   25.85   12.49    3.12 
1998 11	  58.62   21.01    7.31    2.73 
1998 12	  28.67   15.91    0.59    3.46 
1999 1	   8.75   19.00   -0.17    3.87 
1999 2	   1.88   22.11    2.51    3.36 
1999 3	  88.57   21.41    6.64    3.73 
1999 4	  39.10   27.28   10.85    3.84 
1999 5	  78.80   28.79   15.66    3.13 
1999 6	 106.15   31.13   20.28    3.08 
1999 7	  35.35   33.32   19.86    2.59 
1999 8	   4.78   36.94   19.91    1.88 
1999 9	   6.72   32.78   15.75    2.51 
1999 10	  55.22   26.86    8.42    2.56 
1999 11	   0.68   23.16    3.96    2.68 
1999 12	  26.98   17.01   -0.62    3.40 
2000 1	  16.78   18.71    0.66    3.55 
2000 2	  36.98   22.07    4.35    3.81 
2000 3	  25.78   24.81    7.30    3.27 
2000 4	  57.33   27.09   11.09    3.49 
2000 5	  64.12   31.43   17.99    3.68 
2000 6	 130.75   30.76   19.86    3.22 
2000 7	   5.90   36.40   20.52    2.79 
2000 8	   3.55   35.77   20.07    2.23 
2000 9	  85.32   33.32   15.46    2.38 
2000 10	 129.85   23.46   14.26    3.20 
2000 11	 265.50   16.28    3.86    3.17 
2000 12	  31.25   12.37   -1.07    3.16 
2001 1	  50.70   13.34   -1.14    3.18 
2001 2	  41.10   18.06    3.16    3.51 
2001 3	  87.85   16.86    4.16    2.88 
2001 4	  28.15   24.81   12.36    3.92 
2001 5	  73.38   29.33   15.20    3.20 
2001 6	  13.10   33.99   19.08    2.46 
2001 7	  14.15   36.04   20.75    2.79 
2001 8	  69.17   34.74   20.08    2.60 
2001 9	  94.05   29.79   15.78    2.39 
2001 10	  36.60   25.60    8.60    2.82 
2001 11	 145.53   20.81    7.83    2.80 
2001 12	  27.95   16.18    1.51    3.06 
2002 1	  26.30   16.56   -0.48    3.13 
2002 2	  20.10   15.49   -1.23    3.16 
2002 3	  43.62   20.26    4.35    3.96 
2002 4	  32.67   27.63   13.65    4.05 
2002 5	  25.88   30.48   15.76    3.97 
2002 6	  69.22   32.69   18.91    2.61 
2002 7	 168.68   30.90   19.89    2.84 
2002 8	  18.30   34.45   20.00    2.31 
2002 9	  48.58   30.62   14.89    2.43 
2002 10	 149.65   23.49   12.39    2.44 
2002 11	  27.43   18.31    2.84    2.90 
2002 12	  49.75   16.02    0.39    3.33 
2003 1	  10.60   15.04   -0.80    2.97 
2003 2	  50.75   14.85    1.19    3.34 
2003 3	  39.83   21.12    5.75    2.73 
2003 4	   3.85   27.61   10.46    3.56 
2003 5	  71.03   31.57   16.91    3.18 
2003 6	 120.60   31.39   17.69    2.31 
2003 7	  77.53   33.41   19.15    2.24 
2003 8	  89.27   34.23   19.27    1.94 
2003 9	 161.77   28.59   15.80    1.91 
2003 10	  81.40   26.23   10.94    2.33 
2003 11	  22.00   19.75    6.55    3.34 
2003 12	   2.03   18.09   -1.24    3.41 
2004 1	  40.38   15.79    2.49    3.62 
2004 2	  36.70   14.71    0.00    3.35 
2004 3	  65.70   22.91    9.07    3.37 
2004 4	 109.03   23.60   10.27    3.65 
2004 5	  29.13   29.13   16.46    3.47 
2004 6	 207.82   31.23   18.59    2.55 
2004 7	  33.45   32.85   19.07    2.16 
2004 8	  89.87   32.34   18.15    2.23 
2004 9	  33.75   30.17   15.73    1.84 
2004 10	  70.50   27.14   14.44    3.04 
2004 11	 111.23   19.47    5.92    3.16 
2004 12	  24.62   15.37   -0.90    3.32 
2005 1	  55.42   17.34    2.68    3.57 
2005 2	  59.60   15.27    4.31    3.33 
2005 3	  76.65   20.60    4.03    2.98 
2005 4	  12.08   25.76    7.79    3.47 
2005 5	 128.40   27.76   14.33    3.03 
2005 6	  28.45   32.35   18.20    3.03 
2005 7	  77.35   34.25   19.92    2.45 
2005 8	  71.65   32.82   19.26    2.47 
2005 9	   0.28   33.88   17.62    2.20 
2005 10	  51.77   26.05   10.33    2.57 
2005 11	   3.35   23.72    4.64    2.94 
2005 12	   3.48   16.75   -2.10    2.82 
2006 1	  20.67   21.05   -0.14    3.51 
2006 2	  19.27   17.78    0.33    3.44 
2006 3	  39.25   22.90    7.99    3.73 
2006 4	  82.52   28.85   13.20    3.62 
2006 5	  68.32   31.00   15.16    3.25 
2006 6	  50.40   33.85   17.48    2.29 
2006 7	  32.38   34.58   19.68    2.34 
2006 8	  12.25   36.10   21.55    2.73 
2006 9	  90.97   30.11   14.96    2.27 
2006 10	  73.15   26.47   10.37    2.68 
2006 11	   2.85   22.48    5.16    3.19 
2006 12	  25.58   16.52   -0.18    3.24 
2007 1	  62.98   10.36   -1.82    3.49 
2007 2	   4.98   16.90   -0.20    2.87 
2007 3	 147.57   22.22    8.80    3.58 
2007 4	  60.07   23.17    7.67    3.25 
2007 5	 170.40   26.50   15.12    3.08 
2007 6	 242.93   30.26   18.57    2.69 
2007 7	 178.82   29.63   19.36    2.20 
2007 8	 126.10   32.19   19.75    2.09 
2007 9	  70.70   30.10   17.20    1.93 
2007 10	  13.70   27.78   10.19    2.48 
2007 11	  43.17   21.04    5.42    2.92 
2007 12	   8.12   17.59   -0.78    2.89 
2008 1	   4.28   14.22   -2.52    3.25 
2008 2	   5.47   20.78    0.93    3.47 
2008 3	  56.90   21.95    4.74    4.01 
2008 4	  64.65   26.18    8.83    3.51 
2008 5	  59.25   30.81   15.02    3.47 
2008 6	  42.53   34.70   20.66    3.45 
2008 7	  47.25   33.83   19.19    3.12 
2008 8	  93.80   33.39   19.47    2.19 
2008 9	  11.88   30.35   13.87    2.15 
2008 10	  35.88   26.57    8.08    2.53 
2008 11	   4.60   22.01    3.54    2.34 
2008 12	   3.08   17.07   -0.55    3.50 
2009 1	   5.43   17.06   -2.64    3.13 
2009 2	   5.97   21.62    2.00    3.95 
2009 3	  98.53   21.90    6.45    3.79 
2009 4	  91.02   24.69    8.27    3.73 
2009 5	  61.05   29.63   15.82    2.94 
2009 6	  19.02   34.79   20.22    3.12 
2009 7	  93.97   35.68   20.90    3.01 
2009 8	  41.50   35.74   19.89    2.53 
2009 9	 147.47   28.47   16.12    1.88 
2009 10	 119.78   23.79   10.56    3.01 
2009 11	  43.00   21.35    3.34    2.62 
2009 12	  31.25   12.12   -2.17    2.98 
2010 1	  94.28   13.81   -1.16    3.58 
2010 2	  70.83   12.23   -0.59    3.24 
2010 3	  61.90   19.80    3.27    3.28 
2010 4	 123.32   24.41   10.08    3.53 
2010 5	  99.88   29.04   15.90    3.11 
2010 6	  61.08   33.52   20.31    3.15 
2010 7	 112.27   32.45   20.96    2.63 
2010 8	  10.88   36.37   20.64    2.20 
2010 9	 112.47   31.03   17.39    2.34 
2010 10	   2.00   28.16    8.03    2.67 
2010 11	   1.63   22.74    4.26    3.69 
2010 12	  17.00   17.41   -1.17    3.28 
