1949 1	  40.52   15.67    6.56    6.92 
1949 2	 144.90   18.77   11.19    6.11 
1949 3	  74.60   21.98   13.47    6.56 
1949 4	 194.80   23.13   15.58    6.41 
1949 5	  47.55   29.14   22.67    5.41 
1949 6	  34.17   31.74   24.25    5.08 
1949 7	 175.72   32.41   24.58    4.23 
1949 8	  94.78   32.34   23.06    3.59 
1949 9	  96.18   31.55   22.88    4.32 
1949 10	 482.88   27.24   19.15    5.90 
1949 11	  13.40   23.96   12.13    5.52 
1949 12	 117.35   19.89   11.91    7.12 
1950 1	  22.15   21.94   12.79    7.24 
1950 2	  87.53   22.08   12.21    5.81 
1950 3	  19.27   21.76   11.75    6.37 
1950 4	  80.72   24.93   17.12    6.91 
1950 5	  38.18   29.57   22.29    5.92 
1950 6	  50.62   31.62   23.78    4.73 
1950 7	  73.82   32.77   24.93    5.33 
1950 8	  91.25   32.84   23.73    3.96 
1950 9	  43.98   32.03   22.51    3.64 
1950 10	   5.97   30.17   18.96    5.78 
1950 11	   7.20   23.21   11.55    6.59 
1950 12	  31.57   20.57    7.82    6.05 
1951 1	  24.78   19.44    6.52    7.22 
1951 2	  17.33   18.24    7.85    7.57 
1951 3	  91.55   22.52   13.30    6.44 
1951 4	  27.45   24.99   15.36    5.87 
1951 5	 139.12   28.12   20.64    5.30 
1951 6	  28.00   31.69   24.64    6.22 
1951 7	  44.50   33.32   25.12    4.41 
1951 8	  28.95   34.52   24.94    4.07 
1951 9	 294.55   31.52   22.97    5.08 
1951 10	  75.53   28.12   18.95    5.40 
1951 11	  32.17   20.86   11.06    7.08 
1951 12	  26.95   20.39    9.65    7.33 
1952 1	  27.92   21.60   11.82    6.86 
1952 2	 136.00   20.61   10.65    6.49 
1952 3	  17.10   21.82   11.45    6.64 
1952 4	  95.78   23.79   14.80    5.87 
1952 5	 114.42   27.60   18.89    4.73 
1952 6	  37.50   31.00   23.64    4.77 
1952 7	  81.47   33.04   24.25    4.12 
1952 8	  51.85   33.38   24.68    3.69 
1952 9	 235.62   30.86   20.93    5.64 
1952 10	   0.00   26.21   12.69    5.93 
1952 11	 140.30   21.14   12.07    6.87 
1952 12	  72.80   17.82    7.64    5.88 
1953 1	  17.00   20.59    7.83    6.69 
1953 2	  78.77   18.00    9.68    6.58 
1953 3	  12.75   23.83   16.19    6.02 
1953 4	   8.70   26.23   16.90    6.36 
1953 5	 201.30   28.72   21.08    5.83 
1953 6	  98.03   33.04   24.49    4.21 
1953 7	  22.05   33.12   25.24    4.18 
1953 8	 335.83   32.43   23.80    2.80 
1953 9	  29.88   31.44   21.09    5.21 
1953 10	 139.20   28.07   17.80    5.85 
1953 11	  24.62   22.19   11.46    5.61 
1953 12	  81.20   16.56    6.52    7.02 
1954 1	  21.80   18.93    8.40    5.97 
1954 2	   7.30   22.48    9.60    6.03 
1954 3	   8.98   21.10   11.27    6.90 
1954 4	  52.85   26.55   18.68    6.04 
1954 5	  60.77   27.84   19.45    5.62 
1954 6	  25.08   32.27   24.09    5.44 
1954 7	   6.65   34.12   24.88    4.17 
1954 8	  41.62   34.15   25.31    4.64 
1954 9	  57.83   33.83   23.57    5.42 
1954 10	 161.60   28.77   19.26    6.22 
1954 11	  52.25   22.64   10.75    6.12 
1954 12	  32.38   20.98    9.71    5.77 
1955 1	  84.73   18.10    8.58    6.18 
1955 2	  73.78   18.57    9.46    6.99 
1955 3	   8.12   22.37   13.73    6.96 
1955 4	  21.92   26.23   18.47    6.01 
1955 5	 106.22   29.48   21.75    6.05 
1955 6	  29.50   31.22   22.70    5.07 
1955 7	  29.60   33.27   25.00    5.08 
1955 8	 132.15   33.27   24.06    3.46 
1955 9	 180.25   30.89   23.84    5.79 
1955 10	  20.38   28.33   16.70    5.89 
1955 11	  28.23   22.37   12.17    7.13 
1955 12	  19.42   18.97    8.38    6.13 
1956 1	  74.70   18.40    7.29    5.88 
1956 2	  23.55   19.87   10.53    7.01 
1956 3	  26.38   21.81   12.21    5.79 
1956 4	  69.27   25.39   16.14    6.58 
1956 5	  39.47   29.55   21.45    5.42 
1956 6	  44.22   32.36   23.98    4.54 
1956 7	  20.60   33.63   24.79    4.63 
1956 8	  68.37   33.53   24.60    3.95 
1956 9	  10.47   32.90   22.27    5.15 
1956 10	  45.88   30.28   19.13    4.58 
1956 11	  27.10   22.28    9.98    6.50 
1956 12	 121.88   21.13    9.58    5.76 
1957 1	  10.77   18.52    9.44    6.04 
1957 2	  65.73   22.01   14.05    4.74 
1957 3	 115.20   21.66   12.67    5.55 
1957 4	 223.63   24.35   16.88    6.97 
1957 5	 150.07   28.40   21.68    6.58 
1957 6	  96.58   31.06   24.02    5.48 
1957 7	   5.20   33.44   25.34    3.49 
1957 8	  30.03   34.11   24.66    4.46 
1957 9	 266.12   31.15   21.52    4.67 
1957 10	  89.55   25.65   16.33    6.10 
1957 11	 108.72   21.42   11.78    7.18 
1957 12	  13.80   20.38    9.57    6.79 
1958 1	 144.20   16.33    6.35    7.38 
1958 2	 108.20   16.72    7.44    6.57 
1958 3	  37.18   19.56   10.49    6.42 
1958 4	  25.55   25.79   16.98    5.52 
1958 5	  32.58   29.72   20.92    4.05 
1958 6	  59.92   32.95   25.38    5.21 
1958 7	  30.27   33.72   26.20    4.66 
1958 8	  46.33   34.33   25.44    3.25 
1958 9	 335.80   30.78   23.83    4.83 
1958 10	  75.15   25.77   18.36    6.19 
1958 11	  38.33   22.74   14.16    5.47 
1958 12	 128.07   17.16    7.39    6.08 
1959 1	  24.95   15.83    5.97    6.83 
1959 2	 169.13   17.33    9.90    6.13 
1959 3	  14.38   21.39   11.73    6.55 
1959 4	  81.57   23.13   15.55    5.94 
1959 5	  69.12   29.20   21.95    5.42 
1959 6	  92.83   32.02   24.26    4.62 
1959 7	  42.85   32.75   24.53    3.16 
1959 8	 278.70   32.51   24.58    3.59 
1959 9	 106.53   30.99   23.20    4.93 
1959 10	 286.20   27.53   18.52    5.13 
1959 11	  28.77   20.57    8.59    6.94 
1959 12	  70.43   18.97    9.04    6.32 
1960 1	  30.52   16.71    7.38    6.26 
1960 2	  89.73   16.99    6.23    6.79 
1960 3	  73.52   18.62    9.76    5.92 
1960 4	  50.58   25.44   17.68    6.12 
1960 5	  56.80   27.19   19.58    5.85 
1960 6	 463.90   31.62   24.04    4.29 
1960 7	  19.30   33.06   25.50    3.13 
1960 8	 220.15   32.17   25.13    4.53 
1960 9	  31.65   30.87   21.57    4.44 
1960 10	 274.83   28.24   19.50    5.08 
1960 11	 124.40   23.43   14.44    5.92 
1960 12	 254.80   16.37    7.75    6.24 
1961 1	  84.18   14.63    5.63    6.41 
1961 2	 118.63   19.05    9.55    5.63 
1961 3	   8.07   23.26   14.37    6.73 
1961 4	  75.30   24.77   15.87    5.96 
1961 5	  16.25   28.86   21.26    6.14 
1961 6	 252.65   30.87   23.67    4.95 
1961 7	 169.72   31.75   24.93    4.57 
1961 8	 126.58   31.96   23.20    3.11 
1961 9	 251.73   30.32   22.23    6.66 
1961 10	   6.83   27.88   16.37    6.22 
1961 11	 136.25   21.42   11.40    6.64 
1961 12	  26.77   19.44    9.12    5.80 
1962 1	  22.33   15.63    3.49    7.14 
1962 2	   4.78   22.78   13.03    6.19 
1962 3	  15.55   21.22   10.51    6.43 
1962 4	 154.50   24.74   16.93    6.68 
1962 5	  44.43   28.42   21.52    6.37 
1962 6	 142.48   30.98   23.84    4.23 
1962 7	   5.17   33.30   25.84    3.01 
1962 8	  18.10   34.42   25.26    2.97 
1962 9	  94.65   32.39   23.52    4.24 
1962 10	  84.25   29.64   20.33    5.54 
1962 11	  32.65   22.57   11.95    6.64 
1962 12	 107.45   17.63    8.89    5.61 
1963 1	  14.75   14.24    4.03    6.82 
1963 2	  41.85   18.74    5.89    6.85 
1963 3	   6.28   24.63   13.79    6.20 
1963 4	  22.42   28.21   19.95    6.60 
1963 5	   5.70   30.16   21.77    5.21 
1963 6	 137.03   31.61   24.01    4.83 
1963 7	  20.55   32.83   25.97    4.63 
1963 8	  27.65   33.82   25.97    3.27 
1963 9	  36.07   32.38   23.32    4.62 
1963 10	  30.60   29.16   19.68    5.79 
1963 11	 159.88   24.22   14.77    6.63 
1963 12	  54.70   15.26    4.91    7.14 
1964 1	 100.10   17.18    6.99    6.06 
1964 2	  73.28   16.27    6.65    5.84 
1964 3	  51.80   21.14   11.92    6.54 
1964 4	   4.45   25.60   18.73    6.83 
1964 5	  38.17   29.51   22.28    5.41 
1964 6	 134.73   31.52   23.61    4.95 
1964 7	  33.90   32.75   25.05    4.26 
1964 8	  98.65   33.37   25.72    4.09 
1964 9	 198.03   31.71   22.99    4.60 
1964 10	  37.45   26.62   15.53    6.61 
1964 11	  50.35   24.00   14.99    6.51 
1964 12	  99.20   18.41    8.23    7.06 
1965 1	  44.15   19.62    9.28    6.21 
1965 2	 104.08   17.92    7.96    7.41 
1965 3	  23.20   20.18    9.67    7.42 
1965 4	  15.70   26.13   18.60    6.50 
1965 5	  67.50   28.78   22.06    6.95 
1965 6	  65.42   32.00   24.49    4.99 
1965 7	  21.58   33.60   25.72    3.08 
1965 8	  53.58   32.89   24.56    3.43 
1965 9	  72.58   32.79   23.69    5.42 
1965 10	  67.47   26.95   16.47    5.73 
1965 11	  69.35   25.74   17.24    5.04 
1965 12	 158.20   20.42   11.42    6.70 
1966 1	 159.33   14.26    5.55    7.22 
1966 2	  78.32   16.00    7.09    6.35 
1966 3	  17.88   21.65   12.33    6.01 
1966 4	 131.95   25.20   17.26    6.40 
1966 5	 201.35   27.32   20.29    4.74 
1966 6	 114.25   30.97   22.87    4.45 
1966 7	  97.80   32.62   25.14    3.42 
1966 8	  87.23   32.27   24.40    4.17 
1966 9	  65.60   31.35   21.60    3.07 
1966 10	  44.65   27.47   15.98    6.04 
1966 11	  14.10   24.57   13.48    6.48 
1966 12	  41.58   19.10    7.73    6.45 
1967 1	  74.00   17.03    7.15    6.53 
1967 2	  39.03   18.66    7.50    6.79 
1967 3	  14.77   24.33   14.74    5.85 
1967 4	  13.40   28.56   21.17    7.27 
1967 5	 113.02   29.56   20.50    7.12 
1967 6	   0.18   32.70   24.12    5.60 
1967 7	 110.28   32.93   24.85    4.63 
1967 8	 189.80   31.25   23.36    4.12 
1967 9	 443.62   29.48   21.33    6.08 
1967 10	 145.60   27.13   16.56    5.95 
1967 11	  29.32   23.28   14.00    5.73 
1967 12	  40.50   18.34    8.62    6.41 
1968 1	 117.35   15.45    7.29    6.63 
1968 2	  71.43   15.56    6.11    5.86 
1968 3	  52.92   19.44   10.65    6.89 
1968 4	  27.73   24.99   17.45    7.02 
1968 5	 178.45   28.53   21.29    6.08 
1968 6	 386.20   30.28   23.44    4.98 
1968 7	  80.38   31.71   24.52    4.54 
1968 8	  59.85   32.92   24.80    4.43 
1968 9	 107.93   30.22   21.05    5.32 
1968 10	  74.55   28.02   19.11    5.86 
1968 11	  68.12   21.68   11.18    7.12 
1968 12	  26.50   18.53    8.21    7.19 
1969 1	  16.48   16.98    8.58    6.54 
1969 2	 121.88   17.90   10.02    6.80 
1969 3	  58.47   18.19    9.54    6.82 
1969 4	 117.82   25.16   17.20    6.04 
1969 5	  79.50   27.67   19.64    5.76 
1969 6	  33.23   30.86   24.33    5.72 
1969 7	  52.65   33.72   26.69    4.54 
1969 8	 103.67   33.14   25.55    4.27 
1969 9	 120.48   31.50   23.09    5.25 
1969 10	 117.22   27.42   18.88    7.89 
1969 11	  86.88   21.63   12.18    6.92 
1969 12	  85.88   19.81   10.88    5.65 
1970 1	  60.87   14.12    5.62    7.11 
1970 2	  48.80   18.43    9.44    6.82 
1970 3	 121.70   19.76   10.83    6.23 
1970 4	  95.15   25.12   17.95    6.87 
1970 5	 143.32   26.84   19.05    6.63 
1970 6	  85.10   30.14   23.91    4.95 
1970 7	  95.80   31.82   25.26    4.20 
1970 8	  63.45   32.85   25.75    4.21 
1970 9	 211.17   30.11   23.93    6.62 
1970 10	 167.43   26.17   16.15    6.81 
1970 11	   5.85   22.23   10.18    6.71 
1970 12	  23.60   21.77   12.68    6.06 
1971 1	   7.63   19.32   10.48    6.79 
1971 2	  55.20   20.91    9.53    7.22 
1971 3	  10.05   23.66   12.48    6.69 
1971 4	  47.08   25.29   16.72    6.55 
1971 5	  65.12   28.57   21.37    6.41 
1971 6	  72.78   32.00   25.28    5.64 
1971 7	  15.98   33.56   26.22    4.59 
1971 8	 172.50   32.53   24.22    3.91 
1971 9	 361.68   30.39   22.57    5.00 
1971 10	 155.27   28.54   18.73    5.71 
1971 11	  47.50   24.76   13.48    6.54 
1971 12	 164.52   21.62   12.79    5.92 
1972 1	  87.38   20.30    9.26    6.72 
1972 2	  40.43   20.09    9.16    6.42 
1972 3	  21.70   25.20   14.06    6.14 
1972 4	  52.98   27.99   18.18    6.70 
1972 5	 221.32   28.97   18.72    4.68 
1972 6	  63.03   31.72   22.99    5.96 
1972 7	 118.10   32.37   23.70    5.41 
1972 8	  90.90   32.86   24.34    4.86 
1972 9	 206.17   32.69   23.94    4.54 
1972 10	 260.65   28.51   17.97    6.44 
1972 11	 114.05   20.21   10.35    7.13 
1972 12	  10.60   17.98    6.02    6.75 
1973 1	  74.23   15.43    5.08    6.83 
1973 2	  70.38   17.46    6.89    6.95 
1973 3	  15.30   24.08   14.86    6.12 
1973 4	 156.95   23.59   15.17    7.43 
1973 5	  22.00   28.64   20.41    6.29 
1973 6	 209.78   30.45   23.88    5.69 
1973 7	  11.83   33.34   26.11    4.30 
1973 8	 138.48   32.15   24.07    4.49 
1973 9	 308.83   30.99   23.01    4.63 
1973 10	 211.12   29.01   18.78    6.22 
1973 11	  16.25   26.87   16.67    7.01 
1973 12	  25.90   20.49    8.28    7.26 
1974 1	  99.65   17.40    7.96    5.29 
1974 2	  14.57   21.06    9.23    6.76 
1974 3	  79.55   23.88   15.75    6.35 
1974 4	  92.95   25.79   17.10    7.53 
1974 5	 272.20   29.37   21.66    5.71 
1974 6	 102.18   29.78   22.50    5.81 
1974 7	   8.50   32.35   24.13    3.65 
1974 8	 143.33   32.01   24.19    4.12 
1974 9	 149.48   29.25   19.76    6.77 
1974 10	  84.50   27.89   17.14    7.29 
1974 11	 156.45   22.18   11.10    6.31 
1974 12	  91.05   18.43    7.94    5.92 
1975 1	  38.55   18.40    8.21    6.04 
1975 2	  27.15   20.39    8.18    5.59 
1975 3	   4.07   23.41   12.36    6.30 
1975 4	  28.58   25.25   16.71    7.21 
1975 5	 132.30   29.14   21.15    5.72 
1975 6	 122.65   30.94   23.61    5.62 
1975 7	  36.05   32.57   24.30    4.01 
1975 8	 182.50   31.95   23.81    4.54 
1975 9	 137.02   30.39   20.21    5.17 
1975 10	  56.80   28.32   17.04    6.30 
1975 11	  41.03   23.94   12.19    6.64 
1975 12	  66.20   18.78    7.98    6.50 
1976 1	  21.88   18.70    6.20    6.94 
1976 2	   3.17   22.68   11.99    6.45 
1976 3	  22.15   23.46   14.24    7.20 
1976 4	 137.60   25.61   17.24    6.72 
1976 5	  91.05   27.91   18.10    5.08 
1976 6	  58.78   31.39   23.35    5.44 
1976 7	 375.23   31.36   24.08    4.83 
1976 8	  43.40   33.31   23.93    3.51 
1976 9	 119.85   30.97   22.05    4.19 
1976 10	 121.95   24.04   12.70    6.37 
1976 11	 125.47   17.70    8.50    7.57 
1976 12	 168.35   15.93    6.71    6.75 
1977 1	  72.90   13.10    3.39    6.37 
1977 2	  32.68   18.61    8.25    6.63 
1977 3	  27.75   22.87   13.82    6.42 
1977 4	 129.93   25.63   16.72    5.93 
1977 5	 103.53   28.34   21.47    5.23 
1977 6	 174.20   31.98   23.62    5.14 
1977 7	  36.90   32.54   25.45    4.10 
1977 8	  91.85   33.41   25.39    4.27 
1977 9	 137.12   32.73   24.23    4.66 
1977 10	  97.55   28.82   18.35    5.20 
1977 11	 183.40   24.63   13.93    5.99 
1977 12	  17.27   21.25    8.62    6.77 
1978 1	  86.83   12.71    3.91    7.47 
1978 2	 105.20   13.80    4.57    6.53 
1978 3	  14.70   22.05   10.33    5.73 
1978 4	  61.78   24.76   16.30    6.03 
1978 5	  10.77   29.68   21.77    5.49 
1978 6	 150.50   32.26   24.39    4.52 
1978 7	  80.05   33.59   25.87    3.90 
1978 8	  22.45   33.57   25.26    4.61 
1978 9	 190.27   31.02   22.81    5.83 
1978 10	  70.90   27.99   17.16    5.94 
1978 11	 106.12   24.24   14.74    6.08 
1978 12	  80.75   19.02    8.16    7.00 
1979 1	 166.00   13.53    3.87    7.56 
1979 2	  82.13   16.68    7.04    6.23 
1979 3	  86.33   22.80   13.28    6.71 
1979 4	  97.93   25.73   17.65    5.52 
1979 5	 119.13   27.67   19.21    5.98 
1979 6	  63.38   31.28   23.51    5.08 
1979 7	 324.08   32.49   24.37    4.92 
1979 8	  89.52   32.45   24.36    3.98 
1979 9	 483.57   29.42   20.77    6.46 
1979 10	  24.85   28.93   18.48    5.24 
1979 11	  17.18   21.99   10.18    7.77 
1979 12	  49.67   18.31    7.93    6.59 
1980 1	  99.47   19.25   10.18    5.78 
1980 2	  30.90   17.57    7.65    6.44 
1980 3	  82.40   22.09   11.99    6.25 
1980 4	   9.30   25.36   14.48    6.03 
1980 5	 154.52   28.99   20.58    5.14 
1980 6	   0.60   33.13   25.41    5.29 
1980 7	  50.22   34.24   25.56    3.00 
1980 8	 132.90   32.98   24.90    5.55 
1980 9	 136.98   32.99   23.91    4.62 
1980 10	  30.82   26.94   16.57    6.44 
1980 11	  36.73   20.78   10.38    6.36 
1980 12	  28.80   19.14    9.11    5.81 
1981 1	  74.70   17.09    7.53    5.86 
1981 2	  44.55   18.27    8.34    6.20 
1981 3	  34.58   21.73   11.96    6.08 
1981 4	  45.40   26.51   19.21    6.07 
1981 5	 323.52   28.52   20.03    5.56 
1981 6	 234.92   31.45   23.90    5.84 
1981 7	 119.43   33.00   25.86    4.43 
1981 8	 149.32   33.45   25.00    3.75 
1981 9	  32.08   31.21   21.78    5.10 
1981 10	 195.90   27.93   19.32    5.95 
1981 11	  18.12   24.33   14.52    6.01 
1981 12	 122.43   20.39    9.47    6.45 
1982 1	  12.20   18.22    7.07    7.21 
1982 2	 228.18   18.10    7.90    6.48 
1982 3	  12.90   22.46   13.95    6.58 
1982 4	  52.55   25.53   16.81    6.48 
1982 5	 113.88   28.07   21.30    6.21 
1982 6	  38.78   32.74   24.62    4.56 
1982 7	  29.08   33.79   25.83    4.04 
1982 8	  51.00   33.87   25.43    3.80 
1982 9	  71.60   32.90   22.27    5.31 
1982 10	  89.43   27.51   17.59    6.23 
1982 11	 198.40   22.40   13.28    6.12 
1982 12	  27.30   19.80    9.68    6.90 
1983 1	  68.47   17.31    7.09    5.59 
1983 2	 128.62   18.98    8.49    6.67 
1983 3	  91.72   21.91   11.84    5.70 
1983 4	   2.53   24.88   14.30    6.91 
1983 5	  24.62   28.11   19.89    6.27 
1983 6	  95.97   31.47   22.82    4.67 
1983 7	 312.90   32.46   24.88    4.86 
1983 8	  48.17   33.49   24.96    3.29 
1983 9	 160.60   30.40   21.92    5.75 
1983 10	  96.40   27.67   19.13    5.32 
1983 11	  85.93   24.91   14.47    6.43 
1983 12	  22.60   14.77    4.46    7.51 
1984 1	 125.07   14.26    5.63    6.47 
1984 2	  21.87   19.58    9.01    6.56 
1984 3	  70.12   22.70   13.30    6.03 
1984 4	   0.80   26.73   16.58    6.54 
1984 5	  93.22   29.16   20.91    6.97 
1984 6	   8.90   31.77   24.19    5.52 
1984 7	  78.30   33.39   24.42    4.10 
1984 8	  74.63   32.85   24.77    4.15 
1984 9	 147.85   29.59   21.82    6.87 
1984 10	 436.75   27.96   20.55    6.32 
1984 11	  68.05   23.25   13.81    6.86 
1984 12	  70.47   22.65   13.88    6.70 
1985 1	  82.83   14.44    3.65    6.22 
1985 2	  69.22   16.11    6.89    6.73 
1985 3	 170.48   22.52   15.35    6.56 
1985 4	  89.10   25.94   18.35    6.69 
1985 5	  27.40   29.80   21.19    4.55 
1985 6	  62.75   31.41   23.16    5.46 
1985 7	  49.33   32.69   24.35    4.05 
1985 8	  28.47   34.40   25.24    3.52 
1985 9	 170.05   31.31   21.58    5.87 
1985 10	  85.70   28.49   19.36    7.55 
1985 11	  41.65   24.76   15.93    6.15 
1985 12	  50.78   17.66    7.17    6.53 
1986 1	  47.18   19.86    8.46    6.11 
1986 2	  23.25   21.43   11.15    6.29 
1986 3	  16.85   24.31   12.85    5.83 
1986 4	  16.95   27.01   18.90    6.09 
1986 5	 140.92   28.79   20.85    5.94 
1986 6	 158.80   31.51   24.06    4.20 
1986 7	   2.22   33.86   25.56    4.28 
1986 8	  53.60   34.09   24.75    3.71 
1986 9	  95.90   32.21   24.92    5.28 
1986 10	 362.70   26.87   17.70    6.11 
1986 11	 195.67   22.26   13.32    6.86 
1986 12	 110.57   15.73    8.92    6.94 
1987 1	  76.48   16.77    8.05    6.02 
1987 2	 130.53   19.67   10.52    6.24 
1987 3	  14.97   21.50   11.23    6.02 
1987 4	   1.20   24.82   13.39    4.54 
1987 5	 150.78   27.96   22.22    5.15 
1987 6	 191.60   30.45   23.50    5.00 
1987 7	 104.73   31.33   24.76    4.55 
1987 8	  37.92   33.20   25.44    4.25 
1987 9	  77.90   30.99   21.89    4.86 
1987 10	   8.93   27.26   16.49    6.29 
1987 11	  83.35   22.55   12.03    7.10 
1987 12	  33.47   19.54   10.02    6.56 
1988 1	  40.88   15.99    5.02    7.31 
1988 2	  30.02   17.26    8.14    6.76 
1988 3	  51.80   21.64   11.29    6.69 
1988 4	  66.25   26.15   15.82    5.25 
1988 5	  51.92   28.72   20.10    5.18 
1988 6	  27.85   30.82   22.95    4.77 
1988 7	  68.33   33.17   25.41    4.18 
1988 8	  30.60   33.92   25.69    3.84 
1988 9	  62.78   32.17   22.90    6.19 
1988 10	  47.85   28.87   19.64    5.39 
1988 11	   4.68   25.29   14.95    7.14 
1988 12	  42.78   20.10   10.69    6.67 
1989 1	 166.35   19.94   11.69    5.81 
1989 2	   8.95   16.43    8.29    7.93 
1989 3	  16.30   20.82   11.63    6.61 
1989 4	  27.58   25.08   17.93    5.82 
1989 5	  35.10   29.55   23.73    6.09 
1989 6	 211.57   30.87   24.01    6.05 
1989 7	  64.73   32.58   24.93    4.29 
1989 8	  87.35   31.99   25.05    4.16 
1989 9	  21.95   31.68   20.18    5.92 
1989 10	  79.05   28.41   16.85    5.94 
1989 11	  45.35   22.77   14.95    6.49 
1989 12	  11.07   13.38    3.47    7.60 
1990 1	  49.88   20.38   10.55    6.06 
1990 2	  98.45   20.61   11.72    6.72 
1990 3	 113.00   22.96   12.30    6.72 
1990 4	  59.65   25.12   17.79    6.71 
1990 5	  80.33   28.03   22.56    6.34 
1990 6	  14.60   32.73   25.88    5.03 
1990 7	 241.10   32.67   24.06    4.12 
1990 8	  18.15   33.25   25.26    3.50 
1990 9	  96.55   30.51   21.96    4.12 
1990 10	  29.00   27.45   15.38    6.05 
1990 11	  58.95   24.30   14.23    6.70 
1990 12	  34.10   19.17    8.21    6.43 
1991 1	 241.80   15.85    7.29    6.27 
1991 2	  65.60   19.54   10.33    6.26 
1991 3	  95.10   23.91   14.45    7.13 
1991 4	 159.80   26.86   19.85    6.16 
1991 5	 147.30   29.22   22.15    5.69 
1991 6	 156.38   31.21   24.29    4.92 
1991 7	  26.90   32.66   25.51    3.84 
1991 8	  84.72   32.88   25.31    3.55 
1991 9	 181.03   29.97   21.45    5.24 
1991 10	  92.22   28.25   18.39    5.60 
1991 11	  74.40   20.39   10.77    7.73 
1991 12	 207.12   19.01   11.67    6.98 
1992 1	 136.12   16.09    8.22    6.57 
1992 2	 165.45   20.80   11.47    6.15 
1992 3	 107.85   23.37   14.42    5.96 
1992 4	  89.45   25.87   17.10    5.18 
1992 5	 195.98   27.47   20.14    5.26 
1992 6	  88.50   32.45   24.31    3.82 
1992 7	 154.47   32.73   25.76    5.29 
1992 8	  88.45   32.36   23.17    3.04 
1992 9	  53.25   31.64   23.10    5.17 
1992 10	  82.12   28.53   18.15    5.88 
1992 11	 223.55   21.01   10.99    7.11 
1992 12	  63.28   20.07   10.91    5.27 
1993 1	  70.78   18.47    7.97    5.64 
1993 2	 119.25   19.93   10.04    6.50 
1993 3	 176.60   22.62   12.77    5.07 
1993 4	  57.28   25.19   15.65    6.45 
1993 5	 144.30   28.39   19.28    5.26 
1993 6	 199.55   30.41   24.32    6.44 
1993 7	   1.95   32.43   26.55    4.92 
1993 8	   7.50   33.63   26.39    3.74 
1993 9	  41.93   31.91   23.84    4.98 
1993 10	  65.70   28.39   17.92    6.51 
1993 11	  70.87   20.25   10.85    6.74 
1993 12	 103.25   19.66   10.16    6.23 
1994 1	  55.23   19.01    8.58    7.39 
1994 2	  15.32   17.71    8.85    6.95 
1994 3	  61.85   20.64   13.87    5.78 
1994 4	  91.08   24.53   17.75    5.88 
1994 5	  82.28   29.41   20.37    5.31 
1994 6	 147.50   32.05   24.64    4.82 
1994 7	  18.35   32.69   26.67    4.83 
1994 8	 137.58   32.85   24.40    4.15 
1994 9	  65.90   31.11   22.46    4.33 
1994 10	 129.58   27.65   19.45    5.96 
1994 11	  28.23   25.80   15.23    6.42 
1994 12	 112.55   21.76    9.67    6.14 
1995 1	  54.18   19.02    8.69    6.97 
1995 2	  21.88   21.57   10.09    5.67 
1995 3	  64.80   21.56   13.59    6.04 
1995 4	 120.00   25.67   16.59    6.73 
1995 5	  92.12   29.17   20.85    6.29 
1995 6	  51.28   32.23   23.57    4.91 
1995 7	  19.70   32.55   26.77    3.86 
1995 8	  81.83   32.72   25.74    3.85 
1995 9	  38.25   33.06   23.37    4.75 
1995 10	  48.12   28.35   17.07    8.08 
1995 11	  25.95   22.82   11.49    6.31 
1995 12	 170.95   19.08   11.28    7.12 
1996 1	  10.52   18.28    7.72    7.20 
1996 2	  10.73   18.85   10.57    6.74 
1996 3	   8.73   19.63   10.48    6.78 
1996 4	   6.93   23.74   13.90    6.60 
1996 5	   2.30   29.73   24.28    6.16 
1996 6	 122.33   31.75   25.04    4.77 
1996 7	  15.35   32.66   26.87    4.47 
1996 8	 155.53   31.70   25.78    4.80 
1996 9	 106.28   30.36   23.66    4.39 
1996 10	  96.30   27.51   19.30    6.86 
1996 11	  23.40   22.87   15.10    7.07 
1996 12	  59.20   20.18   11.02    6.25 
1997 1	  85.30   15.64    7.81    6.55 
1997 2	  46.18   17.77   10.42    6.92 
1997 3	 285.03   22.10   15.05    5.28 
1997 4	 142.68   23.33   16.27    6.81 
1997 5	 143.38   26.74   21.16    4.96 
1997 6	  50.83   30.48   25.04    4.28 
1997 7	  35.83   32.40   26.51    2.95 
1997 8	  21.65   32.66   26.37    3.64 
1997 9	 249.45   31.20   24.16    4.24 
1997 10	 255.80   25.88   19.03    6.94 
1997 11	 102.18   20.17   11.26    6.16 
1997 12	  34.98   18.06    8.04    6.68 
1998 1	  46.42   20.06   11.24    5.79 
1998 2	  70.12   19.45   11.47    6.13 
1998 3	  33.60   20.92   13.37    7.23 
1998 4	   6.15   25.22   16.92    5.81 
1998 5	   0.55   28.76   23.21    4.88 
1998 6	  38.12   32.00   26.53    6.55 
1998 7	  44.67   33.05   27.03    4.53 
1998 8	  99.40   32.87   24.94    3.90 
1998 9	 227.90   32.00   24.61    5.78 
1998 10	 160.82   28.35   20.69    7.70 
1998 11	 175.28   23.38   16.62    6.29 
1998 12	  15.42   18.93    9.97    6.54 
1999 1	  23.90   19.03    9.96    7.28 
1999 2	  23.50   21.79   13.58    5.86 
1999 3	  65.73   22.04   15.22    6.17 
1999 4	  20.58   26.01   19.08    6.98 
1999 5	  51.73   28.25   22.02    5.36 
1999 6	  82.50   30.86   25.17    5.25 
1999 7	 164.93   31.42   25.18    4.14 
1999 8	   9.65   33.87   25.34    3.09 
1999 9	  38.42   32.09   21.33    5.25 
1999 10	  13.20   27.66   15.97    6.46 
1999 11	   5.00   25.40   12.48    5.89 
1999 12	  20.68   20.31    7.10    6.99 
2000 1	  24.03   20.57   10.54    6.57 
2000 2	  11.25   22.47   12.78    6.60 
2000 3	  64.75   24.62   16.60    5.51 
2000 4	  95.77   25.94   16.93    5.69 
2000 5	 154.98   29.33   22.43    6.12 
2000 6	 110.68   30.99   24.02    5.53 
2000 7	  11.10   32.39   25.64    3.13 
2000 8	  12.75   33.70   25.33    3.58 
2000 9	  12.75   32.90   21.90    5.43 
2000 10	  31.90   27.12   18.51    6.59 
2000 11	 168.07   21.04   10.50    6.39 
2000 12	  88.68   15.75    5.62    6.91 
2001 1	 120.28   15.76    6.48    5.94 
2001 2	   6.65   20.34   11.14    6.40 
2001 3	  51.45   20.20   10.36    5.67 
2001 4	   0.85   26.09   18.57    7.30 
2001 5	 118.30   30.24   21.33    5.62 
2001 6	 107.33   32.02   23.90    4.43 
2001 7	  45.68   32.96   25.53    3.53 
2001 8	 171.15   32.76   25.73    4.45 
2001 9	 153.82   29.85   22.77    5.92 
2001 10	  70.92   26.93   18.66    6.47 
2001 11	 150.57   24.45   14.13    6.24 
2001 12	  72.00   19.76    8.83    6.17 
2002 1	  55.82   18.59    7.34    6.51 
2002 2	   8.22   17.68    5.34    6.83 
2002 3	   8.40   21.54   11.19    6.87 
2002 4	  57.35   25.63   19.76    5.91 
2002 5	  20.58   28.02   20.57    6.66 
2002 6	 155.33   30.88   23.24    4.76 
2002 7	  79.20   31.08   25.18    4.61 
2002 8	  61.50   32.91   25.03    3.72 
2002 9	 239.72   30.85   21.73    5.77 
2002 10	 312.00   26.77   19.01    5.38 
2002 11	 148.77   20.98   10.90    6.54 
2002 12	 110.50   18.11    8.47    7.03 
2003 1	  76.28   15.64    5.78    6.03 
2003 2	  56.02   16.80    8.52    6.54 
2003 3	  23.25   21.17   12.23    4.42 
2003 4	   4.20   24.73   17.72    5.66 
2003 5	   2.28   30.05   22.68    5.76 
2003 6	 132.15   31.99   23.52    4.30 
2003 7	 155.15   31.07   24.45    4.79 
2003 8	  37.50   32.86   24.99    3.45 
2003 9	 252.15   30.09   21.53    5.11 
2003 10	  79.08   27.35   17.19    5.63 
2003 11	  41.05   24.47   14.49    7.03 
2003 12	  32.17   19.33    7.50    6.44 
2004 1	  98.45   18.22    9.89    6.57 
2004 2	  65.45   17.22    8.07    6.63 
2004 3	  27.72   23.62   15.87    6.07 
2004 4	 147.53   25.06   17.44    6.33 
2004 5	 310.25   27.64   21.26    6.37 
2004 6	 353.00   30.69   23.78    5.34 
2004 7	  92.55   32.43   24.83    3.84 
2004 8	  43.02   32.68   23.95    4.17 
2004 9	  85.60   31.45   21.84    3.91 
2004 10	 165.00   29.33   21.85    5.74 
2004 11	 229.97   23.19   13.94    6.23 
2004 12	  35.27   17.78    7.99    6.73 
2005 1	  45.13   18.46    9.51    5.85 
2005 2	  90.88   18.67   12.28    6.06 
2005 3	 161.98   22.42   13.44    5.01 
2005 4	  36.83   25.89   16.86    5.74 
2005 5	  80.65   27.83   20.58    4.91 
2005 6	  24.90   31.29   25.06    4.61 
2005 7	 120.15   32.84   25.45    4.40 
2005 8	  37.00   33.43   26.34    3.72 
2005 9	 129.88   33.23   25.44    5.10 
2005 10	 126.60   28.08   18.15    6.56 
2005 11	  70.03   24.48   14.72    6.86 
2005 12	  23.50   19.00    7.82    6.91 
2006 1	  42.42   21.08   10.46    6.12 
2006 2	  26.05   20.02    9.43    6.56 
2006 3	  32.90   23.91   15.88    6.93 
2006 4	  16.42   26.63   20.27    5.90 
2006 5	 175.97   29.17   21.96    5.81 
2006 6	 258.20   30.86   24.06    3.48 
2006 7	 235.50   31.13   25.50    3.95 
2006 8	  58.63   32.68   26.04    3.76 
2006 9	 149.38   31.05   23.00    4.33 
2006 10	 210.67   28.31   19.05    6.09 
2006 11	  13.82   24.61   14.81    6.02 
2006 12	 120.73   19.15    9.69    6.70 
2007 1	 274.15   15.47    6.96    6.59 
2007 2	  11.65   17.90    9.06    6.34 
2007 3	 112.18   22.85   15.93    6.23 
2007 4	 109.75   23.67   16.06    5.97 
2007 5	 107.50   28.17   21.08    5.50 
2007 6	 128.53   30.85   24.61    5.00 
2007 7	 440.22   30.80   24.33    4.96 
2007 8	 181.20   32.99   26.03    4.07 
2007 9	  95.23   30.93   22.94    4.06 
2007 10	  38.75   29.28   18.77    6.42 
2007 11	  54.15   23.12   13.69    5.66 
2007 12	  23.42   22.15   10.01    5.26 
2008 1	 109.95   17.62    7.18    7.16 
2008 2	  37.73   21.68   11.63    6.37 
2008 3	  36.90   22.96   13.27    7.33 
2008 4	  69.28   26.69   17.34    6.47 
2008 5	   8.18   29.33   22.44    6.15 
2008 6	  54.38   32.91   25.49    5.05 
2008 7	  96.20   32.48   24.64    4.82 
2008 8	 152.55   33.00   24.87    3.86 
2008 9	  37.83   33.47   21.42    6.00 
2008 10	  19.57   29.34   16.39    6.09 
2008 11	  88.03   24.11   13.47    6.29 
2008 12	  26.42   20.23    8.15    7.37 
2009 1	   1.30   20.23    7.47    6.06 
2009 2	  37.33   22.23   11.84    6.78 
2009 3	  49.40   22.45   13.29    6.56 
2009 4	  36.23   25.75   17.24    6.61 
2009 5	 102.18   29.55   21.68    5.70 
2009 6	   9.32   31.48   25.55    4.10 
2009 7	   1.02   33.20   27.17    3.73 
2009 8	  15.35   33.20   26.97    2.83 
2009 9	 141.62   31.21   22.52    3.63 
2009 10	 239.45   28.06   18.87    6.79 
2009 11	 143.47   23.59   13.26    6.80 
2009 12	 144.18   15.93    6.54    6.84 
2010 1	 148.77   16.29    6.84    6.98 
2010 2	 167.45   16.14    6.28    6.79 
2010 3	  42.17   20.70   11.61    5.97 
2010 4	  12.60   25.32   17.32    5.98 
2010 5	  94.55   29.65   22.30    5.08 
2010 6	  66.57   31.72   26.05    5.52 
2010 7	 247.57   32.30   24.73    5.45 
2010 8	  33.70   33.86   25.74    3.22 
2010 9	 275.35   31.02   21.63    6.02 
2010 10	   1.35   28.92   16.97    5.45 
2010 11	  67.63   23.42   12.79    6.77 
2010 12	  48.30   20.21    7.81    6.79 
