1949 1	  46.00    2.97   -8.37    3.84 
1949 2	  21.27   11.99   -2.63    3.46 
1949 3	   4.00   18.35   -0.09    4.08 
1949 4	  32.67   20.06    5.02    3.17 
1949 5	 154.80   26.09   10.95    3.81 
1949 6	 128.73   30.86   14.90    4.03 
1949 7	  77.22   32.69   17.44    3.16 
1949 8	  46.20   31.14   15.46    2.58 
1949 9	  51.27   27.43   12.65    2.90 
1949 10	  31.97   21.83    5.24    3.01 
1949 11	   4.32   20.98   -0.34    2.63 
1949 12	  10.38   11.56   -5.79    3.21 
1950 1	   1.73   15.45   -4.54    3.48 
1950 2	   0.15   17.45   -3.49    3.09 
1950 3	   0.12   19.43   -3.00    4.27 
1950 4	   5.03   23.83    3.62    4.21 
1950 5	  28.70   27.81    9.16    3.66 
1950 6	  37.20   33.29   15.65    4.35 
1950 7	 238.75   30.14   16.73    3.64 
1950 8	  59.57   31.24   14.84    3.00 
1950 9	  91.13   25.70   12.28    2.90 
1950 10	  11.88   26.54    7.52    2.93 
1950 11	   0.00   18.88   -2.33    2.85 
1950 12	   8.98   14.27   -6.13    2.34 
1951 1	  16.70   11.07   -6.66    3.46 
1951 2	  24.82   13.90   -4.37    4.12 
1951 3	   4.88   16.53   -1.55    3.89 
1951 4	   3.10   22.43    2.56    3.93 
1951 5	 120.17   26.73    9.73    4.06 
1951 6	 101.02   31.51   14.14    4.33 
1951 7	  51.10   34.24   17.96    3.76 
1951 8	  27.55   33.24   17.24    3.50 
1951 9	   3.22   30.06   11.74    3.68 
1951 10	  42.95   24.63    5.56    3.45 
1951 11	   6.85   14.93   -2.56    3.17 
1951 12	  17.72   11.74   -4.42    3.59 
1952 1	  15.70   13.37   -4.12    3.32 
1952 2	   4.40   15.12   -3.57    3.67 
1952 3	   5.70   16.41   -2.02    4.65 
1952 4	  58.98   21.30    4.59    3.71 
1952 5	  12.30   27.84    9.80    3.77 
1952 6	  47.10   34.21   17.46    4.95 
1952 7	  40.13   32.16   17.16    3.54 
1952 8	  48.75   34.53   18.26    3.28 
1952 9	  22.60   28.22   11.29    2.50 
1952 10	   0.00   23.98    3.38    2.68 
1952 11	  28.82   13.36   -2.58    2.91 
1952 12	   9.45   11.24   -5.19    2.87 
1953 1	  18.48   16.34   -2.46    4.00 
1953 2	  13.65   13.63   -4.41    3.27 
1953 3	   9.43   20.52    1.93    3.67 
1953 4	  19.67   22.89    3.39    3.79 
1953 5	  37.70   26.67    8.71    4.26 
1953 6	  10.10   36.15   17.52    4.71 
1953 7	  82.22   33.88   18.35    3.71 
1953 8	  52.43   32.25   16.83    3.05 
1953 9	   0.05   31.59   10.95    2.69 
1953 10	  47.78   23.53    6.54    3.28 
1953 11	   9.97   16.99   -0.52    3.03 
1953 12	   5.60    9.98   -6.04    3.60 
1954 1	   3.05   13.47   -4.66    2.97 
1954 2	  11.43   18.48   -1.26    3.73 
1954 3	   1.02   17.00   -1.14    3.79 
1954 4	  15.85   25.82    6.86    3.80 
1954 5	  32.20   25.25    9.64    3.64 
1954 6	  17.53   33.20   15.60    4.26 
1954 7	  10.38   35.66   18.10    3.06 
1954 8	 120.85   32.43   17.33    3.43 
1954 9	   7.62   30.65   13.79    3.19 
1954 10	  64.55   23.28    7.53    3.01 
1954 11	   0.12   18.97   -0.63    2.77 
1954 12	   2.62   14.48   -4.32    3.26 
1955 1	  12.70   10.79   -4.38    3.17 
1955 2	   0.08   13.13   -6.99    3.46 
1955 3	   0.15   18.62   -1.46    3.71 
1955 4	  15.88   23.68    4.08    4.31 
1955 5	  69.43   26.33    9.83    3.47 
1955 6	  28.87   31.58   13.38    4.02 
1955 7	  94.20   31.80   17.39    3.31 
1955 8	  19.10   32.74   16.35    2.58 
1955 9	  69.08   29.81   13.18    3.10 
1955 10	  18.25   23.94    5.92    2.79 
1955 11	   1.62   17.32   -2.06    3.20 
1955 12	   0.43   14.80   -3.20    3.21 
1956 1	   2.28   13.75   -4.36    2.79 
1956 2	  29.80    9.99   -6.32    3.76 
1956 3	   0.00   20.34   -0.77    3.63 
1956 4	   8.52   23.44    3.17    3.72 
1956 5	  43.20   30.27   12.20    4.33 
1956 6	  62.78   33.68   16.98    4.03 
1956 7	  33.78   33.96   17.15    3.61 
1956 8	  15.47   33.15   15.57    3.38 
1956 9	  11.10   32.67   12.00    3.32 
1956 10	  30.07   25.87    6.96    2.92 
1956 11	   0.25   16.17   -3.12    2.95 
1956 12	   0.00   14.46   -4.39    3.21 
1957 1	   3.80   11.91   -4.98    3.41 
1957 2	  13.90   16.68    1.09    3.01 
1957 3	  33.92   16.64    0.65    3.72 
1957 4	  43.55   20.01    3.63    3.90 
1957 5	 120.30   24.55    9.93    3.14 
1957 6	  20.32   30.97   14.66    3.88 
1957 7	  37.72   34.93   18.32    3.24 
1957 8	  77.43   32.01   17.14    3.03 
1957 9	  80.80   27.59   10.71    2.88 
1957 10	  78.47   19.64    6.93    3.02 
1957 11	  19.67   11.56   -0.65    3.08 
1957 12	   1.00   15.26   -3.28    3.26 
1958 1	  38.15    9.05   -5.09    3.25 
1958 2	   6.88   13.25   -2.85    3.83 
1958 3	  44.10   11.14   -1.71    3.30 
1958 4	  34.28   19.55    3.90    3.76 
1958 5	  58.00   27.30   11.53    2.88 
1958 6	  56.12   32.91   16.44    4.01 
1958 7	  59.55   34.24   18.02    4.36 
1958 8	  37.20   33.15   17.42    2.54 
1958 9	 128.42   27.57   14.04    3.00 
1958 10	  15.45   20.48    6.67    2.50 
1958 11	  15.40   17.89   -0.46    2.84 
1958 12	   3.80   13.51   -5.92    2.91 
1959 1	   0.77   12.08   -6.83    3.32 
1959 2	   3.25   12.47   -3.95    3.88 
1959 3	   4.32   18.01   -1.77    4.04 
1959 4	  33.03   21.93    4.96    3.79 
1959 5	  65.47   27.40   11.10    4.03 
1959 6	 105.38   32.01   16.28    3.29 
1959 7	  80.70   31.71   16.62    2.57 
1959 8	  62.22   32.46   17.19    3.12 
1959 9	  17.67   30.80   12.32    3.78 
1959 10	  53.23   21.85    4.24    2.79 
1959 11	   1.40   14.86   -3.51    2.68 
1959 12	  43.57   12.00   -3.23    3.36 
1960 1	  32.55    8.27   -6.35    3.14 
1960 2	  21.08    9.76   -6.56    4.16 
1960 3	   7.23   16.40   -1.82    3.30 
1960 4	   6.12   25.11    5.15    4.00 
1960 5	  26.92   28.47    8.04    3.58 
1960 6	  95.65   33.00   15.78    3.62 
1960 7	 227.85   31.38   16.77    2.88 
1960 8	  62.50   32.03   16.68    3.30 
1960 9	  41.60   29.16   12.58    2.64 
1960 10	 135.92   22.88    6.20    2.84 
1960 11	   0.00   17.95   -0.47    2.84 
1960 12	  39.33    7.22   -5.00    3.43 
1961 1	  14.75   10.09   -7.82    2.90 
1961 2	   8.00   14.04   -3.62    3.33 
1961 3	  49.10   17.33   -0.02    3.69 
1961 4	   4.18   22.83    3.38    4.09 
1961 5	  28.95   28.53    9.85    3.97 
1961 6	  61.28   32.01   14.78    3.30 
1961 7	  66.73   31.41   16.18    3.10 
1961 8	  63.45   31.15   15.73    2.49 
1961 9	  32.55   27.98   10.95    3.52 
1961 10	  11.98   24.51    4.69    3.28 
1961 11	  49.12   11.33   -0.99    3.24 
1961 12	  14.60   10.86   -4.79    3.13 
1962 1	  18.33    9.04   -8.15    3.49 
1962 2	  11.62   18.06   -2.43    3.66 
1962 3	  12.27   16.19   -2.55    4.24 
1962 4	  17.45   23.46    5.17    3.63 
1962 5	   9.10   31.29   11.17    5.08 
1962 6	  32.80   31.62   14.43    3.63 
1962 7	 171.65   32.16   17.38    3.35 
1962 8	  22.88   33.77   15.85    2.77 
1962 9	  69.90   27.71   13.52    2.53 
1962 10	  42.75   23.60    6.99    2.98 
1962 11	  19.35   17.40    0.55    2.53 
1962 12	   5.60   12.66   -3.46    2.73 
1963 1	   0.75    9.81  -10.56    3.25 
1963 2	  21.05   14.42   -3.45    3.15 
1963 3	   6.85   19.17    0.37    4.02 
1963 4	  10.43   25.38    7.01    3.62 
1963 5	  71.12   28.22   11.09    3.97 
1963 6	 162.88   30.17   15.04    3.98 
1963 7	  86.40   33.55   18.22    3.75 
1963 8	  50.70   31.87   16.91    2.45 
1963 9	  31.10   29.61   13.46    2.08 
1963 10	   9.70   27.30    8.20    2.41 
1963 11	  13.17   18.64    0.05    2.73 
1963 12	   2.75   10.49   -6.59    2.59 
1964 1	   1.40   12.10   -6.73    3.49 
1964 2	  21.90    8.62   -6.79    3.44 
1964 3	   6.00   17.62   -2.11    3.81 
1964 4	   0.00   24.39    4.16    3.84 
1964 5	  23.25   29.13   10.86    4.01 
1964 6	  80.43   32.13   14.42    4.05 
1964 7	  11.30   35.56   18.04    3.21 
1964 8	  36.85   33.53   16.57    3.30 
1964 9	  59.23   27.49   13.05    2.78 
1964 10	   1.08   25.47    5.72    2.69 
1964 11	  56.57   16.64    0.26    3.22 
1964 12	  10.12   12.15   -3.86    3.20 
1965 1	   2.53   14.75   -3.76    3.54 
1965 2	  16.90   12.62   -5.58    3.45 
1965 3	   7.90   13.90   -4.08    3.71 
1965 4	  20.25   24.42    6.19    3.75 
1965 5	  40.20   27.63   11.01    3.91 
1965 6	 103.55   30.89   15.10    4.35 
1965 7	  55.12   33.92   17.79    3.03 
1965 8	  46.90   31.83   15.80    3.03 
1965 9	  44.00   28.76   11.63    3.23 
1965 10	  26.78   24.40    4.83    2.43 
1965 11	   4.07   20.56    2.41    2.50 
1965 12	  10.43   14.22   -2.81    3.46 
1966 1	  18.80    8.64   -8.88    2.88 
1966 2	   4.07   11.65   -5.99    3.31 
1966 3	   0.03   20.39   -0.02    4.22 
1966 4	  23.88   22.89    4.88    3.48 
1966 5	  26.92   27.66    9.71    3.21 
1966 6	  97.57   30.49   15.53    4.07 
1966 7	  21.57   35.46   19.29    3.25 
1966 8	 163.12   29.75   16.25    3.04 
1966 9	  47.35   27.87   13.06    1.96 
1966 10	   2.53   23.17    3.75    2.49 
1966 11	   8.30   20.08    0.60    3.35 
1966 12	   3.80   12.76   -7.04    2.92 
1967 1	   0.00   14.42   -6.25    3.25 
1967 2	   2.20   14.95   -4.99    3.30 
1967 3	   7.72   22.65    2.32    4.07 
1967 4	   8.45   26.44    6.87    4.93 
1967 5	  20.30   28.49    7.77    3.65 
1967 6	  99.15   30.87   14.94    4.43 
1967 7	 122.10   32.24   16.73    3.57 
1967 8	  36.02   31.24   14.80    2.91 
1967 9	  39.47   28.00   11.78    2.71 
1967 10	   2.20   25.78    4.39    3.56 
1967 11	   2.22   18.03   -0.37    3.15 
1967 12	  18.20    9.60   -6.27    3.72 
1968 1	  45.65   11.90   -3.84    3.49 
1968 2	  13.38   12.98   -3.95    3.10 
1968 3	  30.10   17.25    0.13    4.37 
1968 4	   4.32   22.05    3.76    4.19 
1968 5	  45.65   26.82    9.09    4.30 
1968 6	   9.60   33.95   14.57    4.10 
1968 7	  46.15   31.65   17.18    3.85 
1968 8	  54.82   31.55   16.63    3.91 
1968 9	  31.78   28.57   10.69    3.19 
1968 10	  14.75   24.82    6.47    3.85 
1968 11	  17.30   14.83    0.19    3.54 
1968 12	   5.50   13.21   -4.84    4.26 
1969 1	   0.00   15.40   -3.87    3.61 
1969 2	  18.10   13.30   -2.92    3.53 
1969 3	  17.12   11.96   -3.22    3.70 
1969 4	  39.53   23.07    6.49    4.27 
1969 5	 110.08   26.68   10.86    3.69 
1969 6	  51.95   30.51   13.73    3.69 
1969 7	  62.88   34.76   18.56    3.37 
1969 8	  38.15   33.68   17.50    2.84 
1969 9	  56.83   27.65   13.89    2.61 
1969 10	 122.10   19.67    5.38    3.58 
1969 11	   9.52   16.65   -1.09    2.81 
1969 12	  18.17   13.68   -3.19    2.88 
1970 1	   0.30   10.39   -6.68    2.80 
1970 2	   4.30   15.19   -2.38    2.89 
1970 3	  18.30   14.76   -2.29    3.45 
1970 4	  10.95   22.01    2.91    3.69 
1970 5	   9.02   28.72    8.97    3.88 
1970 6	  87.12   30.95   13.77    3.75 
1970 7	  40.98   32.68   17.71    3.39 
1970 8	  45.25   32.99   16.15    2.93 
1970 9	  62.72   27.66   12.26    3.31 
1970 10	  18.03   20.35    3.42    2.72 
1970 11	   0.05   17.34   -1.22    3.35 
1970 12	   0.32   15.69   -3.41    2.69 
1971 1	   0.28   13.46   -5.14    2.97 
1971 2	   6.68   13.34   -5.29    3.64 
1971 3	   1.95   19.35   -2.13    3.70 
1971 4	  31.38   22.65    3.95    3.65 
1971 5	  19.10   27.43    8.57    3.92 
1971 6	  38.05   32.58   15.18    4.32 
1971 7	  52.20   32.62   17.09    2.96 
1971 8	 116.70   28.11   15.23    2.32 
1971 9	  71.60   26.55   11.57    3.33 
1971 10	  31.93   22.50    6.19    2.78 
1971 11	  39.75   17.31    0.63    3.12 
1971 12	  23.80   11.48   -2.76    3.55 
1972 1	   1.68   13.91   -6.22    3.35 
1972 2	   3.95   16.45   -4.94    3.26 
1972 3	   1.40   22.73    1.57    3.56 
1972 4	   0.00   25.95    5.50    4.24 
1972 5	  58.02   26.26    9.78    3.39 
1972 6	  65.15   31.70   14.72    2.95 
1972 7	  64.75   30.84   16.35    3.73 
1972 8	  85.67   29.66   15.08    2.90 
1972 9	  58.52   27.81   12.86    2.96 
1972 10	  63.85   22.43    6.21    3.00 
1972 11	  22.12   10.92   -3.17    2.93 
1972 12	  13.35   10.81   -6.56    3.53 
1973 1	  18.35    7.84   -6.17    3.60 
1973 2	  21.08   11.41   -4.22    3.38 
1973 3	  58.88   16.08    0.16    4.15 
1973 4	  49.45   18.71    1.25    3.35 
1973 5	  24.80   26.04    8.09    3.28 
1973 6	  46.03   31.23   13.18    3.75 
1973 7	 102.98   31.55   16.30    3.39 
1973 8	  12.15   32.45   15.11    3.28 
1973 9	  36.65   27.76   11.67    3.54 
1973 10	  28.88   25.17    6.08    3.20 
1973 11	   0.90   19.79    0.11    3.99 
1973 12	   1.45   14.39   -5.70    4.27 
1974 1	  17.10   12.30   -5.69    3.76 
1974 2	   1.70   15.57   -5.59    4.17 
1974 3	  13.52   22.46    1.89    4.36 
1974 4	   9.75   24.19    4.78    5.17 
1974 5	   6.75   30.87   11.41    4.08 
1974 6	  31.38   32.85   14.52    3.92 
1974 7	  38.18   33.42   16.48    3.40 
1974 8	 164.55   29.58   15.38    3.26 
1974 9	  74.25   23.44   10.04    3.12 
1974 10	 134.35   21.65    7.28    3.34 
1974 11	   7.02   15.18    0.19    3.10 
1974 12	  18.20   10.28   -4.84    3.45 
1975 1	   9.27   11.44   -4.69    3.82 
1975 2	  30.30   10.95   -4.17    3.49 
1975 3	  10.45   16.96   -1.90    4.07 
1975 4	  34.92   20.97    3.05    4.87 
1975 5	  22.98   26.63    8.57    3.63 
1975 6	  33.22   32.32   13.78    4.59 
1975 7	 129.87   29.47   15.96    2.94 
1975 8	  24.55   31.85   15.37    3.32 
1975 9	  36.97   26.22    9.99    3.15 
1975 10	   2.82   25.01    4.59    3.35 
1975 11	  15.38   17.84   -1.86    3.51 
1975 12	   6.08   14.23   -4.50    3.04 
1976 1	   1.62   13.04   -7.07    3.20 
1976 2	   7.03   18.56   -1.20    3.91 
1976 3	   5.53   18.21   -0.63    4.07 
1976 4	  18.62   23.70    6.15    4.61 
1976 5	  17.72   25.44    7.81    3.24 
1976 6	  49.77   31.65   13.83    3.75 
1976 7	  48.60   30.18   16.24    3.29 
1976 8	  99.50   31.70   15.47    2.94 
1976 9	  81.85   26.67   12.37    2.43 
1976 10	  15.38   19.71    2.53    2.84 
1976 11	  13.88   13.22   -2.96    2.66 
1976 12	   0.00   12.66   -6.48    2.94 
1977 1	   7.72    8.46   -7.90    2.57 
1977 2	  14.52   14.90   -2.78    3.47 
1977 3	  12.65   17.43   -0.70    4.25 
1977 4	  52.32   21.91    6.25    3.73 
1977 5	  66.53   27.79   11.82    4.25 
1977 6	  40.38   33.61   15.53    3.83 
1977 7	  18.48   33.79   17.52    3.44 
1977 8	 119.05   32.78   17.73    3.47 
1977 9	   6.05   31.60   13.03    3.00 
1977 10	  30.92   23.98    6.53    2.69 
1977 11	   6.88   18.63   -0.79    3.06 
1977 12	   3.00   14.72   -3.15    3.47 
1978 1	  17.75    7.63   -7.13    3.09 
1978 2	  31.45    7.46   -5.41    3.03 
1978 3	   9.00   18.46   -0.13    3.60 
1978 4	  16.23   26.12    6.37    3.93 
1978 5	  60.10   27.12    9.88    3.47 
1978 6	  76.28   32.24   16.08    3.99 
1978 7	  32.68   34.72   17.58    3.20 
1978 8	  52.95   31.70   16.04    3.13 
1978 9	  47.50   27.68   13.34    2.65 
1978 10	  15.90   23.90    6.21    2.69 
1978 11	  56.80   14.30    2.33    3.05 
1978 12	  11.47    9.97   -6.35    3.44 
1979 1	  20.20    5.61   -8.11    3.04 
1979 2	   4.38   13.54   -4.82    3.00 
1979 3	  17.15   17.15   -0.18    3.85 
1979 4	  46.37   22.27    4.92    3.55 
1979 5	  59.85   25.95    9.15    3.45 
1979 6	  94.20   29.71   13.89    3.47 
1979 7	  86.45   33.24   16.98    3.32 
1979 8	  65.30   30.68   15.20    3.12 
1979 9	  37.10   29.40   12.33    2.27 
1979 10	  11.52   26.31    6.04    3.09 
1979 11	   6.62   13.20   -2.56    2.73 
1979 12	  12.75   11.75   -4.41    2.97 
1980 1	   9.38   11.15   -4.28    3.05 
1980 2	  15.75   13.70   -3.59    3.58 
1980 3	  11.60   17.57   -1.97    4.34 
1980 4	  11.53   21.64    2.52    3.67 
1980 5	  72.65   25.60    9.53    3.28 
1980 6	   5.50   35.95   17.13    4.67 
1980 7	  16.95   35.96   19.19    3.60 
1980 8	  37.85   32.64   17.44    3.98 
1980 9	  70.95   28.79   14.41    3.01 
1980 10	  15.40   22.40    5.07    2.73 
1980 11	  30.28   14.52   -1.18    2.97 
1980 12	   5.40   15.32   -2.26    3.24 
1981 1	   7.92   12.79   -3.99    2.51 
1981 2	  10.95   16.07   -3.69    3.14 
1981 3	  21.38   16.37    1.67    3.78 
1981 4	  22.88   24.78    6.99    4.10 
1981 5	  43.95   26.54    9.83    3.61 
1981 6	  37.90   33.79   15.80    4.14 
1981 7	  77.40   32.95   18.53    3.66 
1981 8	 161.60   29.58   16.70    2.67 
1981 9	  90.62   27.63   12.96    2.85 
1981 10	  71.15   21.38    7.32    3.10 
1981 11	  19.10   18.96    1.67    2.72 
1981 12	   0.50   14.41   -3.11    2.89 
1982 1	   3.15   11.67   -5.22    3.77 
1982 2	   9.62   11.26   -5.06    3.46 
1982 3	   5.98   18.50    0.28    3.81 
1982 4	  21.20   21.65    4.09    3.91 
1982 5	  50.18   26.40   10.02    4.02 
1982 6	  99.10   29.98   13.65    4.21 
1982 7	  86.67   32.68   17.59    3.77 
1982 8	  28.62   33.00   17.70    3.07 
1982 9	  29.08   30.37   13.87    3.18 
1982 10	   6.88   23.13    4.95    2.92 
1982 11	  29.95   14.80   -0.22    3.57 
1982 12	  33.55    8.79   -3.95    3.52 
1983 1	  35.85    8.97   -5.67    3.16 
1983 2	   7.82   11.83   -2.39    3.22 
1983 3	  12.52   17.16   -0.04    3.89 
1983 4	  11.82   19.50    1.36    4.09 
1983 5	  29.05   27.08    7.16    3.66 
1983 6	  55.17   30.57   12.99    3.84 
1983 7	  18.85   34.65   16.89    3.83 
1983 8	  13.30   34.92   16.62    2.44 
1983 9	  19.07   31.84   13.47    3.54 
1983 10	  75.58   23.39    7.78    3.10 
1983 11	   5.40   17.66    1.80    3.27 
1983 12	   8.75    6.27   -8.67    3.18 
1984 1	  10.27    9.66   -7.04    2.90 
1984 2	   1.80   15.51   -5.23    3.85 
1984 3	   6.73   18.12   -1.61    3.52 
1984 4	  14.12   22.09    2.95    3.77 
1984 5	  63.05   29.13   10.63    3.75 
1984 6	  94.45   31.40   15.73    3.64 
1984 7	  58.85   33.06   16.64    2.82 
1984 8	 172.63   30.76   16.26    2.52 
1984 9	  11.68   27.91   10.30    3.40 
1984 10	  96.97   19.97    5.76    3.09 
1984 11	  36.45   15.97    0.20    3.34 
1984 12	  20.80   11.33   -2.61    3.25 
1985 1	   9.47    8.92   -6.65    3.06 
1985 2	   6.00   11.89   -5.39    3.30 
1985 3	  59.70   18.52    0.65    4.28 
1985 4	  30.48   24.74    5.93    3.81 
1985 5	  74.27   27.88    9.55    3.29 
1985 6	  79.85   31.05   14.49    3.82 
1985 7	  38.80   34.40   15.67    2.72 
1985 8	  50.77   34.62   16.62    3.14 
1985 9	 117.00   28.35   12.49    3.23 
1985 10	  78.42   22.09    6.15    2.89 
1985 11	   2.37   18.25   -1.51    2.86 
1985 12	   4.05   11.48   -7.93    2.50 
1986 1	   0.00   15.94   -5.75    2.89 
1986 2	  26.80   14.10   -3.04    3.50 
1986 3	   3.97   20.76    0.37    3.63 
1986 4	   6.27   25.52    5.69    3.83 
1986 5	  96.00   27.63    8.51    3.28 
1986 6	  98.90   29.65   15.28    2.73 
1986 7	  16.35   33.84   17.25    3.96 
1986 8	  98.23   31.59   16.28    2.94 
1986 9	  85.43   28.22   13.20    3.14 
1986 10	  69.22   20.74    6.18    2.80 
1986 11	  61.65   14.30   -1.53    3.25 
1986 12	  43.02    8.86   -4.55    2.58 
1987 1	  18.42    9.62   -6.12    3.66 
1987 2	  26.88   12.61   -2.49    3.77 
1987 3	   4.95   15.86   -2.67    3.43 
1987 4	  15.70   21.90    1.90    3.25 
1987 5	  70.50   26.24    9.85    3.43 
1987 6	  71.85   30.99   14.54    2.97 
1987 7	  31.55   33.07   16.52    4.14 
1987 8	 169.47   31.29   15.93    3.09 
1987 9	  69.40   27.27   11.50    2.31 
1987 10	  17.60   23.73    4.79    3.01 
1987 11	   5.22   16.67   -2.17    3.06 
1987 12	  36.08    9.53   -6.96    3.22 
1988 1	   1.30    8.44   -7.88    3.41 
1988 2	   7.03   14.88   -5.61    3.11 
1988 3	  23.00   18.46   -3.05    4.01 
1988 4	  20.92   22.12    2.09    3.39 
1988 5	 153.12   26.13    8.32    4.05 
1988 6	 127.23   30.38   14.55    3.03 
1988 7	  51.77   31.00   16.80    2.78 
1988 8	  54.77   31.17   16.70    2.83 
1988 9	  84.62   28.16   11.21    2.89 
1988 10	   2.32   24.10    5.77    2.60 
1988 11	   4.35   18.51   -0.88    3.41 
1988 12	   8.15   11.55   -5.99    2.85 
1989 1	   7.03   13.96   -4.81    3.37 
1989 2	  17.55   10.87   -5.04    3.25 
1989 3	   3.35   21.96    0.67    3.66 
1989 4	   2.10   25.27    5.74    3.85 
1989 5	  24.35   29.70   11.68    3.96 
1989 6	 103.67   29.57   14.44    3.98 
1989 7	  46.38   32.48   16.23    2.99 
1989 8	  82.35   31.45   16.86    3.55 
1989 9	  58.03   27.13   10.92    2.78 
1989 10	   0.50   25.16    4.59    3.34 
1989 11	   4.53   18.33   -2.02    2.90 
1989 12	   9.93    9.11   -8.09    3.01 
1990 1	  29.25   11.92   -6.14    3.39 
1990 2	  15.32   14.74   -4.02    3.98 
1990 3	   7.90   16.16    0.29    3.51 
1990 4	  43.00   22.16    5.15    3.86 
1990 5	   8.15   27.07    8.65    3.74 
1990 6	   0.00   36.93   17.65    4.52 
1990 7	  62.02   31.65   17.18    3.38 
1990 8	  45.40   31.30   15.64    2.77 
1990 9	  84.70   28.84   14.25    2.15 
1990 10	  26.25   23.27    4.75    2.90 
1990 11	  19.77   17.98   -0.28    3.40 
1990 12	   8.22   11.22   -7.53    3.06 
1991 1	  19.32    8.37   -5.79    2.53 
1991 2	   3.45   16.67   -3.20    3.34 
1991 3	  13.40   19.38    0.42    4.49 
1991 4	   0.00   24.45    4.39    3.65 
1991 5	  42.25   30.42   10.98    4.42 
1991 6	  53.98   32.82   15.16    4.11 
1991 7	 130.60   31.05   17.04    2.92 
1991 8	  54.65   30.83   16.87    2.51 
1991 9	 110.63   24.83   11.75    2.65 
1991 10	   8.10   24.26    4.45    3.13 
1991 11	  32.70   12.80   -1.52    3.22 
1991 12	  69.90   10.22   -2.61    3.16 
1992 1	  30.92    8.74   -4.32    2.68 
1992 2	  10.40   15.07   -0.78    3.72 
1992 3	  17.20   19.97    0.64    3.91 
1992 4	  26.90   23.57    6.02    3.42 
1992 5	 117.42   24.92    9.80    3.20 
1992 6	 114.43   29.71   13.81    3.03 
1992 7	  49.65   32.64   16.59    4.09 
1992 8	  71.78   30.66   15.56    3.37 
1992 9	  28.83   29.12   12.18    3.44 
1992 10	   2.95   25.59    5.75    2.67 
1992 11	  17.05   13.69   -2.69    3.16 
1992 12	  17.98   10.09   -4.43    3.16 
1993 1	  21.27   10.14   -4.08    2.94 
1993 2	   6.68   12.20   -3.92    3.58 
1993 3	   8.20   18.46   -0.04    3.59 
1993 4	  12.93   23.48    4.20    3.84 
1993 5	  28.45   27.34    9.77    3.70 
1993 6	  48.10   32.41   15.09    4.21 
1993 7	  74.35   33.79   18.75    5.03 
1993 8	  77.03   32.33   16.91    3.26 
1993 9	  68.85   29.04   11.06    2.85 
1993 10	  30.07   22.32    4.43    2.85 
1993 11	  11.18   14.50   -3.07    3.09 
1993 12	   5.80   13.54   -4.92    3.25 
1994 1	   1.03   12.05   -6.14    3.12 
1994 2	  12.48   14.41   -5.34    3.39 
1994 3	  18.45   18.31    0.52    3.44 
1994 4	  35.55   22.89    4.04    3.45 
1994 5	  95.97   25.84   11.30    3.33 
1994 6	  44.73   34.93   16.79    3.74 
1994 7	  75.28   34.35   17.35    3.76 
1994 8	  44.70   33.03   16.97    3.18 
1994 9	  29.22   29.85   12.28    2.59 
1994 10	  21.20   23.40    5.30    2.87 
1994 11	  15.80   17.04    0.90    3.48 
1994 12	   9.08   14.28   -2.81    2.38 
1995 1	  10.62   11.67   -3.32    3.56 
1995 2	   5.00   17.01   -1.62    3.44 
1995 3	  11.20   17.38   -0.32    4.09 
1995 4	  11.30   22.05    3.27    3.69 
1995 5	 108.32   25.81    9.31    4.34 
1995 6	  39.50   31.18   13.89    3.84 
1995 7	  26.12   34.46   16.79    3.09 
1995 8	  62.95   32.73   17.87    2.94 
1995 9	  71.13   27.60   12.82    2.50 
1995 10	  29.35   24.81    4.67    2.96 
1995 11	   0.12   18.72    0.30    2.86 
1995 12	  17.82   12.72   -3.26    2.96 
1996 1	   2.35   13.30   -6.31    3.72 
1996 2	   4.23   16.19   -2.30    3.58 
1996 3	   0.00   17.33   -1.99    3.87 
1996 4	   0.00   24.18    4.26    3.95 
1996 5	   7.10   32.46   12.82    4.94 
1996 6	  98.07   32.91   16.44    3.72 
1996 7	  95.78   32.82   18.38    3.27 
1996 8	 147.12   30.71   17.40    3.05 
1996 9	  51.48   26.66   11.78    2.35 
1996 10	  17.20   23.33    5.60    3.16 
1996 11	  14.62   17.58   -0.36    3.50 
1996 12	   0.15   14.25   -4.60    3.71 
1997 1	  15.80    8.50   -5.23    3.76 
1997 2	  15.03   10.81   -3.54    3.69 
1997 3	   0.57   21.04    0.28    3.27 
1997 4	 124.40   18.28    2.64    3.87 
1997 5	  40.53   25.98   10.17    3.39 
1997 6	  80.55   31.11   14.85    3.62 
1997 7	  82.83   34.02   17.86    3.55 
1997 8	  55.72   32.06   17.05    2.85 
1997 9	  86.68   30.13   14.47    2.83 
1997 10	  27.50   22.98    6.36    3.21 
1997 11	   9.77   14.94   -1.36    2.71 
1997 12	  57.43    8.56   -5.51    3.67 
1998 1	   1.48   13.34   -3.36    2.92 
1998 2	  25.43   13.49   -1.06    3.24 
1998 3	  27.45   16.79   -1.07    3.92 
1998 4	  19.73   22.08    3.34    3.64 
1998 5	   7.95   31.41   10.79    3.65 
1998 6	   2.22   35.11   15.56    4.42 
1998 7	  31.77   35.60   18.71    3.36 
1998 8	  49.20   31.91   16.91    2.23 
1998 9	  10.20   32.70   14.84    2.78 
1998 10	 175.12   24.15    9.02    3.54 
1998 11	  12.73   17.41    2.06    2.85 
1998 12	   8.83   12.61   -3.38    2.87 
1999 1	  44.32   14.30   -1.72    3.72 
1999 2	   1.45   17.51   -1.51    3.77 
1999 3	  47.95   17.31    0.89    3.74 
1999 4	  40.62   22.07    4.58    4.28 
1999 5	  50.78   26.24    9.62    3.78 
1999 6	  65.28   31.40   15.28    4.14 
1999 7	  52.12   33.06   17.71    3.78 
1999 8	 116.58   32.99   17.24    2.36 
1999 9	  74.95   27.64   12.45    2.84 
1999 10	  12.77   24.57    4.65    2.98 
1999 11	   0.15   21.44    0.24    2.77 
1999 12	  12.93   12.27   -4.17    3.17 
2000 1	   0.35   15.20   -3.86    3.62 
2000 2	   0.15   19.61   -0.82    3.86 
2000 3	  55.70   19.67    1.70    3.85 
2000 4	  16.58   24.92    5.37    4.02 
2000 5	   1.00   31.77   11.87    4.03 
2000 6	 106.10   30.59   16.26    3.72 
2000 7	  75.90   34.46   18.33    3.49 
2000 8	  20.07   34.51   17.16    3.35 
2000 9	   0.03   32.82   13.51    2.75 
2000 10	 149.37   21.74    8.38    3.73 
2000 11	  38.48   11.93   -1.38    2.62 
2000 12	  19.35    9.42   -4.90    3.14 
2001 1	  35.45    7.39   -3.73    3.34 
2001 2	  10.18   14.92   -1.03    3.66 
2001 3	  57.73   15.29    1.39    3.13 
2001 4	   1.78   25.01    6.67    4.46 
2001 5	  67.07   27.45   11.06    3.88 
2001 6	  19.23   33.34   15.44    4.07 
2001 7	  40.02   36.02   20.06    3.62 
2001 8	  54.73   32.54   17.14    2.64 
2001 9	  41.18   30.03   13.43    2.48 
2001 10	  12.45   24.34    5.82    3.32 
2001 11	  62.78   16.81    2.66    3.48 
2001 12	   6.35   12.62   -4.40    3.22 
2002 1	  21.22   12.35   -4.17    3.38 
2002 2	   2.17   12.50   -5.18    3.58 
2002 3	  47.33   17.64   -2.68    3.61 
2002 4	   9.88   24.39    6.74    4.07 
2002 5	   3.10   29.19   10.13    4.20 
2002 6	  19.08   34.12   17.04    4.14 
2002 7	  24.40   32.76   17.79    3.13 
2002 8	 108.80   33.49   18.02    3.86 
2002 9	  56.45   28.14   13.00    2.59 
2002 10	  82.62   19.59    6.60    2.77 
2002 11	  14.60   13.69   -0.96    2.86 
2002 12	  28.35    9.37   -4.00    3.37 
2003 1	   0.00   13.39   -4.31    3.19 
2003 2	   6.38   12.51   -4.02    3.57 
2003 3	  10.67   19.00    0.34    3.68 
2003 4	   1.52   24.99    4.09    4.34 
2003 5	  23.98   29.28   10.06    3.29 
2003 6	 137.85   29.61   14.41    3.66 
2003 7	   0.77   34.44   17.63    3.18 
2003 8	  26.35   33.74   17.17    2.79 
2003 9	  31.33   27.91   11.88    2.98 
2003 10	  36.90   25.14    7.70    2.73 
2003 11	   7.05   16.79    0.86    3.70 
2003 12	   0.35   13.97   -4.83    3.77 
2004 1	  13.82   12.48   -4.02    3.30 
2004 2	  46.95   10.95   -4.55    3.69 
2004 3	  47.15   19.00    3.64    3.82 
2004 4	  94.50   20.55    5.68    3.90 
2004 5	  15.05   28.97   11.52    4.54 
2004 6	  81.85   32.18   15.37    3.90 
2004 7	  98.27   31.44   16.86    3.33 
2004 8	  82.25   29.73   15.52    2.89 
2004 9	 175.52   27.09   12.24    3.07 
2004 10	 106.32   21.69    6.90    2.93 
2004 11	  88.98   12.38    0.15    3.15 
2004 12	  10.55   12.20   -4.66    3.40 
2005 1	  37.55   13.17   -2.71    3.48 
2005 2	  13.17   12.78   -0.96    3.17 
2005 3	  28.83   16.30   -0.59    3.54 
2005 4	  15.20   22.18    3.55    4.23 
2005 5	  40.10   25.96   10.50    3.97 
2005 6	  29.65   33.07   15.43    4.15 
2005 7	  62.65   33.17   16.73    3.36 
2005 8	 161.23   30.59   16.27    2.72 
2005 9	  21.88   30.63   14.04    2.81 
2005 10	  30.00   22.81    6.74    3.01 
2005 11	   0.45   19.56   -1.14    2.99 
2005 12	   0.23   13.30   -5.84    3.18 
2006 1	   0.20   16.14   -4.45    4.02 
2006 2	   2.52   15.62   -4.65    3.59 
2006 3	  25.30   18.13    0.89    4.43 
2006 4	  16.08   26.11    6.69    4.42 
2006 5	  18.08   30.62   11.29    4.17 
2006 6	  36.02   34.11   16.24    3.38 
2006 7	  41.20   34.29   18.07    3.35 
2006 8	 138.88   30.98   17.20    2.63 
2006 9	  70.97   26.32   10.80    2.57 
2006 10	  47.00   22.57    6.19    3.16 
2006 11	   3.42   18.90   -0.56    3.43 
2006 12	  41.03   10.74   -4.34    3.64 
2007 1	  29.80    6.26   -6.67    3.25 
2007 2	   5.82   14.67   -3.97    3.81 
2007 3	 106.28   19.52    1.99    3.58 
2007 4	  13.10   20.05    2.82    4.02 
2007 5	  83.37   24.49    9.71    2.96 
2007 6	  96.75   30.01   13.85    2.96 
2007 7	  27.62   31.70   16.62    2.38 
2007 8	  24.40   33.57   17.79    3.23 
2007 9	  42.22   29.92   14.41    2.79 
2007 10	   1.70   26.72    6.29    3.20 
2007 11	   5.75   18.14   -1.34    2.70 
2007 12	  23.85   11.68   -3.99    3.43 
2008 1	   1.18   11.67   -7.30    3.73 
2008 2	   4.53   16.02   -4.78    3.58 
2008 3	   3.68   19.30   -1.65    4.27 
2008 4	   9.02   23.34    1.85    4.06 
2008 5	  53.20   27.69    8.56    4.02 
2008 6	  71.75   34.52   15.03    4.83 
2008 7	  67.75   30.82   16.80    3.64 
2008 8	  95.72   31.24   15.81    2.48 
2008 9	  45.25   27.18   10.88    2.31 
2008 10	  94.95   23.09    5.44    3.18 
2008 11	   1.55   18.63   -2.00    2.96 
2008 12	   1.08   13.23   -6.01    3.93 
2009 1	   0.00   14.29   -7.25    3.46 
2009 2	   7.43   18.08   -3.98    4.04 
2009 3	   8.95   19.76   -0.43    4.15 
2009 4	  26.22   23.08    2.52    4.73 
2009 5	  30.30   27.23    9.55    3.18 
2009 6	  64.60   32.36   14.90    3.74 
2009 7	 143.02   32.57   16.67    3.08 
2009 8	  60.38   32.99   15.95    3.42 
2009 9	  30.00   27.40   10.47    2.60 
2009 10	  47.62   21.46    3.86    3.39 
2009 11	   3.00   18.90   -1.91    2.74 
2009 12	  20.15    7.76   -7.67    2.90 
2010 1	  36.08   10.90   -6.98    3.45 
2010 2	  34.90    8.28   -4.92    3.30 
2010 3	  22.08   16.91   -1.02    4.50 
2010 4	  36.45   22.73    4.32    4.57 
2010 5	  45.17   26.30    8.89    3.60 
2010 6	  57.43   34.24   16.61    4.57 
2010 7	  69.00   31.18   17.60    3.35 
2010 8	  78.92   33.27   16.46    3.23 
2010 9	  28.23   31.53   14.32    2.74 
2010 10	  28.88   24.90    6.34    2.76 
2010 11	  15.38   17.98   -2.12    3.32 
2010 12	   1.97   14.73   -3.14    3.23 
