1949 1	  80.38    5.91   -5.47    3.63 
1949 2	   7.65   13.96   -0.03    3.13 
1949 3	   8.70   20.17    2.30    3.76 
1949 4	  51.22   21.48    6.47    3.05 
1949 5	 144.50   27.73   13.13    3.72 
1949 6	  91.17   32.18   16.78    3.97 
1949 7	  36.83   34.11   18.74    3.02 
1949 8	  49.70   32.45   16.88    2.41 
1949 9	 123.57   28.82   13.47    2.71 
1949 10	  25.68   23.07    7.21    2.93 
1949 11	   0.00   23.07    2.09    2.54 
1949 12	   8.45   13.56   -2.46    3.10 
1950 1	   2.40   16.30   -1.84    3.29 
1950 2	   0.97   18.81   -0.70    3.09 
1950 3	   0.00   20.73   -0.46    4.14 
1950 4	  43.12   25.24    6.06    4.19 
1950 5	  39.40   28.82   11.54    3.44 
1950 6	  28.92   33.57   17.46    3.98 
1950 7	 175.88   31.90   17.94    3.59 
1950 8	  31.03   32.86   17.79    3.01 
1950 9	 122.68   26.99   14.34    2.85 
1950 10	  10.10   27.23    8.85    2.95 
1950 11	   0.42   20.70   -0.88    3.10 
1950 12	   3.67   15.93   -4.29    2.40 
1951 1	   5.12   13.01   -5.56    3.48 
1951 2	  19.32   16.96   -1.85    4.03 
1951 3	  12.00   18.22    0.43    3.77 
1951 4	   5.45   23.47    4.79    3.81 
1951 5	 107.12   29.90   12.30    3.75 
1951 6	  44.10   34.49   18.45    4.21 
1951 7	  63.17   35.58   20.64    3.47 
1951 8	  90.82   33.95   19.89    3.30 
1951 9	  39.02   30.86   13.91    3.36 
1951 10	  26.55   26.20    8.49    3.37 
1951 11	   2.15   17.25   -0.89    3.18 
1951 12	   6.28   15.00   -1.86    3.36 
1952 1	  16.33   15.75   -0.42    3.20 
1952 2	   4.65   16.62   -1.09    3.60 
1952 3	   0.15   18.53    0.22    4.30 
1952 4	  50.30   23.08    6.45    3.59 
1952 5	  32.15   29.62   11.72    3.70 
1952 6	  28.88   35.15   18.94    4.46 
1952 7	  65.05   32.97   18.81    3.36 
1952 8	  33.30   35.72   20.52    3.34 
1952 9	  25.90   29.38   13.71    2.38 
1952 10	   0.00   25.17    4.92    2.77 
1952 11	  22.38   15.49    0.09    3.03 
1952 12	   2.08   14.25   -3.64    2.69 
1953 1	  11.10   18.64   -0.48    3.99 
1953 2	  11.07   15.91   -2.27    3.14 
1953 3	  15.55   22.17    4.05    3.31 
1953 4	  14.92   24.40    5.30    3.57 
1953 5	  24.83   29.23   10.92    4.08 
1953 6	   8.30   36.65   21.16    4.31 
1953 7	  49.10   35.14   19.19    3.57 
1953 8	  41.62   33.16   18.57    2.74 
1953 9	   4.50   32.40   12.36    2.51 
1953 10	 106.55   24.67    8.79    3.10 
1953 11	   5.25   18.40    1.38    2.78 
1953 12	   0.77   11.50   -3.77    3.53 
1954 1	   0.45   15.19   -4.05    2.93 
1954 2	   0.57   20.78   -0.27    3.63 
1954 3	   0.15   18.78    0.41    3.60 
1954 4	  51.90   26.96    9.33    3.87 
1954 5	 108.12   25.33   10.94    3.54 
1954 6	  14.95   33.53   17.19    4.06 
1954 7	  12.25   35.96   20.17    3.00 
1954 8	  59.45   33.58   19.59    3.30 
1954 9	   4.82   32.47   16.40    2.95 
1954 10	  62.87   24.97    8.72    2.92 
1954 11	   0.00   19.57    0.90    2.64 
1954 12	  14.27   14.88   -2.07    3.11 
1955 1	  15.33   11.59   -2.27    3.16 
1955 2	   0.00   14.25   -4.32    3.35 
1955 3	   1.75   20.48    0.73    3.60 
1955 4	   4.07   25.50    6.77    4.08 
1955 5	  76.75   28.14   13.12    3.39 
1955 6	  24.75   32.42   16.00    3.95 
1955 7	  61.47   32.37   18.31    3.31 
1955 8	   5.60   33.33   17.85    2.35 
1955 9	  90.40   29.86   14.36    2.83 
1955 10	 110.20   24.74    7.74    2.68 
1955 11	   6.95   17.74   -0.31    3.11 
1955 12	   0.00   16.37   -1.42    3.03 
1956 1	   0.00   14.75   -3.02    2.91 
1956 2	  38.12   12.01   -3.63    3.57 
1956 3	   0.00   22.47    1.63    3.49 
1956 4	  11.65   24.65    5.62    3.67 
1956 5	  47.05   31.79   14.15    4.09 
1956 6	  64.88   34.88   18.73    3.79 
1956 7	  23.62   34.55   18.78    3.57 
1956 8	  13.25   33.76   16.82    3.34 
1956 9	   0.35   33.18   14.12    3.02 
1956 10	  45.73   25.92    9.36    2.64 
1956 11	   0.00   18.15   -0.92    2.81 
1956 12	   9.40   16.22   -1.00    3.13 
1957 1	   2.82   14.31   -2.77    3.15 
1957 2	  24.73   17.39    2.91    3.04 
1957 3	  19.73   18.43    2.43    3.58 
1957 4	  75.95   21.25    5.37    3.80 
1957 5	 198.85   25.27   11.66    3.12 
1957 6	  63.65   31.36   16.64    3.57 
1957 7	  17.25   35.25   19.38    3.07 
1957 8	  34.00   33.49   18.93    2.92 
1957 9	  17.73   28.94   12.69    2.83 
1957 10	  81.70   21.53    8.11    2.83 
1957 11	  39.97   13.40    0.93    2.89 
1957 12	   2.95   16.19   -1.29    3.25 
1958 1	  44.05   10.34   -3.86    3.13 
1958 2	  12.08   12.32   -1.29    3.81 
1958 3	  71.93   12.49    0.15    3.19 
1958 4	  47.60   21.21    5.78    3.59 
1958 5	  92.53   28.94   12.97    2.69 
1958 6	  27.98   34.50   18.40    3.68 
1958 7	  54.20   35.24   19.57    4.17 
1958 8	  16.63   34.55   18.37    2.43 
1958 9	  77.53   28.17   15.05    2.76 
1958 10	  30.73   21.34    9.57    2.38 
1958 11	  11.02   18.60    1.67    2.61 
1958 12	   0.68   13.78   -3.41    2.90 
1959 1	   2.65   13.94   -5.08    3.43 
1959 2	   1.33   13.92   -1.86    3.62 
1959 3	   0.00   20.34    0.21    3.97 
1959 4	  23.80   23.80    6.86    3.71 
1959 5	  57.92   28.70   14.00    3.89 
1959 6	 225.20   32.63   17.04    3.16 
1959 7	  38.45   32.22   18.72    2.46 
1959 8	  52.38   33.61   19.07    2.88 
1959 9	  51.27   31.53   14.29    3.51 
1959 10	  39.45   23.53    6.08    2.64 
1959 11	   0.38   16.68   -1.06    2.62 
1959 12	  31.73   13.59   -0.66    3.13 
1960 1	  19.25   10.74   -3.95    3.00 
1960 2	  26.67   11.33   -4.51    4.15 
1960 3	  10.60   16.93   -0.20    3.15 
1960 4	   9.43   26.68    7.81    3.99 
1960 5	  34.70   30.26   11.12    3.49 
1960 6	 140.65   34.72   18.44    3.54 
1960 7	 245.63   32.15   18.94    2.81 
1960 8	  11.40   33.17   18.73    2.91 
1960 9	  11.32   31.00   14.06    2.56 
1960 10	 109.47   24.68    9.06    2.81 
1960 11	   0.00   20.13    2.30    2.83 
1960 12	  41.28    8.77   -2.33    3.34 
1961 1	  17.90   11.21   -5.92    2.89 
1961 2	  64.65   13.74   -1.64    3.36 
1961 3	  42.05   19.05    2.12    3.57 
1961 4	   2.38   25.55    6.40    4.12 
1961 5	  51.50   30.81   12.75    3.71 
1961 6	  95.27   31.64   16.30    3.18 
1961 7	 122.30   31.41   17.73    3.00 
1961 8	  24.35   32.02   16.72    2.36 
1961 9	  28.48   29.18   13.22    3.55 
1961 10	  26.60   25.56    7.06    3.22 
1961 11	  39.00   13.45    0.88    3.19 
1961 12	  13.15   12.49   -3.01    3.09 
1962 1	  10.62   11.22   -6.35    3.46 
1962 2	   2.25   18.99   -0.47    3.55 
1962 3	   2.97   18.03    0.34    4.02 
1962 4	  25.58   24.80    7.46    3.54 
1962 5	  15.43   32.92   14.24    5.09 
1962 6	  48.58   31.98   15.97    3.30 
1962 7	 152.25   33.37   18.70    3.27 
1962 8	  39.33   33.88   17.22    2.68 
1962 9	 107.07   27.82   15.09    2.45 
1962 10	  94.65   25.51    9.84    3.03 
1962 11	  14.30   19.19    3.23    2.53 
1962 12	  12.48   14.65   -1.16    2.69 
1963 1	   2.20   10.78   -8.50    3.13 
1963 2	  16.75   16.69   -2.40    3.12 
1963 3	  21.03   21.51    2.10    3.94 
1963 4	  10.05   26.65    9.75    3.62 
1963 5	 113.83   30.01   13.92    3.80 
1963 6	  81.57   31.88   16.98    3.78 
1963 7	  47.22   34.65   19.22    3.57 
1963 8	  56.27   33.26   18.21    2.39 
1963 9	  16.90   29.83   14.95    1.99 
1963 10	  13.78   27.49    9.17    2.28 
1963 11	  26.10   18.83    1.67    2.69 
1963 12	   4.40   10.51   -4.31    2.56 
1964 1	   9.65   13.45   -4.47    3.41 
1964 2	  12.45   10.87   -4.75    3.50 
1964 3	   4.32   20.27   -0.07    3.66 
1964 4	   0.45   26.16    5.75    3.74 
1964 5	  28.53   30.66   13.36    3.76 
1964 6	  78.75   33.32   15.97    3.96 
1964 7	  10.00   35.29   19.01    2.99 
1964 8	  17.23   34.06   18.27    3.36 
1964 9	  68.47   27.74   14.65    2.56 
1964 10	   5.55   25.31    7.27    2.52 
1964 11	  16.27   17.97    2.24    3.12 
1964 12	  17.70   13.35   -2.01    3.12 
1965 1	   0.45   15.71   -2.25    3.49 
1965 2	   7.52   13.14   -4.88    3.49 
1965 3	   2.33   14.43   -3.03    3.65 
1965 4	   8.72   26.20    7.92    3.48 
1965 5	  63.80   29.04   13.27    3.79 
1965 6	  89.57   32.18   17.28    4.04 
1965 7	  33.17   34.66   18.60    2.84 
1965 8	  44.60   32.80   17.29    2.90 
1965 9	  74.05   29.87   13.66    3.04 
1965 10	  18.05   25.33    6.96    2.42 
1965 11	   0.65   21.95    4.33    2.24 
1965 12	  13.60   14.99   -0.27    3.36 
1966 1	   9.23    8.68   -7.01    2.89 
1966 2	   3.30   12.51   -4.99    3.36 
1966 3	   1.45   21.28    1.03    4.11 
1966 4	  73.43   22.99    6.37    3.42 
1966 5	  18.00   27.61   11.56    3.04 
1966 6	  61.53   31.82   17.42    3.76 
1966 7	   8.82   35.53   19.97    3.06 
1966 8	 218.15   29.99   17.56    2.82 
1966 9	  39.65   27.65   14.59    1.84 
1966 10	   1.05   23.79    5.13    2.38 
1966 11	   0.90   21.38    2.04    3.28 
1966 12	   0.33   12.96   -5.73    2.77 
1967 1	   0.00   15.09   -5.80    3.20 
1967 2	   2.17   15.08   -3.80    3.35 
1967 3	  37.10   22.99    3.21    4.25 
1967 4	  16.95   26.09    9.59    4.74 
1967 5	  28.48   28.69    9.12    3.56 
1967 6	 145.65   31.59   16.81    4.20 
1967 7	  83.23   31.92   17.92    3.36 
1967 8	  35.42   31.64   15.90    2.76 
1967 9	  40.58   27.18   13.13    2.65 
1967 10	   4.00   25.49    6.06    3.43 
1967 11	   5.40   17.83    1.48    2.95 
1967 12	  12.98   10.51   -4.29    3.40 
1968 1	  26.78   11.50   -2.35    3.44 
1968 2	  23.70   12.16   -2.97    2.87 
1968 3	  68.25   16.92    2.03    4.39 
1968 4	  11.95   21.89    5.04    3.82 
1968 5	  55.75   27.65   10.45    4.17 
1968 6	  48.75   32.98   15.46    3.80 
1968 7	 126.10   31.31   17.38    3.59 
1968 8	 100.43   30.88   17.11    3.67 
1968 9	   8.90   28.77   10.79    2.87 
1968 10	  19.48   26.10    7.59    3.64 
1968 11	  39.25   15.94    1.02    3.43 
1968 12	  13.43   13.86   -4.02    3.90 
1969 1	   0.00   15.85   -1.95    3.45 
1969 2	  30.15   14.00   -1.67    3.29 
1969 3	  38.25   12.53   -2.74    3.77 
1969 4	  40.27   24.28    7.71    4.19 
1969 5	  93.95   27.96   11.84    3.32 
1969 6	  30.67   32.87   15.55    3.75 
1969 7	  44.42   35.81   19.40    3.16 
1969 8	  67.95   34.41   18.36    2.73 
1969 9	 145.72   27.10   14.76    2.34 
1969 10	 160.32   19.97    6.98    3.52 
1969 11	  19.60   17.53    0.70    2.70 
1969 12	  10.77   14.89   -1.95    2.89 
1970 1	   0.28   11.57   -5.80    2.81 
1970 2	   7.35   15.94   -1.85    2.99 
1970 3	  61.30   15.25   -0.60    3.41 
1970 4	  10.75   23.37    5.16    3.47 
1970 5	  64.10   29.66   10.32    3.60 
1970 6	  38.70   32.05   15.42    3.58 
1970 7	  11.45   34.60   18.22    3.17 
1970 8	  41.05   33.87   17.38    2.93 
1970 9	  40.25   28.37   14.06    3.17 
1970 10	  35.38   21.78    5.17    2.60 
1970 11	   0.98   17.84    0.05    3.17 
1970 12	   0.60   16.84   -2.25    2.64 
1971 1	   0.00   14.66   -4.49    3.09 
1971 2	   8.12   14.50   -3.94    3.66 
1971 3	   1.62   20.07   -0.73    3.64 
1971 4	  26.45   23.83    5.78    3.52 
1971 5	  40.15   29.05   10.40    3.77 
1971 6	  59.22   33.40   17.35    4.04 
1971 7	  34.40   33.90   17.71    2.82 
1971 8	 118.18   28.12   16.36    2.22 
1971 9	 127.95   27.34   13.53    3.08 
1971 10	  39.82   23.17    8.50    2.75 
1971 11	  11.02   18.40    1.98    3.08 
1971 12	  25.15   13.14   -1.49    3.51 
1972 1	   2.60   14.62   -5.12    3.27 
1972 2	   2.55   17.21   -3.45    3.29 
1972 3	   5.78   23.49    2.47    3.62 
1972 4	   3.15   27.60    7.97    4.11 
1972 5	  87.45   26.90   11.60    3.03 
1972 6	 159.93   32.09   16.24    2.91 
1972 7	  81.10   30.70   17.39    3.41 
1972 8	 146.45   29.92   16.76    2.85 
1972 9	 119.62   28.22   14.63    2.89 
1972 10	  57.37   22.96    7.46    2.87 
1972 11	  20.52   12.06   -1.41    2.71 
1972 12	   9.95   11.58   -5.04    3.36 
1973 1	  33.68    7.80   -4.83    3.50 
1973 2	  36.62   11.51   -3.19    3.39 
1973 3	  32.00   17.58    2.34    4.07 
1973 4	  38.28   20.20    3.73    3.36 
1973 5	  26.95   27.69   10.24    3.33 
1973 6	   9.85   32.69   14.59    3.65 
1973 7	  72.75   32.36   17.53    3.11 
1973 8	  20.48   33.03   16.20    3.00 
1973 9	  45.98   27.94   13.74    3.14 
1973 10	  19.00   26.48    7.81    2.97 
1973 11	   2.22   20.71    1.76    3.68 
1973 12	   0.28   15.64   -4.49    4.01 
1974 1	   3.75   13.21   -4.66    3.25 
1974 2	   1.75   17.22   -4.45    4.08 
1974 3	  27.17   23.45    4.29    4.30 
1974 4	  42.75   25.62    7.35    4.82 
1974 5	  14.27   31.22   13.49    3.92 
1974 6	  19.07   33.55   15.80    3.63 
1974 7	  26.05   34.01   18.26    3.22 
1974 8	 177.98   29.77   16.53    3.04 
1974 9	 192.45   23.16   11.05    2.92 
1974 10	 117.75   21.93    8.67    3.16 
1974 11	  16.42   16.27    1.59    2.89 
1974 12	  20.40   11.68   -3.11    3.12 
1975 1	  15.25   12.31   -3.53    3.71 
1975 2	  32.67   12.47   -3.21    3.49 
1975 3	   3.67   18.35   -0.82    3.97 
1975 4	  15.30   23.14    4.23    4.53 
1975 5	  44.08   27.98   10.33    3.38 
1975 6	  64.62   33.65   15.92    4.34 
1975 7	 177.45   29.62   17.37    2.78 
1975 8	  57.03   31.33   16.44    3.13 
1975 9	  51.20   26.40   11.25    3.08 
1975 10	   0.45   25.84    5.54    3.27 
1975 11	  23.70   19.00   -0.35    3.58 
1975 12	   9.02   14.55   -3.32    2.96 
1976 1	   0.15   13.59   -5.89    3.21 
1976 2	   2.12   20.18    0.24    3.90 
1976 3	   3.85   20.10    0.77    4.10 
1976 4	  42.00   24.64    8.63    4.26 
1976 5	  15.70   26.82    9.70    3.28 
1976 6	  36.43   32.79   15.58    3.62 
1976 7	 110.03   29.72   17.12    3.03 
1976 8	  16.88   33.17   16.47    2.52 
1976 9	  83.03   27.24   13.86    2.24 
1976 10	  44.05   20.09    3.57    2.79 
1976 11	  16.07   13.45   -2.08    2.58 
1976 12	   0.00   13.38   -4.77    2.91 
1977 1	   5.40    8.85   -7.06    2.48 
1977 2	   8.85   15.89   -1.99    3.47 
1977 3	  18.58   19.22    0.32    4.05 
1977 4	  73.85   22.16    7.50    3.68 
1977 5	  68.80   28.91   14.08    4.20 
1977 6	  53.10   34.06   17.28    3.61 
1977 7	   8.62   34.26   18.50    3.13 
1977 8	  79.25   33.27   18.56    3.25 
1977 9	   7.35   32.82   15.37    3.02 
1977 10	  36.00   24.89    8.42    2.63 
1977 11	   0.35   19.89    1.23    3.01 
1977 12	   1.33   15.51   -2.27    3.34 
1978 1	  16.15    7.10   -6.24    3.02 
1978 2	  22.60    7.38   -4.57    3.12 
1978 3	   7.25   19.62    0.87    3.71 
1978 4	   6.42   27.69    7.96    4.11 
1978 5	  78.88   28.73   12.16    3.49 
1978 6	  97.88   33.08   17.24    3.70 
1978 7	  11.88   35.37   19.07    2.96 
1978 8	  47.92   32.56   17.15    2.97 
1978 9	  85.32   27.96   14.95    2.65 
1978 10	  24.80   24.04    7.79    2.49 
1978 11	  35.88   15.28    3.38    3.01 
1978 12	   5.43   11.48   -5.11    3.24 
1979 1	  10.75    5.96   -6.92    3.06 
1979 2	  22.48   13.36   -4.14    3.01 
1979 3	  32.93   17.72    1.93    3.80 
1979 4	  36.08   23.89    6.76    3.37 
1979 5	  83.78   26.88   11.06    3.50 
1979 6	  82.67   30.96   15.27    3.37 
1979 7	 117.58   33.21   18.84    3.06 
1979 8	  85.45   30.77   16.46    2.86 
1979 9	   6.95   30.27   13.34    2.18 
1979 10	  12.05   27.34    6.95    3.06 
1979 11	   2.42   14.67   -1.16    2.67 
1979 12	  25.77   13.11   -2.77    3.00 
1980 1	  11.92   11.79   -2.85    3.19 
1980 2	  13.60   14.36   -2.54    3.48 
1980 3	   2.67   19.09   -0.80    4.14 
1980 4	  23.50   23.26    4.36    3.68 
1980 5	  86.95   27.19   11.32    3.23 
1980 6	  53.53   36.14   18.58    4.45 
1980 7	  13.85   36.39   19.03    3.31 
1980 8	  21.72   33.59   18.54    3.77 
1980 9	 123.50   28.77   15.70    2.99 
1980 10	   4.90   23.30    6.65    2.63 
1980 11	  35.15   15.10   -0.20    2.78 
1980 12	  11.18   15.68   -1.34    3.19 
1981 1	   6.53   12.93   -2.86    2.38 
1981 2	  13.68   16.51   -2.72    3.24 
1981 3	  18.10   17.43    2.31    3.64 
1981 4	  47.17   24.83    8.82    3.99 
1981 5	  46.10   27.85   11.63    3.57 
1981 6	  33.45   34.09   17.05    3.81 
1981 7	  91.45   33.68   19.00    3.43 
1981 8	 101.33   30.09   17.19    2.63 
1981 9	  72.08   27.94   13.83    2.82 
1981 10	 133.53   22.03    8.37    3.10 
1981 11	  11.93   20.10    2.66    2.49 
1981 12	   5.43   15.13   -1.53    2.89 
1982 1	   8.05   12.13   -4.51    3.54 
1982 2	   9.50   12.84   -3.68    3.38 
1982 3	  11.23   19.95    1.78    3.73 
1982 4	  36.05   22.64    6.10    3.85 
1982 5	  96.85   27.24   11.32    3.80 
1982 6	 106.15   30.53   15.59    4.06 
1982 7	  69.42   33.53   19.00    3.54 
1982 8	  26.50   33.83   19.27    2.95 
1982 9	  34.17   30.98   14.64    2.97 
1982 10	   7.35   24.16    6.41    2.80 
1982 11	  37.75   16.10    1.18    3.44 
1982 12	  54.12    9.92   -3.06    3.46 
1983 1	  47.08    8.49   -5.76    2.98 
1983 2	   5.22   13.21   -1.23    3.13 
1983 3	   3.30   18.77    1.14    3.97 
1983 4	  16.98   20.69    3.45    4.13 
1983 5	  37.63   28.28    9.35    3.45 
1983 6	  37.10   31.26   14.64    3.59 
1983 7	  14.43   34.25   18.41    3.55 
1983 8	  26.45   34.02   18.03    2.24 
1983 9	  19.32   31.40   14.37    3.26 
1983 10	 171.75   24.07    9.97    3.14 
1983 11	  33.92   17.88    3.61    3.09 
1983 12	   7.98    6.61   -7.10    3.11 
1984 1	   1.97   10.78   -4.75    2.75 
1984 2	   3.65   16.76   -3.15    3.64 
1984 3	   3.80   18.54   -0.18    3.59 
1984 4	   3.45   23.37    4.38    3.59 
1984 5	  28.80   29.81   11.61    3.71 
1984 6	 122.80   31.33   17.40    3.61 
1984 7	  17.58   32.72   17.51    2.65 
1984 8	  94.55   31.40   17.58    2.59 
1984 9	  25.48   27.61   11.68    3.21 
1984 10	  61.92   20.97    7.42    2.89 
1984 11	  49.95   16.46    2.00    3.19 
1984 12	  38.92   13.09   -0.26    3.20 
1985 1	  13.05    9.87   -5.12    3.07 
1985 2	   9.32   12.68   -3.03    3.28 
1985 3	  25.52   19.56    3.21    4.29 
1985 4	  16.17   25.89    7.75    3.57 
1985 5	  97.73   29.30   12.01    3.26 
1985 6	 118.12   30.84   15.86    3.39 
1985 7	  48.37   34.03   17.31    2.65 
1985 8	  19.80   35.01   18.40    2.82 
1985 9	 150.67   28.96   13.96    3.01 
1985 10	  86.67   22.46    8.40    2.98 
1985 11	   7.48   18.76    1.07    2.81 
1985 12	   4.73   11.81   -5.20    2.59 
1986 1	   0.00   16.34   -3.21    2.77 
1986 2	  20.75   15.44   -0.29    3.39 
1986 3	   5.77   21.84    2.97    3.74 
1986 4	  19.17   26.39    8.29    3.69 
1986 5	  87.72   28.98   11.25    3.38 
1986 6	 100.08   30.35   16.72    2.57 
1986 7	  64.30   34.33   18.53    3.75 
1986 8	 100.78   31.85   17.78    2.83 
1986 9	 195.45   27.78   15.03    3.07 
1986 10	  60.17   21.63    8.34    2.67 
1986 11	  58.38   15.67    0.88    3.10 
1986 12	  49.27   10.52   -1.50    2.66 
1987 1	  10.30   11.01   -4.28    3.43 
1987 2	  40.50   13.99   -0.01    3.85 
1987 3	   8.38   16.95   -0.58    3.48 
1987 4	  16.33   23.57    4.20    3.16 
1987 5	 123.62   27.62   11.99    3.19 
1987 6	  67.38   31.44   16.39    2.80 
1987 7	  58.08   33.41   18.21    3.69 
1987 8	 110.30   32.88   17.48    2.97 
1987 9	  74.45   27.84   13.48    2.16 
1987 10	  13.18   25.29    7.34    3.02 
1987 11	   9.82   18.23    0.89    3.00 
1987 12	  46.92   11.83   -3.90    3.03 
1988 1	   5.60    9.11   -5.08    3.32 
1988 2	  13.05   15.15   -3.22    3.23 
1988 3	  19.75   20.35   -0.91    3.91 
1988 4	  23.30   23.84    5.01    3.36 
1988 5	  95.72   28.02   11.06    3.80 
1988 6	  61.60   32.40   16.24    2.89 
1988 7	  61.35   32.36   18.28    2.68 
1988 8	  47.88   33.17   17.90    2.67 
1988 9	  79.85   29.35   12.90    2.72 
1988 10	   0.20   25.49    7.66    2.58 
1988 11	   3.67   20.52    1.13    3.15 
1988 12	  16.42   13.47   -3.36    2.69 
1989 1	   7.50   15.50   -2.60    3.30 
1989 2	  31.00   11.46   -3.30    3.41 
1989 3	  10.10   22.32    1.37    3.62 
1989 4	   1.95   26.89    7.13    3.85 
1989 5	  20.65   31.35   12.90    4.13 
1989 6	 117.20   30.70   15.48    3.71 
1989 7	  36.42   34.26   18.18    2.90 
1989 8	 125.97   31.91   17.64    3.42 
1989 9	  98.78   27.81   11.65    2.65 
1989 10	   0.00   26.92    7.10    3.26 
1989 11	   0.90   20.09   -0.20    2.83 
1989 12	   7.57   10.28   -6.75    3.04 
1990 1	  21.27   14.82   -3.47    3.16 
1990 2	  40.00   17.28   -1.61    3.72 
1990 3	  16.62   17.85    2.26    3.65 
1990 4	  28.05   24.05    7.08    3.86 
1990 5	  21.33   28.59   10.82    3.69 
1990 6	   6.97   38.09   18.76    4.34 
1990 7	  71.67   32.04   17.62    3.07 
1990 8	  55.12   32.09   16.98    2.71 
1990 9	  21.92   30.16   15.30    2.07 
1990 10	  17.00   25.08    6.49    2.76 
1990 11	  28.35   19.62    2.94    3.30 
1990 12	   7.95   12.81   -5.29    2.91 
1991 1	  26.08    9.36   -3.64    2.65 
1991 2	   7.10   17.98   -0.66    3.10 
1991 3	   8.70   20.94    1.82    4.32 
1991 4	   0.25   26.48    6.15    3.39 
1991 5	  46.65   32.00   13.33    4.03 
1991 6	 111.08   33.00   17.10    3.74 
1991 7	  74.05   32.51   17.94    2.81 
1991 8	  55.73   32.53   17.46    2.43 
1991 9	 144.48   25.64   13.23    2.49 
1991 10	  18.10   25.70    6.73    3.11 
1991 11	  44.15   13.67   -0.24    3.16 
1991 12	  68.80   11.68   -0.75    3.21 
1992 1	  33.93   10.15   -2.60    2.58 
1992 2	  36.88   16.55    0.63    3.66 
1992 3	  23.55   21.54    2.77    3.80 
1992 4	  27.00   24.47    7.51    3.35 
1992 5	 127.65   26.23   11.68    3.07 
1992 6	  70.48   31.11   15.66    2.96 
1992 7	  54.53   34.33   18.21    3.93 
1992 8	  74.12   31.37   16.78    3.06 
1992 9	   6.15   30.24   13.37    3.39 
1992 10	   0.00   27.00    7.01    2.56 
1992 11	  36.10   15.41   -0.34    3.18 
1992 12	  20.40   12.30   -2.46    3.17 
1993 1	  19.28   10.51   -3.11    2.81 
1993 2	  16.45   13.34   -2.76    3.35 
1993 3	  11.12   19.01    0.67    3.58 
1993 4	  27.55   24.38    5.56    3.69 
1993 5	  26.90   29.15   11.27    3.59 
1993 6	  68.90   33.89   16.97    3.86 
1993 7	  60.50   34.73   19.83    4.75 
1993 8	  46.80   34.33   17.84    3.02 
1993 9	  14.22   29.89   12.36    2.49 
1993 10	  30.97   23.68    5.88    2.80 
1993 11	  13.98   15.57   -1.57    3.03 
1993 12	   2.40   15.16   -3.34    3.21 
1994 1	   6.08   13.37   -4.34    3.25 
1994 2	  12.65   15.31   -4.17    3.27 
1994 3	   6.30   20.34    1.96    3.37 
1994 4	  46.60   24.72    5.38    3.37 
1994 5	  96.22   27.47   12.85    3.20 
1994 6	  23.58   36.75   18.25    3.63 
1994 7	  38.92   35.94   18.70    3.62 
1994 8	  10.15   33.75   17.91    3.02 
1994 9	  16.23   30.80   13.72    2.45 
1994 10	   8.95   25.14    8.15    2.81 
1994 11	  20.38   18.43    2.38    3.15 
1994 12	   2.38   15.51   -1.04    2.34 
1995 1	  12.20   12.96   -2.36    3.35 
1995 2	   7.60   17.64   -0.13    3.37 
1995 3	  12.65   18.75    1.58    3.77 
1995 4	  20.67   24.05    5.39    3.75 
1995 5	  65.42   27.93   11.65    4.02 
1995 6	  47.10   33.10   16.05    3.60 
1995 7	  18.10   36.42   18.70    2.98 
1995 8	  46.75   33.53   18.37    2.56 
1995 9	 186.40   27.77   14.24    2.48 
1995 10	   6.90   25.69    6.17    2.84 
1995 11	   2.10   19.91    1.21    2.78 
1995 12	   8.35   14.35   -2.40    2.82 
1996 1	   4.68   14.10   -5.29    3.54 
1996 2	   0.75   17.72   -1.58    3.53 
1996 3	   0.48   18.74   -1.43    3.94 
1996 4	   2.57   25.54    5.21    3.90 
1996 5	  87.70   33.85   14.82    5.08 
1996 6	  96.55   33.86   17.71    3.43 
1996 7	  51.70   33.48   19.11    3.07 
1996 8	 105.90   31.49   18.30    2.94 
1996 9	  17.00   28.47   13.09    2.13 
1996 10	  11.48   25.08    6.69    2.99 
1996 11	  12.50   18.60    0.76    3.49 
1996 12	   0.05   16.08   -3.27    3.43 
1997 1	   9.00   10.73   -4.05    3.57 
1997 2	  44.12   11.37   -1.69    3.57 
1997 3	   1.27   22.00    1.46    3.19 
1997 4	 112.15   19.85    4.22    3.66 
1997 5	 118.07   26.82   11.65    3.20 
1997 6	  83.47   31.03   15.63    3.25 
1997 7	  47.95   34.73   18.38    3.16 
1997 8	  61.68   33.21   17.73    2.88 
1997 9	  24.72   31.65   15.36    2.62 
1997 10	  36.27   24.44    7.63    3.06 
1997 11	  17.37   16.48   -0.14    2.54 
1997 12	  46.70   10.19   -4.07    3.57 
1998 1	   0.10   15.60   -2.30    2.96 
1998 2	  36.65   13.98   -0.39    3.07 
1998 3	  42.90   17.65   -0.37    3.90 
1998 4	   3.55   23.62    4.16    3.56 
1998 5	  13.43   33.49   12.78    3.73 
1998 6	  16.60   37.29   17.23    4.25 
1998 7	  16.45   37.55   20.00    3.31 
1998 8	  86.20   32.23   18.10    1.94 
1998 9	   2.80   33.34   15.89    2.62 
1998 10	  91.80   25.69    9.90    3.52 
1998 11	  14.65   19.04    3.29    2.67 
1998 12	  13.18   13.42   -2.29    2.84 
1999 1	  32.77   15.66   -2.23    3.71 
1999 2	   0.00   19.87   -0.56    3.48 
1999 3	  45.30   17.56    2.26    3.65 
1999 4	  60.57   24.01    6.14    3.93 
1999 5	 116.42   27.08   11.38    3.72 
1999 6	 148.75   31.26   16.39    3.87 
1999 7	  23.95   33.91   18.84    3.43 
1999 8	  20.20   35.59   18.77    2.34 
1999 9	  86.40   28.46   13.56    2.89 
1999 10	  13.45   25.12    6.03    2.90 
1999 11	   0.00   22.62    2.26    2.68 
1999 12	  28.65   13.48   -2.75    3.21 
2000 1	   0.28   15.71   -3.26    3.51 
2000 2	   0.65   20.37   -0.26    3.64 
2000 3	  66.30   21.15    2.18    3.76 
2000 4	  19.77   25.44    7.06    3.86 
2000 5	  13.38   32.79   13.38    4.00 
2000 6	 158.67   30.30   17.17    3.46 
2000 7	  26.22   35.30   18.68    3.18 
2000 8	  13.12   35.36   17.87    3.08 
2000 9	   0.00   33.57   13.37    2.51 
2000 10	  99.50   23.77    9.56    3.76 
2000 11	  48.53   12.78   -0.94    2.61 
2000 12	  25.05    9.88   -4.53    3.03 
2001 1	  29.38    8.95   -3.28    3.27 
2001 2	  12.77   15.28   -1.16    3.62 
2001 3	  60.80   15.14    2.08    2.92 
2001 4	  11.00   26.19    8.11    4.16 
2001 5	  90.23   29.57   13.19    3.74 
2001 6	  14.60   34.39   18.54    3.73 
2001 7	   5.30   36.45   21.21    3.34 
2001 8	  80.20   33.29   18.94    2.62 
2001 9	  37.45   29.30   14.53    2.30 
2001 10	   3.47   24.90    7.33    3.24 
2001 11	  53.90   17.57    4.85    3.37 
2001 12	   3.80   13.56   -1.72    3.07 
2002 1	  16.00   13.57   -2.22    3.34 
2002 2	  11.95   13.47   -2.99    3.39 
2002 3	  70.28   18.11   -0.52    3.61 
2002 4	  24.85   24.36    8.79    3.99 
2002 5	   3.22   29.54   12.20    4.01 
2002 6	  90.25   33.38   18.10    3.55 
2002 7	  51.27   32.58   19.25    2.98 
2002 8	  35.40   33.91   19.56    3.47 
2002 9	  42.82   29.61   14.72    2.32 
2002 10	  91.28   20.58    8.77    2.63 
2002 11	  12.75   15.01    1.88    2.86 
2002 12	  37.62   11.84   -1.37    3.21 
2003 1	   0.35   14.37   -2.68    3.06 
2003 2	   4.78   13.44   -1.64    3.47 
2003 3	   9.10   20.46    2.25    3.59 
2003 4	  13.35   26.12    7.41    4.16 
2003 5	  43.80   29.70   13.00    3.14 
2003 6	  99.03   30.79   16.25    3.36 
2003 7	   0.00   34.83   19.38    2.84 
2003 8	  33.30   34.01   19.36    2.49 
2003 9	  14.82   27.73   13.84    2.64 
2003 10	  19.15   25.74   10.24    2.63 
2003 11	  18.40   17.76    3.03    3.40 
2003 12	   0.00   14.92   -2.93    3.68 
2004 1	  45.15   12.83   -1.79    3.28 
2004 2	  43.53   12.07   -2.07    3.70 
2004 3	  46.80   19.73    6.44    3.79 
2004 4	  93.62   22.14    8.00    3.81 
2004 5	  23.40   30.57   13.36    4.21 
2004 6	  91.20   31.97   17.21    3.60 
2004 7	  68.38   32.16   18.66    3.12 
2004 8	  83.12   30.38   17.39    2.68 
2004 9	 153.33   27.33   14.29    2.81 
2004 10	  61.03   23.20    9.57    2.75 
2004 11	 159.10   13.24    2.71    3.12 
2004 12	  16.73   12.88   -2.46    3.24 
2005 1	  28.57   13.20   -0.47    3.42 
2005 2	  30.92   13.15    1.43    3.02 
2005 3	  16.73   17.76    1.68    3.44 
2005 4	   7.40   23.66    6.36    4.07 
2005 5	  92.43   26.47   12.90    3.71 
2005 6	  19.15   33.34   18.03    3.71 
2005 7	  52.17   32.90   18.51    2.97 
2005 8	  89.07   30.73   18.34    2.55 
2005 9	   6.50   31.42   15.73    2.56 
2005 10	  71.65   23.26    9.15    2.79 
2005 11	   0.00   19.89    1.62    2.90 
2005 12	   1.72   13.66   -3.50    2.97 
2006 1	   0.00   17.23   -1.18    3.88 
2006 2	   2.92   16.09   -2.14    3.41 
2006 3	  39.10   19.33    3.78    4.27 
2006 4	  22.27   27.11    9.33    4.07 
2006 5	  35.23   31.54   14.16    4.14 
2006 6	  14.50   34.46   18.50    3.02 
2006 7	  66.75   34.55   19.90    3.13 
2006 8	  64.85   32.33   19.51    2.64 
2006 9	 143.48   26.33   13.34    2.51 
2006 10	  43.03   22.83    8.62    2.89 
2006 11	   8.02   19.53    2.79    3.34 
2006 12	  40.60   12.00   -2.15    3.41 
2007 1	  31.60    7.11   -4.03    3.24 
2007 2	   6.35   14.99   -2.51    3.69 
2007 3	 124.13   20.44    5.13    3.75 
2007 4	  35.20   20.93    4.93    3.89 
2007 5	 140.20   24.89   12.78    2.89 
2007 6	  83.17   30.50   16.27    2.72 
2007 7	  22.20   31.75   18.30    2.12 
2007 8	  43.55   32.75   19.44    2.89 
2007 9	  79.18   29.80   16.07    2.53 
2007 10	   2.50   26.76    9.30    2.96 
2007 11	   8.77   18.35    1.91    2.89 
2007 12	  19.55   13.20   -1.76    3.32 
2008 1	   0.30   12.52   -4.43    3.52 
2008 2	  15.05   17.10   -1.52    3.47 
2008 3	   1.30   19.96    1.67    4.13 
2008 4	  14.32   24.32    5.69    3.91 
2008 5	 111.43   29.00   12.05    3.88 
2008 6	  52.38   35.19   18.48    4.65 
2008 7	  77.20   31.82   19.12    3.67 
2008 8	  89.55   31.51   17.91    2.38 
2008 9	  86.55   26.81   13.31    2.14 
2008 10	  61.10   23.76    7.99    3.06 
2008 11	   2.62   19.38    1.32    2.89 
2008 12	   0.15   13.90   -2.81    3.70 
2009 1	   1.38   14.76   -3.83    3.40 
2009 2	  14.12   18.75   -0.13    3.98 
2009 3	   9.38   21.39    2.90    4.15 
2009 4	  16.48   24.58    5.83    4.57 
2009 5	  29.28   28.44   12.56    3.06 
2009 6	 113.80   33.37   18.28    3.65 
2009 7	  81.75   33.41   19.45    2.96 
2009 8	  13.18   34.01   18.62    3.23 
2009 9	  22.88   28.10   13.39    2.43 
2009 10	  22.83   22.23    6.38    3.20 
2009 11	   4.27   20.27    1.99    2.59 
2009 12	  29.93    9.02   -5.03    2.91 
2010 1	  36.85   11.37   -4.36    3.50 
2010 2	  62.38    9.41   -2.23    3.35 
2010 3	  45.65   18.04    1.87    4.43 
2010 4	  75.38   23.28    7.51    4.21 
2010 5	  58.10   27.44   12.35    3.45 
2010 6	  53.68   34.57   19.31    4.22 
2010 7	 166.00   30.52   19.13    3.14 
2010 8	  26.60   33.87   18.73    3.07 
2010 9	  33.70   30.84   15.96    2.60 
2010 10	  51.12   25.31    8.26    2.57 
2010 11	   4.97   18.98    0.41    3.33 
2010 12	   0.10   15.66   -1.93    3.09 
