1949 1	 178.30    9.61   -1.01    3.14 
1949 2	 120.85   14.71    3.09    2.76 
1949 3	  74.78   19.59    7.22    3.11 
1949 4	  53.65   22.66   11.79    2.78 
1949 5	 307.35   30.00   18.38    2.76 
1949 6	 133.20   33.01   22.01    2.36 
1949 7	  16.70   35.32   23.59    2.05 
1949 8	  32.10   34.56   21.39    1.89 
1949 9	  97.62   30.58   17.73    2.16 
1949 10	 222.10   24.38   12.81    3.09 
1949 11	   2.95   23.39    6.62    2.57 
1949 12	  41.80   15.86    4.04    3.36 
1950 1	 112.85   14.93    3.84    3.31 
1950 2	  90.70   17.31    5.34    2.77 
1950 3	  38.38   19.88    5.77    3.50 
1950 4	 142.38   23.51   10.85    3.34 
1950 5	 178.23   28.63   17.67    2.61 
1950 6	  90.03   31.89   21.28    2.62 
1950 7	 140.92   32.40   22.55    2.45 
1950 8	 109.60   33.75   21.58    2.09 
1950 9	  97.63   29.19   18.69    2.27 
1950 10	   9.20   29.02   14.68    2.55 
1950 11	   5.30   20.01    4.73    3.25 
1950 12	   2.33   15.00    0.85    2.73 
1951 1	  43.60   14.93    0.61    3.38 
1951 2	  43.45   15.80    2.99    3.36 
1951 3	  29.28   21.01    6.75    3.51 
1951 4	  47.20   25.17   10.74    3.46 
1951 5	  93.55   28.50   16.28    2.92 
1951 6	 198.57   32.46   21.31    3.09 
1951 7	  30.30   36.31   24.24    2.15 
1951 8	  11.35   38.78   25.22    2.19 
1951 9	  41.75   32.35   19.44    2.18 
1951 10	  67.03   27.60   13.63    2.45 
1951 11	  18.12   17.53    4.58    3.32 
1951 12	   3.55   16.75    2.53    3.46 
1952 1	  21.75   18.79    5.57    3.25 
1952 2	  55.18   18.35    5.63    3.52 
1952 3	  45.83   19.65    6.02    3.14 
1952 4	 155.95   23.03   10.06    3.00 
1952 5	 142.72   28.87   15.74    2.52 
1952 6	   6.12   35.03   22.78    2.57 
1952 7	  35.20   35.67   23.59    1.88 
1952 8	   6.60   39.05   25.21    2.62 
1952 9	   6.97   34.07   18.24    2.19 
1952 10	   0.52   26.48    8.37    2.45 
1952 11	 185.20   18.21    6.90    3.04 
1952 12	  71.42   12.95    1.97    2.61 
1953 1	  14.73   17.57    3.08    3.82 
1953 2	  42.00   16.44    3.02    2.71 
1953 3	  71.23   22.38    9.62    2.78 
1953 4	 117.25   23.40    9.55    2.88 
1953 5	 119.03   28.21   16.51    2.73 
1953 6	  25.80   36.89   24.07    2.32 
1953 7	  44.35   35.16   23.29    1.98 
1953 8	  43.38   35.45   22.04    1.84 
1953 9	  47.13   34.37   17.82    1.62 
1953 10	  98.03   27.76   14.05    2.10 
1953 11	  50.92   18.15    6.45    2.44 
1953 12	  37.58   13.47    1.51    3.00 
1954 1	  53.45   13.89    1.73    3.22 
1954 2	  22.65   21.45    5.50    3.16 
1954 3	  14.97   19.76    6.45    3.39 
1954 4	 102.30   27.20   15.34    3.36 
1954 5	 108.68   26.31   15.04    2.52 
1954 6	  39.65   34.87   21.85    2.54 
1954 7	  29.77   38.91   25.59    2.49 
1954 8	  25.48   37.91   24.73    2.52 
1954 9	  98.00   35.33   20.35    2.13 
1954 10	  56.90   27.01   15.26    2.37 
1954 11	  48.53   20.10    6.36    2.62 
1954 12	  23.45   16.83    2.83    2.86 
1955 1	  33.10   13.19    2.51    2.63 
1955 2	  55.43   14.72    2.70    3.69 
1955 3	  36.95   20.85    7.08    3.42 
1955 4	  55.08   26.64   14.67    3.17 
1955 5	 187.80   30.83   18.58    2.72 
1955 6	 131.02   31.52   19.73    2.12 
1955 7	  42.82   35.72   23.71    2.01 
1955 8	  43.08   35.58   22.96    1.67 
1955 9	  85.82   33.26   21.00    1.78 
1955 10	   3.80   28.09   12.85    2.65 
1955 11	  18.40   20.60    5.64    3.45 
1955 12	   2.40   14.31    1.95    2.98 
1956 1	  37.20   13.10    0.45    3.35 
1956 2	  74.43   15.09    3.40    3.01 
1956 3	   3.83   21.21    7.06    3.03 
1956 4	 108.53   24.83   11.72    3.11 
1956 5	 105.60   31.40   19.20    2.81 
1956 6	  22.05   34.56   22.11    2.42 
1956 7	   9.92   38.32   24.97    2.93 
1956 8	  15.48   38.41   23.91    2.67 
1956 9	   1.52   35.05   19.93    2.31 
1956 10	  33.58   27.97   15.18    2.13 
1956 11	  86.47   17.81    4.81    2.89 
1956 12	  62.75   17.18    3.60    2.85 
1957 1	  47.15   11.77    0.97    3.06 
1957 2	  40.92   16.94    7.32    2.63 
1957 3	 123.55   17.00    6.22    2.83 
1957 4	 376.62   21.17   11.69    3.28 
1957 5	 316.05   27.09   17.15    2.81 
1957 6	  54.38   32.41   21.76    2.17 
1957 7	  21.30   37.47   24.74    1.51 
1957 8	  10.40   36.21   23.58    2.20 
1957 9	  96.75   30.96   18.42    2.45 
1957 10	 124.93   22.62   11.71    2.75 
1957 11	 128.60   16.36    6.32    3.16 
1957 12	  48.87   17.37    4.67    3.15 
1958 1	  49.70   12.85    1.54    3.33 
1958 2	  21.08   11.46    1.09    3.55 
1958 3	  75.32   13.97    4.58    2.99 
1958 4	 223.15   21.81   11.36    2.82 
1958 5	  50.25   28.57   17.58    2.30 
1958 6	  40.25   33.98   22.19    2.28 
1958 7	  97.93   35.45   23.91    2.87 
1958 8	  56.03   36.10   23.45    1.93 
1958 9	 134.60   30.88   20.71    2.24 
1958 10	  86.92   24.00   13.91    2.72 
1958 11	  67.93   20.66    7.81    2.55 
1958 12	  23.62   12.66    0.09    2.95 
1959 1	   4.10   11.59   -0.82    3.43 
1959 2	  57.65   14.29    3.29    3.06 
1959 3	  44.12   20.64    5.71    3.38 
1959 4	  49.05   22.98   10.91    3.31 
1959 5	 110.50   28.88   18.05    2.93 
1959 6	 147.23   32.36   20.88    2.32 
1959 7	  84.62   33.29   22.32    1.49 
1959 8	  29.48   34.90   22.71    1.97 
1959 9	 128.10   32.21   19.95    2.69 
1959 10	 175.97   24.57   12.52    2.45 
1959 11	  37.88   16.08    3.49    3.04 
1959 12	  88.05   15.72    4.67    3.11 
1960 1	  62.35   11.75    1.63    3.01 
1960 2	  55.90   11.79    0.19    3.52 
1960 3	  19.02   14.61    3.45    3.00 
1960 4	  64.68   25.79   13.23    3.53 
1960 5	  76.30   28.01   15.54    3.09 
1960 6	  53.97   34.00   21.34    2.51 
1960 7	 122.98   34.57   22.75    1.74 
1960 8	 106.18   33.81   22.65    1.99 
1960 9	  38.12   32.47   19.69    1.72 
1960 10	  59.20   26.92   15.17    2.20 
1960 11	  16.60   20.64    7.60    2.79 
1960 12	 139.60   11.29    1.58    2.86 
1961 1	  92.40   10.90   -0.85    2.96 
1961 2	  79.58   16.34    4.16    3.24 
1961 3	  99.38   21.62    8.45    3.29 
1961 4	  40.28   24.14   11.13    3.69 
1961 5	  40.70   28.50   17.11    3.30 
1961 6	 187.82   30.63   19.87    2.40 
1961 7	  66.10   33.18   22.39    2.16 
1961 8	   4.12   34.52   21.80    1.74 
1961 9	 102.65   30.75   19.28    3.35 
1961 10	  74.33   25.52   13.76    2.63 
1961 11	  74.15   17.09    6.67    3.12 
1961 12	  62.10   13.12    2.04    2.98 
1962 1	  18.78   10.45   -3.19    3.35 
1962 2	  58.35   19.53    4.60    3.24 
1962 3	  40.95   18.05    5.30    3.27 
1962 4	 131.68   22.77   11.78    3.18 
1962 5	  68.45   31.10   18.69    3.80 
1962 6	  95.98   31.82   20.31    1.84 
1962 7	 151.95   34.82   23.06    2.06 
1962 8	  84.12   35.96   22.90    2.01 
1962 9	 136.43   30.76   19.40    1.94 
1962 10	  92.07   27.24   15.87    2.59 
1962 11	  85.87   18.27    7.53    3.05 
1962 12	  30.55   13.87    3.02    2.62 
1963 1	  10.43    9.21   -3.70    3.06 
1963 2	   4.15   15.35    0.23    3.34 
1963 3	  22.33   23.20    8.66    3.46 
1963 4	 153.43   27.70   15.38    4.01 
1963 5	  67.60   28.90   18.01    2.97 
1963 6	  39.67   33.96   22.35    2.19 
1963 7	  54.75   36.69   24.38    2.73 
1963 8	  44.03   37.57   24.14    2.05 
1963 9	  31.55   32.78   19.84    2.12 
1963 10	  26.52   30.90   15.32    1.53 
1963 11	  36.03   21.30    7.51    3.22 
1963 12	  43.17    9.98   -1.65    3.16 
1964 1	  79.12   13.73   -0.53    3.21 
1964 2	  35.45   12.77    0.25    3.02 
1964 3	 102.32   19.74    5.35    3.12 
1964 4	  89.72   25.59   13.42    3.78 
1964 5	  82.00   28.69   17.43    2.83 
1964 6	  10.45   32.96   21.10    2.80 
1964 7	  15.50   37.71   24.31    2.23 
1964 8	  69.12   35.61   24.07    2.51 
1964 9	 271.02   30.35   19.74    1.99 
1964 10	  15.48   24.67   11.49    2.59 
1964 11	 149.62   20.34    8.90    2.70 
1964 12	  27.12   14.39    1.80    3.22 
1965 1	  63.12   14.68    2.48    3.05 
1965 2	 153.83   13.38    1.40    3.40 
1965 3	  42.72   13.77    2.87    3.28 
1965 4	  53.25   26.21   14.67    3.10 
1965 5	 202.55   27.26   18.25    3.25 
1965 6	  46.55   31.90   20.89    2.44 
1965 7	  12.32   36.11   23.82    1.96 
1965 8	  57.68   35.45   22.46    1.99 
1965 9	 130.20   32.03   20.09    2.78 
1965 10	  44.28   24.96   12.70    2.59 
1965 11	  59.07   22.16   11.17    2.50 
1965 12	  53.60   16.06    5.08    2.97 
1966 1	  44.50    9.71   -0.31    3.31 
1966 2	  85.95   13.03    1.69    3.33 
1966 3	  45.75   19.83    7.51    3.23 
1966 4	 344.80   23.78   12.08    3.58 
1966 5	  49.50   27.43   16.52    2.65 
1966 6	 114.62   31.67   20.32    2.12 
1966 7	  61.70   35.17   24.34    2.05 
1966 8	 106.08   32.75   22.07    1.88 
1966 9	 104.55   29.04   18.40    1.71 
1966 10	  46.10   24.86   11.47    2.62 
1966 11	  12.58   22.22    9.05    3.03 
1966 12	  31.88   13.21    1.28    3.11 
1967 1	   6.25   15.71    1.34    3.39 
1967 2	  20.47   15.32    1.15    3.17 
1967 3	  50.60   24.67    9.77    3.65 
1967 4	 122.72   27.36   15.72    4.01 
1967 5	 118.32   28.39   15.63    3.44 
1967 6	  60.25   32.74   21.94    2.74 
1967 7	  54.80   33.67   22.43    2.59 
1967 8	  16.35   35.04   21.62    1.82 
1967 9	 169.85   28.07   17.84    2.40 
1967 10	 112.58   25.69   11.78    2.68 
1967 11	  30.12   18.84    6.91    2.51 
1967 12	  52.28   13.06    2.44    2.84 
1968 1	  93.75   10.36    2.42    3.38 
1968 2	  46.55   12.80    1.00    2.57 
1968 3	 171.50   17.63    6.73    3.51 
1968 4	  52.20   23.78   12.71    3.36 
1968 5	  95.10   27.53   16.93    3.01 
1968 6	  91.65   31.39   21.13    2.22 
1968 7	  55.52   32.74   21.99    2.04 
1968 8	  60.38   34.55   22.80    2.33 
1968 9	  75.95   30.33   17.16    2.19 
1968 10	  56.40   26.18   13.07    2.36 
1968 11	 120.38   18.14    5.81    3.15 
1968 12	  19.50   14.85    1.67    3.43 
1969 1	  33.38   14.63    2.28    3.33 
1969 2	  57.82   14.57    3.61    3.27 
1969 3	  99.57   14.51    4.13    3.37 
1969 4	  72.15   24.15   13.08    2.89 
1969 5	 205.20   28.11   16.69    1.96 
1969 6	  20.52   32.39   20.82    3.03 
1969 7	  20.80   37.29   24.88    2.15 
1969 8	  69.72   35.10   23.20    2.07 
1969 9	 110.60   31.15   19.30    1.86 
1969 10	 143.95   24.48   12.61    3.36 
1969 11	  55.12   19.48    5.93    2.52 
1969 12	  84.28   15.44    3.42    2.44 
1970 1	  43.42   10.47   -1.20    2.71 
1970 2	 115.05   14.67    3.05    3.14 
1970 3	  90.07   16.41    5.22    3.15 
1970 4	 114.70   24.63   13.51    3.50 
1970 5	 101.08   27.95   16.46    2.62 
1970 6	  15.38   32.00   20.77    2.35 
1970 7	  32.50   34.62   22.46    2.13 
1970 8	 104.33   35.67   23.26    2.12 
1970 9	 188.53   30.53   20.21    2.54 
1970 10	  73.80   23.41   11.74    2.52 
1970 11	  10.02   18.49    4.84    3.47 
1970 12	  24.38   18.72    5.09    2.88 
1971 1	   7.80   15.69    0.50    3.33 
1971 2	  41.57   16.32    2.17    3.71 
1971 3	  11.75   21.25    4.97    3.53 
1971 4	  72.20   24.83   11.71    3.20 
1971 5	  75.68   28.42   15.45    3.07 
1971 6	  23.00   34.41   22.29    2.78 
1971 7	 122.87   35.11   23.61    2.35 
1971 8	 101.88   31.46   21.31    1.60 
1971 9	  59.40   30.59   19.64    2.40 
1971 10	 232.68   26.46   15.04    2.30 
1971 11	  47.22   19.24    7.49    2.85 
1971 12	 189.95   15.39    5.44    3.03 
1972 1	  23.07   13.07    0.15    3.42 
1972 2	   7.27   16.98    2.51    3.19 
1972 3	  18.12   23.85    8.69    3.34 
1972 4	  91.98   26.95   13.60    3.82 
1972 5	  49.20   28.91   16.49    1.84 
1972 6	  59.05   33.72   21.28    2.39 
1972 7	  23.50   34.13   21.90    2.51 
1972 8	  43.82   35.42   22.62    2.05 
1972 9	  77.00   32.19   21.30    1.87 
1972 10	 166.17   25.06   13.18    2.53 
1972 11	  52.05   14.55    4.43    3.09 
1972 12	  18.52   12.01   -0.08    3.08 
1973 1	  83.75    9.87   -0.46    3.76 
1973 2	  51.37   13.63    2.20    3.00 
1973 3	  67.93   21.23    9.31    3.31 
1973 4	 139.63   21.10   10.77    3.36 
1973 5	  81.45   28.25   15.49    3.23 
1973 6	 175.65   31.08   20.01    2.63 
1973 7	 133.70   33.47   23.03    2.00 
1973 8	   4.97   33.83   21.55    1.96 
1973 9	 158.28   29.90   19.66    2.38 
1973 10	 164.65   26.13   14.68    2.27 
1973 11	  50.45   21.34   10.15    3.33 
1973 12	  24.20   16.21    1.76    3.22 
1974 1	  36.90   11.88    0.66    2.97 
1974 2	  29.00   18.55    3.67    3.80 
1974 3	  19.68   23.34   10.59    4.21 
1974 4	  81.97   25.36   12.29    3.93 
1974 5	 120.80   29.53   19.07    3.15 
1974 6	 126.90   31.45   20.15    2.75 
1974 7	  25.12   36.40   23.54    1.88 
1974 8	 111.97   33.52   22.52    2.29 
1974 9	 165.37   25.87   16.34    2.82 
1974 10	 138.48   26.27   14.16    2.64 
1974 11	  86.88   17.97    7.57    2.96 
1974 12	  43.95   13.36    2.88    2.76 
1975 1	  71.55   15.09    3.35    3.24 
1975 2	  76.63   13.82    1.92    3.04 
1975 3	  49.22   17.74    6.06    3.69 
1975 4	  80.68   23.17   12.59    3.96 
1975 5	 149.90   27.76   16.98    2.76 
1975 6	  48.45   32.48   21.24    2.55 
1975 7	 118.85   34.11   22.91    1.59 
1975 8	  34.25   34.97   23.22    1.94 
1975 9	  16.65   30.27   17.58    2.27 
1975 10	   0.15   27.47   13.66    2.68 
1975 11	  17.88   21.03    7.03    3.03 
1975 12	  39.73   15.72    2.78    3.09 
1976 1	   4.43   14.71   -0.27    3.25 
1976 2	  16.80   21.78    7.06    3.88 
1976 3	  52.70   21.33    8.93    3.84 
1976 4	 170.98   23.79   12.60    3.32 
1976 5	 138.32   26.11   14.07    2.44 
1976 6	  47.60   31.99   19.70    2.44 
1976 7	  98.28   32.96   22.09    1.70 
1976 8	  74.88   35.60   22.10    1.63 
1976 9	 119.70   30.32   18.52    1.77 
1976 10	  97.12   21.70    9.41    2.74 
1976 11	  12.77   15.37    3.51    2.74 
1976 12	  61.92   14.34    0.26    2.75 
1977 1	  54.52    7.04   -3.70    2.98 
1977 2	  50.28   16.54    3.41    3.04 
1977 3	 188.80   20.57    7.54    3.36 
1977 4	 106.92   25.00   13.20    2.97 
1977 5	  24.15   30.52   18.84    2.68 
1977 6	  25.98   35.31   22.20    2.59 
1977 7	  52.95   37.67   23.83    2.09 
1977 8	  47.87   35.55   23.59    2.30 
1977 9	  43.05   34.27   21.41    2.65 
1977 10	  56.18   26.73   12.59    2.31 
1977 11	  51.62   19.62    8.51    2.76 
1977 12	   6.90   15.77    1.67    3.57 
1978 1	  37.30    5.91   -3.98    3.68 
1978 2	  94.32    7.02   -1.93    3.46 
1978 3	  57.80   18.94    5.40    3.11 
1978 4	  33.90   26.30   13.06    3.58 
1978 5	 170.18   28.98   16.92    2.97 
1978 6	  25.23   34.03   21.73    2.12 
1978 7	   9.72   38.15   25.09    2.28 
1978 8	  41.00   35.69   23.01    2.19 
1978 9	  31.72   32.50   20.87    2.41 
1978 10	  16.80   27.66   12.53    2.14 
1978 11	  76.80   19.94    8.49    2.32 
1978 12	  23.17   14.25    1.36    3.06 
1979 1	  82.35    5.75   -2.39    3.49 
1979 2	  57.50   10.42    0.35    3.44 
1979 3	 179.32   19.73    8.15    3.52 
1979 4	  47.10   23.61   12.01    2.78 
1979 5	 169.25   26.46   15.18    2.98 
1979 6	  40.98   32.88   20.67    2.30 
1979 7	  44.33   35.08   22.88    2.17 
1979 8	  73.78   34.30   21.29    1.59 
1979 9	  33.12   31.61   17.83    2.35 
1979 10	  77.88   28.94   13.57    2.82 
1979 11	  12.57   17.89    5.18    2.99 
1979 12	  86.22   15.90    3.02    3.00 
1980 1	  52.57   12.66    2.19    2.89 
1980 2	  31.63   14.97    0.99    3.09 
1980 3	  28.73   19.60    5.14    3.20 
1980 4	  52.70   24.49   10.06    3.19 
1980 5	 100.30   29.65   17.33    2.46 
1980 6	  34.95   36.89   23.38    3.09 
1980 7	   9.22   40.15   25.56    2.01 
1980 8	   0.48   37.83   24.67    2.85 
1980 9	 170.62   33.02   20.87    2.25 
1980 10	  22.88   25.59   11.49    2.42 
1980 11	  33.40   18.88    6.32    2.85 
1980 12	  44.62   15.48    3.59    3.00 
1981 1	  17.42   13.22    0.79    2.66 
1981 2	  44.72   16.07    2.87    2.99 
1981 3	  77.70   19.08    7.56    3.10 
1981 4	  61.73   26.60   14.95    3.23 
1981 5	 176.00   27.15   15.47    3.25 
1981 6	 184.65   32.50   21.62    2.51 
1981 7	  74.70   36.08   24.00    2.12 
1981 8	  38.22   35.09   22.51    1.87 
1981 9	  84.55   31.28   18.31    1.98 
1981 10	 326.20   24.20   13.61    2.68 
1981 11	  39.17   20.51    7.80    2.49 
1981 12	   4.18   14.55    2.51    3.20 
1982 1	  69.47   14.25   -0.27    3.71 
1982 2	  53.00   12.92    0.86    3.29 
1982 3	  48.53   20.63    9.85    3.90 
1982 4	  71.18   22.51   11.05    3.29 
1982 5	 310.48   27.46   17.15    2.99 
1982 6	 120.87   31.83   20.37    2.19 
1982 7	  84.48   34.79   23.59    2.30 
1982 8	  16.98   36.45   24.08    2.16 
1982 9	  24.75   31.95   19.06    2.42 
1982 10	  85.30   25.55   12.99    2.82 
1982 11	 115.38   18.40    7.64    2.88 
1982 12	  86.60   14.66    4.14    3.60 
1983 1	  54.23   11.70    1.08    2.66 
1983 2	  32.15   14.23    4.08    3.16 
1983 3	  98.25   18.24    6.75    3.44 
1983 4	  11.22   21.94    9.36    3.89 
1983 5	 153.50   27.03   14.72    2.96 
1983 6	  70.90   30.72   19.61    2.23 
1983 7	  53.90   34.39   22.73    2.25 
1983 8	 132.15   35.28   23.80    1.40 
1983 9	   6.85   31.75   18.66    2.18 
1983 10	 101.22   26.19   13.74    2.26 
1983 11	  57.47   20.15    8.01    3.13 
1983 12	  20.03    6.55   -3.42    3.41 
1984 1	  29.35   10.41   -1.91    2.95 
1984 2	  69.77   18.04    3.08    3.45 
1984 3	 124.28   19.55    7.22    3.43 
1984 4	  33.70   24.10   10.81    3.35 
1984 5	 108.25   29.54   16.74    3.26 
1984 6	  67.72   33.70   21.76    2.61 
1984 7	  19.20   36.23   23.05    2.11 
1984 8	  36.17   36.35   23.36    2.02 
1984 9	  32.55   30.30   18.51    3.04 
1984 10	 198.77   24.39   14.31    2.53 
1984 11	  72.43   18.29    7.06    3.16 
1984 12	 135.60   16.56    6.27    3.45 
1985 1	  21.30    9.09   -2.39    3.18 
1985 2	  66.90   12.04    2.28    3.39 
1985 3	  93.88   21.23   10.63    3.52 
1985 4	 113.43   25.25   13.75    3.22 
1985 5	  59.72   29.09   17.60    2.75 
1985 6	  92.72   32.73   20.79    2.58 
1985 7	  62.08   35.07   23.12    1.98 
1985 8	   8.05   37.51   24.30    1.98 
1985 9	  86.53   31.36   19.58    2.75 
1985 10	 110.25   24.50   14.94    3.51 
1985 11	  74.13   18.98    8.02    3.23 
1985 12	  20.40   12.33   -0.78    2.81 
1986 1	   0.10   16.75    2.02    3.12 
1986 2	  66.00   16.66    5.06    3.29 
1986 3	  25.38   22.39    8.88    2.98 
1986 4	 108.28   24.89   14.21    3.28 
1986 5	 168.52   27.18   17.05    3.06 
1986 6	 127.90   32.45   21.56    1.70 
1986 7	  31.60   36.36   24.04    2.22 
1986 8	  43.15   34.35   22.84    2.10 
1986 9	 115.65   31.57   21.81    2.29 
1986 10	  53.78   24.19   13.18    2.46 
1986 11	  82.08   16.61    5.98    2.90 
1986 12	  64.72   12.09    3.43    2.75 
1987 1	  35.42   13.04    0.84    2.86 
1987 2	 108.53   15.57    5.17    3.46 
1987 3	  38.40   18.68    5.96    3.01 
1987 4	   3.67   26.25   10.33    2.53 
1987 5	 183.45   29.52   18.21    2.33 
1987 6	  97.20   31.77   20.91    2.28 
1987 7	  51.55   34.19   22.47    2.22 
1987 8	  24.52   36.56   24.14    2.31 
1987 9	  49.12   31.78   18.33    2.02 
1987 10	   4.47   26.21   11.71    2.62 
1987 11	 112.65   19.24    7.39    2.80 
1987 12	  85.12   13.96    3.09    2.89 
1988 1	  17.10   11.14   -0.12    3.34 
1988 2	  32.33   14.79    1.83    3.03 
1988 3	  50.70   20.37    6.16    3.45 
1988 4	  50.03   25.31   10.63    2.79 
1988 5	  71.88   29.39   16.02    2.69 
1988 6	  59.90   33.12   20.44    1.93 
1988 7	  89.17   35.71   23.33    2.27 
1988 8	   9.73   37.20   24.39    1.82 
1988 9	 114.65   32.44   19.57    2.43 
1988 10	  41.65   24.77   12.14    2.39 
1988 11	  54.92   21.25    7.35    3.29 
1988 12	  63.12   15.67    2.97    2.93 
1989 1	  83.48   15.65    3.88    2.92 
1989 2	 107.95   10.70    0.49    3.99 
1989 3	  95.35   20.09    6.80    3.73 
1989 4	  53.97   25.29   12.68    3.27 
1989 5	 289.38   28.71   18.03    3.40 
1989 6	 290.80   30.90   19.61    2.61 
1989 7	  59.78   33.60   22.34    1.97 
1989 8	  65.95   33.48   22.26    2.14 
1989 9	  75.43   29.83   17.52    2.44 
1989 10	  45.40   27.68   13.53    2.73 
1989 11	  13.48   21.37    7.86    2.91 
1989 12	  12.32   10.79   -2.88    3.33 
1990 1	 138.97   17.50    4.44    3.07 
1990 2	 101.80   18.47    5.93    3.49 
1990 3	 153.25   19.28    9.00    3.58 
1990 4	 165.40   23.18   12.10    3.32 
1990 5	 205.68   28.39   17.27    3.50 
1990 6	  53.45   34.62   23.09    2.76 
1990 7	  76.62   34.22   22.10    2.02 
1990 8	  61.22   35.60   22.83    2.01 
1990 9	  30.32   32.87   20.62    1.58 
1990 10	  73.88   26.41   11.63    2.52 
1990 11	 100.72   21.81    9.22    2.94 
1990 12	  37.00   12.48    0.68    2.99 
1991 1	  68.98   10.66    0.67    2.85 
1991 2	  65.50   18.52    5.03    2.89 
1991 3	  33.05   21.96    8.56    3.55 
1991 4	  94.10   25.78   13.45    3.10 
1991 5	 162.72   29.04   18.51    2.79 
1991 6	  94.30   32.82   21.07    2.01 
1991 7	  68.85   35.54   22.89    1.84 
1991 8	 155.02   33.54   22.15    1.53 
1991 9	 101.50   29.66   18.17    2.12 
1991 10	 269.28   26.75   13.67    2.35 
1991 11	  32.88   16.57    5.44    3.25 
1991 12	 250.87   14.75    5.58    3.03 
1992 1	  80.00   13.09    3.42    2.49 
1992 2	  77.40   17.90    6.93    2.98 
1992 3	  74.50   21.33    9.12    3.00 
1992 4	  60.12   24.56   13.01    2.63 
1992 5	 166.60   26.66   16.60    2.32 
1992 6	 160.73   31.67   20.52    1.93 
1992 7	  75.43   34.36   23.58    2.91 
1992 8	  48.10   32.43   20.66    2.02 
1992 9	  80.07   31.11   19.29    2.73 
1992 10	  81.93   27.59   13.29    2.40 
1992 11	  85.10   16.89    6.08    2.85 
1992 12	 117.03   14.74    4.30    2.63 
1993 1	  49.47   11.53    1.97    2.82 
1993 2	 156.08   14.34    3.78    3.23 
1993 3	  74.53   18.67    7.32    3.17 
1993 4	  81.47   22.94   10.88    3.61 
1993 5	  55.25   27.37   16.48    2.92 
1993 6	  93.48   32.89   21.80    3.01 
1993 7	   0.00   36.46   24.61    3.01 
1993 8	  15.53   36.89   24.55    2.19 
1993 9	 110.93   32.36   18.25    2.08 
1993 10	 168.30   23.38   11.55    2.76 
1993 11	  46.85   16.66    4.35    2.94 
1993 12	  64.12   15.13    3.74    3.05 
1994 1	  29.68   12.49    1.93    3.31 
1994 2	  55.62   15.42    2.30    2.96 
1994 3	  43.45   21.48    8.11    3.00 
1994 4	  82.12   25.38   11.97    3.23 
1994 5	 195.50   27.02   16.31    2.38 
1994 6	  56.27   34.49   22.70    2.39 
1994 7	 129.12   34.40   22.56    2.64 
1994 8	 117.50   35.25   22.01    1.72 
1994 9	  32.10   30.71   17.90    1.80 
1994 10	 222.52   25.17   13.55    2.60 
1994 11	 170.50   19.68    8.68    3.06 
1994 12	  64.10   14.50    4.11    2.59 
1995 1	  47.35   14.67    2.69    3.34 
1995 2	  11.50   18.04    4.40    3.00 
1995 3	 153.95   19.02    7.98    3.44 
1995 4	 152.55   24.13   11.40    3.37 
1995 5	 200.68   28.02   18.00    3.02 
1995 6	  67.38   32.44   20.20    2.15 
1995 7	 115.62   35.81   23.23    2.28 
1995 8	  28.48   35.45   23.75    1.49 
1995 9	  75.28   30.45   19.05    1.93 
1995 10	  12.17   27.61   11.98    2.68 
1995 11	  12.57   19.93    5.37    3.03 
1995 12	  57.08   14.09    3.04    3.22 
1996 1	  24.68   13.15   -1.09    3.35 
1996 2	  12.55   18.41    4.01    4.09 
1996 3	  51.62   18.91    4.84    3.69 
1996 4	  53.83   25.22   10.61    3.68 
1996 5	  16.28   32.17   21.00    3.93 
1996 6	  87.05   34.11   22.14    2.16 
1996 7	 118.50   35.78   24.77    2.30 
1996 8	 103.93   33.19   23.12    2.01 
1996 9	  56.05   29.24   18.35    1.55 
1996 10	 164.15   25.85   13.25    3.02 
1996 11	 149.20   18.08    7.48    3.09 
1996 12	  17.50   16.29    3.22    3.07 
1997 1	   6.10   12.60    1.23    3.63 
1997 2	 229.77   14.74    4.95    3.25 
1997 3	  50.62   20.84    8.48    2.88 
1997 4	 160.70   21.30   10.51    3.37 
1997 5	  89.45   26.74   16.01    2.55 
1997 6	 118.55   31.74   20.92    2.02 
1997 7	  57.88   35.36   24.03    1.53 
1997 8	  72.90   34.35   23.10    2.11 
1997 9	  37.05   33.37   20.79    2.09 
1997 10	 151.88   25.58   14.11    2.86 
1997 11	  30.90   16.71    5.73    2.87 
1997 12	 173.15   12.94    2.22    3.14 
1998 1	 156.25   14.29    3.80    3.09 
1998 2	  99.00   16.25    4.99    2.96 
1998 3	 103.83   18.20    6.93    4.00 
1998 4	  27.12   24.23   10.76    3.14 
1998 5	  57.35   32.20   19.14    3.01 
1998 6	  39.77   35.60   23.58    3.87 
1998 7	   4.47   39.41   26.76    2.61 
1998 8	  23.00   37.23   24.73    1.35 
1998 9	  36.60   34.34   22.96    2.48 
1998 10	 171.28   26.52   15.42    2.83 
1998 11	 107.32   19.01    9.62    2.68 
1998 12	 125.05   13.76    3.26    3.25 
1999 1	  39.47   15.54    2.54    3.74 
1999 2	   9.43   19.89    6.15    3.13 
1999 3	  90.80   18.83    7.63    3.45 
1999 4	  73.75   25.70   13.62    3.76 
1999 5	 160.85   28.42   17.31    2.49 
1999 6	  28.55   32.50   22.53    2.58 
1999 7	  28.58   35.79   23.88    1.91 
1999 8	   2.22   38.93   25.10    1.68 
1999 9	  43.63   32.33   19.25    2.46 
1999 10	  58.10   27.52   12.93    2.33 
1999 11	  13.50   23.95    9.71    2.41 
1999 12	  58.30   16.81    3.73    3.25 
2000 1	  44.73   15.92    3.76    3.61 
2000 2	  74.97   20.49    6.27    3.42 
2000 3	  85.68   21.87    9.44    3.00 
2000 4	 102.60   24.09   11.99    3.07 
2000 5	  77.10   30.25   18.59    3.34 
2000 6	 184.78   31.56   21.71    2.60 
2000 7	   0.43   36.59   24.19    2.11 
2000 8	   0.00   38.80   25.14    1.92 
2000 9	   2.30   33.68   20.27    2.47 
2000 10	 122.80   25.98   15.56    2.82 
2000 11	 161.38   14.77    5.01    3.03 
2000 12	  87.40    9.18   -0.93    3.09 
2001 1	  60.20   11.51    0.13    2.83 
2001 2	 171.20   15.74    3.72    3.20 
2001 3	 123.55   15.82    5.79    2.75 
2001 4	  22.93   25.13   14.52    3.62 
2001 5	 126.05   29.18   17.98    2.61 
2001 6	  66.65   32.99   20.98    2.06 
2001 7	  54.45   36.46   24.80    2.04 
2001 8	  87.95   35.12   24.10    2.16 
2001 9	 102.38   29.11   18.37    2.15 
2001 10	  59.62   25.15   11.56    2.58 
2001 11	  36.28   20.94    9.65    2.49 
2001 12	  85.20   15.69    3.74    2.85 
2002 1	 113.40   15.33    1.77    2.86 
2002 2	  31.62   14.96    1.38    3.08 
2002 3	 173.75   18.75    6.00    3.81 
2002 4	 125.78   25.47   15.24    3.62 
2002 5	 127.13   27.86   17.11    3.41 
2002 6	  81.23   32.29   21.31    2.07 
2002 7	  69.97   33.93   23.18    2.07 
2002 8	  55.83   35.23   23.37    2.00 
2002 9	  30.83   32.83   19.89    2.69 
2002 10	 180.77   22.62   13.73    2.34 
2002 11	  13.22   18.44    5.91    3.09 
2002 12	 127.08   14.40    3.13    3.30 
2003 1	  10.28   12.54    0.57    2.97 
2003 2	  91.97   12.84    2.58    3.24 
2003 3	  21.78   19.49    6.85    2.59 
2003 4	  40.73   25.84   12.50    3.34 
2003 5	  82.05   29.82   17.73    3.08 
2003 6	 132.30   31.65   20.92    1.89 
2003 7	   8.77   36.19   23.56    2.04 
2003 8	  67.40   36.57   23.91    1.74 
2003 9	 104.20   29.14   17.80    1.86 
2003 10	  17.58   27.05   13.59    2.15 
2003 11	  89.30   20.70    9.39    3.17 
2003 12	  28.50   16.23    2.89    3.26 
2004 1	  80.93   15.12    3.30    3.25 
2004 2	 116.65   12.53    2.85    3.25 
2004 3	  36.77   22.51   10.64    3.03 
2004 4	  97.65   24.56   13.38    3.29 
2004 5	  80.50   28.86   18.49    3.17 
2004 6	 296.40   31.19   21.41    1.89 
2004 7	 119.78   33.94   23.13    1.93 
2004 8	  96.53   32.60   22.17    1.98 
2004 9	  23.62   31.84   19.47    2.01 
2004 10	 163.30   27.78   16.46    2.76 
2004 11	 136.35   18.67    9.39    2.93 
2004 12	  20.95   15.54    2.84    3.01 
2005 1	  96.65   15.50    4.22    3.38 
2005 2	  47.75   16.59    6.04    2.94 
2005 3	  51.55   19.90    7.64    2.93 
2005 4	  12.57   24.90   12.31    3.36 
2005 5	  80.87   28.34   17.72    2.46 
2005 6	  14.18   34.44   22.84    2.05 
2005 7	  29.23   35.38   23.65    1.76 
2005 8	  53.40   36.39   24.46    1.66 
2005 9	  28.70   35.46   22.13    2.20 
2005 10	  28.00   27.28   13.74    2.62 
2005 11	   4.20   22.30    8.70    2.92 
2005 12	   8.38   15.58    1.99    2.90 
2006 1	  59.75   20.35    5.57    3.56 
2006 2	 114.15   15.84    3.39    3.25 
2006 3	 139.92   22.56   11.07    3.56 
2006 4	  52.75   28.55   16.27    3.35 
2006 5	  58.20   31.13   19.47    2.77 
2006 6	  17.25   35.10   22.46    1.76 
2006 7	  33.33   37.18   25.15    1.94 
2006 8	  35.78   38.26   25.94    2.08 
2006 9	  74.80   31.41   19.06    2.22 
2006 10	 111.68   26.49   13.38    2.75 
2006 11	  57.20   20.73    7.74    3.00 
2006 12	  89.47   15.72    4.43    3.16 
2007 1	 128.95   10.23    1.11    3.27 
2007 2	  13.85   15.69    3.15    3.06 
2007 3	 112.15   23.28   12.34    3.20 
2007 4	  74.32   22.26   11.26    3.03 
2007 5	 217.13   28.02   18.99    2.71 
2007 6	 271.90   31.88   22.02    2.11 
2007 7	 120.25   33.07   23.58    1.72 
2007 8	  26.43   36.03   25.23    1.63 
2007 9	 108.95   32.30   21.89    1.64 
2007 10	  86.92   28.06   15.42    2.57 
2007 11	  35.10   21.52   10.35    2.81 
2007 12	  76.70   16.27    3.08    2.49 
2008 1	   8.32   14.03    1.42    3.15 
2008 2	  53.27   19.24    4.79    3.27 
2008 3	 144.83   22.33    8.92    3.93 
2008 4	 103.73   25.34   12.36    3.24 
2008 5	  73.27   30.24   18.77    3.19 
2008 6	  33.40   35.51   24.22    3.03 
2008 7	  26.22   37.39   25.22    2.37 
2008 8	  58.58   35.72   24.39    1.82 
2008 9	  42.50   31.00   19.39    2.55 
2008 10	  39.77   27.28   13.76    2.26 
2008 11	 104.50   21.55    8.68    2.43 
2008 12	  10.15   15.67    2.14    3.61 
2009 1	  21.40   15.69    1.20    3.03 
2009 2	  23.40   19.75    6.43    3.77 
2009 3	 138.60   20.56    8.71    3.45 
2009 4	  78.45   24.08   11.80    3.67 
2009 5	 111.65   27.99   17.32    2.52 
2009 6	 110.97   34.27   22.98    2.57 
2009 7	  92.73   35.71   24.53    2.04 
2009 8	  28.60   35.30   23.74    2.07 
2009 9	 201.65   29.20   19.44    1.78 
2009 10	 219.43   22.03   11.77    2.84 
2009 11	  47.62   21.38    9.08    2.45 
2009 12	  49.25   10.92    0.51    2.98 
2010 1	  47.15   12.06    1.32    3.13 
2010 2	  75.50    9.36    1.12    2.97 
2010 3	  90.38   19.04    6.76    3.09 
2010 4	  48.88   24.84   13.55    3.36 
2010 5	  40.28   30.32   18.96    2.67 
2010 6	  75.68   35.55   24.59    2.24 
2010 7	  86.78   34.74   24.92    2.12 
2010 8	  14.85   38.06   26.01    2.01 
2010 9	 267.05   31.61   21.47    2.11 
2010 10	  28.50   27.33   13.41    2.41 
2010 11	  50.45   20.46    8.49    3.39 
2010 12	  48.57   15.31    3.54    3.36 
