1949 1	 154.68   13.02    1.55    5.32 
1949 2	  81.82   17.85    6.66    4.68 
1949 3	  71.20   21.76    8.99    5.09 
1949 4	 216.73   23.53   11.63    4.80 
1949 5	  20.33   31.44   19.36    4.20 
1949 6	 100.32   33.76   21.06    3.58 
1949 7	  37.97   35.56   22.73    3.10 
1949 8	  33.50   35.24   20.71    2.82 
1949 9	  41.33   33.25   19.55    3.41 
1949 10	 196.97   26.59   15.46    4.66 
1949 11	   2.75   25.00    7.93    4.26 
1949 12	 124.67   17.40    6.84    5.77 
1950 1	  28.52   18.20    7.70    5.79 
1950 2	 107.25   18.78    7.86    4.24 
1950 3	  35.22   21.60    7.78    5.24 
1950 4	 140.50   24.65   12.77    5.14 
1950 5	  68.32   29.64   18.74    4.36 
1950 6	 118.25   32.45   20.90    3.73 
1950 7	  66.00   35.10   22.43    3.97 
1950 8	   7.62   36.07   21.41    3.02 
1950 9	 151.75   31.86   19.20    3.20 
1950 10	  18.75   30.84   14.77    4.27 
1950 11	   1.30   23.83    7.08    5.21 
1950 12	   1.60   19.70    3.62    4.63 
1951 1	  10.62   18.33    2.59    5.87 
1951 2	  74.25   18.61    5.30    5.79 
1951 3	  91.25   24.12    9.41    5.05 
1951 4	  28.60   27.49   11.98    4.92 
1951 5	  68.50   30.18   17.34    4.23 
1951 6	  63.35   33.88   21.70    4.82 
1951 7	   3.82   37.68   23.24    3.34 
1951 8	  28.12   38.84   23.37    3.05 
1951 9	 121.85   32.94   19.81    3.63 
1951 10	  36.45   28.89   14.93    4.04 
1951 11	  27.22   20.23    6.64    5.56 
1951 12	  21.67   19.49    5.37    5.76 
1952 1	  11.93   21.04    8.75    5.50 
1952 2	  66.90   20.83    7.24    5.32 
1952 3	  57.85   21.64    7.75    5.03 
1952 4	 110.22   24.50   10.89    4.54 
1952 5	 115.65   28.85   15.93    3.50 
1952 6	  40.38   33.63   21.66    3.59 
1952 7	  59.93   34.87   22.37    2.82 
1952 8	   0.80   37.92   23.40    3.46 
1952 9	  39.00   33.52   18.44    4.12 
1952 10	   0.00   27.93    8.97    4.05 
1952 11	 167.25   20.69    8.31    5.24 
1952 12	  90.18   15.74    3.92    4.55 
1953 1	  33.85   20.56    5.58    5.75 
1953 2	  44.88   18.00    5.16    4.95 
1953 3	  53.88   24.51   12.51    4.61 
1953 4	  98.23   26.07   12.14    4.64 
1953 5	 121.85   29.55   18.00    4.12 
1953 6	  45.28   35.66   22.29    3.27 
1953 7	  55.80   35.11   23.14    3.09 
1953 8	  67.83   35.38   22.57    2.42 
1953 9	  74.05   33.04   18.01    3.24 
1953 10	 183.70   28.23   14.53    3.93 
1953 11	  37.07   20.07    7.31    4.28 
1953 12	 128.50   14.74    3.19    5.23 
1954 1	  37.25   16.92    4.23    4.93 
1954 2	  16.30   23.08    5.85    4.63 
1954 3	   6.78   21.78    8.19    5.46 
1954 4	  68.55   27.79   16.24    4.91 
1954 5	  60.17   28.20   16.42    4.27 
1954 6	  11.35   35.08   21.57    4.05 
1954 7	  60.90   37.72   23.66    3.27 
1954 8	  12.25   36.84   23.03    3.78 
1954 9	  45.05   35.21   20.17    3.88 
1954 10	  20.35   29.07   15.94    4.46 
1954 11	  75.53   22.21    7.05    4.63 
1954 12	  19.15   20.27    5.21    4.76 
1955 1	  63.70   15.93    4.66    4.63 
1955 2	 130.73   17.05    5.52    5.54 
1955 3	  44.35   23.42    9.66    5.55 
1955 4	  67.68   28.10   14.83    4.64 
1955 5	  95.95   31.65   18.36    4.48 
1955 6	  92.78   32.08   19.31    3.54 
1955 7	  25.23   35.89   22.44    3.59 
1955 8	  74.47   34.99   22.10    2.60 
1955 9	  27.30   33.99   20.69    3.89 
1955 10	   2.00   29.78   12.76    4.39 
1955 11	  66.95   22.31    7.29    6.05 
1955 12	   1.42   18.03    3.70    5.03 
1956 1	  60.40   16.84    3.17    4.93 
1956 2	  77.48   18.84    5.99    5.17 
1956 3	  18.85   23.23    7.78    4.41 
1956 4	  38.40   26.45   12.68    4.88 
1956 5	  68.30   31.82   18.87    4.03 
1956 6	  43.70   34.72   21.29    3.51 
1956 7	  12.42   37.36   22.70    3.86 
1956 8	  26.27   36.97   22.53    3.41 
1956 9	  12.35   34.71   18.89    3.73 
1956 10	  32.58   30.70   14.83    3.60 
1956 11	  43.50   20.60    6.55    4.84 
1956 12	  58.82   20.10    5.05    4.69 
1957 1	  39.30   15.51    4.22    4.74 
1957 2	  58.40   20.19    9.69    3.96 
1957 3	 140.40   20.77    8.18    4.35 
1957 4	 245.25   23.81   12.30    5.26 
1957 5	 122.12   28.52   18.25    4.90 
1957 6	 129.20   32.12   20.83    3.81 
1957 7	   7.75   36.78   23.19    2.62 
1957 8	   0.70   36.83   22.27    3.50 
1957 9	 202.60   31.30   17.96    3.83 
1957 10	 254.48   24.07   12.26    4.60 
1957 11	 116.52   18.75    7.98    5.33 
1957 12	  38.33   19.95    6.13    5.17 
1958 1	  52.35   15.22    2.12    5.85 
1958 2	 120.22   14.19    3.15    5.49 
1958 3	  52.98   18.06    6.28    4.86 
1958 4	  79.88   24.88   12.78    4.21 
1958 5	  68.95   30.05   17.66    3.22 
1958 6	 111.10   34.40   21.95    3.77 
1958 7	  78.05   35.35   23.13    3.82 
1958 8	  47.45   36.81   22.29    2.85 
1958 9	 235.50   31.57   20.82    3.76 
1958 10	  65.88   24.97   14.73    4.97 
1958 11	  58.00   22.08    8.83    4.26 
1958 12	  44.40   15.49    2.02    4.60 
1959 1	  21.90   14.66    1.50    5.32 
1959 2	  65.90   16.28    5.57    5.04 
1959 3	  16.70   22.98    6.57    5.09 
1959 4	 118.90   23.75   12.30    4.89 
1959 5	  70.38   30.40   19.25    4.26 
1959 6	  62.85   33.61   21.13    3.56 
1959 7	  48.65   35.44   22.13    2.31 
1959 8	 104.07   34.80   22.16    2.80 
1959 9	  95.38   32.20   20.67    4.04 
1959 10	 142.55   27.33   14.13    4.12 
1959 11	  44.95   18.31    4.21    5.24 
1959 12	  85.40   17.80    5.71    5.10 
1960 1	  39.48   14.58    4.10    5.02 
1960 2	  89.65   14.85    2.31    5.67 
1960 3	  23.77   17.74    6.18    4.73 
1960 4	  98.78   27.44   14.86    5.04 
1960 5	  24.30   29.14   16.78    4.54 
1960 6	 162.95   34.91   21.33    3.67 
1960 7	  37.40   35.00   22.73    2.51 
1960 8	  84.97   34.30   22.74    3.33 
1960 9	  27.13   33.47   18.92    3.14 
1960 10	 276.30   28.36   15.99    3.65 
1960 11	 104.77   21.62   10.42    4.66 
1960 12	 135.57   14.09    3.78    4.77 
1961 1	  75.35   13.03    1.47    5.04 
1961 2	 112.45   18.97    5.79    4.70 
1961 3	  57.85   23.82   10.46    5.20 
1961 4	  53.58   26.32   10.73    5.02 
1961 5	  27.55   30.58   17.08    4.94 
1961 6	 190.27   32.01   20.31    3.68 
1961 7	 113.12   33.05   21.84    3.26 
1961 8	  42.55   34.57   20.57    2.45 
1961 9	 197.33   31.75   19.86    5.18 
1961 10	  76.08   27.16   14.03    4.51 
1961 11	  57.62   19.33    7.54    5.29 
1961 12	  72.28   16.57    4.94    4.47 
1962 1	  43.28   13.83   -0.50    5.60 
1962 2	  28.55   23.13    8.54    5.14 
1962 3	  16.73   20.86    6.72    4.97 
1962 4	 101.58   25.51   13.74    5.14 
1962 5	  68.72   30.25   18.44    5.15 
1962 6	 148.75   31.90   20.69    2.97 
1962 7	   0.00   35.48   22.73    2.72 
1962 8	   7.40   38.26   22.83    2.68 
1962 9	 185.18   32.57   20.24    3.22 
1962 10	  71.78   28.74   16.96    4.25 
1962 11	 103.72   21.01    8.90    5.16 
1962 12	  76.85   16.38    4.74    4.31 
1963 1	  23.43   12.53   -0.17    5.07 
1963 2	  75.95   18.26    2.73    5.52 
1963 3	  15.90   25.01   10.62    4.93 
1963 4	  81.10   28.46   16.65    5.59 
1963 5	  37.85   31.07   18.86    4.15 
1963 6	  53.83   34.33   21.41    3.50 
1963 7	  15.67   36.70   22.72    3.74 
1963 8	   4.25   37.71   22.66    2.68 
1963 9	  33.90   33.63   20.42    3.12 
1963 10	   2.05   31.39   15.61    3.35 
1963 11	  55.35   22.86   10.60    5.28 
1963 12	  56.05   13.04    1.34    5.57 
1964 1	  76.15   17.29    3.81    4.82 
1964 2	  48.53   15.49    2.47    4.62 
1964 3	  58.63   22.53    8.63    4.98 
1964 4	  51.08   27.17   15.34    5.50 
1964 5	  57.80   30.28   18.72    4.24 
1964 6	  77.80   32.78   21.12    3.83 
1964 7	  16.38   36.41   22.38    3.27 
1964 8	  31.30   36.98   23.51    3.44 
1964 9	 261.80   32.29   20.54    3.38 
1964 10	  50.77   26.17   12.47    4.66 
1964 11	  62.28   22.99   11.04    4.77 
1964 12	  30.75   18.45    5.41    5.52 
1965 1	  72.73   18.70    5.76    4.88 
1965 2	 155.23   15.87    4.54    5.65 
1965 3	  29.60   18.80    6.12    5.57 
1965 4	  77.83   27.24   16.21    4.96 
1965 5	 260.18   28.27   19.17    5.28 
1965 6	  33.28   32.37   21.11    3.81 
1965 7	  20.10   35.59   21.92    2.63 
1965 8	  49.90   35.58   21.51    2.63 
1965 9	  90.30   33.01   20.25    4.22 
1965 10	  86.18   25.45   12.61    4.32 
1965 11	 152.27   23.73   13.02    4.04 
1965 12	 125.15   18.54    6.91    4.92 
1966 1	  47.65   12.95    2.04    5.51 
1966 2	 105.80   15.84    3.13    5.15 
1966 3	  26.73   21.93    8.96    4.75 
1966 4	 153.42   26.47   14.30    5.12 
1966 5	 131.38   28.25   17.56    3.93 
1966 6	  21.82   32.00   19.96    3.16 
1966 7	  28.98   35.07   22.40    2.74 
1966 8	 120.22   33.96   21.86    3.06 
1966 9	 208.43   31.33   19.04    2.35 
1966 10	  29.73   27.39   11.84    4.47 
1966 11	   3.85   24.93   10.40    4.88 
1966 12	  53.85   18.33    3.38    5.11 
1967 1	  10.25   17.99    4.22    5.15 
1967 2	  58.68   19.12    4.17    5.07 
1967 3	  28.57   26.55   11.86    4.90 
1967 4	  88.45   29.50   17.70    5.84 
1967 5	 167.52   29.73   18.00    5.42 
1967 6	   1.70   34.31   21.13    4.28 
1967 7	  29.30   35.37   21.77    4.00 
1967 8	  38.22   34.54   20.90    2.80 
1967 9	 143.57   30.43   19.20    4.22 
1967 10	 119.65   27.20   12.66    4.31 
1967 11	  96.75   21.20    8.90    4.44 
1967 12	  50.25   15.80    3.70    4.74 
1968 1	 196.18   13.05    4.21    5.27 
1968 2	  58.20   14.75    2.91    4.63 
1968 3	  61.90   20.00    7.81    5.34 
1968 4	  83.00   25.49   14.27    5.41 
1968 5	 176.95   28.83   17.82    4.63 
1968 6	 212.12   30.85   20.99    3.61 
1968 7	 135.73   32.67   21.35    3.23 
1968 8	  27.57   35.04   21.64    3.47 
1968 9	 162.00   30.85   18.43    3.91 
1968 10	  15.50   28.45   14.93    4.00 
1968 11	 184.43   20.59    6.57    5.23 
1968 12	  23.83   17.18    3.86    5.70 
1969 1	  34.53   16.86    5.23    5.32 
1969 2	  94.30   16.51    5.54    5.27 
1969 3	 110.62   17.37    6.11    5.15 
1969 4	 110.05   25.69   14.24    4.48 
1969 5	  41.05   28.28   16.65    3.68 
1969 6	  47.12   32.66   20.73    4.34 
1969 7	   6.80   36.67   23.37    3.41 
1969 8	 102.92   35.99   22.86    3.11 
1969 9	  58.27   32.00   19.52    3.53 
1969 10	 129.70   26.40   13.91    5.70 
1969 11	  21.17   20.97    7.11    4.73 
1969 12	 124.93   18.60    5.63    4.12 
1970 1	  67.45   12.17    0.91    5.01 
1970 2	 116.95   17.10    4.88    5.29 
1970 3	 121.05   18.66    7.36    4.89 
1970 4	  78.07   25.84   15.04    5.34 
1970 5	 182.10   27.54   16.35    4.87 
1970 6	   1.48   31.66   20.14    3.43 
1970 7	   9.80   34.44   21.95    2.85 
1970 8	  20.73   36.11   22.59    3.17 
1970 9	 212.62   30.84   20.58    4.58 
1970 10	 100.90   25.19   12.53    4.86 
1970 11	   1.50   21.24    5.99    5.40 
1970 12	  13.60   21.25    8.21    4.88 
1971 1	   2.48   19.87    4.75    5.41 
1971 2	  30.95   19.24    4.93    5.89 
1971 3	   4.35   23.70    7.59    5.12 
1971 4	  57.77   26.51   12.67    4.96 
1971 5	  81.85   29.74   17.40    4.84 
1971 6	  60.30   34.10   21.98    4.03 
1971 7	  22.45   36.27   22.66    3.46 
1971 8	 136.25   32.57   21.52    2.62 
1971 9	  78.75   31.16   20.44    3.84 
1971 10	  77.65   27.63   16.07    3.88 
1971 11	  58.15   22.04    9.07    4.72 
1971 12	 143.13   18.53    8.24    4.64 
1972 1	  53.98   16.77    3.74    5.51 
1972 2	   8.80   19.42    5.11    5.21 
1972 3	  14.35   25.37   11.30    4.94 
1972 4	  56.70   28.67   15.23    5.36 
1972 5	 105.62   28.75   16.97    3.14 
1972 6	 144.15   32.76   21.11    4.21 
1972 7	  56.13   32.88   21.62    3.94 
1972 8	  67.05   34.23   21.63    3.11 
1972 9	 100.87   33.36   21.46    3.01 
1972 10	 112.85   27.02   14.31    4.37 
1972 11	  68.40   16.95    5.88    5.44 
1972 12	  43.97   14.52    1.66    5.27 
1973 1	 145.00   12.58    1.02    5.93 
1973 2	  56.90   15.72    3.95    5.16 
1973 3	  82.85   23.60   11.03    4.77 
1973 4	 115.17   22.45   11.91    5.51 
1973 5	  56.75   28.94   16.32    5.08 
1973 6	 132.62   30.98   20.46    4.14 
1973 7	  70.35   34.15   22.36    3.17 
1973 8	  16.07   34.12   20.64    3.10 
1973 9	 106.90   31.61   20.07    3.28 
1973 10	 276.43   27.35   15.53    4.27 
1973 11	  61.92   24.38   11.89    5.30 
1973 12	  33.72   18.67    3.37    5.45 
1974 1	 108.33   14.47    2.86    4.40 
1974 2	  13.55   20.42    4.61    5.67 
1974 3	  50.50   25.05   12.48    5.65 
1974 4	  74.30   26.68   12.91    6.02 
1974 5	 102.12   30.78   19.18    4.70 
1974 6	  44.30   32.46   19.98    3.94 
1974 7	  44.20   35.06   21.55    2.68 
1974 8	 173.55   32.55   21.94    3.33 
1974 9	 235.90   27.02   17.07    4.99 
1974 10	  80.97   27.08   13.80    5.01 
1974 11	 128.90   19.34    8.02    4.92 
1974 12	  66.95   15.90    3.77    4.48 
1975 1	  42.65   17.90    5.33    4.93 
1975 2	  58.08   17.32    3.42    4.54 
1975 3	  16.97   21.90    8.09    5.41 
1975 4	  89.97   24.93   13.30    5.78 
1975 5	 239.05   28.59   18.00    4.40 
1975 6	 153.45   31.63   21.55    4.10 
1975 7	  79.50   33.11   21.94    2.84 
1975 8	  56.27   33.33   21.92    3.19 
1975 9	 100.08   30.15   17.39    3.61 
1975 10	  80.40   27.39   13.21    4.38 
1975 11	  34.28   22.60    8.34    4.86 
1975 12	  45.25   16.85    3.96    5.20 
1976 1	  33.55   16.93    1.25    5.38 
1976 2	  18.77   22.41    8.01    5.39 
1976 3	  72.65   22.62    9.98    5.70 
1976 4	 250.85   25.33   14.16    5.05 
1976 5	 131.32   26.79   15.37    3.80 
1976 6	  80.85   31.61   20.02    4.05 
1976 7	 142.57   31.65   21.73    3.09 
1976 8	  38.35   34.96   21.20    2.42 
1976 9	 120.72   30.78   18.71    2.98 
1976 10	 128.02   21.46    9.52    4.42 
1976 11	  79.05   16.03    4.61    5.33 
1976 12	 126.90   15.04    2.11    4.77 
1977 1	  41.17   10.21   -1.22    5.18 
1977 2	  64.17   18.40    4.46    5.19 
1977 3	  72.68   22.19    9.47    5.01 
1977 4	 128.53   24.90   13.00    4.33 
1977 5	  33.70   28.66   18.69    4.04 
1977 6	  56.55   33.06   21.72    3.74 
1977 7	   5.92   35.56   22.82    3.12 
1977 8	  15.05   36.14   23.50    3.49 
1977 9	  41.67   34.25   21.78    3.73 
1977 10	  45.45   28.24   14.25    3.78 
1977 11	  63.05   22.29    9.87    4.43 
1977 12	  12.25   18.22    4.45    5.72 
1978 1	  70.75    9.32   -0.66    6.25 
1978 2	  63.60   11.01    0.59    5.34 
1978 3	  37.05   20.98    6.81    4.43 
1978 4	  59.08   26.03   14.74    4.97 
1978 5	 104.10   30.24   18.75    4.26 
1978 6	  74.38   32.97   21.22    3.24 
1978 7	  26.38   36.02   23.05    3.20 
1978 8	  25.30   34.95   22.83    3.31 
1978 9	  71.75   30.54   20.81    4.27 
1978 10	  20.95   27.35   13.48    3.93 
1978 11	 175.75   20.76   10.41    4.56 
1978 12	  62.18   15.79    3.17    5.53 
1979 1	  75.23    8.63   -0.75    6.04 
1979 2	  75.43   13.64    3.44    5.30 
1979 3	 162.93   21.91    9.97    5.10 
1979 4	  85.48   24.53   14.16    4.16 
1979 5	 202.38   26.70   15.93    4.58 
1979 6	  49.28   31.50   20.68    3.63 
1979 7	 175.30   33.25   22.87    3.55 
1979 8	  41.62   33.82   21.72    2.79 
1979 9	  61.22   30.58   17.90    4.32 
1979 10	  61.28   29.54   14.53    4.22 
1979 11	  16.75   19.95    5.71    5.79 
1979 12	  79.15   17.40    3.90    5.06 
1980 1	  91.22   15.67    4.32    4.43 
1980 2	  62.28   16.85    3.25    5.18 
1980 3	  90.93   21.70    7.20    4.80 
1980 4	  55.58   24.85   10.43    4.59 
1980 5	 137.62   28.45   17.67    3.77 
1980 6	  20.80   34.55   22.21    4.41 
1980 7	  22.27   37.79   22.90    2.58 
1980 8	   8.90   36.68   22.78    4.29 
1980 9	 117.20   33.70   21.13    3.24 
1980 10	  41.18   26.67   11.41    4.53 
1980 11	  82.10   19.99    6.96    4.81 
1980 12	  32.45   17.22    4.90    4.54 
1981 1	  52.10   15.63    2.15    4.56 
1981 2	  73.85   17.19    4.83    4.96 
1981 3	  82.50   20.40    8.26    4.74 
1981 4	  35.42   27.34   16.00    4.80 
1981 5	 135.88   28.58   16.99    4.57 
1981 6	 319.95   31.52   21.97    4.08 
1981 7	  82.30   33.70   22.90    3.26 
1981 8	  42.78   34.65   21.89    2.97 
1981 9	  82.48   31.68   18.15    3.65 
1981 10	 191.83   26.63   15.23    4.41 
1981 11	  46.03   22.58    9.47    4.37 
1981 12	  23.83   17.04    3.78    5.10 
1982 1	  26.13   16.55    1.70    5.89 
1982 2	  31.45   14.97    2.88    5.13 
1982 3	  73.70   21.86   11.82    5.71 
1982 4	  90.85   24.43   13.36    5.11 
1982 5	 172.88   28.65   18.54    4.68 
1982 6	 135.12   32.67   20.98    3.56 
1982 7	  12.12   35.77   23.38    3.54 
1982 8	  18.92   36.47   23.14    3.08 
1982 9	  33.60   33.38   18.52    4.05 
1982 10	  81.95   26.19   13.58    4.78 
1982 11	 117.00   19.74    9.30    4.70 
1982 12	  43.98   16.94    4.76    5.58 
1983 1	  50.23   13.62    2.18    4.46 
1983 2	  93.13   15.73    3.54    5.32 
1983 3	 125.07   19.74    7.20    4.82 
1983 4	   2.75   24.37   10.36    5.59 
1983 5	 229.48   28.33   16.04    4.44 
1983 6	 120.00   30.87   19.58    3.39 
1983 7	  54.97   33.28   22.16    3.67 
1983 8	 177.95   33.83   22.41    2.29 
1983 9	  42.78   31.31   18.61    4.11 
1983 10	  47.45   27.70   14.15    3.91 
1983 11	  37.80   23.40    9.69    5.03 
1983 12	  23.50   11.22   -0.93    5.84 
1984 1	  42.30   12.57    0.41    5.22 
1984 2	  28.88   19.56    4.55    5.22 
1984 3	  66.05   23.00    9.49    4.91 
1984 4	   2.35   28.16   12.86    5.06 
1984 5	  60.55   31.15   17.50    5.19 
1984 6	  51.43   33.01   20.87    4.13 
1984 7	  40.70   35.63   21.80    3.06 
1984 8	  45.10   35.59   21.94    3.08 
1984 9	  21.08   31.14   18.53    5.09 
1984 10	 315.65   26.01   15.95    4.43 
1984 11	  46.23   20.76    8.69    5.22 
1984 12	 111.72   19.99    9.24    5.51 
1985 1	  41.05   12.00   -0.66    5.04 
1985 2	  80.30   14.39    3.91    5.36 
1985 3	  96.82   22.80   12.88    5.25 
1985 4	  42.52   26.53   15.32    5.23 
1985 5	 108.60   29.64   18.01    3.88 
1985 6	  64.38   32.61   21.22    4.21 
1985 7	  17.95   34.51   22.23    3.03 
1985 8	   8.75   37.02   23.09    2.85 
1985 9	 108.58   32.91   20.02    4.65 
1985 10	 114.85   25.96   16.50    5.65 
1985 11	 167.30   21.58   11.27    5.15 
1985 12	  18.62   15.10    1.61    4.89 
1986 1	  14.20   17.84    3.96    4.97 
1986 2	  63.25   20.17    6.81    4.99 
1986 3	  13.55   23.71    9.00    4.36 
1986 4	  66.85   26.75   14.85    4.90 
1986 5	 148.88   27.69   17.65    4.44 
1986 6	 148.28   31.92   22.01    2.86 
1986 7	   0.00   35.43   22.78    3.35 
1986 8	  49.62   34.49   22.14    2.83 
1986 9	 117.58   31.70   22.24    3.73 
1986 10	 166.20   25.43   14.21    4.30 
1986 11	  96.20   19.56    8.49    5.15 
1986 12	 154.60   14.06    4.92    4.95 
1987 1	  24.70   15.04    2.35    4.73 
1987 2	  91.37   17.46    6.27    5.24 
1987 3	  36.77   20.80    6.47    4.41 
1987 4	  29.33   26.19   10.27    3.46 
1987 5	 223.35   28.81   18.64    3.75 
1987 6	 201.88   30.94   20.93    3.77 
1987 7	  30.05   33.21   22.20    3.36 
1987 8	  25.05   35.12   23.17    3.31 
1987 9	  69.75   31.58   18.52    3.58 
1987 10	  10.62   27.23   12.00    4.42 
1987 11	 125.90   21.37    7.99    5.07 
1987 12	  59.22   16.27    4.47    4.93 
1988 1	  14.82   13.47    0.07    5.55 
1988 2	  17.50   16.40    3.23    5.24 
1988 3	  49.42   21.44    8.09    5.25 
1988 4	  51.33   26.43   11.29    3.98 
1988 5	  91.55   28.46   15.93    3.91 
1988 6	  77.55   31.86   19.32    3.45 
1988 7	  16.48   34.66   22.60    3.28 
1988 8	  18.98   36.60   23.24    3.02 
1988 9	  38.78   33.42   19.80    4.38 
1988 10	  39.03   28.15   14.28    4.10 
1988 11	  20.28   23.99    9.39    5.52 
1988 12	  63.65   17.59    5.06    4.81 
1989 1	 134.77   17.16    5.91    4.80 
1989 2	  34.25   13.25    3.16    6.55 
1989 3	  82.22   20.86    8.34    5.51 
1989 4	  35.42   25.48   13.38    4.70 
1989 5	 111.73   29.94   19.43    4.94 
1989 6	 122.43   31.27   20.86    4.52 
1989 7	  52.00   33.60   22.09    3.23 
1989 8	  37.83   33.63   21.99    3.27 
1989 9	  14.08   31.38   17.52    4.35 
1989 10	  45.43   28.10   13.60    4.58 
1989 11	  45.15   22.00   10.12    5.10 
1989 12	   7.93   11.71   -1.46    5.59 
1990 1	  55.20   19.13    6.57    4.90 
1990 2	  93.45   20.03    7.59    5.51 
1990 3	  36.50   20.75   10.67    5.45 
1990 4	  98.08   25.07   12.85    5.21 
1990 5	  57.05   30.09   18.96    5.11 
1990 6	   0.47   36.05   23.07    4.15 
1990 7	  80.12   34.05   21.87    3.26 
1990 8	  17.62   35.56   22.56    2.92 
1990 9	  58.88   32.08   20.63    2.75 
1990 10	  76.30   26.49   12.61    4.37 
1990 11	  97.73   22.95   10.24    5.07 
1990 12	  45.20   16.02    2.70    5.07 
1991 1	 279.33   12.06    2.77    5.14 
1991 2	  98.48   18.37    6.51    4.82 
1991 3	  33.23   23.04    9.90    5.47 
1991 4	 100.22   26.23   15.55    4.92 
1991 5	 113.93   28.78   18.98    4.74 
1991 6	  96.55   32.18   21.35    3.61 
1991 7	  48.60   34.11   22.28    2.94 
1991 8	  90.83   34.28   22.46    2.66 
1991 9	  83.82   29.65   18.64    3.89 
1991 10	  61.15   28.61   14.37    4.20 
1991 11	  39.50   18.42    6.23    5.90 
1991 12	 325.20   16.43    6.55    5.50 
1992 1	 109.32   13.44    4.83    4.53 
1992 2	 170.90   18.81    7.55    4.72 
1992 3	 114.18   22.44   10.63    4.73 
1992 4	  89.65   24.73   13.37    3.83 
1992 5	 144.45   27.18   16.78    3.82 
1992 6	 136.65   31.76   21.27    3.00 
1992 7	  39.75   33.24   22.90    4.33 
1992 8	  22.22   32.64   20.45    2.78 
1992 9	  75.60   32.46   20.04    4.24 
1992 10	  49.90   28.62   13.42    4.24 
1992 11	  95.17   19.39    6.65    5.15 
1992 12	 100.18   16.25    6.16    4.44 
1993 1	 117.40   14.41    3.61    4.66 
1993 2	  63.30   16.87    5.34    5.14 
1993 3	  99.23   20.37    8.75    4.31 
1993 4	  96.40   23.52   11.71    5.26 
1993 5	 127.13   27.42   16.21    4.10 
1993 6	 150.65   31.53   21.87    4.81 
1993 7	   0.00   34.19   23.42    4.11 
1993 8	   0.30   35.82   23.19    3.05 
1993 9	  51.35   32.61   19.24    3.74 
1993 10	 144.77   26.21   13.59    4.85 
1993 11	  37.52   17.90    5.32    5.06 
1993 12	  53.03   17.12    6.05    5.15 
1994 1	  17.40   15.62    3.83    5.68 
1994 2	  60.85   17.22    4.26    5.18 
1994 3	  31.60   22.14    9.19    4.40 
1994 4	  43.65   26.02   13.04    4.80 
1994 5	 102.55   27.66   16.84    3.95 
1994 6	  50.80   33.34   22.41    3.52 
1994 7	   1.35   35.80   23.15    3.93 
1994 8	 115.40   33.66   22.03    2.84 
1994 9	  12.77   30.97   17.90    2.95 
1994 10	 309.65   26.44   15.28    4.51 
1994 11	  61.17   22.42   11.70    5.30 
1994 12	 164.05   16.84    6.64    4.73 
1995 1	  45.53   16.71    4.90    5.52 
1995 2	  26.95   18.64    5.96    4.33 
1995 3	  88.22   20.15    9.48    5.12 
1995 4	  91.65   24.71   12.74    5.20 
1995 5	 255.07   28.73   18.68    4.79 
1995 6	  73.90   31.10   20.07    3.51 
1995 7	  94.73   34.40   23.16    3.21 
1995 8	  24.80   34.29   23.06    2.62 
1995 9	  71.97   32.14   19.69    3.27 
1995 10	  82.57   27.82   13.00    5.43 
1995 11	  78.12   20.71    8.09    5.04 
1995 12	  16.23   16.82    5.79    5.44 
1996 1	   2.30   17.34    1.45    5.82 
1996 2	  10.73   20.00    6.06    5.86 
1996 3	  30.18   19.24    5.90    5.44 
1996 4	  30.77   27.10   11.66    5.26 
1996 5	  26.17   31.83   21.03    5.24 
1996 6	  79.93   33.21   21.76    3.64 
1996 7	  12.62   36.22   23.98    3.50 
1996 8	 170.25   33.98   23.02    3.47 
1996 9	  62.85   30.62   19.47    2.95 
1996 10	  88.43   26.61   14.62    5.27 
1996 11	  79.57   20.87    9.59    5.47 
1996 12	  54.60   18.26    5.36    4.91 
1997 1	  50.98   14.90    3.59    5.68 
1997 2	 117.85   15.95    6.03    5.35 
1997 3	  49.55   22.29   10.38    4.22 
1997 4	  85.93   22.27   11.36    5.31 
1997 5	  84.32   27.92   17.23    3.85 
1997 6	  97.28   31.37   21.12    3.17 
1997 7	  26.22   35.22   23.00    2.36 
1997 8	  45.17   34.83   22.52    3.22 
1997 9	  29.08   34.12   20.46    3.08 
1997 10	  70.95   27.09   14.91    5.12 
1997 11	 100.73   18.79    7.32    4.79 
1997 12	  94.98   15.96    2.82    5.18 
1998 1	  78.08   18.24    6.14    4.85 
1998 2	 101.27   18.03    5.43    4.75 
1998 3	  48.75   19.93    8.18    5.68 
1998 4	  23.30   24.94   11.30    4.58 
1998 5	   8.65   32.38   19.10    4.09 
1998 6	   2.40   35.95   23.29    5.48 
1998 7	  23.02   38.00   24.35    3.75 
1998 8	  66.68   36.34   23.25    2.58 
1998 9	 197.35   32.94   22.53    4.65 
1998 10	 256.73   27.09   16.79    5.42 
1998 11	 128.95   21.32   11.87    4.73 
1998 12	  77.47   16.45    5.57    5.38 
1999 1	  21.93   19.13    5.49    5.97 
1999 2	   0.90   22.27    8.69    4.82 
1999 3	 106.17   22.04    9.82    4.99 
1999 4	  37.00   27.41   15.68    5.55 
1999 5	 143.30   30.04   18.20    4.01 
1999 6	  66.10   32.33   22.54    4.00 
1999 7	  55.98   33.91   22.58    2.91 
1999 8	   6.40   37.53   23.39    2.25 
1999 9	   7.65   34.22   18.60    3.80 
1999 10	  39.53   28.50   12.31    4.47 
1999 11	   5.65   24.83    9.46    4.28 
1999 12	  32.93   19.44    3.85    5.45 
2000 1	  77.85   18.92    5.39    5.58 
2000 2	  33.67   22.10    8.38    5.46 
2000 3	  66.65   24.00   11.90    4.51 
2000 4	 129.60   25.88   12.75    4.53 
2000 5	 146.07   30.67   19.56    4.80 
2000 6	  57.00   32.16   22.01    4.31 
2000 7	  12.75   37.15   22.86    2.84 
2000 8	  12.42   37.78   22.69    2.35 
2000 9	  91.40   35.05   19.52    4.14 
2000 10	 101.70   26.53   16.55    4.91 
2000 11	 205.53   18.40    8.31    5.14 
2000 12	  49.12   13.68    2.04    5.48 
2001 1	 119.20   13.78    3.13    4.89 
2001 2	  37.78   18.79    7.80    4.89 
2001 3	 133.78   17.23    7.15    4.29 
2001 4	  16.80   26.32   15.85    5.65 
2001 5	 161.85   30.08   18.47    4.27 
2001 6	 128.28   32.45   21.64    3.06 
2001 7	  36.68   35.30   23.22    2.82 
2001 8	 160.02   35.34   23.19    3.30 
2001 9	  86.52   30.23   19.26    4.20 
2001 10	  68.42   26.44   12.67    4.70 
2001 11	 154.78   22.96   11.47    4.29 
2001 12	 153.75   18.02    6.27    4.76 
2002 1	  49.35   17.18    4.47    4.84 
2002 2	  47.47   16.96    3.10    5.21 
2002 3	  37.95   20.53    8.42    5.53 
2002 4	  46.82   27.41   17.31    5.09 
2002 5	  34.50   30.67   18.55    5.36 
2002 6	 142.30   33.27   21.50    3.67 
2002 7	 151.15   32.91   22.95    3.50 
2002 8	  15.95   35.21   22.87    3.00 
2002 9	  65.98   32.27   20.09    4.55 
2002 10	 222.85   25.11   15.61    3.80 
2002 11	 152.18   19.47    7.50    4.89 
2002 12	 151.10   16.88    5.37    5.53 
2003 1	  46.95   14.67    3.17    4.85 
2003 2	 151.60   15.26    5.61    5.12 
2003 3	  40.10   20.43    9.11    3.67 
2003 4	  19.70   26.88   14.73    4.58 
2003 5	  14.73   31.21   20.15    4.52 
2003 6	  99.03   33.15   21.48    3.03 
2003 7	  95.10   34.32   22.91    3.23 
2003 8	  30.90   35.79   23.05    2.61 
2003 9	  57.67   30.17   19.00    3.64 
2003 10	  77.30   27.73   14.65    4.07 
2003 11	  29.25   22.30   10.15    5.35 
2003 12	  38.65   18.34    3.31    5.22 
2004 1	  69.07   16.77    5.81    5.33 
2004 2	 119.30   14.69    3.77    5.12 
2004 3	  45.67   23.78   13.04    4.57 
2004 4	 130.65   25.01   14.03    4.96 
2004 5	  57.40   28.58   18.74    4.90 
2004 6	 326.92   31.21   21.52    3.62 
2004 7	  37.08   32.86   22.16    2.62 
2004 8	  93.05   33.03   21.43    3.38 
2004 9	  19.53   31.58   19.48    3.18 
2004 10	 237.17   28.59   18.36    4.55 
2004 11	 180.88   20.69    9.91    4.91 
2004 12	  23.62   16.23    2.58    5.28 
2005 1	 107.78   17.05    6.58    4.93 
2005 2	  76.30   16.47    7.58    4.87 
2005 3	  87.17   20.78    8.22    4.18 
2005 4	  15.85   25.74   11.50    4.65 
2005 5	 155.18   28.14   16.70    3.80 
2005 6	   0.88   33.30   21.31    3.45 
2005 7	 106.60   34.59   22.35    3.18 
2005 8	 118.40   34.21   21.99    2.81 
2005 9	   8.20   34.79   20.87    3.82 
2005 10	  45.50   27.70   12.12    4.63 
2005 11	   3.52   24.50    9.53    5.17 
2005 12	  13.52   17.02    0.52    5.21 
2006 1	  34.23   21.29    3.76    5.20 
2006 2	  76.98   17.35    3.35    5.14 
2006 3	  59.38   23.54   10.81    5.43 
2006 4	  53.97   29.14   15.73    4.86 
2006 5	  74.72   31.10   17.46    4.26 
2006 6	  77.68   33.14   20.12    2.52 
2006 7	  37.95   34.04   22.57    2.76 
2006 8	  19.25   36.48   23.25    2.96 
2006 9	 105.00   31.99   18.35    3.40 
2006 10	 195.67   27.66   14.00    4.71 
2006 11	  27.10   22.42    8.99    4.84 
2006 12	  92.75   16.62    4.74    5.26 
2007 1	 135.23   12.01    1.97    5.31 
2007 2	   6.48   16.73    3.79    4.74 
2007 3	 181.32   23.03   11.78    4.73 
2007 4	  62.15   22.52   11.02    4.71 
2007 5	 231.80   27.59   17.50    4.30 
2007 6	 138.30   30.67   21.31    3.61 
2007 7	 308.95   30.32   21.67    3.47 
2007 8	  43.75   33.44   22.70    2.65 
2007 9	  23.33   31.92   19.96    2.91 
2007 10	  63.17   28.14   13.27    4.55 
2007 11	 103.25   22.28    9.10    4.35 
2007 12	  36.60   19.07    3.48    4.23 
2008 1	  37.50   15.53    1.68    5.68 
2008 2	  28.02   20.90    4.66    5.26 
2008 3	  88.03   22.03    8.58    5.84 
2008 4	  69.98   25.40   12.45    4.92 
2008 5	  94.50   29.34   18.10    4.99 
2008 6	  15.57   35.08   22.40    4.01 
2008 7	  17.75   35.57   21.45    3.41 
2008 8	  79.15   35.23   22.29    2.82 
2008 9	  17.47   32.33   17.70    4.54 
2008 10	  52.78   28.09   11.24    4.19 
2008 11	  14.28   23.28    7.21    4.36 
2008 12	  16.60   17.22    2.01    5.94 
2009 1	  16.30   16.94    0.80    4.82 
2009 2	  25.40   22.24    6.23    5.59 
2009 3	  73.12   22.45    9.16    5.12 
2009 4	  91.43   25.45   12.06    5.34 
2009 5	  54.28   30.41   18.17    4.19 
2009 6	   8.45   36.54   22.14    3.40 
2009 7	  25.97   37.95   24.01    3.00 
2009 8	  28.75   37.53   23.18    2.32 
2009 9	 208.20   29.82   19.57    2.87 
2009 10	 236.15   24.67   13.16    5.05 
2009 11	  87.60   21.86    8.63    4.64 
2009 12	  44.03   11.65    1.83    5.27 
2010 1	  49.98   13.89    1.33    5.28 
2010 2	  75.92   11.69    1.43    5.18 
2010 3	  56.60   19.93    6.18    4.38 
2010 4	  31.38   25.36   12.56    4.86 
2010 5	  72.38   31.05   18.40    3.99 
2010 6	  88.62   33.10   23.05    3.83 
2010 7	  59.60   33.60   23.28    3.64 
2010 8	   8.45   37.38   23.11    2.47 
2010 9	 136.32   32.41   20.36    4.09 
2010 10	   0.93   28.80   11.51    4.06 
2010 11	  19.23   22.82    7.83    5.45 
2010 12	  19.30   17.65    2.63    5.49 
