1949 1	 104.57   10.37   -1.66    3.43 
1949 2	  93.62   15.52    2.84    2.91 
1949 3	  75.20   19.98    6.85    3.14 
1949 4	 112.30   22.81   10.43    2.93 
1949 5	 158.32   29.53   17.28    2.82 
1949 6	  90.60   32.80   19.51    2.58 
1949 7	  20.33   35.97   21.92    2.15 
1949 8	 107.68   35.27   20.41    1.97 
1949 9	  12.10   31.00   17.42    2.18 
1949 10	 161.10   24.76   12.72    3.13 
1949 11	   1.00   24.20    6.25    2.61 
1949 12	  43.70   16.01    4.38    3.45 
1950 1	  80.05   16.33    4.11    3.55 
1950 2	  44.03   18.86    5.90    2.96 
1950 3	   9.77   21.69    5.79    3.68 
1950 4	  90.50   24.51   10.49    3.49 
1950 5	  91.80   28.72   17.09    2.73 
1950 6	  61.45   31.65   20.07    2.75 
1950 7	 104.05   32.50   21.46    2.70 
1950 8	  33.28   35.13   20.56    2.29 
1950 9	 115.40   29.71   18.32    2.34 
1950 10	  10.98   29.62   13.80    2.63 
1950 11	   3.12   22.06    4.24    3.38 
1950 12	   0.00   17.01   -0.06    2.84 
1951 1	   6.10   16.18    0.08    3.55 
1951 2	  44.05   17.17    2.31    3.67 
1951 3	  25.55   22.47    6.55    3.64 
1951 4	  55.95   26.21   10.32    3.48 
1951 5	  79.03   28.84   15.96    2.99 
1951 6	 137.57   32.57   20.64    3.32 
1951 7	  21.50   36.90   22.67    2.41 
1951 8	  13.85   38.73   23.04    2.42 
1951 9	  35.95   33.55   18.13    2.29 
1951 10	  48.98   28.32   13.14    2.55 
1951 11	  10.12   18.63    4.15    3.46 
1951 12	   4.30   17.99    2.75    3.55 
1952 1	   4.95   19.43    4.95    3.55 
1952 2	  17.05   20.53    4.61    3.72 
1952 3	  37.40   20.75    5.33    3.34 
1952 4	 123.28   23.70    9.88    3.19 
1952 5	 222.60   28.84   14.88    2.67 
1952 6	   3.15   34.57   20.87    2.74 
1952 7	  14.42   35.73   21.49    2.06 
1952 8	  27.27   38.66   22.76    2.77 
1952 9	  55.88   32.55   16.51    2.14 
1952 10	   0.00   27.22    8.48    2.40 
1952 11	 125.58   18.31    6.27    3.16 
1952 12	  58.20   13.54    1.48    2.71 
1953 1	   1.93   19.30    3.46    3.95 
1953 2	  11.65   17.59    2.65    2.88 
1953 3	  70.35   23.33    9.47    2.87 
1953 4	  65.65   25.12    9.43    2.92 
1953 5	  83.68   28.46   15.12    2.92 
1953 6	   8.18   36.94   21.76    2.53 
1953 7	  40.42   34.92   22.04    2.23 
1953 8	  51.80   34.60   21.09    1.96 
1953 9	  32.95   34.42   16.96    1.59 
1953 10	 121.63   26.70   14.02    2.26 
1953 11	  30.08   17.76    5.25    2.37 
1953 12	   7.72   14.36    0.69    3.19 
1954 1	  22.28   15.07    1.30    3.38 
1954 2	   7.08   21.97    4.76    3.27 
1954 3	  19.67   20.30    5.80    3.53 
1954 4	  85.15   27.85   14.62    3.66 
1954 5	  63.55   26.04   14.12    2.72 
1954 6	   9.42   34.78   20.76    2.86 
1954 7	  58.70   38.26   24.18    2.48 
1954 8	   1.62   36.82   22.98    2.74 
1954 9	  46.65   34.86   19.10    2.17 
1954 10	  64.83   26.73   13.84    2.42 
1954 11	  57.25   19.12    5.63    2.64 
1954 12	  29.35   16.89    2.40    3.03 
1955 1	  27.65   13.02    1.95    2.92 
1955 2	  44.47   14.33    2.41    3.86 
1955 3	  22.23   21.30    6.16    3.61 
1955 4	  58.37   27.36   13.98    3.29 
1955 5	 153.90   30.14   17.49    2.97 
1955 6	  92.90   30.90   18.65    2.41 
1955 7	  41.05   35.14   22.22    2.29 
1955 8	  39.13   34.73   21.40    1.73 
1955 9	 130.23   32.38   19.94    1.95 
1955 10	  13.00   27.00   10.92    2.68 
1955 11	  13.43   19.89    3.95    3.56 
1955 12	   0.45   15.38    1.09    3.01 
1956 1	  45.80   13.53    0.42    3.48 
1956 2	  48.52   15.22    2.81    3.27 
1956 3	   3.60   22.01    5.85    3.13 
1956 4	 213.38   24.24   11.14    3.13 
1956 5	  85.12   30.45   17.48    2.91 
1956 6	  14.23   35.06   21.40    2.56 
1956 7	  26.58   37.62   23.07    3.04 
1956 8	  18.27   37.40   22.22    2.80 
1956 9	   0.25   34.22   18.96    2.24 
1956 10	  45.50   28.62   14.43    2.17 
1956 11	  41.55   18.58    3.56    2.96 
1956 12	  62.47   17.59    2.36    3.01 
1957 1	  22.45   13.39    0.13    3.18 
1957 2	  34.07   17.14    6.80    2.81 
1957 3	  72.27   17.81    5.24    3.02 
1957 4	 222.97   21.39   10.42    3.34 
1957 5	 254.95   25.55   15.88    2.93 
1957 6	  42.95   31.20   20.28    2.21 
1957 7	  46.62   36.78   22.91    1.78 
1957 8	  13.25   36.62   22.30    2.30 
1957 9	  68.77   30.13   16.36    2.51 
1957 10	 147.10   21.94   10.18    2.76 
1957 11	 124.93   15.61    4.65    3.21 
1957 12	  35.90   17.10    2.20    3.34 
1958 1	  51.70   12.84    0.62    3.46 
1958 2	  43.75   11.15    0.48    3.70 
1958 3	  66.50   14.03    3.31    3.04 
1958 4	 116.57   22.58   10.59    2.87 
1958 5	  51.88   28.65   16.73    2.32 
1958 6	  58.65   33.99   21.09    2.45 
1958 7	 118.03   35.34   23.07    2.99 
1958 8	  24.72   36.71   22.56    2.08 
1958 9	 107.73   29.99   19.75    2.22 
1958 10	  53.80   23.78   12.84    2.75 
1958 11	  55.80   20.63    6.59    2.52 
1958 12	  21.75   14.13   -0.33    3.00 
1959 1	   1.95   14.07   -1.56    3.54 
1959 2	  30.95   15.27    2.32    3.20 
1959 3	   7.72   22.50    5.03    3.47 
1959 4	  54.10   23.82    9.87    3.42 
1959 5	  43.22   29.78   17.70    3.07 
1959 6	 155.80   32.68   19.98    2.43 
1959 7	 132.45   32.81   20.44    1.66 
1959 8	  76.35   34.22   20.89    2.12 
1959 9	  73.25   31.51   18.73    2.78 
1959 10	 232.93   24.07   10.18    2.49 
1959 11	  30.45   16.04    1.47    3.05 
1959 12	  75.58   15.93    4.00    3.18 
1960 1	  56.68   11.99    0.39    3.14 
1960 2	  41.65   12.32   -1.24    3.74 
1960 3	  20.35   15.52    2.83    3.12 
1960 4	  62.03   25.78   11.83    3.71 
1960 5	  94.35   27.70   14.08    3.20 
1960 6	  60.65   34.10   20.19    2.63 
1960 7	  82.00   34.33   21.21    1.85 
1960 8	  41.25   33.87   20.92    2.08 
1960 9	  60.58   32.23   17.18    1.86 
1960 10	  51.23   25.85   13.36    2.27 
1960 11	   7.22   19.67    5.83    2.78 
1960 12	  97.12   10.46   -0.18    2.96 
1961 1	 141.25   10.63   -1.73    2.96 
1961 2	  90.15   15.59    2.22    3.48 
1961 3	  48.70   20.50    6.43    3.48 
1961 4	  14.80   24.31    9.00    3.76 
1961 5	  63.57   28.00   15.05    3.43 
1961 6	 188.15   29.61   18.12    2.49 
1961 7	  81.75   31.10   20.12    2.28 
1961 8	  15.95   33.13   19.24    1.81 
1961 9	  97.20   29.30   16.84    3.27 
1961 10	 118.72   24.56   11.74    2.76 
1961 11	  66.77   15.93    3.92    3.12 
1961 12	  35.00   12.99    0.77    3.03 
1962 1	   4.93   11.49   -4.51    3.50 
1962 2	  28.23   20.51    3.48    3.39 
1962 3	  25.10   17.38    3.30    3.37 
1962 4	  79.15   22.47   10.33    3.36 
1962 5	  26.67   29.83   17.11    4.03 
1962 6	 135.00   31.47   18.81    1.92 
1962 7	  60.95   34.88   21.41    2.31 
1962 8	  19.70   36.98   20.97    2.13 
1962 9	 171.10   31.50   17.87    2.02 
1962 10	 128.87   26.74   13.92    2.75 
1962 11	  62.28   18.48    6.66    3.05 
1962 12	  17.72   14.59    2.17    2.64 
1963 1	   7.20   10.82   -4.71    3.12 
1963 2	   5.72   16.70   -0.26    3.42 
1963 3	   6.53   22.90    7.29    3.56 
1963 4	  76.23   28.58   14.01    4.19 
1963 5	 108.38   29.18   16.39    3.08 
1963 6	  78.18   32.71   20.65    2.39 
1963 7	  22.78   36.00   22.79    2.86 
1963 8	  43.33   36.69   22.09    2.17 
1963 9	  45.03   31.88   18.43    2.05 
1963 10	  26.62   30.11   13.79    1.67 
1963 11	 118.38   20.40    6.73    3.29 
1963 12	  25.15   10.60   -1.97    3.16 
1964 1	  99.28   14.78   -1.29    3.37 
1964 2	  37.88   13.16   -0.19    3.18 
1964 3	  83.15   21.63    5.47    3.29 
1964 4	 103.08   26.23   12.73    3.90 
1964 5	  34.62   29.21   16.70    3.06 
1964 6	  45.08   33.04   19.25    2.91 
1964 7	  36.62   37.32   21.93    2.32 
1964 8	  60.72   36.37   22.30    2.73 
1964 9	 134.00   30.72   18.54    2.08 
1964 10	  55.12   25.23    9.39    2.53 
1964 11	  93.40   20.98    7.16    2.84 
1964 12	  23.55   16.39    1.27    3.29 
1965 1	  73.43   16.64    2.17    3.15 
1965 2	  90.85   14.09    0.80    3.45 
1965 3	  13.07   15.68    2.09    3.44 
1965 4	  14.53   26.99   13.02    3.21 
1965 5	 209.50   26.94   17.13    3.36 
1965 6	  20.05   32.17   20.07    2.56 
1965 7	  11.15   36.01   21.68    2.05 
1965 8	  50.62   35.38   20.38    2.12 
1965 9	  33.08   32.62   18.28    2.66 
1965 10	  83.40   25.25   10.39    2.52 
1965 11	  65.07   22.62    9.49    2.47 
1965 12	  64.05   16.36    4.28    3.08 
1966 1	  26.12   10.51   -1.20    3.31 
1966 2	  45.50   14.66    0.24    3.46 
1966 3	  24.92   21.05    6.52    3.37 
1966 4	 170.43   25.97   10.85    3.62 
1966 5	  14.90   27.65   15.08    2.64 
1966 6	 102.90   31.51   18.68    2.20 
1966 7	  22.48   35.47   22.28    2.26 
1966 8	 121.92   32.66   19.96    2.02 
1966 9	 120.73   29.32   16.75    1.65 
1966 10	  29.25   25.50    9.21    2.54 
1966 11	   7.72   22.64    7.17    3.15 
1966 12	  14.80   15.17   -0.58    3.13 
1967 1	   7.55   17.37   -0.03    3.59 
1967 2	  17.55   17.34   -0.07    3.29 
1967 3	  49.58   26.03    8.83    3.83 
1967 4	  65.62   28.27   15.45    4.23 
1967 5	  86.90   29.39   14.20    3.52 
1967 6	  74.75   33.69   20.61    2.89 
1967 7	 133.57   34.37   20.81    2.79 
1967 8	  21.83   35.41   19.27    1.93 
1967 9	 153.43   28.71   15.98    2.43 
1967 10	  59.40   26.32   10.11    2.68 
1967 11	  50.42   19.47    5.49    2.58 
1967 12	  56.17   14.16    0.96    2.86 
1968 1	 152.60   11.29    1.21    3.47 
1968 2	  55.07   13.61   -0.33    2.62 
1968 3	  95.80   18.68    5.52    3.73 
1968 4	  81.95   24.76   10.92    3.49 
1968 5	 204.53   27.95   15.39    3.18 
1968 6	  68.40   31.12   19.28    2.44 
1968 7	 111.35   32.56   20.13    2.21 
1968 8	  67.57   34.24   20.54    2.57 
1968 9	  57.40   30.77   15.34    2.20 
1968 10	  16.65   27.83   11.80    2.49 
1968 11	 118.47   19.12    3.96    3.20 
1968 12	   4.83   16.02    0.21    3.62 
1969 1	   9.68   17.41    2.50    3.41 
1969 2	  49.60   15.75    2.00    3.29 
1969 3	  98.45   16.12    2.48    3.40 
1969 4	 140.45   24.86   11.34    3.09 
1969 5	 126.97   28.44   14.82    2.16 
1969 6	  51.60   33.30   19.22    3.19 
1969 7	  29.12   37.54   22.29    2.36 
1969 8	 125.18   35.24   21.07    2.18 
1969 9	  35.45   31.57   17.18    1.93 
1969 10	 186.23   24.83   11.01    3.45 
1969 11	  47.15   20.05    3.74    2.60 
1969 12	  62.80   16.75    1.78    2.53 
1970 1	  31.65   11.72   -2.38    2.80 
1970 2	  98.18   16.55    2.68    3.35 
1970 3	  96.58   17.29    4.06    3.23 
1970 4	  63.60   25.22   12.01    3.61 
1970 5	 101.03   27.60   14.12    2.80 
1970 6	  16.93   31.89   18.42    2.46 
1970 7	  19.50   35.43   20.45    2.12 
1970 8	  60.22   36.42   21.01    2.21 
1970 9	 116.72   30.63   18.68    2.59 
1970 10	  37.95   24.29   10.33    2.51 
1970 11	   2.53   19.64    3.96    3.51 
1970 12	  13.48   20.01    4.28    3.03 
1971 1	   2.17   18.50   -0.37    3.47 
1971 2	  43.20   18.45    1.63    3.89 
1971 3	   1.27   22.57    4.52    3.65 
1971 4	  58.83   25.78   10.75    3.32 
1971 5	  95.47   29.86   14.90    3.32 
1971 6	  19.33   34.42   20.28    2.86 
1971 7	 159.20   36.10   21.31    2.44 
1971 8	  87.20   31.33   19.09    1.76 
1971 9	 110.57   30.52   17.37    2.49 
1971 10	 196.15   26.21   13.17    2.38 
1971 11	  50.53   19.59    6.21    2.92 
1971 12	 121.70   16.34    4.34    3.14 
1972 1	  23.93   14.35   -0.57    3.49 
1972 2	   6.75   18.90    1.20    3.27 
1972 3	   3.23   24.92    7.95    3.43 
1972 4	  97.13   28.20   12.72    3.84 
1972 5	  87.00   28.34   14.52    1.98 
1972 6	  48.62   33.82   19.70    2.49 
1972 7	  61.80   33.81   20.09    2.61 
1972 8	  51.78   34.79   20.03    2.16 
1972 9	 117.90   32.22   19.16    1.97 
1972 10	 104.90   26.06   11.47    2.52 
1972 11	  46.97   14.87    2.65    3.04 
1972 12	  13.25   14.10   -1.45    3.20 
1973 1	  91.65   10.70   -1.78    3.94 
1973 2	  65.40   14.85    0.79    3.16 
1973 3	  62.28   22.16    7.23    3.29 
1973 4	 164.07   21.68    9.11    3.41 
1973 5	  65.55   29.46   13.82    3.31 
1973 6	 146.15   30.98   17.85    2.72 
1973 7	 129.93   33.51   20.60    2.23 
1973 8	   5.22   34.40   18.85    2.06 
1973 9	 103.97   30.92   17.35    2.37 
1973 10	 117.50   26.39   12.36    2.39 
1973 11	  41.45   22.61    8.28    3.41 
1973 12	   8.62   17.61    0.19    3.38 
1974 1	  33.87   13.51   -0.78    3.07 
1974 2	  31.07   19.28    2.47    3.98 
1974 3	  10.50   23.85   10.00    4.41 
1974 4	  25.45   26.23   11.22    4.02 
1974 5	  41.30   30.66   17.38    3.24 
1974 6	  47.53   33.30   18.44    2.82 
1974 7	  25.60   36.37   20.77    2.10 
1974 8	 131.40   32.39   20.16    2.49 
1974 9	 131.95   25.71   14.69    2.85 
1974 10	 171.30   25.30   12.15    2.72 
1974 11	  42.23   18.32    5.47    2.98 
1974 12	  40.05   13.49    0.90    2.77 
1975 1	  54.58   15.61    1.18    3.40 
1975 2	  55.05   14.69    0.62    3.26 
1975 3	  39.03   18.82    5.15    3.82 
1975 4	  81.75   23.15   11.06    4.04 
1975 5	 104.45   27.95   15.05    2.91 
1975 6	  38.25   31.71   19.58    2.74 
1975 7	  63.90   33.51   20.03    1.75 
1975 8	  37.03   34.24   20.46    2.14 
1975 9	  66.97   30.01   15.48    2.31 
1975 10	  13.92   27.28   11.00    2.81 
1975 11	  14.60   21.45    5.96    3.19 
1975 12	  26.30   16.22    1.58    3.31 
1976 1	   3.23   15.80   -1.23    3.33 
1976 2	  14.73   22.32    5.22    4.23 
1976 3	  46.53   22.64    7.84    3.95 
1976 4	 133.90   24.15   12.02    3.49 
1976 5	 102.95   26.47   13.25    2.50 
1976 6	  56.83   31.05   18.48    2.68 
1976 7	  86.80   31.45   20.24    2.00 
1976 8	  87.55   35.62   19.50    1.72 
1976 9	  89.60   29.89   16.88    1.77 
1976 10	 144.90   21.12    7.97    2.70 
1976 11	  19.93   15.27    1.97    2.81 
1976 12	  55.88   14.41   -0.27    2.80 
1977 1	  47.35    9.03   -4.05    3.01 
1977 2	  34.45   17.08    2.20    3.10 
1977 3	 149.47   20.77    6.31    3.42 
1977 4	 145.75   24.23   11.69    3.14 
1977 5	  68.78   27.68   17.55    2.89 
1977 6	  18.48   33.65   20.23    2.64 
1977 7	  25.12   36.35   21.67    2.31 
1977 8	  73.42   35.65   21.92    2.46 
1977 9	  31.85   35.23   20.41    2.64 
1977 10	  31.10   27.75   12.29    2.35 
1977 11	  43.15   20.59    6.99    2.76 
1977 12	   5.90   17.33    2.08    3.64 
1978 1	  37.67    7.22   -4.09    3.73 
1978 2	  58.45    8.45   -2.16    3.43 
1978 3	  21.57   19.53    4.10    3.28 
1978 4	  33.55   27.14   12.14    3.78 
1978 5	 127.67   29.70   16.44    3.11 
1978 6	  18.42   34.41   20.36    2.26 
1978 7	  14.90   38.72   23.52    2.49 
1978 8	  42.38   35.50   21.17    2.36 
1978 9	  55.22   31.20   19.89    2.48 
1978 10	  19.77   27.76   11.40    2.16 
1978 11	  87.60   19.74    7.45    2.52 
1978 12	  13.28   15.00    0.54    3.12 
1979 1	  76.78    5.95   -2.90    3.59 
1979 2	  69.00   12.45   -0.46    3.53 
1979 3	 140.57   20.41    7.14    3.67 
1979 4	 100.60   23.77   11.22    2.83 
1979 5	 170.50   25.94   14.13    3.16 
1979 6	  60.00   30.75   19.03    2.38 
1979 7	  76.85   33.92   21.32    2.15 
1979 8	  80.75   32.71   20.05    1.81 
1979 9	  23.62   30.99   15.91    2.29 
1979 10	  48.82   29.71   12.81    2.84 
1979 11	  11.93   17.93    2.95    3.05 
1979 12	  87.12   16.66    2.34    3.11 
1980 1	  42.05   13.75    1.19    3.08 
1980 2	  23.00   16.54    0.75    3.19 
1980 3	  38.78   20.90    4.06    3.28 
1980 4	  52.15   25.62    8.75    3.35 
1980 5	 148.62   28.31   15.56    2.63 
1980 6	  22.67   35.06   21.19    3.21 
1980 7	   8.98   38.32   22.61    2.29 
1980 8	  13.25   37.02   22.14    3.04 
1980 9	 146.40   32.23   19.30    2.30 
1980 10	   7.22   25.86   10.34    2.40 
1980 11	  42.65   19.41    4.62    2.84 
1980 12	  54.22   16.72    2.36    3.14 
1981 1	  20.52   14.76    0.47    2.77 
1981 2	  38.67   16.38    2.93    3.26 
1981 3	  70.22   19.51    6.77    3.23 
1981 4	  49.85   27.03   13.43    3.44 
1981 5	  62.10   28.55   14.75    3.33 
1981 6	 182.90   31.28   20.21    2.53 
1981 7	  39.70   35.10   21.75    2.30 
1981 8	  52.98   34.70   20.32    2.01 
1981 9	  57.05   31.50   16.60    2.12 
1981 10	 183.43   25.10   12.97    2.82 
1981 11	  35.85   21.42    6.47    2.59 
1981 12	  10.55   15.76    1.17    3.20 
1982 1	  34.93   16.88   -1.15    3.86 
1982 2	  56.95   13.73    0.01    3.42 
1982 3	  63.93   21.87    8.14    4.11 
1982 4	  78.67   23.27   10.72    3.41 
1982 5	 226.15   27.52   16.18    3.15 
1982 6	 168.50   31.38   18.70    2.53 
1982 7	  49.50   34.04   21.32    2.70 
1982 8	  12.58   36.15   21.44    2.42 
1982 9	  31.80   32.69   16.89    2.45 
1982 10	  46.42   26.21   11.17    2.83 
1982 11	  85.60   18.83    6.40    2.99 
1982 12	  55.40   15.15    2.08    3.77 
1983 1	  22.27   12.96   -0.56    2.68 
1983 2	  19.02   15.82    1.91    3.25 
1983 3	  76.10   18.58    5.41    3.56 
1983 4	  16.70   23.03    8.10    3.97 
1983 5	 146.78   27.88   13.64    3.12 
1983 6	  43.92   30.13   18.01    2.36 
1983 7	  19.27   34.00   21.11    2.36 
1983 8	  43.83   35.80   21.60    1.42 
1983 9	  27.52   32.18   17.22    2.25 
1983 10	  57.95   26.46   12.97    2.41 
1983 11	  31.65   21.35    7.00    3.14 
1983 12	  17.30    7.89   -5.24    3.49 
1984 1	  29.25   11.52   -2.89    3.04 
1984 2	  45.20   18.55    0.95    3.58 
1984 3	 106.97   21.31    4.87    3.71 
1984 4	  19.90   25.67    8.51    3.34 
1984 5	  60.08   30.88   15.45    3.37 
1984 6	  65.97   34.05   18.30    2.84 
1984 7	  23.67   36.33   20.83    2.19 
1984 8	  36.28   36.61   20.43    2.17 
1984 9	  15.30   30.21   16.27    3.04 
1984 10	 152.08   23.78   13.09    2.62 
1984 11	  50.68   17.93    5.84    3.17 
1984 12	  99.70   16.39    5.20    3.60 
1985 1	  14.03   10.30   -3.22    3.30 
1985 2	  43.00   12.68    1.08    3.55 
1985 3	  55.73   20.86    9.06    3.62 
1985 4	  91.30   25.89   12.04    3.35 
1985 5	  72.95   28.80   16.16    2.85 
1985 6	  87.78   31.57   19.02    2.60 
1985 7	  29.42   34.62   20.58    2.17 
1985 8	  16.00   37.39   21.84    2.15 
1985 9	  46.50   30.97   17.66    2.79 
1985 10	 149.93   24.57   13.71    3.55 
1985 11	  44.73   19.28    7.19    3.43 
1985 12	  13.85   13.29   -1.89    2.87 
1986 1	   0.00   17.37    0.77    3.21 
1986 2	  51.25   17.67    3.97    3.32 
1986 3	  25.45   23.22    6.93    3.18 
1986 4	  51.40   25.87   13.06    3.53 
1986 5	 192.02   27.27   15.75    3.24 
1986 6	 172.32   31.39   20.05    1.77 
1986 7	  30.33   35.50   21.35    2.51 
1986 8	  61.10   34.07   20.94    2.17 
1986 9	 222.22   30.48   20.60    2.46 
1986 10	  75.67   23.57   11.56    2.51 
1986 11	  56.45   17.21    5.09    2.94 
1986 12	 112.10   11.99    2.15    2.82 
1987 1	  34.97   13.35   -0.72    3.05 
1987 2	 104.83   15.17    4.04    3.67 
1987 3	  41.35   18.50    3.91    3.03 
1987 4	  10.25   25.76    7.80    2.57 
1987 5	 225.72   28.15   16.36    2.56 
1987 6	 110.38   30.38   18.91    2.28 
1987 7	  18.67   33.40   20.34    2.32 
1987 8	  27.90   35.58   21.48    2.44 
1987 9	  52.42   30.73   16.50    2.11 
1987 10	  23.10   26.23   10.85    2.66 
1987 11	  59.00   19.20    5.07    2.80 
1987 12	  40.78   14.24    1.07    3.04 
1988 1	  12.15   11.53   -1.68    3.46 
1988 2	  18.47   15.59    0.55    3.23 
1988 3	  32.25   21.55    4.66    3.62 
1988 4	  27.50   26.66    8.83    2.78 
1988 5	 165.62   29.00   13.80    2.85 
1988 6	  66.12   31.28   17.98    2.05 
1988 7	  60.58   33.84   20.33    2.31 
1988 8	  10.65   36.41   21.00    1.94 
1988 9	 118.90   32.24   16.43    2.52 
1988 10	  37.75   25.23   11.08    2.42 
1988 11	  13.02   21.79    5.77    3.23 
1988 12	  40.35   15.75    0.87    3.02 
1989 1	  52.05   16.13    1.85    3.02 
1989 2	 106.38   10.75   -0.07    4.24 
1989 3	 158.45   21.06    5.65    3.76 
1989 4	  50.95   25.58   11.41    3.42 
1989 5	 198.12   29.02   16.77    3.64 
1989 6	 223.55   30.02   17.78    2.74 
1989 7	  26.22   33.78   20.00    2.02 
1989 8	 108.78   32.35   20.03    2.40 
1989 9	  78.07   28.85   14.01    2.51 
1989 10	  19.45   27.06   10.41    2.84 
1989 11	  13.40   21.22    5.37    2.95 
1989 12	   9.15   10.57   -5.14    3.45 
1990 1	  68.82   17.67    2.40    3.24 
1990 2	  63.20   18.16    3.22    3.58 
1990 3	 111.22   18.92    7.25    3.83 
1990 4	 175.90   23.59   11.04    3.52 
1990 5	 137.25   28.12   15.76    3.60 
1990 6	  47.80   34.21   21.06    3.04 
1990 7	  77.72   32.61   19.90    2.28 
1990 8	 109.05   33.48   19.65    2.29 
1990 9	  84.07   30.59   17.92    1.61 
1990 10	  52.50   25.49    9.10    2.58 
1990 11	  73.30   21.05    6.70    3.06 
1990 12	  22.88   12.75   -1.76    3.15 
1991 1	  76.85   10.85   -0.91    3.02 
1991 2	  39.67   18.13    3.04    3.00 
1991 3	  13.72   22.09    6.83    3.64 
1991 4	  70.85   26.18   12.11    3.23 
1991 5	 122.30   28.15   17.19    2.93 
1991 6	 107.77   31.66   19.46    2.22 
1991 7	  20.95   34.66   20.41    2.03 
1991 8	 149.72   32.43   20.14    1.84 
1991 9	 109.80   27.85   16.06    2.17 
1991 10	 208.40   25.94   10.89    2.51 
1991 11	  21.60   16.58    3.29    3.33 
1991 12	 230.90   14.08    3.43    3.22 
1992 1	  66.93   12.86    0.83    2.56 
1992 2	 122.10   17.10    4.46    3.13 
1992 3	  39.28   21.40    6.78    3.17 
1992 4	  45.30   23.76   10.54    2.73 
1992 5	 112.22   25.77   14.32    2.41 
1992 6	  96.13   31.00   18.70    1.97 
1992 7	  56.20   33.02   20.91    3.14 
1992 8	  73.90   31.56   17.73    2.06 
1992 9	  37.50   30.42   16.80    2.80 
1992 10	  35.18   27.68   10.64    2.47 
1992 11	  87.35   16.71    3.61    2.92 
1992 12	 100.05   14.70    2.03    2.80 
1993 1	  52.95   11.70   -0.40    2.90 
1993 2	  94.42   14.58    1.84    3.32 
1993 3	  69.80   18.70    5.20    3.21 
1993 4	  77.08   23.10    8.78    3.77 
1993 5	  47.80   27.05   13.36    2.95 
1993 6	  81.25   31.84   19.79    3.05 
1993 7	   0.00   35.33   21.45    3.33 
1993 8	  25.42   36.04   20.82    2.40 
1993 9	 100.17   31.28   15.16    2.13 
1993 10	 134.55   23.04    9.44    2.83 
1993 11	  36.35   16.29    2.05    2.99 
1993 12	  42.95   14.81    1.23    3.19 
1994 1	  33.30   12.93    0.00    3.44 
1994 2	  43.83   15.59    0.40    3.19 
1994 3	  30.90   21.79    5.09    3.18 
1994 4	  63.65   25.39    8.93    3.46 
1994 5	 179.07   26.42   13.66    2.50 
1994 6	  49.60   34.11   20.00    2.32 
1994 7	  67.40   34.75   20.16    2.81 
1994 8	 131.72   35.18   19.61    1.88 
1994 9	 137.65   29.21   15.63    1.76 
1994 10	 137.70   24.79   12.29    2.57 
1994 11	 126.68   19.31    6.87    3.21 
1994 12	  67.40   14.81    3.07    2.66 
1995 1	  31.27   14.84    1.15    3.43 
1995 2	  15.32   17.64    2.97    3.05 
1995 3	 100.60   17.71    6.00    3.58 
1995 4	  59.40   24.13   10.00    3.48 
1995 5	 158.80   27.52   15.80    3.13 
1995 6	 106.40   30.84   17.85    2.39 
1995 7	 220.23   34.81   20.84    2.31 
1995 8	  62.58   33.36   21.22    1.56 
1995 9	  86.85   29.46   17.20    1.93 
1995 10	  43.03   26.76    9.36    2.68 
1995 11	  16.90   19.83    4.18    3.01 
1995 12	  19.95   14.96    1.03    3.28 
1996 1	  14.02   14.29   -3.30    3.52 
1996 2	   5.97   18.58    1.40    4.23 
1996 3	  29.88   18.99    2.33    3.78 
1996 4	  57.25   25.33    7.51    3.78 
1996 5	  71.05   32.27   18.55    4.17 
1996 6	  87.70   33.03   19.41    2.37 
1996 7	  82.62   35.72   21.97    2.50 
1996 8	 238.38   31.88   20.19    2.29 
1996 9	 115.95   28.07   16.56    1.51 
1996 10	  62.95   24.72   11.46    3.08 
1996 11	  87.83   18.73    5.28    3.19 
1996 12	   6.95   16.64    0.01    3.10 
1997 1	  19.33   12.64   -0.07    3.74 
1997 2	 219.87   14.22    2.52    3.37 
1997 3	  80.15   21.03    6.32    3.00 
1997 4	 132.27   20.95    8.00    3.38 
1997 5	  91.05   26.38   13.80    2.60 
1997 6	 167.75   30.18   19.39    2.03 
1997 7	  38.12   34.37   21.16    1.80 
1997 8	  34.20   34.17   20.40    2.34 
1997 9	  27.43   32.56   17.98    2.09 
1997 10	 125.78   24.98   11.76    2.87 
1997 11	  24.80   16.42    3.96    2.90 
1997 12	 104.00   12.25    0.13    3.31 
1998 1	  51.73   15.15    2.28    3.31 
1998 2	  88.28   15.65    3.23    3.02 
1998 3	 117.02   17.64    5.05    4.00 
1998 4	  13.48   24.22    8.11    3.15 
1998 5	  74.57   32.33   16.68    3.22 
1998 6	  67.30   34.23   21.37    3.89 
1998 7	  35.70   37.04   23.22    2.79 
1998 8	  28.95   35.15   20.83    1.49 
1998 9	  73.12   32.20   19.24    2.25 
1998 10	 110.07   25.49   13.21    2.97 
1998 11	  74.82   19.02    7.45    2.75 
1998 12	  61.85   13.41    0.42    3.40 
1999 1	  57.02   16.54    0.83    3.95 
1999 2	   3.97   19.90    4.43    3.26 
1999 3	  53.35   18.23    6.42    3.57 
1999 4	  54.17   25.73   11.66    3.81 
1999 5	  71.03   27.74   14.25    2.64 
1999 6	  86.45   31.50   19.26    2.65 
1999 7	  23.73   34.79   19.99    1.99 
1999 8	   1.12   39.05   20.29    1.66 
1999 9	  36.95   32.91   15.37    2.48 
1999 10	  50.62   27.40   10.52    2.43 
1999 11	   2.00   23.20    4.81    2.52 
1999 12	  56.40   16.32    1.03    3.40 
2000 1	  32.25   16.18    2.30    3.72 
2000 2	  21.67   19.80    4.45    3.67 
2000 3	  41.55   22.55    7.84    3.16 
2000 4	  59.50   25.15   10.99    3.24 
2000 5	  55.73   31.36   17.57    3.48 
2000 6	 228.42   30.78   20.57    2.75 
2000 7	   1.20   36.90   22.17    2.25 
2000 8	   0.00   38.36   22.40    1.98 
2000 9	  16.20   34.00   16.96    2.45 
2000 10	 115.95   24.74   14.79    3.01 
2000 11	 135.40   14.41    4.46    3.15 
2000 12	  40.45    9.89   -1.38    3.16 
2001 1	  83.23   11.18   -1.13    2.99 
2001 2	 127.55   15.16    2.58    3.41 
2001 3	  90.20   15.37    4.71    2.82 
2001 4	  17.82   24.76   12.19    3.80 
2001 5	  69.57   28.94   16.78    2.80 
2001 6	  42.87   33.15   19.91    2.10 
2001 7	   0.40   37.22   22.95    2.23 
2001 8	 111.73   35.41   22.24    2.25 
2001 9	  76.93   29.31   16.25    2.17 
2001 10	  37.90   24.70    9.49    2.64 
2001 11	  91.80   19.86    8.11    2.66 
2001 12	  44.38   15.39    2.08    3.02 
2002 1	  38.88   15.20   -0.07    2.99 
2002 2	  35.15   14.22   -1.17    3.19 
2002 3	 137.93   18.38    3.80    3.99 
2002 4	  60.53   25.42   14.27    3.84 
2002 5	 167.00   28.26   15.98    3.60 
2002 6	  74.95   31.90   19.57    2.19 
2002 7	  72.05   32.05   21.27    2.27 
2002 8	   6.82   35.74   21.43    2.06 
2002 9	  59.45   31.98   16.39    2.60 
2002 10	 148.57   22.26   12.32    2.37 
2002 11	  15.80   17.56    4.01    3.12 
2002 12	  89.30   13.92    1.05    3.37 
2003 1	  17.10   12.45   -0.66    3.05 
2003 2	  87.10   13.09    0.79    3.26 
2003 3	  36.02   19.25    5.47    2.67 
2003 4	  60.78   25.67    9.46    3.45 
2003 5	  67.38   29.23   17.39    3.11 
2003 6	 151.57   30.81   18.76    1.97 
2003 7	  23.90   35.14   21.44    1.97 
2003 8	  78.30   36.18   21.27    1.73 
2003 9	 123.45   29.25   16.30    1.78 
2003 10	  58.10   25.89   11.56    2.21 
2003 11	  19.88   19.87    7.29    3.28 
2003 12	  14.13   17.11    0.71    3.41 
2004 1	  33.05   15.77    2.04    3.42 
2004 2	 141.75   12.81    0.16    3.36 
2004 3	  34.03   22.01    9.45    3.17 
2004 4	 202.65   23.74   11.47    3.46 
2004 5	  37.73   28.25   16.81    3.28 
2004 6	 242.10   30.76   19.94    2.04 
2004 7	  31.60   33.01   20.66    1.87 
2004 8	 108.35   31.87   19.78    1.99 
2004 9	  28.92   30.60   16.54    1.87 
2004 10	 108.48   26.64   14.48    2.89 
2004 11	 191.32   18.54    7.78    3.06 
2004 12	  18.20   14.88    0.32    3.18 
2005 1	  50.07   15.52    2.37    3.53 
2005 2	  77.08   15.35    3.81    3.10 
2005 3	  54.10   19.08    5.44    3.00 
2005 4	   1.80   25.08    9.48    3.43 
2005 5	 109.55   27.30   15.27    2.63 
2005 6	  16.58   33.20   19.82    2.34 
2005 7	  48.83   34.67   21.28    1.86 
2005 8	 112.22   33.73   20.91    1.88 
2005 9	  27.88   33.84   18.40    2.15 
2005 10	  23.85   26.33   10.35    2.60 
2005 11	   0.12   23.18    5.70    2.94 
2005 12	   6.45   15.30   -1.98    2.95 
2006 1	  61.67   20.26    1.78    3.75 
2006 2	  54.40   15.45    1.05    3.42 
2006 3	 128.42   21.94    8.96    3.68 
2006 4	  57.88   28.47   13.15    3.46 
2006 5	  70.40   30.59   16.06    2.87 
2006 6	  70.85   34.31   18.98    1.86 
2006 7	  13.25   36.16   21.68    1.96 
2006 8	  79.65   37.69   23.22    2.24 
2006 9	  38.58   30.68   15.81    2.21 
2006 10	  82.95   26.89   11.25    2.77 
2006 11	  43.08   21.13    6.61    3.14 
2006 12	  49.20   15.81    1.10    3.26 
2007 1	  95.20   10.21   -1.41    3.42 
2007 2	   7.42   15.41    0.60    3.14 
2007 3	 193.33   22.15    9.56    3.42 
2007 4	 123.87   21.91    8.99    3.14 
2007 5	 183.12   26.59   16.57    2.80 
2007 6	 340.15   29.99   19.71    2.23 
2007 7	 106.80   30.66   20.65    1.75 
2007 8	  63.90   34.01   21.64    1.67 
2007 9	  95.78   30.65   18.52    1.69 
2007 10	  61.33   27.21   11.55    2.54 
2007 11	  49.88   20.29    7.25    2.90 
2007 12	  22.90   15.50   -0.50    2.69 
2008 1	  20.83   13.54   -1.24    3.22 
2008 2	  30.93   18.41    1.08    3.46 
2008 3	  86.98   20.90    4.99    4.05 
2008 4	 123.12   24.98    9.21    3.37 
2008 5	  59.97   29.24   15.65    3.32 
2008 6	  58.80   34.97   21.53    3.12 
2008 7	  34.57   35.49   21.40    2.55 
2008 8	  93.00   33.36   20.73    1.78 
2008 9	  40.72   29.67   15.28    2.38 
2008 10	  53.90   26.14    9.74    2.35 
2008 11	  43.77   21.02    5.26    2.44 
2008 12	   2.47   15.20   -0.69    3.67 
2009 1	  17.88   16.15   -1.14    3.19 
2009 2	  21.77   20.28    3.50    4.00 
2009 3	  90.32   21.28    7.61    3.63 
2009 4	  93.83   24.14    9.47    3.74 
2009 5	  77.15   27.73   15.72    2.57 
2009 6	  39.83   33.77   20.59    2.67 
2009 7	 117.80   35.04   21.96    2.17 
2009 8	  24.70   35.14   21.62    2.18 
2009 9	 209.68   27.99   17.45    1.75 
2009 10	 138.97   22.18   10.34    2.94 
2009 11	  51.10   20.80    7.36    2.47 
2009 12	  23.60   11.29   -0.87    3.02 
2010 1	  78.48   12.00   -0.40    3.33 
2010 2	  75.45    9.32   -0.16    3.10 
2010 3	  70.47   18.46    4.64    3.19 
2010 4	  64.80   24.12   11.44    3.49 
2010 5	  51.77   28.93   17.04    2.81 
2010 6	  67.60   33.98   21.96    2.52 
2010 7	  57.25   32.98   22.59    2.23 
2010 8	  21.85   37.12   22.96    1.99 
2010 9	 184.43   31.00   19.17    2.21 
2010 10	  46.30   26.87    9.94    2.43 
2010 11	  14.00   20.87    5.32    3.58 
2010 12	  29.40   16.13    0.44    3.36 
