1949 1	 193.95   11.95    0.77    4.36 
1949 2	  62.98   16.84    4.70    4.07 
1949 3	  58.05   20.19    7.83    4.66 
1949 4	  82.62   22.62   11.81    4.27 
1949 5	  84.57   29.70   18.64    3.90 
1949 6	  57.27   32.94   21.53    2.98 
1949 7	  93.57   34.87   22.90    2.73 
1949 8	  49.33   34.41   20.89    2.62 
1949 9	  38.05   32.61   18.15    3.14 
1949 10	 223.05   25.03   13.91    4.22 
1949 11	   7.90   23.20    6.90    3.84 
1949 12	  61.80   17.24    5.18    5.19 
1950 1	  87.20   16.80    6.41    4.64 
1950 2	 140.00   17.49    6.71    3.57 
1950 3	  29.92   20.04    6.47    4.78 
1950 4	 140.25   23.51   11.61    4.55 
1950 5	 116.33   28.62   17.78    3.79 
1950 6	  69.88   31.28   20.83    3.25 
1950 7	  96.50   33.21   22.28    3.22 
1950 8	  55.18   35.04   21.75    2.48 
1950 9	  49.70   30.37   18.82    2.99 
1950 10	  51.32   29.59   14.51    3.58 
1950 11	  34.08   20.83    5.29    4.55 
1950 12	  11.23   16.48    2.36    4.08 
1951 1	  60.50   15.86    1.70    5.06 
1951 2	  63.32   16.17    3.38    4.74 
1951 3	  63.12   21.95    7.90    4.60 
1951 4	  66.95   25.03   11.46    4.59 
1951 5	  52.55   28.98   16.80    3.85 
1951 6	 104.20   32.63   21.47    4.02 
1951 7	   6.23   37.24   23.96    2.58 
1951 8	   7.85   39.36   24.97    2.47 
1951 9	 128.03   32.69   20.20    3.04 
1951 10	  34.60   27.84   14.37    3.54 
1951 11	  37.98   18.66    5.73    4.86 
1951 12	  42.78   17.87    4.31    5.20 
1952 1	  45.08   19.35    7.63    4.65 
1952 2	 105.53   18.61    6.95    4.84 
1952 3	  84.65   19.79    6.91    4.44 
1952 4	 147.43   23.23   10.96    3.93 
1952 5	 140.33   28.50   16.21    3.11 
1952 6	  16.33   34.10   22.23    2.95 
1952 7	  70.33   35.08   22.92    2.33 
1952 8	   9.45   38.54   24.06    3.21 
1952 9	  19.05   34.06   18.80    3.52 
1952 10	   4.10   27.00    9.49    3.51 
1952 11	 184.57   19.63    7.72    4.53 
1952 12	 139.82   13.83    3.52    3.90 
1953 1	  18.15   17.76    4.80    5.21 
1953 2	  44.90   16.52    3.86    4.19 
1953 3	 144.82   23.18   10.82    3.95 
1953 4	  64.50   24.34   10.55    4.09 
1953 5	 196.45   28.84   17.49    3.44 
1953 6	  23.73   36.35   23.36    2.79 
1953 7	  29.27   35.20   23.17    2.58 
1953 8	  55.95   36.14   22.26    2.21 
1953 9	  43.65   34.60   17.74    2.68 
1953 10	  80.88   29.82   13.96    3.20 
1953 11	  84.43   19.03    6.32    4.02 
1953 12	 140.95   13.71    2.25    4.47 
1954 1	  47.63   15.26    2.90    4.33 
1954 2	  14.83   21.88    5.87    4.34 
1954 3	  13.18   20.38    6.85    4.68 
1954 4	 101.60   27.60   15.25    3.99 
1954 5	 106.93   26.81   15.48    3.57 
1954 6	  13.02   35.39   21.73    3.10 
1954 7	  24.05   39.62   24.66    3.11 
1954 8	  16.48   38.91   23.68    3.12 
1954 9	  40.22   36.79   19.97    3.17 
1954 10	 215.33   28.37   15.67    3.77 
1954 11	  82.57   20.70    6.24    4.11 
1954 12	  44.47   17.89    3.39    4.19 
1955 1	  74.20   14.04    3.28    3.66 
1955 2	 102.07   15.78    4.11    4.86 
1955 3	  53.17   21.53    8.61    4.91 
1955 4	  65.00   27.13   14.70    4.12 
1955 5	  90.40   30.71   18.74    3.66 
1955 6	  53.33   32.28   19.65    2.81 
1955 7	  39.15   36.03   23.08    2.82 
1955 8	 156.97   34.66   22.44    2.29 
1955 9	  73.45   34.05   20.77    2.90 
1955 10	  33.50   28.77   12.49    3.77 
1955 11	  15.15   21.37    5.72    5.31 
1955 12	  25.50   16.13    3.07    4.63 
1956 1	  80.55   15.25    2.00    4.49 
1956 2	  83.15   16.54    4.55    4.29 
1956 3	  19.77   21.46    7.33    3.92 
1956 4	 125.55   25.17   11.92    4.35 
1956 5	 104.92   31.48   19.23    3.43 
1956 6	  37.33   34.26   21.41    3.07 
1956 7	  16.30   38.33   23.74    3.52 
1956 8	  52.05   38.12   23.09    3.05 
1956 9	   0.00   35.13   18.89    3.39 
1956 10	  18.75   30.13   14.80    3.11 
1956 11	 114.38   19.22    5.39    4.26 
1956 12	  35.17   18.02    4.89    4.02 
1957 1	  86.88   13.22    2.85    4.12 
1957 2	  51.65   18.34    8.60    3.61 
1957 3	 121.67   18.73    7.01    3.83 
1957 4	 290.42   22.99   12.36    4.72 
1957 5	 135.40   28.22   17.91    4.14 
1957 6	  79.50   31.80   21.50    3.34 
1957 7	  13.00   37.14   23.62    2.15 
1957 8	 161.48   35.34   22.25    3.04 
1957 9	 129.95   30.90   17.79    3.47 
1957 10	 233.80   23.50   11.42    4.26 
1957 11	 142.25   17.51    7.27    4.67 
1957 12	  37.45   18.34    5.18    4.42 
1958 1	  69.20   13.38    1.79    5.36 
1958 2	  47.20   12.48    2.22    5.28 
1958 3	  46.95   16.07    5.66    4.32 
1958 4	 128.60   23.39   11.61    3.97 
1958 5	  56.10   29.77   17.02    3.04 
1958 6	  58.98   34.11   21.55    3.10 
1958 7	  36.42   35.66   22.98    3.43 
1958 8	 164.20   35.91   22.31    2.54 
1958 9	 170.75   30.33   20.32    3.53 
1958 10	  62.45   24.22   13.44    4.49 
1958 11	  62.27   21.30    7.94    3.84 
1958 12	  33.60   13.66    0.88    4.32 
1959 1	  16.95   12.61    0.03    4.71 
1959 2	  94.68   14.99    4.43    4.65 
1959 3	  51.75   20.97    5.49    4.61 
1959 4	 122.65   23.01   11.10    4.44 
1959 5	 233.65   29.23   18.80    3.82 
1959 6	 175.77   32.10   20.77    3.14 
1959 7	  89.07   33.95   22.01    1.98 
1959 8	  64.55   35.01   22.09    2.58 
1959 9	 101.43   32.89   19.68    3.69 
1959 10	 129.80   26.60   12.98    3.81 
1959 11	  41.00   17.88    3.54    4.71 
1959 12	 127.80   16.76    4.96    4.71 
1960 1	  70.23   12.82    2.90    4.48 
1960 2	  77.68   12.86    1.09    5.10 
1960 3	  35.90   16.03    4.38    4.23 
1960 4	  59.15   27.06   13.98    4.47 
1960 5	  44.20   28.44   15.74    4.12 
1960 6	 132.25   33.77   21.20    3.25 
1960 7	  45.95   35.31   22.89    2.24 
1960 8	  81.32   35.20   22.66    2.83 
1960 9	  47.47   33.72   19.38    2.58 
1960 10	 135.60   27.88   15.51    3.17 
1960 11	  80.70   20.98    8.10    4.23 
1960 12	 198.80   12.19    2.38    4.40 
1961 1	 169.73   11.89    0.25    4.64 
1961 2	 101.00   17.35    5.59    4.17 
1961 3	 107.70   22.39    9.84    4.59 
1961 4	  32.42   24.24   10.93    4.73 
1961 5	  70.03   29.06   16.63    4.37 
1961 6	 194.70   30.43   20.28    3.21 
1961 7	  66.60   32.27   22.30    2.61 
1961 8	  16.70   34.17   21.04    2.24 
1961 9	 120.47   31.41   19.63    4.81 
1961 10	  45.10   26.42   13.24    3.92 
1961 11	  95.48   18.51    6.65    4.88 
1961 12	  92.53   14.24    3.05    4.09 
1962 1	  59.80   11.81   -1.66    4.99 
1962 2	  53.85   21.29    7.26    4.67 
1962 3	  33.47   18.94    5.88    4.55 
1962 4	 124.70   23.80   12.40    4.44 
1962 5	  31.65   29.86   18.15    4.53 
1962 6	 166.88   31.86   20.25    2.54 
1962 7	  17.95   34.91   22.50    2.42 
1962 8	   9.17   38.09   22.40    2.54 
1962 9	 152.97   32.68   19.65    2.76 
1962 10	  90.88   28.11   15.76    3.63 
1962 11	  89.42   19.74    7.04    4.69 
1962 12	  31.98   14.94    3.17    4.00 
1963 1	  24.40   10.68   -2.45    4.56 
1963 2	  51.03   16.67    1.17    5.10 
1963 3	  23.20   23.97    8.99    4.46 
1963 4	  86.05   27.42   15.94    5.00 
1963 5	  78.55   29.64   18.15    3.63 
1963 6	  41.15   34.02   21.73    2.96 
1963 7	  32.28   36.24   23.21    3.34 
1963 8	  25.77   37.39   22.97    2.39 
1963 9	  22.45   33.35   19.74    3.02 
1963 10	  13.73   31.29   15.15    2.23 
1963 11	  73.57   22.63    8.72    4.80 
1963 12	  56.07   10.93   -0.03    5.12 
1964 1	  69.42   14.99    1.43    4.37 
1964 2	  67.95   13.95    1.75    4.30 
1964 3	  90.00   20.61    7.37    4.38 
1964 4	  69.03   26.13   14.67    4.97 
1964 5	  60.42   29.41   18.45    3.58 
1964 6	  35.40   32.31   21.42    3.30 
1964 7	   1.28   37.35   22.86    2.88 
1964 8	  58.50   35.97   23.79    3.04 
1964 9	 112.72   31.76   20.27    2.81 
1964 10	  16.98   25.95   11.84    4.20 
1964 11	  95.55   22.57   10.10    4.07 
1964 12	  23.15   16.78    3.99    4.99 
1965 1	 117.80   16.97    3.91    4.37 
1965 2	 116.97   15.22    3.33    5.25 
1965 3	 122.70   16.24    4.45    4.80 
1965 4	  54.90   26.72   15.22    4.26 
1965 5	 301.33   27.46   18.59    4.69 
1965 6	  53.50   31.41   20.80    3.35 
1965 7	  12.02   35.04   22.42    2.39 
1965 8	  77.67   34.55   21.23    2.33 
1965 9	  91.53   32.16   19.93    4.02 
1965 10	  44.40   25.99   12.31    3.96 
1965 11	  60.43   24.04   12.33    3.80 
1965 12	  85.65   17.63    5.93    4.33 
1966 1	  62.38   11.87    1.45    5.03 
1966 2	  68.28   14.96    2.94    4.62 
1966 3	  44.10   21.26    8.24    4.29 
1966 4	 316.12   25.65   13.03    4.71 
1966 5	  77.68   28.20   17.10    3.67 
1966 6	  32.90   32.19   19.63    2.79 
1966 7	  17.98   36.07   23.30    2.39 
1966 8	 175.03   33.20   21.46    2.51 
1966 9	  91.67   29.79   18.18    2.29 
1966 10	  27.57   25.95   11.34    4.06 
1966 11	  23.28   24.06    9.48    4.15 
1966 12	  67.57   16.28    2.49    4.52 
1967 1	  10.55   16.57    2.92    4.53 
1967 2	  26.38   17.04    1.93    4.28 
1967 3	  46.70   25.75   10.60    4.47 
1967 4	 115.22   27.96   17.03    5.11 
1967 5	 135.05   28.35   16.01    4.77 
1967 6	   5.38   33.47   21.45    3.64 
1967 7	  65.95   34.35   21.53    3.55 
1967 8	  27.70   35.18   20.74    2.36 
1967 9	 220.95   29.33   18.00    3.67 
1967 10	 130.18   26.25   12.23    3.78 
1967 11	  44.98   20.66    7.98    4.00 
1967 12	 127.23   15.52    3.97    4.23 
1968 1	 130.33   11.94    4.10    4.82 
1968 2	  85.32   14.26    2.19    4.29 
1968 3	  73.12   19.01    7.52    4.60 
1968 4	 124.47   24.62   13.70    4.75 
1968 5	 218.30   28.00   16.93    4.02 
1968 6	 130.90   30.97   21.02    3.10 
1968 7	  44.15   32.37   21.77    2.60 
1968 8	  11.30   34.65   22.00    2.81 
1968 9	 108.35   30.49   17.40    3.33 
1968 10	  35.90   27.30   13.47    3.32 
1968 11	 164.62   19.75    6.11    4.66 
1968 12	  61.95   16.59    3.00    5.01 
1969 1	  51.90   16.17    4.52    4.83 
1969 2	  82.33   16.19    4.80    4.76 
1969 3	 137.00   16.21    5.02    4.67 
1969 4	 150.02   25.34   13.24    3.92 
1969 5	 131.95   28.41   16.66    2.89 
1969 6	  23.00   33.13   20.65    3.69 
1969 7	  29.17   37.61   23.83    2.82 
1969 8	  36.00   36.73   22.79    2.68 
1969 9	  73.38   32.48   18.99    2.92 
1969 10	 139.65   26.52   13.38    4.89 
1969 11	  85.65   20.48    6.30    3.97 
1969 12	 122.88   17.06    4.66    3.71 
1970 1	  32.77   11.83    0.38    4.46 
1970 2	 133.80   16.30    3.84    4.51 
1970 3	  90.72   17.67    6.47    4.45 
1970 4	  72.98   25.76   14.16    4.68 
1970 5	  57.65   28.28   16.04    4.04 
1970 6	  16.68   32.82   20.19    2.94 
1970 7	  19.33   35.31   21.73    2.52 
1970 8	  23.65   36.31   22.66    2.80 
1970 9	 182.17   31.13   20.50    3.79 
1970 10	 172.43   24.01   12.19    4.10 
1970 11	  29.05   19.44    5.60    4.87 
1970 12	  23.53   19.99    7.26    4.13 
1971 1	   3.38   17.93    2.97    4.80 
1971 2	  61.45   17.98    4.10    5.25 
1971 3	  15.60   22.01    6.64    4.52 
1971 4	  39.33   25.62   12.03    4.33 
1971 5	  76.57   28.55   16.52    3.96 
1971 6	  20.77   33.94   21.58    3.45 
1971 7	 112.18   35.69   22.71    3.03 
1971 8	  85.53   31.91   21.25    2.04 
1971 9	  95.62   31.39   19.85    3.46 
1971 10	  95.85   27.28   15.56    3.14 
1971 11	 122.05   20.92    8.03    4.24 
1971 12	 170.50   17.77    8.05    4.15 
1972 1	 102.67   15.59    3.05    4.95 
1972 2	  10.93   18.63    4.91    4.69 
1972 3	  25.00   24.23   10.04    4.38 
1972 4	  49.88   27.10   14.19    4.87 
1972 5	  42.23   29.52   16.29    2.52 
1972 6	 132.15   33.61   21.14    3.58 
1972 7	  39.63   32.77   21.71    3.39 
1972 8	  76.20   35.03   21.75    2.57 
1972 9	  71.85   33.47   21.30    2.49 
1972 10	 184.90   26.09   13.93    3.73 
1972 11	  94.35   15.78    5.47    4.97 
1972 12	  73.10   13.30    1.35    4.49 
1973 1	 112.88   12.04    1.51    5.37 
1973 2	  35.70   15.07    3.86    4.46 
1973 3	 169.00   22.18   10.44    4.60 
1973 4	 168.63   21.58   11.28    4.85 
1973 5	  52.90   28.09   15.70    4.54 
1973 6	 170.15   30.72   20.14    3.47 
1973 7	  80.00   33.64   22.71    2.62 
1973 8	  29.62   33.53   20.55    2.60 
1973 9	 167.38   30.74   19.95    3.16 
1973 10	 188.00   26.94   15.47    3.57 
1973 11	  76.43   23.96   11.33    4.62 
1973 12	  80.10   17.75    2.86    4.79 
1974 1	  96.90   13.93    2.65    3.95 
1974 2	  36.75   19.47    4.71    5.11 
1974 3	  35.55   24.29   12.21    5.14 
1974 4	  78.85   26.90   12.65    5.41 
1974 5	  99.37   30.37   19.34    4.33 
1974 6	  26.08   32.61   19.64    3.41 
1974 7	  17.00   36.84   22.39    2.28 
1974 8	 114.12   33.88   21.99    2.80 
1974 9	 224.27   26.85   16.85    4.37 
1974 10	 138.80   27.39   13.99    4.34 
1974 11	 141.95   19.56    7.65    4.56 
1974 12	  64.33   15.41    4.05    4.03 
1975 1	  48.18   17.52    5.48    4.46 
1975 2	  87.00   16.61    3.47    4.00 
1975 3	  54.95   20.38    7.62    5.08 
1975 4	 125.07   24.78   12.56    5.36 
1975 5	 167.32   28.90   17.44    3.89 
1975 6	  89.88   32.22   21.21    3.47 
1975 7	  39.33   34.29   21.94    2.40 
1975 8	  47.25   34.77   22.42    2.57 
1975 9	  60.40   31.08   17.44    3.16 
1975 10	  89.15   28.07   13.09    3.68 
1975 11	  31.25   21.99    7.70    4.22 
1975 12	  38.37   16.58    3.37    4.39 
1976 1	  36.62   16.34    1.42    4.88 
1976 2	  39.85   22.08    7.98    4.62 
1976 3	 138.50   22.21    9.84    5.12 
1976 4	 191.90   25.23   13.33    4.37 
1976 5	 183.23   27.06   14.74    3.45 
1976 6	 134.90   31.36   19.38    3.31 
1976 7	  91.90   32.26   21.61    2.19 
1976 8	  59.83   35.37   20.62    2.08 
1976 9	 110.55   30.88   18.20    2.61 
1976 10	 141.27   22.46    9.34    4.08 
1976 11	  30.33   16.36    4.19    4.58 
1976 12	 105.60   15.27    1.84    4.20 
1977 1	  70.90   10.12   -2.09    4.76 
1977 2	  85.90   18.70    4.31    4.77 
1977 3	 116.65   21.99    9.06    4.61 
1977 4	 154.17   25.40   13.09    3.88 
1977 5	  21.03   29.71   18.29    3.57 
1977 6	 125.28   33.94   21.82    3.29 
1977 7	  15.62   36.78   23.30    2.51 
1977 8	  76.00   35.78   23.20    3.16 
1977 9	  57.18   33.83   21.62    3.50 
1977 10	  58.75   28.46   14.21    3.43 
1977 11	 106.97   22.02   10.34    3.83 
1977 12	  23.73   17.67    4.04    5.30 
1978 1	  95.20    7.98   -1.83    5.77 
1978 2	  80.30   10.42   -0.14    5.15 
1978 3	 110.85   20.66    6.66    4.01 
1978 4	  28.55   26.68   14.13    4.46 
1978 5	  59.67   30.60   18.04    3.79 
1978 6	  22.37   34.26   21.41    2.66 
1978 7	  30.68   38.00   23.74    2.72 
1978 8	  89.68   35.90   22.69    2.71 
1978 9	 148.18   31.62   21.12    3.66 
1978 10	  62.80   27.93   12.99    3.30 
1978 11	 133.60   21.27    9.90    3.75 
1978 12	  61.40   15.60    2.77    4.87 
1979 1	  83.65    7.80   -1.00    5.47 
1979 2	  66.62   12.69    2.45    4.80 
1979 3	 144.68   21.63    9.36    4.63 
1979 4	 106.78   24.93   13.22    3.75 
1979 5	 180.57   27.71   15.57    3.93 
1979 6	  37.97   32.15   20.32    3.12 
1979 7	 116.07   33.16   22.55    3.09 
1979 8	  53.67   33.82   20.85    2.14 
1979 9	 132.70   30.97   17.36    3.88 
1979 10	  63.98   28.96   13.08    3.86 
1979 11	  28.43   19.41    4.42    4.91 
1979 12	 105.85   16.98    2.93    4.37 
1980 1	  80.55   14.78    3.45    3.80 
1980 2	  55.82   16.62    2.03    4.60 
1980 3	  62.32   21.12    6.17    4.47 
1980 4	  94.83   24.74    9.82    3.89 
1980 5	 107.58   29.16   17.64    3.23 
1980 6	  43.60   34.83   21.72    3.89 
1980 7	  44.27   38.53   22.97    2.23 
1980 8	   7.67   37.64   23.11    3.64 
1980 9	  47.40   34.45   20.80    2.94 
1980 10	  22.60   26.58   11.12    3.88 
1980 11	  70.95   19.86    6.43    4.34 
1980 12	  41.97   16.47    3.84    4.12 
1981 1	  50.40   15.01    1.18    3.95 
1981 2	  46.38   16.41    3.47    4.13 
1981 3	  86.23   19.88    7.80    4.18 
1981 4	  58.35   27.55   15.24    4.02 
1981 5	 189.77   27.57   15.29    4.21 
1981 6	 265.82   31.61   20.92    3.61 
1981 7	  46.48   34.41   22.25    2.73 
1981 8	  38.75   35.28   20.90    2.57 
1981 9	  54.25   31.37   16.89    3.00 
1981 10	 265.78   25.98   13.80    3.75 
1981 11	  38.62   22.09    7.88    3.62 
1981 12	   7.87   15.76    2.80    4.62 
1982 1	  50.05   15.08    0.42    5.20 
1982 2	  45.85   14.56    2.25    4.66 
1982 3	  61.98   21.31   10.55    5.13 
1982 4	 100.72   23.29   11.91    4.57 
1982 5	  87.70   28.52   17.59    4.02 
1982 6	 151.02   32.57   19.91    2.84 
1982 7	  34.55   35.49   22.61    2.83 
1982 8	  15.40   37.78   21.95    2.48 
1982 9	  15.57   34.39   17.05    3.56 
1982 10	  93.55   26.43   12.00    4.34 
1982 11	 149.90   19.95    8.25    4.30 
1982 12	 186.63   16.98    4.51    5.11 
1983 1	  28.87   13.45    1.94    4.19 
1983 2	 127.52   15.81    4.06    4.90 
1983 3	 110.72   20.27    6.84    4.53 
1983 4	   2.80   23.99    9.63    5.15 
1983 5	 177.50   28.79   15.09    3.84 
1983 6	  73.22   31.35   18.81    2.98 
1983 7	  87.75   34.36   21.43    3.18 
1983 8	 143.88   35.35   22.20    2.01 
1983 9	  44.30   32.03   17.32    3.59 
1983 10	  34.50   28.12   12.42    3.40 
1983 11	  87.32   22.39    8.59    4.48 
1983 12	  75.05    9.81   -2.10    5.27 
1984 1	  39.15   12.67   -1.06    4.73 
1984 2	  93.93   19.66    3.33    4.65 
1984 3	 111.93   22.57    7.99    4.31 
1984 4	  19.90   27.28   10.79    4.68 
1984 5	  53.00   31.33   16.64    4.42 
1984 6	  93.38   34.30   20.61    3.34 
1984 7	  45.47   36.81   21.79    2.51 
1984 8	  20.10   37.56   21.53    2.72 
1984 9	  42.90   31.23   17.67    4.49 
1984 10	 232.28   26.02   15.11    3.78 
1984 11	  85.38   20.12    7.44    4.71 
1984 12	  83.77   19.99    8.59    4.87 
1985 1	  46.80   12.20   -1.41    4.56 
1985 2	 127.98   14.56    2.39    4.67 
1985 3	  85.35   23.48   11.36    4.77 
1985 4	  51.30   27.22   13.59    4.43 
1985 5	  51.63   29.77   16.54    3.49 
1985 6	  56.90   33.80   19.82    3.65 
1985 7	 104.43   35.77   21.61    2.59 
1985 8	  21.95   38.20   22.29    2.52 
1985 9	  85.62   32.92   18.77    4.09 
1985 10	 210.70   25.77   15.36    4.97 
1985 11	 165.53   21.20   10.58    4.50 
1985 12	  69.32   14.35    0.41    4.22 
1986 1	   9.05   17.79    3.13    4.56 
1986 2	 132.67   19.62    6.56    4.62 
1986 3	  23.25   23.91    8.21    3.70 
1986 4	 191.35   25.69   14.38    4.26 
1986 5	 192.45   27.80   16.75    3.79 
1986 6	 121.97   32.12   21.70    2.39 
1986 7	  37.45   36.34   23.00    2.79 
1986 8	  49.65   35.48   21.53    2.52 
1986 9	  79.10   32.75   21.65    3.06 
1986 10	 169.52   25.63   13.59    3.65 
1986 11	 117.78   19.11    8.30    4.52 
1986 12	 125.85   13.49    3.50    4.33 
1987 1	  35.60   14.90    2.03    4.27 
1987 2	 107.32   17.08    6.12    4.75 
1987 3	  68.68   21.36    5.80    4.11 
1987 4	   9.70   27.51    9.91    3.12 
1987 5	 137.90   30.56   18.09    3.02 
1987 6	 119.42   32.15   20.62    3.48 
1987 7	  71.85   34.56   21.95    2.92 
1987 8	  20.50   37.09   23.32    2.87 
1987 9	  69.95   32.35   17.66    3.05 
1987 10	  28.13   27.31   10.80    3.85 
1987 11	 149.12   21.29    7.68    4.44 
1987 12	 152.10   15.93    4.05    4.32 
1988 1	  29.00   13.45    0.82    4.93 
1988 2	  71.65   17.58    3.32    4.49 
1988 3	 104.47   21.84    7.00    4.56 
1988 4	  41.25   27.38   10.85    3.75 
1988 5	  53.15   29.38   14.86    3.39 
1988 6	  47.70   33.25   19.06    2.94 
1988 7	  74.00   35.63   21.99    3.04 
1988 8	  40.80   37.27   22.78    2.60 
1988 9	  65.38   33.94   19.01    3.74 
1988 10	  59.62   26.83   12.19    3.62 
1988 11	  64.57   23.22    8.20    5.01 
1988 12	  91.50   17.55    4.15    4.18 
1989 1	  57.77   17.37    5.89    4.38 
1989 2	  75.12   13.54    2.94    5.69 
1989 3	  82.88   22.02    7.93    5.06 
1989 4	  84.18   27.02   13.20    4.23 
1989 5	 256.62   29.85   18.27    4.30 
1989 6	 150.25   31.23   19.98    4.05 
1989 7	 129.12   33.59   21.72    2.95 
1989 8	  26.90   34.58   21.24    2.57 
1989 9	  23.35   31.53   16.26    3.65 
1989 10	  50.38   28.60   12.55    3.98 
1989 11	  23.20   21.67    8.56    4.52 
1989 12	  14.45   12.37   -2.24    4.90 
1990 1	 109.50   18.92    5.57    4.24 
1990 2	  99.75   20.43    6.16    5.07 
1990 3	 167.52   21.39    9.80    4.65 
1990 4	  72.07   25.75   12.62    4.46 
1990 5	 212.30   29.39   17.24    4.59 
1990 6	  22.60   34.81   21.76    3.43 
1990 7	  62.10   35.26   20.96    2.60 
1990 8	  47.75   36.71   21.70    2.47 
1990 9	 133.80   33.10   19.93    2.22 
1990 10	 148.45   26.72   11.46    3.75 
1990 11	 126.85   22.88    9.18    4.22 
1990 12	  71.20   15.62    2.16    4.43 
1991 1	 140.38   12.45    2.13    4.61 
1991 2	 121.88   19.22    5.02    4.31 
1991 3	  74.78   23.53    8.89    4.92 
1991 4	 150.25   26.59   14.28    4.31 
1991 5	  95.35   29.68   18.10    4.35 
1991 6	  77.85   32.91   20.57    3.01 
1991 7	  57.90   35.07   21.35    2.48 
1991 8	 146.42   33.53   20.71    2.01 
1991 9	  65.95   30.22   17.49    3.36 
1991 10	  87.42   28.34   12.48    3.59 
1991 11	  84.53   17.75    4.18    5.07 
1991 12	 220.95   14.85    4.82    4.72 
1992 1	  93.75   13.67    3.18    3.96 
1992 2	 122.22   18.57    6.57    4.30 
1992 3	  98.72   22.73    9.25    4.20 
1992 4	  49.30   25.21   14.36    3.41 
1992 5	 116.52   27.27   16.18    3.11 
1992 6	  59.38   32.32   21.92    2.76 
1992 7	  58.42   33.85   23.12    3.76 
1992 8	  33.45   33.15   19.74    2.67 
1992 9	  65.42   32.11   17.99    3.83 
1992 10	  93.15   28.77   13.24    3.60 
1992 11	 109.37   18.16    6.44    4.48 
1992 12	 122.55   15.39    4.50    3.85 
1993 1	 120.30   13.64    2.68    4.23 
1993 2	  70.00   16.17    3.49    4.56 
1993 3	 132.88   18.86    6.96    4.21 
1993 4	 119.30   22.15   10.46    4.61 
1993 5	  71.45   27.40   17.14    3.84 
1993 6	 137.50   31.89   21.72    4.29 
1993 7	   0.47   34.94   23.58    3.37 
1993 8	  13.95   36.95   23.63    2.59 
1993 9	  85.77   33.09   18.01    3.13 
1993 10	 124.50   24.93   12.76    4.10 
1993 11	  89.00   17.36    4.82    4.58 
1993 12	  48.40   16.37    4.70    4.60 
1994 1	  35.80   15.09    3.14    4.98 
1994 2	 156.80   17.01    3.55    4.26 
1994 3	  60.20   22.27    9.22    3.77 
1994 4	  52.23   26.28   12.65    4.13 
1994 5	 152.45   26.52   16.78    3.40 
1994 6	  66.03   32.40   22.04    3.38 
1994 7	  41.00   34.87   22.77    3.42 
1994 8	  99.75   33.76   21.89    2.25 
1994 9	  40.73   31.49   17.14    2.63 
1994 10	 289.67   25.52   14.34    4.12 
1994 11	 109.50   21.20   10.27    4.60 
1994 12	 169.90   16.10    5.81    4.12 
1995 1	 107.52   15.91    4.23    4.86 
1995 2	  58.08   19.16    5.24    4.06 
1995 3	 110.87   19.88    9.32    4.64 
1995 4	 105.20   24.67   12.17    4.57 
1995 5	 137.03   28.26   17.86    4.28 
1995 6	  81.75   31.44   19.38    3.01 
1995 7	 173.88   34.76   22.98    3.12 
1995 8	  41.70   34.79   23.08    2.21 
1995 9	 114.40   31.54   18.98    2.77 
1995 10	  10.92   27.63   12.25    4.52 
1995 11	  16.48   21.40    6.67    4.61 
1995 12	  54.25   16.18    5.33    4.86 
1996 1	  23.67   16.41    1.12    5.01 
1996 2	   8.50   19.88    5.87    5.32 
1996 3	  36.92   20.21    4.97    4.93 
1996 4	  68.88   26.79   10.86    4.69 
1996 5	  26.17   31.75   20.72    4.76 
1996 6	  71.60   34.12   21.29    2.99 
1996 7	  51.52   36.70   24.11    2.93 
1996 8	 201.83   33.27   22.57    2.70 
1996 9	  86.00   30.00   18.11    2.65 
1996 10	  39.80   26.97   13.50    4.62 
1996 11	 131.10   19.69    8.41    4.84 
1996 12	  63.00   17.69    5.29    4.43 
1997 1	  76.57   13.90    2.74    5.20 
1997 2	 219.12   15.96    6.03    4.81 
1997 3	 105.92   22.35    9.49    3.93 
1997 4	 201.15   22.11   10.65    4.90 
1997 5	  66.73   27.45   16.19    3.42 
1997 6	 144.50   30.89   20.33    2.82 
1997 7	  19.83   35.01   23.27    1.92 
1997 8	  95.05   34.07   22.26    2.73 
1997 9	  40.88   33.66   20.14    2.85 
1997 10	  94.00   26.38   14.40    4.55 
1997 11	  86.90   18.04    6.50    4.34 
1997 12	 130.05   14.81    2.84    4.58 
1998 1	 187.55   16.92    5.81    4.16 
1998 2	 119.43   17.55    5.74    4.21 
1998 3	  87.10   19.98    7.64    5.20 
1998 4	  37.28   24.86   11.17    4.27 
1998 5	   3.97   32.35   18.89    3.71 
1998 6	  35.12   36.22   23.54    5.10 
1998 7	  22.82   38.75   25.21    3.37 
1998 8	  74.55   36.24   23.69    2.01 
1998 9	 181.90   33.43   22.48    4.61 
1998 10	 229.88   26.62   15.94    4.47 
1998 11	 168.97   20.42   11.14    3.92 
1998 12	 114.90   15.45    5.24    4.69 
1999 1	 202.57   18.16    5.55    5.15 
1999 2	   7.60   21.27    8.32    4.23 
1999 3	  78.10   20.46    9.00    4.49 
1999 4	  79.55   26.52   14.66    5.00 
1999 5	 117.88   28.75   17.25    3.41 
1999 6	 123.10   31.48   22.16    3.56 
1999 7	  29.12   34.15   22.91    2.48 
1999 8	  19.88   38.31   23.25    2.26 
1999 9	  55.25   33.25   18.22    3.51 
1999 10	  58.60   28.37   12.01    3.72 
1999 11	  13.85   24.34    8.82    3.49 
1999 12	  84.58   18.49    3.18    4.83 
2000 1	  73.17   17.65    4.96    5.01 
2000 2	  56.12   22.20    7.48    4.65 
2000 3	  85.82   23.72   10.55    4.06 
2000 4	 102.77   25.34   12.36    3.95 
2000 5	 180.73   29.90   19.22    4.21 
2000 6	 151.05   31.08   21.99    3.65 
2000 7	   5.78   36.40   23.13    2.76 
2000 8	   4.38   38.36   23.16    2.12 
2000 9	  34.08   34.54   18.56    3.76 
2000 10	  87.40   27.00   16.03    4.17 
2000 11	 295.77   17.17    6.88    4.57 
2000 12	 137.17   11.22    0.84    4.84 
2001 1	 106.65   13.12    1.49    4.42 
2001 2	 124.07   18.73    6.45    4.34 
2001 3	 175.50   17.79    6.79    3.89 
2001 4	  18.55   26.47   14.92    4.87 
2001 5	 103.05   29.60   17.95    3.65 
2001 6	 107.88   31.44   20.70    2.89 
2001 7	  15.25   35.23   23.65    2.40 
2001 8	 107.55   35.50   23.21    2.87 
2001 9	 108.38   30.17   18.87    3.59 
2001 10	  87.62   25.84   11.44    4.11 
2001 11	  79.15   22.08   10.43    3.47 
2001 12	 171.70   17.12    5.14    4.18 
2002 1	  50.05   16.54    3.44    4.22 
2002 2	  79.88   16.00    2.21    4.61 
2002 3	 116.40   19.92    7.12    4.93 
2002 4	  50.00   26.40   16.19    4.51 
2002 5	 107.70   29.23   17.47    4.76 
2002 6	  88.82   31.88   20.71    3.18 
2002 7	  81.43   33.01   23.00    2.77 
2002 8	  20.85   35.43   22.51    2.79 
2002 9	  38.55   32.78   19.19    4.35 
2002 10	 157.75   24.01   14.56    3.35 
2002 11	  75.75   19.40    6.06    4.41 
2002 12	 196.83   15.84    4.38    4.91 
2003 1	  15.68   14.55    1.91    4.44 
2003 2	 172.62   13.98    4.36    4.59 
2003 3	  32.20   20.47    7.76    3.37 
2003 4	  21.20   26.37   12.29    4.16 
2003 5	  67.30   29.98   19.15    4.16 
2003 6	 124.33   31.67   20.75    2.71 
2003 7	  68.25   34.61   22.95    2.85 
2003 8	  53.75   35.92   23.00    2.46 
2003 9	 101.12   30.07   17.86    3.12 
2003 10	  96.50   27.46   13.99    3.37 
2003 11	  58.47   21.36   10.52    4.61 
2003 12	  52.30   17.76    2.56    4.65 
2004 1	  46.08   15.93    4.33    4.61 
2004 2	 124.08   14.12    2.85    4.62 
2004 3	  39.85   23.38   11.01    3.99 
2004 4	 199.33   25.11   13.10    4.25 
2004 5	  44.12   28.67   18.48    4.30 
2004 6	 262.82   30.85   21.34    2.98 
2004 7	  71.30   33.35   22.37    2.32 
2004 8	 101.37   33.02   21.12    3.04 
2004 9	  29.12   31.83   17.98    3.24 
2004 10	 181.70   28.50   18.43    3.93 
2004 11	 199.07   19.80   10.43    4.39 
2004 12	  42.15   16.21    2.96    4.65 
2005 1	  82.03   16.79    5.93    4.50 
2005 2	  84.97   17.18    7.18    4.29 
2005 3	  62.10   20.91    7.61    3.88 
2005 4	  27.87   25.37   11.68    4.30 
2005 5	  91.22   28.43   16.32    3.25 
2005 6	   1.20   33.86   21.70    2.70 
2005 7	  94.35   34.56   22.40    2.59 
2005 8	 125.97   34.84   22.73    2.27 
2005 9	  34.52   35.32   20.38    3.33 
2005 10	  29.92   28.05   11.94    4.09 
2005 11	   6.98   23.81    8.74    4.48 
2005 12	   9.12   16.90    1.18    4.53 
2006 1	  94.05   21.27    4.51    4.56 
2006 2	  73.78   16.68    3.53    4.50 
2006 3	 130.23   22.80   10.53    4.88 
2006 4	  71.93   28.11   15.73    4.38 
2006 5	  53.32   30.09   18.14    3.68 
2006 6	  78.25   33.75   20.01    2.21 
2006 7	  38.90   35.42   23.13    2.36 
2006 8	   7.85   37.99   23.88    2.54 
2006 9	  48.50   32.88   17.66    3.15 
2006 10	 111.72   27.85   12.61    4.15 
2006 11	  61.90   21.88    7.66    4.24 
2006 12	 102.15   16.58    4.52    4.76 
2007 1	 227.32   12.05    1.34    4.83 
2007 2	  21.60   15.35    2.79    4.19 
2007 3	 190.55   23.38   11.44    4.05 
2007 4	  56.43   22.38   10.06    4.17 
2007 5	 239.35   27.46   17.93    3.86 
2007 6	 181.43   30.63   21.47    2.98 
2007 7	 236.15   30.86   22.27    2.90 
2007 8	  52.80   34.26   23.22    2.32 
2007 9	  29.95   32.08   20.20    2.61 
2007 10	  55.28   27.84   13.47    4.00 
2007 11	  55.40   21.73    9.66    3.81 
2007 12	  64.03   17.68    3.31    3.70 
2008 1	  40.58   14.39    0.75    5.05 
2008 2	  49.75   19.47    3.12    4.51 
2008 3	 150.18   21.81    7.63    5.23 
2008 4	  99.38   25.19   11.83    4.31 
2008 5	 143.17   29.07   17.47    4.43 
2008 6	  28.42   34.45   22.77    3.66 
2008 7	  23.40   36.37   22.90    2.91 
2008 8	 144.83   34.42   22.87    2.67 
2008 9	  92.20   29.82   17.33    4.28 
2008 10	  62.63   26.28   11.06    3.48 
2008 11	  55.40   21.61    6.76    3.85 
2008 12	  25.55   16.45    1.04    5.18 
2009 1	  32.55   15.71    0.49    4.30 
2009 2	  31.42   21.08    5.26    5.00 
2009 3	 171.65   20.98    8.50    4.41 
2009 4	 139.57   23.63   10.64    5.01 
2009 5	  27.23   28.38   17.24    3.65 
2009 6	  51.62   34.72   22.12    3.14 
2009 7	 104.65   35.41   23.82    2.58 
2009 8	  49.28   35.67   22.96    2.22 
2009 9	 162.85   29.47   19.31    2.73 
2009 10	 308.93   23.22   11.68    4.37 
2009 11	  52.75   21.75    8.19    3.91 
2009 12	  53.45   11.24    0.94    4.75 
2010 1	  67.15   11.84    0.30    4.52 
2010 2	  89.17   10.50    0.46    4.60 
2010 3	  76.35   18.57    5.95    3.96 
2010 4	  49.27   25.09   11.75    4.30 
2010 5	  21.45   30.57   18.63    3.47 
2010 6	 166.03   33.48   23.67    2.81 
2010 7	  56.15   34.03   24.18    3.05 
2010 8	  29.32   37.39   24.30    2.59 
2010 9	  80.15   31.74   20.48    3.31 
2010 10	  47.73   28.06   11.20    3.52 
2010 11	  64.62   20.91    8.27    4.70 
2010 12	  24.33   14.89    1.97    4.99 
