1949 1	  88.35   12.40   -0.39    4.42 
1949 2	 104.30   18.57    5.66    3.87 
1949 3	  46.92   21.52    6.60    3.87 
1949 4	 135.25   22.31    8.94    3.72 
1949 5	  72.98   28.79   17.53    3.44 
1949 6	 114.63   31.50   18.67    3.36 
1949 7	  78.88   33.04   19.97    2.94 
1949 8	 101.62   33.22   17.58    2.50 
1949 9	 102.63   31.54   16.91    2.78 
1949 10	  64.93   25.74   11.26    3.70 
1949 11	   0.00   24.49    3.72    3.10 
1949 12	  71.82   17.15    5.45    4.30 
1950 1	  16.75   17.78    7.25    4.84 
1950 2	  52.80   19.31    5.48    3.73 
1950 3	   8.77   21.96    5.96    4.28 
1950 4	  70.85   23.96   11.69    4.14 
1950 5	  94.40   28.60   17.18    3.63 
1950 6	  83.35   31.12   19.20    3.48 
1950 7	  61.22   33.07   20.44    4.09 
1950 8	  80.53   33.71   18.60    2.83 
1950 9	  62.88   30.76   17.83    2.92 
1950 10	   4.65   30.01   11.62    3.33 
1950 11	   9.58   22.01    3.99    4.11 
1950 12	   0.00   19.61   -1.35    3.64 
1951 1	   2.38   17.41   -1.98    4.56 
1951 2	  40.30   17.62    1.70    4.95 
1951 3	  75.60   22.83    6.54    4.40 
1951 4	  37.88   26.92    9.40    4.07 
1951 5	 139.70   28.37   15.40    3.45 
1951 6	  61.42   31.62   19.82    4.35 
1951 7	   3.67   35.95   21.11    3.52 
1951 8	   2.53   37.23   20.05    3.29 
1951 9	  24.75   32.93   18.05    3.07 
1951 10	  26.33   28.84   13.67    3.24 
1951 11	  16.23   19.86    4.73    4.32 
1951 12	  19.73   19.17    2.40    4.14 
1952 1	   7.53   20.26    4.90    4.61 
1952 2	  38.20   20.93    4.10    4.13 
1952 3	  80.63   21.05    5.13    4.04 
1952 4	 145.85   23.66    9.22    3.86 
1952 5	 149.80   28.03   13.29    3.32 
1952 6	  63.90   31.69   19.53    3.55 
1952 7	  44.40   33.82   19.41    2.88 
1952 8	   0.60   37.14   20.26    3.54 
1952 9	 252.87   30.87   14.90    2.80 
1952 10	   0.00   26.12    5.42    3.00 
1952 11	  65.48   18.63    6.12    3.91 
1952 12	 120.42   15.59    0.56    3.54 
1953 1	   7.20   20.35    1.12    4.18 
1953 2	  31.55   18.00    2.10    3.61 
1953 3	  63.15   24.55    9.92    3.70 
1953 4	  29.82   26.53    9.79    3.44 
1953 5	  37.05   29.85   15.15    3.65 
1953 6	   3.50   36.25   20.18    3.35 
1953 7	  57.12   35.52   20.97    3.30 
1953 8	  85.25   34.84   19.57    2.39 
1953 9	 108.70   32.14   13.89    2.41 
1953 10	 137.33   26.08   11.94    2.98 
1953 11	  18.80   19.65    4.22    3.05 
1953 12	  16.48   14.71   -0.58    3.83 
1954 1	  18.32   17.78    2.54    4.05 
1954 2	   2.55   22.69    2.92    3.53 
1954 3	  10.62   22.63    4.61    4.20 
1954 4	  68.38   27.63   14.51    4.67 
1954 5	  66.80   28.73   14.62    3.57 
1954 6	  47.53   32.86   20.01    4.02 
1954 7	   4.72   36.20   19.81    3.20 
1954 8	   6.38   35.61   20.87    3.73 
1954 9	  29.05   34.48   16.27    2.75 
1954 10	  83.38   27.26   12.69    3.17 
1954 11	  26.58   21.15    3.83    3.20 
1954 12	   5.65   19.91    2.84    3.69 
1955 1	  51.50   15.58    1.70    4.00 
1955 2	  48.40   16.87    3.49    4.58 
1955 3	  10.00   23.03    7.36    4.57 
1955 4	   7.53   28.73   13.63    3.87 
1955 5	 127.88   30.60   16.06    3.93 
1955 6	  68.67   32.10   18.13    3.64 
1955 7	 111.57   33.79   20.24    3.67 
1955 8	  53.15   33.91   19.64    2.45 
1955 9	  96.72   31.84   18.44    2.88 
1955 10	  29.37   27.46    9.21    3.22 
1955 11	  38.38   20.00    4.84    4.37 
1955 12	  18.15   18.85    0.10    3.53 
1956 1	  17.07   16.72    0.22    3.90 
1956 2	  35.62   18.29    3.09    4.26 
1956 3	   4.10   24.32    4.97    3.74 
1956 4	  33.65   26.45   10.76    3.78 
1956 5	  27.40   31.54   16.58    3.64 
1956 6	  16.15   34.95   19.36    3.17 
1956 7	  16.00   35.66   19.61    3.76 
1956 8	  37.27   35.71   18.80    3.22 
1956 9	  16.48   33.42   14.90    2.57 
1956 10	  45.53   29.17   11.47    2.78 
1956 11	  30.00   19.72    4.05    3.69 
1956 12	  43.68   19.39    1.80    3.66 
1957 1	  18.10   16.78    3.21    3.98 
1957 2	  63.78   20.38    9.13    3.42 
1957 3	 100.65   21.66    6.61    3.68 
1957 4	 245.20   23.33   10.48    4.30 
1957 5	 207.60   26.16   15.44    3.92 
1957 6	  56.35   30.57   19.02    3.06 
1957 7	   5.10   35.73   19.68    3.07 
1957 8	   8.25   35.88   19.17    2.99 
1957 9	 167.27   30.61   15.16    2.85 
1957 10	 214.53   22.97   10.39    3.34 
1957 11	 132.10   17.29    5.13    3.86 
1957 12	  20.17   17.89    2.14    3.94 
1958 1	 106.08   14.72   -0.17    3.99 
1958 2	 109.85   13.39    1.63    4.09 
1958 3	  53.87   16.93    4.44    3.77 
1958 4	  35.20   24.32   10.42    3.60 
1958 5	  83.58   28.41   14.65    2.78 
1958 6	 159.00   32.28   20.30    3.47 
1958 7	  20.80   33.72   21.56    3.72 
1958 8	  44.45   35.11   19.09    2.83 
1958 9	 186.38   29.36   19.53    2.64 
1958 10	 126.83   22.35   12.80    3.46 
1958 11	  21.52   19.93    6.69    3.12 
1958 12	  17.75   15.49   -0.47    3.39 
1959 1	  26.05   13.90    0.03    4.09 
1959 2	  50.63   15.82    3.56    3.72 
1959 3	   5.05   22.19    4.38    3.88 
1959 4	  93.55   23.11    9.84    3.93 
1959 5	  74.35   28.58   16.82    3.82 
1959 6	 163.75   32.65   19.03    3.12 
1959 7	  33.47   32.62   19.30    2.47 
1959 8	  67.65   33.39   20.18    2.71 
1959 9	  23.85   32.08   18.59    3.31 
1959 10	 163.55   26.51   11.16    3.17 
1959 11	  34.78   17.59    1.06    3.70 
1959 12	  63.75   16.74    2.62    3.93 
1960 1	  36.38   13.88    1.36    3.97 
1960 2	  49.10   14.42   -0.45    4.50 
1960 3	  54.55   18.12    4.21    3.92 
1960 4	  24.67   25.90   11.99    4.39 
1960 5	  35.40   27.46   14.26    3.95 
1960 6	  35.33   34.04   18.79    3.22 
1960 7	  92.80   33.53   20.29    2.60 
1960 8	 144.25   31.70   20.67    3.01 
1960 9	  16.15   31.46   15.29    2.33 
1960 10	 216.22   26.86   14.26    2.92 
1960 11	  44.23   20.16    7.82    3.35 
1960 12	 113.88   13.24    1.46    3.64 
1961 1	  40.20   13.20   -1.31    3.66 
1961 2	 106.53   17.85    2.46    3.99 
1961 3	  13.45   23.36    6.97    4.13 
1961 4	   7.55   26.41    9.14    4.18 
1961 5	  15.00   29.98   15.62    4.21 
1961 6	 162.90   31.01   18.87    3.16 
1961 7	  56.95   31.20   19.73    3.26 
1961 8	  43.50   32.75   17.87    2.01 
1961 9	  41.30   30.92   17.89    3.77 
1961 10	  39.00   26.06   11.70    3.52 
1961 11	  51.60   17.87    4.17    3.77 
1961 12	  35.37   16.54    1.71    3.28 
1962 1	  11.82   13.42   -3.23    4.24 
1962 2	  11.72   23.15    4.77    3.92 
1962 3	  23.95   20.36    3.36    3.86 
1962 4	  94.00   25.57   10.55    4.24 
1962 5	  64.97   29.82   16.23    4.68 
1962 6	  55.10   31.90   18.77    2.83 
1962 7	   3.30   36.05   20.47    3.25 
1962 8	  21.05   37.51   19.43    2.52 
1962 9	  51.18   32.63   17.75    2.56 
1962 10	  76.35   28.68   14.58    3.47 
1962 11	  33.65   20.24    5.03    3.47 
1962 12	  44.35   16.06    0.94    3.10 
1963 1	   4.65   13.37   -4.34    3.65 
1963 2	  36.75   18.27   -1.11    3.87 
1963 3	   6.85   24.24    6.91    4.03 
1963 4	  50.35   28.92   13.44    4.89 
1963 5	  64.30   29.20   16.78    3.73 
1963 6	  59.88   33.53   19.64    3.48 
1963 7	   7.05   35.04   20.09    3.60 
1963 8	  31.87   35.94   19.35    2.73 
1963 9	  82.18   32.60   16.62    2.24 
1963 10	  33.67   29.03   12.30    2.58 
1963 11	 121.60   21.22    6.47    4.06 
1963 12	  28.08   12.55   -2.56    3.82 
1964 1	  82.15   15.69   -1.87    3.78 
1964 2	  42.03   14.26   -1.38    3.63 
1964 3	  84.38   21.63    5.91    4.07 
1964 4	  59.85   25.80   12.70    4.40 
1964 5	  33.55   29.53   17.05    3.76 
1964 6	  44.33   32.64   18.57    3.36 
1964 7	  14.70   35.97   20.16    3.04 
1964 8	  53.92   35.54   20.35    3.39 
1964 9	 215.42   31.00   17.95    2.71 
1964 10	  40.32   26.03    7.77    3.19 
1964 11	  44.83   22.45    6.84    3.66 
1964 12	  22.42   17.99    0.46    3.82 
1965 1	  22.90   19.11    2.22    3.62 
1965 2	 153.78   15.30    1.57    3.96 
1965 3	  44.22   18.76    3.30    4.28 
1965 4	  84.80   26.64   13.62    4.04 
1965 5	 212.18   26.37   17.15    4.14 
1965 6	 172.48   31.09   19.42    3.42 
1965 7	  16.15   34.06   19.27    2.74 
1965 8	  14.90   34.38   19.01    2.51 
1965 9	  96.30   33.03   17.63    3.11 
1965 10	  59.67   25.12    9.35    2.94 
1965 11	  35.80   24.01    8.13    2.78 
1965 12	  69.28   17.33    4.91    3.65 
1966 1	  40.03   12.80   -0.84    3.87 
1966 2	  45.12   14.99    0.50    3.94 
1966 3	  33.05   20.55    5.97    3.82 
1966 4	 121.57   26.02   12.30    4.01 
1966 5	 119.48   27.36   15.93    3.19 
1966 6	  30.48   30.88   19.04    2.79 
1966 7	  37.27   34.32   20.92    2.82 
1966 8	 143.32   32.16   19.56    2.96 
1966 9	 101.82   30.14   16.82    1.98 
1966 10	   4.38   27.25    8.86    3.02 
1966 11	   0.00   24.09    6.23    3.71 
1966 12	   2.60   18.49   -1.81    3.87 
1967 1	   8.75   17.24   -1.15    4.01 
1967 2	  25.67   18.02    0.16    4.10 
1967 3	   8.60   25.66    8.47    4.32 
1967 4	  46.25   28.94   15.73    5.05 
1967 5	  34.33   30.26   14.19    4.30 
1967 6	   2.85   33.73   19.93    3.78 
1967 7	  27.55   35.41   20.23    3.77 
1967 8	  36.85   34.08   18.31    2.54 
1967 9	 251.95   28.35   15.76    2.78 
1967 10	 137.90   25.77    9.96    3.15 
1967 11	  75.25   20.18    6.38    3.17 
1967 12	  31.55   15.36    1.23    3.41 
1968 1	 185.22   13.44    2.13    3.98 
1968 2	  46.80   14.63    0.60    3.50 
1968 3	  68.80   18.05    6.21    4.54 
1968 4	  76.07   24.77   12.12    4.24 
1968 5	  79.27   27.79   16.49    4.06 
1968 6	  57.83   31.13   18.72    2.95 
1968 7	  68.43   31.63   19.63    3.05 
1968 8	  11.10   33.92   19.39    3.21 
1968 9	 109.33   29.46   14.84    2.82 
1968 10	  12.43   27.23   12.28    3.11 
1968 11	  85.00   20.43    4.76    3.86 
1968 12	  19.40   17.23    1.14    4.32 
1969 1	  12.10   17.13    3.41    3.94 
1969 2	  51.70   16.85    3.27    3.74 
1969 3	  44.67   18.16    3.61    4.08 
1969 4	 104.78   25.80   11.22    4.06 
1969 5	  48.30   27.45   14.44    2.88 
1969 6	  49.35   32.16   19.07    3.74 
1969 7	  17.50   35.41   21.05    3.38 
1969 8	  88.33   35.87   19.89    2.67 
1969 9	  56.35   30.97   17.42    2.57 
1969 10	 254.62   25.37   12.34    4.12 
1969 11	  49.85   20.29    4.58    3.43 
1969 12	  37.30   18.66    2.36    2.97 
1970 1	  10.25   13.51   -2.04    3.50 
1970 2	  72.47   17.55    2.81    4.15 
1970 3	  57.73   18.68    4.43    3.86 
1970 4	  15.73   26.26   11.38    4.42 
1970 5	 149.45   27.29   12.93    3.72 
1970 6	  34.55   31.23   17.73    3.10 
1970 7	  18.60   33.64   19.86    2.55 
1970 8	  24.70   35.15   19.47    2.62 
1970 9	 131.77   31.36   18.19    3.30 
1970 10	  38.30   25.14   10.22    3.27 
1970 11	   0.67   21.13    1.99    4.05 
1970 12	   6.60   20.51    4.95    4.07 
1971 1	   1.38   19.96    0.77    4.13 
1971 2	  30.23   19.40    1.62    4.53 
1971 3	   3.67   24.88    4.52    4.17 
1971 4	  42.38   26.10    9.66    4.04 
1971 5	  55.52   30.21   15.30    4.21 
1971 6	  73.72   32.75   20.22    3.62 
1971 7	  31.72   34.63   20.02    3.24 
1971 8	 363.30   30.29   18.25    2.35 
1971 9	  56.25   29.92   17.87    2.91 
1971 10	 152.20   25.40   13.97    2.93 
1971 11	  19.33   21.42    6.89    3.43 
1971 12	  43.93   17.90    4.61    3.62 
1972 1	  32.00   17.80    0.54    4.06 
1972 2	   7.82   20.06    1.81    3.87 
1972 3	  19.30   25.52    8.60    3.78 
1972 4	  59.10   28.48   12.93    4.29 
1972 5	 183.28   27.67   14.57    2.74 
1972 6	  45.12   31.50   18.24    3.07 
1972 7	  80.45   32.28   19.34    3.23 
1972 8	 138.97   31.98   18.71    2.79 
1972 9	  48.63   31.59   18.33    2.41 
1972 10	  48.38   26.75   11.04    3.20 
1972 11	  47.60   17.63    1.50    3.64 
1972 12	  11.00   15.74   -1.67    3.90 
1973 1	  58.97   12.55   -2.55    4.50 
1973 2	  58.90   15.39    0.71    4.04 
1973 3	  46.62   23.70    6.43    3.46 
1973 4	  47.52   22.88    8.90    4.26 
1973 5	  37.53   29.27   12.95    3.91 
1973 6	 199.70   30.22   17.69    3.66 
1973 7	 165.67   32.24   19.58    3.21 
1973 8	  20.25   32.57   17.70    2.46 
1973 9	 102.35   30.14   17.37    2.89 
1973 10	 140.12   26.38   12.19    3.09 
1973 11	  11.10   23.64    8.51    3.84 
1973 12	   2.82   18.79   -1.72    4.03 
1974 1	  39.42   15.99   -0.67    3.53 
1974 2	   6.62   20.89   -0.07    4.49 
1974 3	  43.35   25.21   10.34    4.85 
1974 4	 105.17   27.22    9.72    4.57 
1974 5	 131.08   30.16   16.39    3.77 
1974 6	  19.30   32.68   17.14    3.24 
1974 7	  26.48   34.75   18.60    2.78 
1974 8	 232.22   32.56   19.86    3.28 
1974 9	  83.38   27.10   15.18    3.47 
1974 10	 163.80   25.40   11.95    3.40 
1974 11	  61.77   18.46    5.43    3.54 
1974 12	  72.07   14.97    0.14    3.23 
1975 1	  47.83   17.59    2.22    3.85 
1975 2	  64.78   17.58    1.37    3.80 
1975 3	  12.90   22.46    5.12    4.41 
1975 4	  83.75   24.82   11.24    4.77 
1975 5	 217.72   27.36   15.77    3.70 
1975 6	  86.35   31.12   19.21    3.58 
1975 7	  70.83   31.63   19.27    2.67 
1975 8	  30.73   32.99   19.75    2.86 
1975 9	  38.40   29.42   14.73    2.62 
1975 10	  62.02   27.14   10.76    3.36 
1975 11	  14.60   22.06    5.36    3.66 
1975 12	  30.60   17.25    1.23    4.21 
1976 1	   4.25   16.41   -2.01    3.94 
1976 2	   3.35   22.35    5.09    4.77 
1976 3	  40.20   23.28    8.57    4.37 
1976 4	 164.58   24.18   12.50    4.15 
1976 5	  92.72   26.38   13.71    3.18 
1976 6	  77.72   30.98   18.46    3.52 
1976 7	 130.55   29.35   19.93    2.99 
1976 8	  26.40   33.07   18.55    2.14 
1976 9	 138.98   30.03   17.31    2.40 
1976 10	  93.75   21.59    7.32    3.23 
1976 11	  36.20   16.48    3.02    3.68 
1976 12	  53.92   15.15   -0.10    3.39 
1977 1	  53.00   11.34   -1.77    3.65 
1977 2	  21.33   18.48    1.68    3.65 
1977 3	  31.80   22.40    6.87    3.94 
1977 4	 202.87   24.35   10.77    3.68 
1977 5	  92.10   26.81   17.87    3.93 
1977 6	  76.30   31.79   19.39    3.22 
1977 7	   0.98   33.74   20.63    3.22 
1977 8	   7.45   35.26   21.24    3.22 
1977 9	  25.60   34.11   20.02    2.96 
1977 10	 104.12   27.53   12.60    2.99 
1977 11	  86.90   21.99    6.27    3.13 
1977 12	  11.53   18.64    1.53    4.11 
1978 1	  18.85   11.48   -1.86    4.48 
1978 2	  45.20   12.17   -0.58    3.80 
1978 3	  11.45   21.74    5.04    3.71 
1978 4	  29.30   26.86   12.39    4.48 
1978 5	  63.00   30.31   17.23    3.83 
1978 6	 124.25   32.48   19.80    2.89 
1978 7	 100.73   35.42   21.02    3.35 
1978 8	 316.82   31.91   20.21    2.84 
1978 9	 151.42   28.44   19.00    3.06 
1978 10	  19.57   25.68   11.23    2.79 
1978 11	  96.95   19.54    8.83    3.69 
1978 12	  41.70   14.89    1.28    3.94 
1979 1	  42.10    9.50   -1.85    4.36 
1979 2	  69.60   15.15    1.55    4.08 
1979 3	 135.80   21.29    7.64    4.21 
1979 4	  89.62   25.00   11.82    3.23 
1979 5	 106.47   26.49   13.82    3.81 
1979 6	  99.67   29.80   19.03    3.00 
1979 7	 103.20   32.72   21.16    2.98 
1979 8	 116.70   31.84   20.33    2.74 
1979 9	  11.60   30.85   15.15    2.84 
1979 10	  20.15   29.83   12.46    3.40 
1979 11	  52.15   19.43    3.71    4.00 
1979 12	  70.18   17.14    1.83    3.94 
1980 1	  27.95   16.35    1.96    3.70 
1980 2	  23.23   17.76    1.41    3.90 
1980 3	  49.60   21.66    5.12    3.79 
1980 4	  36.28   25.56    8.64    3.94 
1980 5	  93.70   28.64   16.13    3.57 
1980 6	   2.05   34.28   21.32    3.99 
1980 7	  15.55   37.35   20.65    3.05 
1980 8	  59.15   34.07   20.34    3.82 
1980 9	 265.75   31.07   19.71    2.80 
1980 10	  57.50   25.46   10.18    3.15 
1980 11	  77.25   19.23    4.49    3.56 
1980 12	  18.00   16.85    4.15    3.61 
1981 1	  32.75   15.56    1.58    3.55 
1981 2	  41.25   16.70    3.16    4.24 
1981 3	 134.32   20.17    6.80    3.80 
1981 4	  85.78   25.74   14.39    4.14 
1981 5	  78.53   28.28   15.95    3.93 
1981 6	 271.33   30.14   20.24    3.21 
1981 7	  33.60   32.66   21.39    3.37 
1981 8	  46.87   33.43   19.66    2.81 
1981 9	  78.00   30.81   16.66    3.03 
1981 10	 218.10   25.99   14.02    3.68 
1981 11	  17.10   23.39    6.65    3.26 
1981 12	   6.22   17.35    1.64    3.53 
1982 1	  16.80   17.62    0.34    4.46 
1982 2	  45.67   15.02    1.46    4.05 
1982 3	  17.30   22.31   10.24    4.79 
1982 4	  44.05   24.87   12.34    4.13 
1982 5	 120.80   27.10   16.89    4.03 
1982 6	  68.38   31.96   20.10    3.78 
1982 7	  12.78   34.35   21.26    3.91 
1982 8	  53.73   35.68   20.60    3.18 
1982 9	  43.05   31.98   17.08    2.96 
1982 10	  19.10   25.77   12.07    3.42 
1982 11	 111.45   19.70    8.20    3.68 
1982 12	  41.75   15.99    2.56    4.05 
1983 1	  19.55   14.51    0.49    3.21 
1983 2	  71.60   16.44    2.04    3.74 
1983 3	  61.30   20.01    6.33    3.89 
1983 4	   8.20   24.87    9.09    4.33 
1983 5	  90.35   28.26   15.34    3.74 
1983 6	 144.00   29.48   18.35    3.18 
1983 7	  32.33   32.34   20.93    3.16 
1983 8	  18.95   34.14   20.56    2.09 
1983 9	  49.97   31.29   17.80    3.07 
1983 10	  71.55   27.27   13.42    3.21 
1983 11	  74.62   22.88    7.55    3.66 
1983 12	   6.07   12.14   -2.95    4.19 
1984 1	  45.75   12.95   -0.59    3.84 
1984 2	   6.62   19.40    1.78    3.98 
1984 3	   5.78   23.79    7.93    4.39 
1984 4	   9.95   28.60    9.84    3.71 
1984 5	  66.93   30.96   15.73    4.10 
1984 6	  27.00   32.74   20.17    4.00 
1984 7	  41.87   34.73   19.72    2.97 
1984 8	   7.95   35.28   19.86    3.06 
1984 9	  24.35   30.59   16.31    3.68 
1984 10	 171.02   24.96   14.70    3.31 
1984 11	  45.15   19.49    6.30    3.78 
1984 12	 141.57   18.96    8.04    4.31 
1985 1	  41.35   12.08   -2.14    3.87 
1985 2	  74.28   14.63    2.06    4.31 
1985 3	  53.22   21.39   10.39    4.18 
1985 4	  59.70   25.67   12.86    4.18 
1985 5	 103.57   29.42   16.66    3.45 
1985 6	  61.02   31.32   19.19    3.44 
1985 7	  56.58   32.70   20.01    3.11 
1985 8	   2.40   35.58   20.43    2.94 
1985 9	 140.10   31.17   17.94    3.57 
1985 10	 144.57   25.30   14.38    4.14 
1985 11	  90.27   21.42   10.88    4.10 
1985 12	  26.00   15.31   -0.30    3.61 
1986 1	  24.70   17.51    0.98    3.66 
1986 2	  29.32   19.89    4.22    3.56 
1986 3	   7.60   23.76    6.90    3.59 
1986 4	  50.83   26.86   14.63    4.33 
1986 5	 176.90   27.23   16.11    3.91 
1986 6	 136.90   30.66   20.20    2.56 
1986 7	   5.45   33.98   20.50    3.55 
1986 8	  48.95   33.87   20.37    2.81 
1986 9	 100.45   30.86   21.25    3.29 
1986 10	 202.17   24.08   12.24    3.14 
1986 11	  80.97   19.25    6.55    3.48 
1986 12	 137.85   13.74    3.70    3.59 
1987 1	  21.10   15.36    0.04    3.60 
1987 2	  80.00   16.80    4.85    4.16 
1987 3	  41.03   18.80    4.15    3.48 
1987 4	  21.20   24.86    7.56    3.18 
1987 5	 267.68   27.89   16.55    3.45 
1987 6	 244.95   29.77   19.33    2.76 
1987 7	 112.20   32.10   21.06    3.05 
1987 8	  85.70   33.84   21.18    3.26 
1987 9	  45.77   30.41   16.66    2.99 
1987 10	  10.70   26.89   11.06    3.28 
1987 11	  79.63   20.35    5.58    3.57 
1987 12	  51.18   17.40    2.15    3.72 
1988 1	   5.28   13.45   -1.44    4.17 
1988 2	  13.02   17.11    1.97    3.97 
1988 3	  32.78   22.76    6.06    4.18 
1988 4	  30.62   26.89    8.51    3.12 
1988 5	 137.35   28.31   14.69    3.49 
1988 6	 113.50   31.78   18.23    2.78 
1988 7	 201.93   32.40   20.98    2.96 
1988 8	  61.80   33.95   20.53    2.69 
1988 9	  88.25   31.68   17.03    3.22 
1988 10	  18.22   27.61   12.24    3.00 
1988 11	   0.98   24.02    6.73    3.91 
1988 12	  21.08   17.49    2.59    3.75 
1989 1	 118.05   17.83    3.50    3.61 
1989 2	  61.07   14.45    2.32    5.12 
1989 3	  47.92   21.88    6.44    4.16 
1989 4	  32.70   26.46   11.45    4.00 
1989 5	  40.45   31.40   17.85    4.46 
1989 6	  64.95   32.56   19.16    3.46 
1989 7	  12.15   35.42   20.53    2.79 
1989 8	  18.40   34.74   20.62    3.35 
1989 9	  26.82   31.69   14.64    3.35 
1989 10	 111.75   27.05   10.90    3.47 
1989 11	  29.05   21.35    6.81    3.52 
1989 12	   4.07   12.07   -3.19    3.94 
1990 1	  37.78   18.39    3.23    4.03 
1990 2	  90.10   20.75    4.82    4.03 
1990 3	  73.55   19.62    9.03    4.71 
1990 4	  79.80   24.22   12.50    4.40 
1990 5	 104.05   29.42   17.23    4.44 
1990 6	   0.17   35.46   21.43    4.16 
1990 7	 144.10   32.18   20.20    3.36 
1990 8	  30.07   33.16   20.16    3.18 
1990 9	  99.10   30.94   18.15    2.27 
1990 10	  80.45   26.34    9.50    3.08 
1990 11	  55.25   21.82    8.34    3.92 
1990 12	  17.80   16.44    1.03    3.98 
1991 1	  74.38   13.28    1.12    3.82 
1991 2	  44.57   18.71    3.91    3.66 
1991 3	  13.27   23.52    7.25    4.15 
1991 4	  70.20   26.70   13.26    3.79 
1991 5	  91.35   29.09   17.64    3.90 
1991 6	  97.60   32.07   19.70    3.24 
1991 7	  32.50   33.51   20.63    3.09 
1991 8	  31.53   34.95   20.37    2.82 
1991 9	 230.00   28.49   16.84    2.79 
1991 10	  61.75   27.91   12.71    3.14 
1991 11	  46.22   18.64    4.64    4.27 
1991 12	 338.20   15.65    5.34    4.18 
1992 1	  85.40   13.67    2.47    3.31 
1992 2	 162.10   19.15    4.89    3.54 
1992 3	 123.65   22.33    7.69    3.72 
1992 4	  58.75   24.35   12.27    3.28 
1992 5	 172.27   26.96   15.67    3.22 
1992 6	 134.18   31.93   19.79    2.99 
1992 7	  38.92   32.59   21.49    4.22 
1992 8	  38.47   32.62   18.94    2.32 
1992 9	  52.15   31.89   18.36    3.25 
1992 10	  24.65   27.97   12.00    3.02 
1992 11	 121.12   18.85    4.51    3.66 
1992 12	  69.10   16.74    4.73    3.52 
1993 1	  31.15   14.88    1.80    3.42 
1993 2	  79.90   17.35    3.32    3.90 
1993 3	  39.22   20.82    6.62    3.40 
1993 4	  66.25   24.53    9.56    4.31 
1993 5	  70.60   27.58   13.51    3.32 
1993 6	  97.20   30.89   20.39    3.60 
1993 7	   0.00   33.78   21.88    4.29 
1993 8	   3.25   35.67   20.86    3.20 
1993 9	 113.02   31.95   16.65    2.89 
1993 10	  46.25   26.15   11.27    3.56 
1993 11	  30.72   17.77    3.88    3.56 
1993 12	  19.52   16.96    4.48    3.94 
1994 1	  63.20   15.88    2.35    4.28 
1994 2	  55.00   17.45    3.06    4.25 
1994 3	  67.47   22.49    8.54    3.64 
1994 4	  54.70   25.76   11.21    4.11 
1994 5	 105.40   26.93   16.54    3.40 
1994 6	 103.53   33.16   20.52    2.81 
1994 7	  24.25   34.68   21.09    3.77 
1994 8	  47.93   33.97   20.45    2.60 
1994 9	 130.18   30.45   15.87    2.14 
1994 10	  98.20   26.28   13.64    3.11 
1994 11	  72.05   21.31    8.88    4.06 
1994 12	 131.45   17.67    4.79    3.52 
1995 1	  26.67   16.84    1.82    4.07 
1995 2	  12.18   19.48    4.00    3.36 
1995 3	  63.60   19.83    7.21    4.06 
1995 4	  46.65   25.43   10.51    4.04 
1995 5	 173.77   28.88   16.78    4.12 
1995 6	 131.40   30.73   18.11    3.35 
1995 7	  19.10   34.05   20.34    3.06 
1995 8	  16.25   34.83   20.97    2.15 
1995 9	 138.27   31.62   18.17    2.44 
1995 10	  52.20   27.16   10.32    3.48 
1995 11	  24.20   20.27    6.19    3.44 
1995 12	  28.67   17.75    3.45    3.81 
1996 1	   0.55   17.86   -1.32    4.32 
1996 2	  15.22   19.91    3.92    4.63 
1996 3	  19.27   19.45    3.77    4.21 
1996 4	  34.12   27.18    9.33    4.21 
1996 5	  45.45   31.51   19.06    4.99 
1996 6	  49.40   34.70   20.23    3.33 
1996 7	  32.67   36.13   21.50    3.49 
1996 8	  80.90   34.35   21.03    3.30 
1996 9	 137.45   30.58   17.84    2.33 
1996 10	 129.82   26.42   11.91    3.59 
1996 11	  77.45   20.45    8.17    4.00 
1996 12	  50.67   17.72    2.08    3.57 
1997 1	  22.65   14.33    1.03    4.24 
1997 2	 125.68   15.48    3.81    3.92 
1997 3	  79.98   22.27    8.52    3.50 
1997 4	 144.55   22.46    9.23    3.85 
1997 5	 117.50   27.48   15.43    3.03 
1997 6	 296.73   30.37   19.14    3.11 
1997 7	  13.47   33.99   20.77    2.92 
1997 8	  11.07   34.53   20.88    3.16 
1997 9	  15.90   33.44   18.58    2.27 
1997 10	  95.60   26.33   12.64    3.47 
1997 11	  45.53   19.45    4.97    3.42 
1997 12	  60.48   16.16    0.18    3.87 
1998 1	  87.12   18.94    4.52    3.87 
1998 2	  67.95   19.37    3.44    3.59 
1998 3	  67.18   20.74    6.61    4.53 
1998 4	   5.42   26.47    9.63    3.60 
1998 5	  23.40   32.94   17.45    3.95 
1998 6	  74.58   34.76   21.55    4.63 
1998 7	  24.00   36.63   22.25    3.68 
1998 8	 164.60   33.67   21.09    2.47 
1998 9	  32.90   31.44   19.46    2.62 
1998 10	 195.10   25.89   14.42    3.85 
1998 11	  54.28   21.20    9.99    3.43 
1998 12	  42.10   16.56    2.96    4.18 
1999 1	   1.53   19.07    2.54    4.58 
1999 2	   0.60   23.05    5.95    3.97 
1999 3	  85.57   22.61    8.35    4.29 
1999 4	  37.88   27.25   13.66    4.46 
1999 5	 104.12   28.97   17.19    3.59 
1999 6	 106.33   31.90   21.29    3.51 
1999 7	  68.55   32.87   21.27    2.92 
1999 8	   6.28   36.24   20.61    1.98 
1999 9	  17.42   33.27   17.15    2.81 
1999 10	  49.30   27.61   10.18    3.14 
1999 11	   3.70   24.09    6.78    3.20 
1999 12	   8.25   18.14    2.36    4.03 
2000 1	  26.70   19.34    3.75    4.18 
2000 2	  54.97   22.33    6.69    4.43 
2000 3	  20.38   25.21   10.19    3.71 
2000 4	  43.90   26.79   12.81    3.93 
2000 5	 103.40   30.61   19.01    4.16 
2000 6	 117.50   31.17   20.60    3.76 
2000 7	   8.88   36.73   21.24    3.03 
2000 8	   2.33   36.33   20.68    2.40 
2000 9	  90.28   34.09   16.52    2.85 
2000 10	 173.28   23.73   15.32    3.75 
2000 11	 221.18   17.40    5.98    3.79 
2000 12	  42.40   13.07    0.29    3.93 
2001 1	  83.67   13.87    1.21    3.82 
2001 2	  47.95   18.30    5.70    3.95 
2001 3	  71.40   17.55    5.33    3.28 
2001 4	  34.95   25.23   14.50    4.58 
2001 5	  73.37   29.17   17.27    3.68 
2001 6	  12.70   33.73   20.52    2.66 
2001 7	   1.05   36.72   21.88    3.03 
2001 8	 151.23   35.70   21.69    2.92 
2001 9	  99.60   30.79   17.33    3.00 
2001 10	  80.85   26.03   11.65    3.39 
2001 11	 117.07   21.18   10.03    3.33 
2001 12	  58.22   17.00    3.25    3.61 
2002 1	  11.03   17.00    1.70    3.74 
2002 2	  13.80   16.90    0.39    3.76 
2002 3	  27.07   20.77    6.55    4.48 
2002 4	  42.38   26.99   15.51    4.48 
2002 5	  72.00   30.09   17.56    4.54 
2002 6	 198.43   33.35   20.35    3.05 
2002 7	 347.45   30.46   21.04    3.25 
2002 8	  15.45   33.82   21.35    2.54 
2002 9	  98.60   30.63   16.93    2.89 
2002 10	 199.55   24.81   14.47    2.87 
2002 11	  21.58   19.18    4.78    3.45 
2002 12	  69.10   16.68    2.61    4.07 
2003 1	  18.18   15.27    1.30    3.57 
2003 2	  73.95   15.78    3.54    3.97 
2003 3	  32.55   21.09    7.73    3.05 
2003 4	   7.82   26.80   12.67    3.93 
2003 5	  16.27   31.29   18.96    3.65 
2003 6	 168.77   32.08   19.30    2.64 
2003 7	  95.33   32.07   21.04    2.67 
2003 8	  47.25   34.25   20.61    2.20 
2003 9	  66.10   28.91   17.18    2.43 
2003 10	  92.80   26.65   12.15    2.94 
2003 11	  20.07   20.98    9.36    4.01 
2003 12	   3.92   17.92    1.21    3.99 
2004 1	  91.07   16.32    4.17    4.30 
2004 2	  59.32   15.58    1.96    3.91 
2004 3	  81.28   22.97   10.65    3.85 
2004 4	 216.35   23.39   12.02    4.20 
2004 5	  31.07   27.89   17.27    4.02 
2004 6	 331.42   30.94   19.81    3.05 
2004 7	  23.35   32.34   20.26    2.48 
2004 8	  85.40   32.24   19.85    2.68 
2004 9	  79.40   30.54   17.70    2.14 
2004 10	 130.52   28.21   16.89    3.61 
2004 11	 127.32   20.89    7.83    3.75 
2004 12	   6.65   16.82    0.86    3.97 
2005 1	  73.50   18.29    5.18    4.11 
2005 2	  79.55   16.55    6.42    3.97 
2005 3	  41.65   22.28    6.02    3.40 
2005 4	  29.33   26.44    9.96    3.88 
2005 5	 146.95   27.86   15.84    3.48 
2005 6	   3.53   32.68   19.91    3.45 
2005 7	  67.55   34.77   21.38    2.90 
2005 8	  51.15   33.95   20.82    2.82 
2005 9	  57.63   34.49   19.20    2.73 
2005 10	  54.30   27.12   12.07    3.15 
2005 11	  41.83   24.54    7.58    3.69 
2005 12	   0.70   17.90    0.21    3.60 
2006 1	  23.48   21.58    1.81    4.03 
2006 2	  14.82   19.06    2.00    4.04 
2006 3	  47.65   24.22   10.15    4.24 
2006 4	  50.58   29.49   15.20    4.12 
2006 5	  97.55   31.62   16.62    3.76 
2006 6	  43.68   34.11   19.09    2.55 
2006 7	  45.37   34.96   21.13    2.69 
2006 8	   9.17   36.69   22.17    3.00 
2006 9	 115.90   31.39   16.60    2.64 
2006 10	  68.50   27.54   12.18    3.29 
2006 11	  11.62   23.90    8.12    3.72 
2006 12	  36.68   17.05    2.47    3.93 
2007 1	  94.03   12.36    0.41    4.11 
2007 2	   1.65   18.14    2.09    3.41 
2007 3	 250.60   22.59   10.52    4.06 
2007 4	  81.57   23.37    9.83    3.76 
2007 5	 237.58   27.05   16.78    3.53 
2007 6	 212.45   30.53   20.17    3.22 
2007 7	 179.68   30.26   21.10    2.79 
2007 8	 150.93   32.51   21.73    2.38 
2007 9	  73.35   30.70   19.12    2.23 
2007 10	  22.48   28.43   12.30    3.04 
2007 11	  26.30   21.65    8.34    3.39 
2007 12	  10.37   18.56    1.79    3.40 
2008 1	  11.27   15.54    0.44    4.06 
2008 2	   5.00   22.17    3.26    4.12 
2008 3	  50.98   22.80    7.52    4.59 
2008 4	  43.15   26.84   11.21    4.07 
2008 5	  51.35   31.38   17.11    4.04 
2008 6	  18.35   35.09   21.59    3.80 
2008 7	  49.30   33.88   21.04    3.39 
2008 8	  74.03   33.78   21.35    2.53 
2008 9	   9.40   31.81   16.05    2.77 
2008 10	  43.58   27.76   10.62    3.06 
2008 11	   3.12   23.54    6.36    2.94 
2008 12	   7.03   18.08    2.14    4.29 
2009 1	  16.45   18.56    0.21    3.67 
2009 2	   2.33   22.93    5.43    4.46 
2009 3	  95.07   23.12    8.85    4.28 
2009 4	  71.15   25.82   10.09    4.19 
2009 5	  61.92   30.66   17.20    3.47 
2009 6	  33.00   35.16   21.01    3.42 
2009 7	  50.35   36.98   22.12    3.38 
2009 8	  13.58   36.97   21.43    2.64 
2009 9	 199.05   29.19   17.68    2.20 
2009 10	 140.98   25.06   12.48    3.63 
2009 11	  90.97   21.49    6.42    3.30 
2009 12	  35.05   12.78    0.61    3.70 
2010 1	  92.32   14.23    0.49    4.23 
2010 2	  99.28   13.54    1.08    3.85 
2010 3	  54.62   20.47    4.45    3.61 
2010 4	 107.98   24.67   11.78    3.98 
2010 5	  61.87   29.44   17.22    3.53 
2010 6	 104.05   33.02   21.83    3.60 
2010 7	  90.72   32.53   22.43    3.05 
2010 8	   2.95   36.34   21.64    2.35 
2010 9	 172.05   31.10   19.01    2.83 
2010 10	  13.28   28.03   10.65    3.26 
2010 11	   2.52   23.11    7.02    4.35 
2010 12	  24.33   17.56    1.50    3.97 
