1949 1	 247.50   11.57    1.68    3.02 
1949 2	  79.75   16.11    4.31    2.93 
1949 3	  80.85   19.15    7.41    3.37 
1949 4	 108.30   22.39   11.26    2.95 
1949 5	  61.30   29.76   17.34    2.80 
1949 6	  76.55   32.53   20.59    2.09 
1949 7	 184.25   33.96   22.09    1.96 
1949 8	  66.60   32.81   19.60    1.84 
1949 9	 111.15   30.39   16.16    2.35 
1949 10	 285.70   24.60   12.83    3.10 
1949 11	  11.70   23.36    5.17    2.88 
1949 12	  67.58   16.68    3.18    3.69 
1950 1	 140.55   16.51    5.48    3.42 
1950 2	 177.47   17.85    5.43    2.71 
1950 3	  53.17   19.61    5.49    3.59 
1950 4	 114.05   23.24    9.81    3.28 
1950 5	 280.60   28.34   16.71    2.60 
1950 6	  37.10   31.03   19.95    2.36 
1950 7	 177.55   31.71   20.75    2.31 
1950 8	  60.10   32.98   20.57    1.74 
1950 9	 174.87   28.48   17.31    2.26 
1950 10	  31.92   28.24   13.81    2.57 
1950 11	  27.28   20.23    4.17    3.33 
1950 12	   2.80   14.51    0.35    2.96 
1951 1	 103.70   14.78    0.28    3.75 
1951 2	 126.07   14.59    1.92    3.37 
1951 3	  51.95   20.28    5.74    3.52 
1951 4	  79.02   23.78    9.30    3.55 
1951 5	 109.57   28.32   14.91    2.82 
1951 6	  45.40   32.03   20.01    2.80 
1951 7	  66.90   35.06   21.59    1.75 
1951 8	   3.82   38.49   21.97    1.85 
1951 9	 143.27   31.62   16.83    2.21 
1951 10	  78.00   26.57   10.96    2.55 
1951 11	  45.85   16.61    3.27    3.46 
1951 12	  49.00   17.05    2.30    3.89 
1952 1	  69.73   17.65    5.51    3.37 
1952 2	  74.75   17.25    5.63    3.61 
1952 3	 115.65   18.77    5.51    3.22 
1952 4	 215.55   22.68    9.00    2.90 
1952 5	 163.10   28.18   14.39    2.37 
1952 6	  28.70   33.77   20.66    2.25 
1952 7	  86.10   34.63   20.90    1.74 
1952 8	  12.50   36.97   21.68    2.46 
1952 9	   6.92   32.99   15.47    2.56 
1952 10	   6.35   25.84    5.38    2.68 
1952 11	 230.60   17.43    5.25    3.23 
1952 12	 148.65   12.09    1.28    2.79 
1953 1	  44.23   15.23    2.42    3.89 
1953 2	  47.75   14.88    2.19    2.98 
1953 3	 103.70   21.49    8.63    2.96 
1953 4	 130.43   22.62    8.79    3.00 
1953 5	 217.92   27.58   16.63    2.52 
1953 6	  27.97   35.38   21.60    2.13 
1953 7	 198.77   32.44   21.04    1.91 
1953 8	  77.85   32.80   20.21    1.69 
1953 9	  84.93   32.43   14.88    2.01 
1953 10	  44.28   28.15   10.41    2.20 
1953 11	  80.15   17.86    2.35    2.92 
1953 12	 136.60   12.85    0.21    3.14 
1954 1	  92.15   14.25    1.02    3.21 
1954 2	  15.55   20.34    4.93    3.35 
1954 3	  31.90   18.99    5.70    3.45 
1954 4	  86.80   26.35   12.97    2.93 
1954 5	 182.65   25.14   12.57    2.53 
1954 6	  20.58   33.25   19.22    2.24 
1954 7	  13.55   38.07   22.51    2.52 
1954 8	   4.00   38.47   21.85    2.32 
1954 9	  64.35   35.01   17.40    2.25 
1954 10	 168.98   26.51   13.20    2.61 
1954 11	  69.75   18.92    3.87    2.95 
1954 12	  80.85   15.33    1.57    3.04 
1955 1	  44.72   12.42    1.42    2.53 
1955 2	  79.93   14.08    1.73    3.66 
1955 3	 132.52   20.04    6.64    3.63 
1955 4	  81.20   25.16   12.76    3.11 
1955 5	  59.40   28.77   16.54    2.65 
1955 6	  30.22   30.91   17.06    2.04 
1955 7	  62.12   34.56   21.22    1.92 
1955 8	 183.93   32.56   20.48    1.73 
1955 9	  42.22   31.34   17.47    1.89 
1955 10	  30.85   26.13    9.83    2.74 
1955 11	  49.45   18.81    3.22    3.71 
1955 12	   0.80   13.51    0.71    3.38 
1956 1	  65.97   12.72   -0.28    3.40 
1956 2	 143.08   15.45    3.55    3.12 
1956 3	  31.08   19.37    5.62    3.04 
1956 4	  85.40   23.53    9.13    3.22 
1956 5	  60.38   30.03   16.98    2.57 
1956 6	   7.65   33.05   19.45    2.27 
1956 7	  17.38   37.41   21.98    2.68 
1956 8	  81.32   37.11   20.89    2.26 
1956 9	   1.80   33.54   16.05    2.55 
1956 10	  48.27   28.29   11.80    2.27 
1956 11	 103.05   18.05    3.20    3.07 
1956 12	  46.38   16.84    2.80    2.89 
1957 1	 132.18   11.85    0.85    3.06 
1957 2	  37.33   17.27    7.26    2.75 
1957 3	 159.75   16.61    4.70    2.90 
1957 4	 303.90   21.45   10.88    3.48 
1957 5	 168.00   27.35   16.31    2.91 
1957 6	 118.42   30.20   20.05    2.40 
1957 7	  28.83   34.97   22.06    1.53 
1957 8	  89.82   33.75   20.52    2.26 
1957 9	 144.05   29.62   15.95    2.56 
1957 10	 168.40   22.22    9.30    3.16 
1957 11	 210.53   16.54    5.05    3.43 
1957 12	  59.03   16.83    3.04    3.17 
1958 1	  76.20   11.82   -0.83    3.77 
1958 2	  31.08   11.19   -0.53    3.86 
1958 3	 104.72   14.85    3.73    3.19 
1958 4	 385.45   21.66    9.72    3.05 
1958 5	  48.27   27.45   15.00    2.38 
1958 6	 156.47   31.46   19.69    2.18 
1958 7	 117.02   33.35   21.39    2.57 
1958 8	  84.68   33.46   20.84    1.78 
1958 9	 147.90   29.95   19.29    2.48 
1958 10	  49.75   23.86   11.76    3.12 
1958 11	  99.90   21.14    4.98    2.85 
1958 12	  15.23   12.69   -1.06    3.12 
1959 1	  18.70   11.46   -1.92    3.46 
1959 2	 105.15   14.20    2.64    3.41 
1959 3	 111.55   19.75    3.33    3.46 
1959 4	 136.70   22.09    9.42    3.26 
1959 5	 111.38   28.73   17.44    2.80 
1959 6	 121.60   30.61   19.63    2.35 
1959 7	 186.47   32.32   20.93    1.48 
1959 8	  63.38   33.23   20.98    1.91 
1959 9	  71.72   30.95   18.68    2.66 
1959 10	  82.30   25.53   11.16    2.81 
1959 11	  39.23   16.49    2.00    3.42 
1959 12	 190.12   15.64    2.99    3.48 
1960 1	 127.50   11.51    0.97    3.27 
1960 2	 112.38   11.41   -1.03    3.67 
1960 3	  52.90   13.19    2.17    3.15 
1960 4	  40.67   25.86   11.62    3.38 
1960 5	 111.25   27.41   13.81    3.21 
1960 6	 125.80   32.21   19.61    2.43 
1960 7	  65.53   33.32   21.45    1.78 
1960 8	  76.03   33.50   21.36    1.97 
1960 9	 184.42   32.03   17.64    1.85 
1960 10	  68.28   26.73   13.74    2.25 
1960 11	  86.05   19.76    5.91    3.11 
1960 12	 252.93   11.06    0.09    3.24 
1961 1	  85.08   11.21   -1.93    3.33 
1961 2	  94.30   15.90    4.28    3.19 
1961 3	 136.75   21.08    7.38    3.51 
1961 4	  48.60   22.93    8.72    3.62 
1961 5	  65.65   27.74   15.08    3.15 
1961 6	 200.05   29.48   18.39    2.34 
1961 7	  97.83   32.14   20.98    1.90 
1961 8	  28.05   32.22   19.58    1.60 
1961 9	 103.23   30.09   17.55    3.51 
1961 10	  24.95   25.56   10.67    2.80 
1961 11	 133.23   17.52    5.24    3.60 
1961 12	 173.57   13.01    1.10    3.05 
1962 1	  91.60   10.25   -3.12    3.64 
1962 2	 103.30   19.73    4.87    3.45 
1962 3	  62.88   17.24    4.11    3.34 
1962 4	 128.20   22.37   10.39    3.17 
1962 5	  22.55   29.76   17.07    3.33 
1962 6	 161.82   31.21   19.47    1.78 
1962 7	  60.30   34.36   21.31    1.87 
1962 8	  37.28   35.75   20.82    1.92 
1962 9	 188.00   30.54   18.14    1.96 
1962 10	  59.55   26.73   14.40    2.57 
1962 11	 119.30   17.87    5.18    3.38 
1962 12	  40.10   13.79    1.44    2.95 
1963 1	  19.27    8.89   -4.54    3.28 
1963 2	  46.00   14.60   -1.48    3.71 
1963 3	  46.93   22.64    6.25    3.43 
1963 4	 148.20   25.95   13.32    3.80 
1963 5	  55.12   28.42   16.38    2.77 
1963 6	  71.47   32.73   20.33    2.13 
1963 7	  36.57   34.84   21.94    2.45 
1963 8	  21.70   36.18   21.58    1.73 
1963 9	  45.75   31.89   17.80    2.36 
1963 10	  23.05   31.38   12.15    1.49 
1963 11	 101.20   21.67    5.50    3.56 
1963 12	  61.38   10.19   -3.08    3.71 
1964 1	  49.10   14.23   -2.00    3.31 
1964 2	  72.55   12.82   -0.73    3.15 
1964 3	  89.60   19.46    4.19    3.35 
1964 4	 108.38   25.78   12.33    3.78 
1964 5	  42.35   28.73   16.54    2.58 
1964 6	  42.67   31.76   19.68    2.55 
1964 7	  10.55   36.78   21.57    2.20 
1964 8	 131.02   34.27   21.69    2.18 
1964 9	 118.05   29.92   18.09    2.11 
1964 10	  12.45   24.52    8.77    3.10 
1964 11	  76.18   21.47    7.04    2.89 
1964 12	  23.60   14.66    1.27    3.58 
1965 1	  70.20   15.34    1.14    3.30 
1965 2	 188.67   14.15    0.63    3.86 
1965 3	  53.68   14.47    2.09    3.42 
1965 4	  36.33   26.87   13.10    3.14 
1965 5	 237.80   27.42   17.21    3.27 
1965 6	 113.57   30.66   19.91    2.38 
1965 7	   6.95   34.90   21.25    1.86 
1965 8	  75.22   34.62   19.68    1.72 
1965 9	  58.83   30.92   17.68    3.06 
1965 10	  26.65   25.02    9.78    2.88 
1965 11	  41.23   22.57    8.84    2.85 
1965 12	  63.40   16.12    3.16    3.16 
1966 1	  77.62   10.05   -1.12    3.68 
1966 2	 104.62   12.96    0.19    3.38 
1966 3	  25.08   19.72    5.03    3.20 
1966 4	 394.50   24.35   10.88    3.59 
1966 5	 182.83   26.80   15.14    2.71 
1966 6	  38.77   31.17   18.03    2.12 
1966 7	  60.67   34.55   22.36    1.70 
1966 8	 163.98   31.84   19.75    1.79 
1966 9	 124.93   28.31   15.77    1.79 
1966 10	  54.33   24.10    7.77    2.96 
1966 11	  55.45   22.15    6.73    2.99 
1966 12	 114.23   13.06   -0.23    3.27 
1967 1	  22.83   14.11   -0.60    3.30 
1967 2	  41.57   13.72   -1.11    3.09 
1967 3	  51.98   23.47    7.07    3.48 
1967 4	 169.45   25.59   14.02    3.76 
1967 5	 182.20   26.92   13.37    3.50 
1967 6	  38.77   31.78   19.75    2.63 
1967 7	  63.33   32.26   19.66    2.55 
1967 8	  47.93   33.67   18.29    1.78 
1967 9	 123.63   27.84   14.86    2.57 
1967 10	 160.88   25.85    7.93    2.79 
1967 11	  33.60   19.21    3.10    2.81 
1967 12	 141.25   13.81   -0.18    3.17 
1968 1	  99.65   10.16    0.85    3.53 
1968 2	  62.73   12.30   -2.01    3.08 
1968 3	  92.90   17.89    4.15    3.38 
1968 4	 120.25   23.53   10.22    3.41 
1968 5	 220.90   26.76   14.20    2.93 
1968 6	 134.23   30.65   18.69    2.12 
1968 7	  64.57   31.64   19.51    1.89 
1968 8	  38.15   33.48   20.13    1.98 
1968 9	 159.95   28.79   13.99    2.31 
1968 10	  51.42   25.09    9.78    2.36 
1968 11	 182.28   18.03    3.78    3.41 
1968 12	  34.90   14.17   -0.37    3.60 
1969 1	  87.75   13.73    2.10    3.60 
1969 2	  95.45   14.28    1.91    3.42 
1969 3	 218.20   14.95    2.16    3.57 
1969 4	 104.87   24.00   11.10    2.94 
1969 5	 164.55   28.04   14.35    2.03 
1969 6	  21.43   32.05   18.70    2.78 
1969 7	  15.95   36.84   21.86    2.02 
1969 8	  33.05   35.37   20.30    1.99 
1969 9	  39.95   31.26   16.54    2.06 
1969 10	 128.57   25.47   10.71    3.49 
1969 11	  64.95   18.83    3.22    2.78 
1969 12	 143.95   14.54    1.00    2.76 
1970 1	  33.98    9.77   -2.79    3.14 
1970 2	 100.35   14.81    0.85    3.21 
1970 3	 111.78   16.31    4.58    3.36 
1970 4	 134.42   24.61   11.96    3.50 
1970 5	 105.45   27.87   14.44    2.75 
1970 6	  71.12   31.21   18.59    2.25 
1970 7	  17.15   33.54   19.84    1.99 
1970 8	  36.85   35.06   20.86    2.01 
1970 9	  82.32   30.79   18.85    2.61 
1970 10	 149.40   23.34   10.32    2.83 
1970 11	  48.95   18.36    3.23    3.54 
1970 12	  37.78   17.40    3.90    3.02 
1971 1	  14.57   16.11    0.51    3.52 
1971 2	  81.25   15.77    1.33    3.86 
1971 3	  26.15   19.29    3.50    3.44 
1971 4	  67.32   24.08    8.81    3.17 
1971 5	  95.55   26.76   13.68    2.79 
1971 6	  19.22   34.16   19.75    2.56 
1971 7	 173.55   34.26   21.42    2.27 
1971 8	  52.43   31.21   19.22    1.54 
1971 9	  67.30   30.30   17.96    2.46 
1971 10	  87.82   26.38   12.89    2.13 
1971 11	  95.58   19.46    4.64    3.17 
1971 12	 238.53   16.64    5.51    3.12 
1972 1	  88.83   13.89    0.22    3.70 
1972 2	  15.92   16.67    1.42    3.39 
1972 3	  46.87   22.33    6.90    3.30 
1972 4	  40.98   25.16   11.59    3.77 
1972 5	  53.58   28.36   13.58    1.86 
1972 6	 183.90   31.97   18.89    2.59 
1972 7	  36.67   32.53   19.75    2.52 
1972 8	  18.58   34.78   20.00    1.95 
1972 9	 111.57   32.69   19.58    1.84 
1972 10	 170.55   24.09   11.47    2.76 
1972 11	  85.40   14.02    3.05    3.54 
1972 12	  84.28   11.58   -0.99    3.16 
1973 1	 107.75   10.36   -1.04    3.85 
1973 2	  51.53   13.95    0.96    3.18 
1973 3	 214.62   20.53    8.50    3.63 
1973 4	 205.78   20.52    9.37    3.61 
1973 5	  64.15   26.99   13.41    3.33 
1973 6	 166.62   30.34   18.76    2.58 
1973 7	  84.65   32.91   21.10    1.86 
1973 8	  21.90   33.23   18.91    1.82 
1973 9	 172.65   29.51   18.72    2.45 
1973 10	 227.62   26.18   12.68    2.40 
1973 11	 116.22   21.05    8.40    3.40 
1973 12	  81.90   15.30   -0.25    3.51 
1974 1	  98.65   10.49    0.69    2.99 
1974 2	  27.70   17.12    1.61    3.86 
1974 3	  34.93   22.59    9.46    3.96 
1974 4	 154.55   24.82    9.20    3.96 
1974 5	  63.87   28.75   17.53    3.10 
1974 6	 153.25   29.75   17.48    2.57 
1974 7	  45.58   34.20   20.18    1.61 
1974 8	 175.78   32.35   19.72    2.02 
1974 9	 211.15   24.79   14.65    3.15 
1974 10	 123.53   25.29   10.33    2.99 
1974 11	 202.98   17.72    5.04    3.30 
1974 12	  86.62   13.10    0.49    2.98 
1975 1	  79.70   14.69    1.63    3.29 
1975 2	 104.95   14.08    0.72    2.96 
1975 3	 126.60   16.84    4.43    3.82 
1975 4	 111.28   22.77   10.10    3.93 
1975 5	 205.27   27.63   15.90    2.65 
1975 6	 113.35   30.84   18.88    2.51 
1975 7	  25.05   33.05   20.22    1.71 
1975 8	  85.38   33.60   20.04    1.76 
1975 9	  21.05   29.15   14.20    2.34 
1975 10	  11.75   27.00    8.79    2.61 
1975 11	  58.53   20.18    3.81    3.02 
1975 12	  61.18   13.92    0.06    3.10 
1976 1	  39.98   14.20   -2.60    3.60 
1976 2	  66.65   20.09    4.88    3.46 
1976 3	 165.50   20.28    6.68    3.77 
1976 4	 125.92   24.13   10.20    3.21 
1976 5	 138.88   25.30   12.10    2.58 
1976 6	 126.10   30.29   17.25    2.35 
1976 7	 137.85   31.50   19.71    1.37 
1976 8	  43.15   33.46   17.93    1.59 
1976 9	  86.85   28.74   15.28    1.94 
1976 10	  90.00   20.94    6.45    3.01 
1976 11	  19.17   14.79    0.56    3.11 
1976 12	 104.25   14.53   -2.00    3.06 
1977 1	  72.62    6.98   -5.72    3.38 
1977 2	 138.72   15.96    0.26    3.52 
1977 3	 158.43   20.47    5.84    3.52 
1977 4	 138.25   24.58   10.13    2.99 
1977 5	  35.92   28.96   16.68    2.63 
1977 6	  85.35   32.86   19.98    2.54 
1977 7	  79.30   35.74   22.08    1.84 
1977 8	 129.43   33.90   21.32    2.20 
1977 9	  40.53   32.25   19.03    2.65 
1977 10	  57.83   26.55    9.96    2.59 
1977 11	 130.75   19.75    7.29    2.77 
1977 12	  14.60   14.78   -0.18    3.91 
1978 1	  89.92    5.39   -5.24    4.20 
1978 2	  60.30    7.42   -2.95    3.86 
1978 3	  96.55   17.56    3.16    3.09 
1978 4	  16.53   25.23   11.14    3.41 
1978 5	  75.93   28.28   14.89    2.79 
1978 6	  18.55   33.40   19.16    1.91 
1978 7	  59.97   37.31   22.21    1.94 
1978 8	  35.15   35.13   20.83    2.00 
1978 9	  38.17   31.66   18.86    2.47 
1978 10	  19.27   27.26    9.13    2.28 
1978 11	 134.95   20.17    7.33    2.61 
1978 12	  72.50   13.18    0.04    3.49 
1979 1	 133.95    5.32   -3.93    3.94 
1979 2	  98.15   10.25   -0.39    3.56 
1979 3	 139.00   19.58    5.98    3.61 
1979 4	 121.73   23.07   10.12    2.76 
1979 5	 157.25   26.20   13.77    2.82 
1979 6	  85.62   31.06   19.05    2.33 
1979 7	 171.22   32.41   21.23    2.38 
1979 8	  65.43   32.59   19.91    1.49 
1979 9	 232.18   29.16   14.79    2.88 
1979 10	  80.03   27.00   10.03    2.90 
1979 11	  59.30   17.49    1.89    3.39 
1979 12	  92.12   15.48    0.42    3.18 
1980 1	 134.20   12.73    1.35    2.83 
1980 2	  56.78   13.33   -1.35    3.39 
1980 3	 120.93   18.26    2.73    3.47 
1980 4	 141.22   23.01    7.23    2.93 
1980 5	 137.05   27.57   15.29    2.42 
1980 6	  66.28   32.70   20.39    2.91 
1980 7	  22.95   37.41   21.22    1.68 
1980 8	  30.53   36.77   21.41    2.63 
1980 9	 154.60   33.11   19.14    2.24 
1980 10	  71.82   24.77    7.89    2.77 
1980 11	  76.60   17.90    3.72    3.16 
1980 12	  50.33   14.88    0.93    3.08 
1981 1	  54.48   13.20   -1.53    2.83 
1981 2	  52.80   15.38    0.61    2.97 
1981 3	  69.43   19.33    4.31    3.12 
1981 4	  45.08   26.93   12.88    2.99 
1981 5	 263.40   25.61   13.38    3.14 
1981 6	 169.20   31.10   20.33    2.58 
1981 7	  74.97   33.78   22.29    2.02 
1981 8	  40.45   33.75   20.05    1.75 
1981 9	  54.62   30.52   15.42    2.06 
1981 10	 288.68   24.00   11.21    2.75 
1981 11	  41.35   20.54    4.68    2.62 
1981 12	   3.32   13.89   -0.64    3.45 
1982 1	  52.03   13.14   -1.95    3.91 
1982 2	  54.15   11.62   -0.12    3.40 
1982 3	  47.35   20.16    8.23    3.83 
1982 4	  93.58   21.78    9.09    3.28 
1982 5	 109.53   27.53   15.92    2.79 
1982 6	 123.38   30.70   18.57    1.99 
1982 7	  82.25   33.61   21.78    1.89 
1982 8	  24.75   35.16   21.62    1.72 
1982 9	  21.50   31.06   15.13    2.54 
1982 10	  78.65   24.79    9.17    3.14 
1982 11	 172.55   18.35    5.90    3.13 
1982 12	 223.20   15.47    3.37    3.79 
1983 1	  20.25   11.52   -0.94    3.06 
1983 2	 117.12   13.72    1.98    3.63 
1983 3	 119.62   18.06    4.04    3.45 
1983 4	  24.30   20.96    6.97    3.93 
1983 5	 137.10   26.65   12.59    2.92 
1983 6	 164.38   29.74   17.47    2.20 
1983 7	  57.63   32.79   20.78    2.25 
1983 8	  55.57   34.43   21.54    1.49 
1983 9	  26.25   31.73   15.60    2.40 
1983 10	  64.30   25.90   10.19    2.40 
1983 11	  77.23   19.18    5.50    3.32 
1983 12	  86.08    6.56   -4.38    3.89 
1984 1	  40.40   10.07   -4.76    3.33 
1984 2	  86.27   16.95    0.15    3.50 
1984 3	  96.30   18.18    4.76    3.28 
1984 4	  24.42   23.22    8.49    3.69 
1984 5	  80.25   28.29   13.96    3.29 
1984 6	  26.80   32.21   19.36    2.36 
1984 7	  38.35   34.25   20.38    1.94 
1984 8	  31.15   34.78   20.36    1.95 
1984 9	  55.33   29.74   15.90    3.26 
1984 10	 297.10   24.59   12.32    2.60 
1984 11	 106.18   18.24    4.21    3.48 
1984 12	 102.23   17.86    6.01    3.56 
1985 1	  47.03    8.68   -4.60    3.32 
1985 2	 160.47   11.91    0.48    3.42 
1985 3	 133.83   21.28    9.34    3.58 
1985 4	 154.85   24.75   11.76    3.18 
1985 5	 124.10   27.57   14.94    2.71 
1985 6	 105.88   31.76   18.97    2.64 
1985 7	  95.47   33.57   21.21    1.90 
1985 8	  22.70   35.69   21.36    1.82 
1985 9	  57.73   31.57   16.98    2.94 
1985 10	 133.17   24.86   13.39    3.58 
1985 11	 154.95   19.97    8.84    3.22 
1985 12	  98.37   12.28   -2.16    2.98 
1986 1	  10.13   16.05   -0.57    3.28 
1986 2	 132.55   17.87    4.30    3.46 
1986 3	  20.22   22.30    6.21    2.76 
1986 4	 106.65   24.20   12.61    3.10 
1986 5	 126.75   26.96   15.55    2.77 
1986 6	 120.05   31.41   20.57    1.73 
1986 7	  19.50   34.85   22.38    1.97 
1986 8	  46.72   34.74   20.18    2.06 
1986 9	  68.72   30.98   19.98    2.13 
1986 10	 110.08   23.84   11.61    2.53 
1986 11	 119.45   16.61    6.40    3.29 
1986 12	 105.87   12.37    1.86    3.08 
1987 1	  58.82   12.41   -0.71    3.09 
1987 2	 152.33   15.65    3.24    3.50 
1987 3	 103.65   19.37    3.37    3.16 
1987 4	   3.78   25.60    7.05    2.62 
1987 5	  96.45   29.75   16.33    2.09 
1987 6	 137.20   31.28   19.12    2.47 
1987 7	  57.60   32.65   20.48    2.09 
1987 8	  18.98   35.78   22.13    2.07 
1987 9	  77.82   30.57   15.36    2.09 
1987 10	  89.00   24.00    7.29    2.75 
1987 11	 177.85   18.82    5.50    3.19 
1987 12	 285.65   14.00    2.05    3.18 
1988 1	  40.75   10.61   -2.44    3.58 
1988 2	  81.28   14.13    0.03    3.11 
1988 3	 128.95   19.67    4.30    3.34 
1988 4	  53.13   24.13    8.09    2.98 
1988 5	  14.15   28.27   12.66    2.60 
1988 6	  50.28   32.43   17.50    2.14 
1988 7	 110.15   33.31   21.04    2.33 
1988 8	  33.47   34.63   21.33    1.80 
1988 9	  41.67   31.54   17.36    2.62 
1988 10	 104.98   23.65    9.96    2.56 
1988 11	 162.02   20.07    5.10    3.68 
1988 12	  85.90   14.96    1.87    3.07 
1989 1	  64.32   14.68    2.52    3.18 
1989 2	 126.17   10.08   -0.55    4.09 
1989 3	 153.55   18.57    6.01    3.87 
1989 4	  56.58   24.12   10.71    3.20 
1989 5	 222.18   27.05   15.93    3.19 
1989 6	 159.60   29.01   18.20    2.82 
1989 7	 120.73   31.28   20.73    2.14 
1989 8	  46.08   31.95   20.12    1.80 
1989 9	  47.45   28.33   14.84    2.61 
1989 10	  39.65   26.49   10.09    2.82 
1989 11	  18.00   20.84    6.09    3.17 
1989 12	  26.10   10.07   -4.24    3.55 
1990 1	 209.68   16.11    2.25    3.08 
1990 2	  92.12   17.86    3.46    3.79 
1990 3	 224.35   18.73    7.87    3.39 
1990 4	 155.87   22.78    9.58    3.18 
1990 5	 235.12   26.52   14.58    3.39 
1990 6	  56.33   32.09   20.48    2.44 
1990 7	 109.43   32.47   20.36    1.80 
1990 8	  54.88   34.13   20.23    1.77 
1990 9	 124.88   31.18   18.42    1.59 
1990 10	  98.35   24.26    8.47    2.64 
1990 11	 221.30   21.32    6.99    2.99 
1990 12	 109.18   12.72   -0.35    3.20 
1991 1	 113.30   10.07   -0.13    3.18 
1991 2	 141.65   17.60    2.68    3.11 
1991 3	  48.38   20.92    6.09    3.78 
1991 4	 118.38   24.33   11.40    3.07 
1991 5	 175.90   27.65   17.47    2.97 
1991 6	  71.42   31.13   20.15    2.08 
1991 7	  86.68   33.37   21.02    1.80 
1991 8	  85.60   32.27   20.18    1.32 
1991 9	  72.57   29.20   16.47    2.28 
1991 10	 175.18   26.67   10.71    2.49 
1991 11	 141.30   15.73    2.74    3.53 
1991 12	 143.52   14.33    3.96    3.25 
1992 1	  94.02   12.42    0.71    2.81 
1992 2	  74.58   17.42    3.54    3.12 
1992 3	 145.27   20.45    5.73    3.09 
1992 4	  51.32   23.16    9.62    2.63 
1992 5	 115.33   26.21   13.97    2.24 
1992 6	 176.32   29.78   18.36    2.14 
1992 7	 148.98   32.32   21.49    2.69 
1992 8	  29.77   30.37   17.72    1.91 
1992 9	  92.32   29.07   16.44    2.75 
1992 10	  96.73   25.95   10.07    2.55 
1992 11	 119.35   16.35    3.62    3.21 
1992 12	 158.60   13.16    2.88    2.76 
1993 1	 157.38   11.87    0.54    2.98 
1993 2	 106.67   14.20    1.63    3.36 
1993 3	  77.85   17.57    4.39    3.31 
1993 4	 101.60   21.18    7.99    3.59 
1993 5	 110.65   25.90   14.02    2.94 
1993 6	  75.78   30.46   20.35    3.05 
1993 7	   3.62   34.42   22.52    2.43 
1993 8	  51.15   35.00   21.81    1.82 
1993 9	 115.00   30.99   15.59    2.21 
1993 10	 255.32   22.52   10.00    2.95 
1993 11	  68.80   14.95    1.68    3.26 
1993 12	  47.77   14.27    0.89    3.23 
1994 1	  69.72   11.83   -0.15    3.59 
1994 2	 109.00   14.45   -0.30    2.99 
1994 3	  72.10   20.35    5.58    2.85 
1994 4	  48.73   25.02    9.73    3.00 
1994 5	 128.67   25.53   13.96    2.38 
1994 6	  37.12   31.78   20.70    2.54 
1994 7	 271.73   32.49   20.90    2.45 
1994 8	  24.67   32.33   19.63    1.57 
1994 9	  11.45   30.56   15.05    1.98 
1994 10	 195.65   24.14   11.65    3.02 
1994 11	 202.22   19.29    7.79    3.22 
1994 12	 177.85   13.65    2.31    2.81 
1995 1	 112.10   12.94    1.22    3.58 
1995 2	  37.30   16.84    1.89    3.15 
1995 3	  65.88   18.69    6.83    3.53 
1995 4	 117.63   22.69    9.36    3.28 
1995 5	 140.88   26.55   15.89    3.13 
1995 6	  48.63   31.39   18.50    2.18 
1995 7	 120.98   34.23   21.55    2.42 
1995 8	  27.38   35.90   21.93    1.52 
1995 9	 104.90   30.24   17.16    2.01 
1995 10	  31.90   26.60    9.62    3.08 
1995 11	   3.68   19.72    3.75    3.35 
1995 12	  79.85   13.63    2.15    3.53 
1996 1	  32.82   13.43   -1.78    3.61 
1996 2	  14.45   17.90    2.22    4.08 
1996 3	  44.17   17.49    2.26    3.75 
1996 4	  99.05   24.08    8.08    3.56 
1996 5	  71.38   30.13   19.33    3.58 
1996 6	  87.52   32.35   19.96    2.02 
1996 7	 193.03   34.48   21.79    2.09 
1996 8	 113.40   31.14   20.41    1.79 
1996 9	  90.52   28.37   15.51    2.03 
1996 10	  90.60   24.65    9.97    3.21 
1996 11	 200.60   16.88    5.47    3.46 
1996 12	  52.75   15.31    2.24    3.33 
1997 1	  72.00   11.49    0.15    3.85 
1997 2	 205.05   14.31    2.89    3.46 
1997 3	 124.17   20.44    6.70    3.06 
1997 4	 227.45   20.58    7.79    3.55 
1997 5	  51.18   26.11   13.55    2.51 
1997 6	 137.40   30.33   18.49    2.08 
1997 7	  55.45   33.96   21.64    1.38 
1997 8	 126.47   32.00   19.94    1.93 
1997 9	  43.83   31.51   17.23    2.08 
1997 10	 152.92   24.26   11.34    3.24 
1997 11	 102.82   15.27    3.48    3.07 
1997 12	 134.47   12.05    0.55    3.23 
1998 1	 134.20   13.78    2.68    3.01 
1998 2	 105.80   15.49    2.78    3.18 
1998 3	  86.25   17.54    5.27    4.12 
1998 4	  34.98   23.31    8.28    3.29 
1998 5	  36.42   30.55   16.15    2.84 
1998 6	  30.68   34.85   21.45    3.98 
1998 7	  21.12   38.58   23.83    2.58 
1998 8	  54.83   36.27   21.72    1.35 
1998 9	 232.22   32.15   20.15    3.34 
1998 10	 188.62   24.97   12.54    3.01 
1998 11	 156.18   18.38    8.09    2.67 
1998 12	 126.32   13.56    2.17    3.34 
1999 1	  88.27   15.24    2.18    3.80 
1999 2	   4.55   19.10    4.72    3.17 
1999 3	 103.75   18.21    5.32    3.43 
1999 4	  69.38   24.93   12.68    3.83 
1999 5	 166.90   27.29   15.01    2.49 
1999 6	  54.50   31.14   20.85    2.59 
1999 7	  30.03   34.00   22.13    1.87 
1999 8	   5.83   37.59   21.20    1.78 
1999 9	  41.55   31.43   15.94    2.63 
1999 10	  38.17   26.61    9.26    2.60 
1999 11	  34.65   22.57    6.30    2.47 
1999 12	 109.90   15.99    1.20    3.42 
2000 1	  64.75   15.08    1.98    3.65 
2000 2	  55.72   20.26    4.36    3.40 
2000 3	 122.68   22.00    8.09    3.03 
2000 4	 127.67   22.72    9.19    3.09 
2000 5	 151.40   28.30   16.92    3.25 
2000 6	 284.17   30.42   19.95    2.55 
2000 7	   4.55   33.95   21.00    2.08 
2000 8	   4.53   37.33   21.16    1.71 
2000 9	  75.93   33.27   16.19    2.74 
2000 10	  88.82   25.47   12.35    2.81 
2000 11	 305.18   15.60    4.18    3.09 
2000 12	 146.77    8.87   -2.61    3.42 
2001 1	 119.25   10.14   -0.73    3.09 
2001 2	 237.40   16.12    3.52    3.24 
2001 3	 184.62   15.72    4.89    2.87 
2001 4	  24.50   25.27   12.74    3.56 
2001 5	 148.30   28.62   16.54    2.65 
2001 6	 127.67   30.94   19.04    2.22 
2001 7	   4.80   34.38   22.86    1.70 
2001 8	  92.85   33.98   22.00    2.06 
2001 9	 186.95   27.76   17.14    2.51 
2001 10	 136.72   24.03    9.15    2.93 
2001 11	 128.10   20.91    7.95    2.43 
2001 12	 195.35   15.57    2.85    2.98 
2002 1	  62.62   14.79    0.72    3.08 
2002 2	  61.02   14.10   -0.39    3.33 
2002 3	 184.40   17.62    3.61    3.69 
2002 4	  99.25   25.29   13.56    3.38 
2002 5	 128.85   27.84   15.76    3.39 
2002 6	  67.38   31.76   19.76    2.18 
2002 7	 103.17   33.36   22.56    1.80 
2002 8	  40.80   34.48   21.47    2.03 
2002 9	  49.68   32.12   19.24    3.12 
2002 10	 124.48   22.51   13.13    2.46 
2002 11	  29.80   17.84    4.73    3.20 
2002 12	 163.28   14.00    2.53    3.45 
2003 1	   3.20   12.44   -0.13    3.28 
2003 2	 155.10   12.59    2.25    3.43 
2003 3	  38.55   19.04    6.41    2.57 
2003 4	  41.75   25.11   10.59    3.25 
2003 5	 105.47   28.53   17.23    3.16 
2003 6	 162.57   30.19   19.53    2.05 
2003 7	  68.93   34.18   22.04    2.09 
2003 8	  39.72   34.72   22.02    1.78 
2003 9	  78.17   29.37   17.03    2.22 
2003 10	  29.73   26.58   12.19    2.29 
2003 11	  57.30   20.69    8.61    3.35 
2003 12	  69.72   15.31    0.75    3.39 
2004 1	  32.62   14.61    2.11    3.33 
2004 2	 184.43   12.60    1.58    3.51 
2004 3	  75.43   22.68   10.21    3.04 
2004 4	 129.92   24.16   11.72    3.16 
2004 5	  99.10   28.67   17.75    3.16 
2004 6	 190.37   30.13   20.21    2.01 
2004 7	  36.60   32.39   21.14    1.85 
2004 8	  88.70   32.53   19.28    2.19 
2004 9	  54.48   31.47   16.53    2.58 
2004 10	 137.25   27.07   15.50    2.81 
2004 11	 104.80   18.58    8.48    3.15 
2004 12	  78.20   14.62    0.47    3.27 
2005 1	  91.23   14.93    3.80    3.40 
2005 2	  75.90   15.99    3.99    3.09 
2005 3	  80.30   19.00    5.23    3.01 
2005 4	  26.82   24.35    9.96    3.32 
2005 5	  30.27   29.04   14.63    2.33 
2005 6	   9.52   34.24   19.91    1.76 
2005 7	  89.12   34.65   21.54    1.84 
2005 8	  30.32   36.93   22.08    1.58 
2005 9	  54.42   35.03   19.37    2.55 
2005 10	  32.90   26.23   10.72    2.93 
2005 11	  18.23   22.56    8.25    3.23 
2005 12	  16.18   15.69   -0.31    3.19 
2006 1	  83.28   19.28    2.75    3.40 
2006 2	  90.00   14.74    1.66    3.35 
2006 3	 143.68   22.11    8.99    3.70 
2006 4	  45.38   28.07   14.49    3.36 
2006 5	  46.67   30.37   17.20    2.74 
2006 6	  34.30   33.54   18.47    1.70 
2006 7	  46.45   36.15   21.69    1.81 
2006 8	  25.75   37.35   23.18    1.79 
2006 9	  28.35   31.10   15.24    2.39 
2006 10	  61.45   25.84   10.23    2.93 
2006 11	  91.32   20.69    5.43    3.06 
2006 12	 122.47   15.07    2.50    3.45 
2007 1	 231.37   11.17    0.34    3.40 
2007 2	  19.23   14.64    1.47    3.12 
2007 3	  89.07   23.34    9.38    3.01 
2007 4	  54.78   22.36    8.53    3.00 
2007 5	 179.90   27.27   16.53    2.79 
2007 6	 179.72   31.67   21.18    2.05 
2007 7	 257.70   30.99   20.79    1.94 
2007 8	  30.92   34.13   22.16    1.65 
2007 9	 106.70   30.78   18.56    1.89 
2007 10	  47.15   26.27   12.38    2.88 
2007 11	  41.78   20.25    7.47    2.86 
2007 12	 124.60   16.08    1.23    2.68 
2008 1	  49.35   11.89   -1.05    3.54 
2008 2	  82.25   17.03    1.38    3.31 
2008 3	 194.80   20.19    6.27    3.99 
2008 4	  99.77   23.38   10.08    3.17 
2008 5	 139.98   27.30   14.81    3.20 
2008 6	 132.17   31.96   21.02    2.85 
2008 7	   7.75   34.11   21.36    2.19 
2008 8	 179.50   32.36   21.47    2.05 
2008 9	 115.78   27.84   16.00    3.22 
2008 10	  75.35   24.18    9.47    2.42 
2008 11	 105.58   19.07    4.68    2.72 
2008 12	  42.68   14.17   -0.32    3.86 
2009 1	  54.60   12.75   -0.99    3.11 
2009 2	  36.70   18.59    3.29    3.79 
2009 3	 165.22   18.92    6.27    3.33 
2009 4	 158.85   22.55    8.84    3.88 
2009 5	 265.50   26.47   14.97    2.72 
2009 6	  29.40   32.60   20.48    2.45 
2009 7	 256.02   33.79   21.25    2.03 
2009 8	  78.35   31.77   20.88    1.78 
2009 9	 251.72   27.61   17.68    1.93 
2009 10	 496.75   21.16   10.07    3.00 
2009 11	  66.98   20.55    7.19    2.69 
2009 12	  91.15    9.95   -0.82    3.40 
2010 1	  84.67   10.33   -1.40    3.31 
2010 2	 126.35    8.62   -1.05    3.19 
2010 3	  95.72   17.68    3.27    3.16 
2010 4	  40.77   24.70   10.28    3.29 
2010 5	  50.85   29.84   16.25    2.56 
2010 6	 155.35   33.19   22.25    1.86 
2010 7	  98.25   32.90   22.76    2.20 
2010 8	  52.47   36.49   22.65    2.11 
2010 9	  43.35   31.89   18.48    2.14 
2010 10	  72.67   25.91    8.75    2.63 
2010 11	  66.93   19.50    6.12    3.29 
2010 12	  34.40   13.04    0.32    3.72 
