1949 1	  25.50   18.49    7.54    6.63 
1949 2	  60.83   22.41   12.28    6.25 
1949 3	  20.48   26.32   14.31    6.25 
1949 4	 118.08   27.15   16.07    6.21 
1949 5	  30.40   32.74   21.99    5.49 
1949 6	  30.45   35.72   23.03    5.03 
1949 7	  50.42   36.37   23.08    4.71 
1949 8	  13.05   37.12   21.95    3.79 
1949 9	  40.05   34.88   22.05    3.81 
1949 10	 130.12   30.08   18.23    5.18 
1949 11	   0.60   27.40   10.70    4.53 
1949 12	   8.20   22.90   12.93    6.12 
1950 1	  10.02   26.60   14.44    6.80 
1950 2	  27.25   26.11   13.01    5.66 
1950 3	  29.15   26.77   12.90    6.03 
1950 4	  13.95   30.56   18.71    6.56 
1950 5	  85.80   34.68   22.45    6.14 
1950 6	  30.07   34.97   22.78    4.85 
1950 7	   3.40   37.32   23.65    5.63 
1950 8	   7.40   38.25   22.59    3.38 
1950 9	  21.55   36.12   22.25    3.04 
1950 10	   2.20   33.62   17.81    4.04 
1950 11	   9.33   26.79   11.72    5.88 
1950 12	   0.10   24.21    7.26    5.68 
1951 1	   2.12   23.68    7.34    6.85 
1951 2	   3.42   23.31    8.04    7.61 
1951 3	 143.65   27.21   13.78    6.52 
1951 4	  14.62   31.03   16.79    5.80 
1951 5	  53.00   32.46   20.67    5.20 
1951 6	  70.12   36.05   23.69    6.17 
1951 7	  11.65   37.75   23.42    4.88 
1951 8	  19.33   37.71   23.29    4.26 
1951 9	 259.42   34.26   22.36    4.52 
1951 10	  25.53   31.54   18.15    4.42 
1951 11	  10.43   24.13   11.73    6.63 
1951 12	   0.95   24.38   10.40    6.54 
1952 1	   4.80   25.68   12.43    6.67 
1952 2	  11.65   26.08   10.24    5.93 
1952 3	  48.15   27.59   13.92    6.19 
1952 4	   7.65   29.87   15.95    6.15 
1952 5	  77.05   33.20   18.55    5.19 
1952 6	 113.47   33.95   22.18    4.57 
1952 7	  52.33   36.01   22.48    3.71 
1952 8	   0.75   38.34   23.04    4.24 
1952 9	  45.33   34.17   20.04    3.82 
1952 10	   0.00   30.20   11.66    4.39 
1952 11	  23.25   23.66   12.76    6.32 
1952 12	  16.20   20.37    8.32    5.75 
1953 1	   7.32   24.84    7.39    5.89 
1953 2	  24.35   22.77    9.33    6.46 
1953 3	  22.30   30.37   17.77    6.00 
1953 4	  23.33   32.55   17.81    5.61 
1953 5	  32.95   34.31   20.92    5.72 
1953 6	   3.45   38.52   23.43    4.49 
1953 7	  21.52   38.44   23.92    4.18 
1953 8	 251.50   36.30   23.27    3.41 
1953 9	  42.30   33.91   19.64    4.13 
1953 10	  72.25   29.32   16.75    4.50 
1953 11	   8.78   24.74   10.93    4.92 
1953 12	  16.10   19.23    7.31    5.96 
1954 1	   4.17   23.30    9.78    5.60 
1954 2	   1.00   27.45   10.38    5.07 
1954 3	  21.32   26.86   12.61    6.25 
1954 4	  66.07   30.65   18.97    5.98 
1954 5	  61.58   32.04   18.67    5.39 
1954 6	 139.98   35.09   22.71    5.16 
1954 7	  30.02   36.30   22.61    4.52 
1954 8	  49.70   36.70   22.75    4.33 
1954 9	  38.70   35.15   21.73    3.45 
1954 10	  96.03   30.53   17.88    4.70 
1954 11	  47.87   25.28   10.57    4.85 
1954 12	   1.80   24.29    8.89    5.16 
1955 1	  17.03   21.58    7.62    6.21 
1955 2	  14.68   23.11    9.25    6.96 
1955 3	   2.67   28.67   14.38    6.82 
1955 4	   3.92   32.76   18.42    5.60 
1955 5	  13.60   34.92   21.82    5.69 
1955 6	  18.83   35.90   21.66    5.04 
1955 7	  43.22   35.37   22.86    4.46 
1955 8	  42.28   36.45   22.98    3.36 
1955 9	 222.15   31.75   22.48    3.56 
1955 10	  19.95   29.56   15.38    4.60 
1955 11	  72.98   23.61   12.57    5.82 
1955 12	   2.57   21.48    8.63    5.24 
1956 1	   0.60   22.99    7.36    5.19 
1956 2	   8.78   24.10   10.88    6.54 
1956 3	   5.00   27.08   12.48    5.80 
1956 4	  52.15   29.20   17.13    5.77 
1956 5	  53.77   32.66   20.09    5.27 
1956 6	  46.90   35.48   21.82    4.23 
1956 7	   4.82   36.95   22.61    4.42 
1956 8	  34.03   37.14   22.82    3.90 
1956 9	   6.70   34.80   20.48    3.49 
1956 10	  83.15   32.24   17.67    3.57 
1956 11	   4.00   24.08    9.51    5.93 
1956 12	  18.08   23.39    9.59    5.49 
1957 1	   2.95   23.09   10.95    6.00 
1957 2	  72.53   26.39   14.40    4.41 
1957 3	  80.00   26.88   12.84    5.38 
1957 4	  68.97   28.70   17.60    6.50 
1957 5	  24.30   32.49   21.07    6.11 
1957 6	  96.32   33.74   22.78    4.79 
1957 7	   1.52   37.59   22.84    4.37 
1957 8	  13.45   37.77   22.51    3.73 
1957 9	  79.85   33.88   20.59    3.56 
1957 10	  59.98   29.42   16.15    5.27 
1957 11	  56.05   23.36   11.52    6.49 
1957 12	  22.05   23.59    8.67    5.97 
1958 1	 212.58   18.88    6.21    6.30 
1958 2	  89.65   20.89    8.43    5.99 
1958 3	  20.75   22.44   10.52    6.19 
1958 4	   1.30   30.10   16.56    5.46 
1958 5	  58.30   31.60   19.48    3.76 
1958 6	  61.78   35.23   22.82    4.87 
1958 7	  36.65   35.17   23.33    4.55 
1958 8	  10.53   37.65   22.59    4.06 
1958 9	 188.38   32.69   22.83    3.82 
1958 10	 248.02   26.07   17.91    4.78 
1958 11	  14.95   24.20   13.34    4.83 
1958 12	  24.93   19.10    6.71    5.81 
1959 1	  26.12   18.10    6.15    6.28 
1959 2	  68.25   19.49    9.94    5.47 
1959 3	   1.42   24.19   10.54    6.14 
1959 4	  22.12   27.38   15.36    5.67 
1959 5	  21.10   33.27   21.50    4.98 
1959 6	  38.98   34.12   22.79    4.17 
1959 7	  38.88   36.26   22.77    3.58 
1959 8	  74.17   36.28   23.11    3.55 
1959 9	  28.43   35.58   21.81    4.60 
1959 10	  48.80   30.47   18.05    4.74 
1959 11	  24.30   22.66    7.67    5.95 
1959 12	  11.98   22.84    7.60    5.35 
1960 1	  42.45   20.02    8.74    5.71 
1960 2	  24.78   22.09    5.19    6.27 
1960 3	  23.68   22.46   10.49    5.77 
1960 4	  38.58   29.85   17.04    5.91 
1960 5	  29.10   32.02   19.11    5.62 
1960 6	 101.80   35.77   22.20    4.22 
1960 7	  63.40   37.09   23.14    3.39 
1960 8	 150.35   35.46   23.91    4.28 
1960 9	  56.22   32.54   19.91    3.32 
1960 10	 106.45   31.22   19.65    4.59 
1960 11	  51.95   24.71   13.78    4.72 
1960 12	  99.28   17.77    8.39    5.71 
1961 1	  25.90   16.38    5.25    5.77 
1961 2	  20.55   23.19    8.66    5.72 
1961 3	   0.00   28.53   14.08    5.86 
1961 4	  45.62   29.49   15.53    5.68 
1961 5	  12.27   33.32   20.41    5.49 
1961 6	  96.78   33.92   22.61    4.68 
1961 7	  40.95   35.21   22.50    4.46 
1961 8	  48.93   35.38   21.76    2.28 
1961 9	 143.65   32.77   21.41    5.39 
1961 10	  16.02   30.49   15.31    5.08 
1961 11	  28.68   23.84   11.32    5.71 
1961 12	  13.15   22.12    9.12    5.16 
1962 1	   8.80   18.37    4.19    6.47 
1962 2	   0.38   29.30   13.03    5.37 
1962 3	  28.05   25.56   10.57    6.03 
1962 4	  37.75   30.31   16.15    6.14 
1962 5	  14.38   33.08   19.82    6.06 
1962 6	 151.88   34.05   22.19    4.94 
1962 7	   0.85   37.35   22.89    4.11 
1962 8	  48.15   38.18   22.74    3.12 
1962 9	 150.52   34.85   21.74    3.38 
1962 10	  13.80   32.87   18.84    4.68 
1962 11	  21.48   25.69   10.34    5.30 
1962 12	  50.57   19.13    7.33    5.47 
1963 1	   3.88   17.69    3.98    5.81 
1963 2	  20.85   22.23    5.03    5.59 
1963 3	   0.22   27.95   13.18    5.58 
1963 4	  14.40   33.34   19.60    6.21 
1963 5	  53.60   32.19   20.42    4.88 
1963 6	  56.28   35.38   22.56    5.11 
1963 7	  22.78   34.97   22.69    4.56 
1963 8	  24.72   36.94   22.23    3.39 
1963 9	  72.08   33.99   21.16    3.17 
1963 10	  75.20   30.17   16.81    4.52 
1963 11	  44.58   26.67   12.61    5.99 
1963 12	  35.83   16.59    3.84    6.47 
1964 1	  27.10   20.47    5.90    5.29 
1964 2	  45.02   20.38    5.52    5.38 
1964 3	   4.23   26.65   11.15    5.73 
1964 4	   4.03   31.78   19.00    5.83 
1964 5	 122.10   33.17   21.17    4.73 
1964 6	  11.82   34.82   21.97    4.38 
1964 7	  23.42   37.05   23.16    3.83 
1964 8	   3.72   38.52   23.26    4.30 
1964 9	 150.73   34.99   21.81    3.40 
1964 10	  20.60   29.43   12.82    5.20 
1964 11	   5.88   27.54   13.49    5.82 
1964 12	  22.95   20.65    7.28    5.97 
1965 1	  17.95   23.24    8.08    5.52 
1965 2	  56.28   20.43    6.53    6.38 
1965 3	  30.92   23.79    9.24    6.51 
1965 4	  12.88   31.04   17.89    5.91 
1965 5	 132.98   31.43   20.85    6.45 
1965 6	  35.08   34.29   21.68    4.77 
1965 7	   4.72   36.81   21.68    3.64 
1965 8	  48.03   35.17   21.75    3.24 
1965 9	 110.15   34.58   21.09    4.25 
1965 10	 111.58   27.30   14.24    4.95 
1965 11	  44.47   27.36   15.59    3.80 
1965 12	  71.53   21.94   10.73    5.83 
1966 1	  62.68   15.67    4.51    6.46 
1966 2	  29.15   18.67    6.23    5.93 
1966 3	  16.35   25.02   12.18    5.25 
1966 4	  79.00   30.54   17.66    5.50 
1966 5	 224.33   30.13   20.13    4.54 
1966 6	 110.50   32.59   21.32    4.24 
1966 7	  26.83   35.04   22.68    3.73 
1966 8	  26.40   36.52   23.60    4.28 
1966 9	  40.90   34.96   20.68    2.86 
1966 10	  62.00   29.84   15.01    4.73 
1966 11	   0.90   27.15   11.36    5.15 
1966 12	  17.23   21.93    6.50    5.97 
1967 1	  60.03   20.10    6.26    6.29 
1967 2	  33.05   22.16    7.29    6.35 
1967 3	  10.03   28.56   14.90    5.35 
1967 4	  29.92   33.23   20.50    6.43 
1967 5	  43.03   33.97   19.62    6.16 
1967 6	  13.88   36.03   21.96    5.10 
1967 7	  25.17   36.96   22.73    4.67 
1967 8	 192.38   34.55   21.41    3.85 
1967 9	 625.65   29.91   20.52    4.41 
1967 10	  69.80   27.89   15.18    4.58 
1967 11	  45.35   24.38   13.17    4.60 
1967 12	  53.63   20.23    7.79    5.62 
1968 1	  58.67   16.80    6.40    6.08 
1968 2	  53.67   18.35    5.78    5.43 
1968 3	  27.65   22.33    9.66    6.53 
1968 4	  42.82   28.34   17.11    6.46 
1968 5	 110.38   30.85   20.19    5.55 
1968 6	 137.48   32.84   21.68    4.34 
1968 7	 122.95   33.23   21.95    4.14 
1968 8	  22.35   34.98   21.05    3.62 
1968 9	  74.97   32.97   19.10    4.01 
1968 10	  87.60   30.64   16.62    4.60 
1968 11	  21.90   24.34    9.48    6.23 
1968 12	   3.62   21.95    6.43    6.53 
1969 1	  16.48   21.97    8.78    5.78 
1969 2	  53.35   22.32   10.13    6.07 
1969 3	  27.93   22.70    8.83    6.68 
1969 4	  34.65   29.65   16.09    5.84 
1969 5	 111.32   31.11   18.34    4.75 
1969 6	  16.10   34.91   21.42    4.96 
1969 7	   4.90   37.40   23.53    4.48 
1969 8	  69.37   36.26   22.40    3.56 
1969 9	  77.08   33.27   20.70    3.80 
1969 10	  58.08   30.12   15.99    6.33 
1969 11	  54.22   24.30    9.82    6.37 
1969 12	  18.27   22.96    7.95    5.07 
1970 1	  58.43   16.43    4.46    6.28 
1970 2	  26.62   22.67    7.43    6.30 
1970 3	  25.57   24.11    8.75    6.08 
1970 4	  20.40   30.48   17.04    6.32 
1970 5	 153.62   29.38   16.42    5.80 
1970 6	  49.90   32.57   20.60    5.07 
1970 7	  44.85   34.20   21.31    3.64 
1970 8	  26.85   35.41   21.25    3.56 
1970 9	 133.95   31.34   20.07    4.98 
1970 10	  25.55   27.84   14.07    5.63 
1970 11	   0.45   24.86    6.94    6.11 
1970 12	   1.90   25.77   12.41    5.73 
1971 1	   9.20   24.03    8.98    6.19 
1971 2	   9.35   25.25    8.03    6.26 
1971 3	   1.10   29.58   10.84    6.15 
1971 4	  76.57   29.09   14.57    5.83 
1971 5	  59.15   32.52   19.57    5.83 
1971 6	  97.95   34.13   21.97    5.52 
1971 7	  26.03   34.94   21.79    4.16 
1971 8	 128.88   33.99   20.96    3.55 
1971 9	 245.20   31.40   20.63    4.09 
1971 10	  98.28   29.55   17.89    5.02 
1971 11	  11.00   26.02   10.62    5.41 
1971 12	  34.92   23.10   10.05    5.15 
1972 1	  23.83   24.00    8.06    5.88 
1972 2	  47.47   22.74    7.68    5.84 
1972 3	  22.40   28.33   13.48    4.93 
1972 4	  22.50   31.35   17.23    5.57 
1972 5	 103.38   30.13   17.35    4.68 
1972 6	 132.75   32.36   21.05    4.48 
1972 7	  68.43   33.57   21.04    4.02 
1972 8	   4.80   35.37   20.08    4.09 
1972 9	  80.28   35.29   19.48    3.48 
1972 10	  13.85   31.30   16.32    5.10 
1972 11	  59.68   21.92    7.80    6.01 
1972 12	  19.95   21.06    5.03    5.75 
1973 1	  65.02   16.69    3.03    6.28 
1973 2	  93.03   19.02    5.63    6.85 
1973 3	   5.60   27.64   13.67    5.36 
1973 4	  28.53   27.76   14.23    6.90 
1973 5	  23.08   32.61   17.61    5.74 
1973 6	 285.55   33.12   21.51    5.38 
1973 7	  16.83   35.39   22.33    4.58 
1973 8	 145.95   33.49   20.86    3.71 
1973 9	 230.43   33.20   20.26    4.06 
1973 10	 130.27   29.54   16.53    4.98 
1973 11	  12.88   28.31   14.58    5.48 
1973 12	   8.85   23.26    6.43    6.34 
1974 1	  34.83   20.23    7.77    4.82 
1974 2	   2.20   25.00    6.60    6.31 
1974 3	  62.02   28.26   14.54    6.09 
1974 4	  24.17   29.90   15.45    6.10 
1974 5	  41.65   32.80   19.88    4.97 
1974 6	  46.40   34.06   19.32    4.95 
1974 7	  39.50   35.08   20.64    4.03 
1974 8	  26.05   37.01   21.72    4.09 
1974 9	 147.75   32.16   18.23    5.36 
1974 10	  90.03   29.16   15.07    5.52 
1974 11	  18.05   23.87   10.45    5.49 
1974 12	  35.88   19.25    6.55    5.64 
1975 1	  44.17   22.14    6.29    5.14 
1975 2	  10.55   23.25    7.56    5.34 
1975 3	   8.60   28.34   12.35    5.85 
1975 4	   7.57   30.56   16.61    6.07 
1975 5	 108.35   32.42   20.79    5.40 
1975 6	  64.40   33.98   22.11    5.11 
1975 7	 135.65   34.10   21.62    3.91 
1975 8	 143.23   33.77   21.71    3.67 
1975 9	  51.40   31.82   19.05    3.80 
1975 10	  43.65   30.15   15.52    4.93 
1975 11	   2.25   25.48   10.14    5.51 
1975 12	  12.35   21.75    6.49    6.06 
1976 1	  17.48   20.90    4.90    6.05 
1976 2	   0.32   26.42    8.56    6.03 
1976 3	  35.85   26.79   13.97    6.30 
1976 4	  98.28   28.48   17.40    6.05 
1976 5	  42.85   29.93   17.75    5.06 
1976 6	  14.60   34.58   20.75    4.50 
1976 7	 229.50   32.54   21.72    4.57 
1976 8	  26.93   34.58   20.58    2.89 
1976 9	  57.80   33.33   20.33    3.69 
1976 10	 153.30   25.41   12.20    5.45 
1976 11	 107.03   19.10    7.95    6.74 
1976 12	  46.12   17.18    5.85    6.11 
1977 1	  53.20   15.15    4.15    5.50 
1977 2	  25.35   20.86    7.31    5.62 
1977 3	   6.35   25.20   11.30    5.56 
1977 4	  30.12   27.92   15.22    4.86 
1977 5	  52.60   30.64   20.32    5.24 
1977 6	 107.98   33.46   21.85    4.23 
1977 7	   3.80   35.17   21.98    3.95 
1977 8	  42.90   37.04   22.25    4.07 
1977 9	  78.45   34.89   22.97    3.84 
1977 10	  59.22   30.39   16.96    4.40 
1977 11	  17.12   27.17   12.46    5.10 
1977 12	   4.78   23.58    7.59    5.66 
1978 1	  26.27   15.78    3.86    6.25 
1978 2	  14.20   17.33    4.72    6.25 
1978 3	   0.05   26.89    9.91    5.37 
1978 4	  32.05   29.88   16.95    6.09 
1978 5	  34.38   33.70   21.04    5.22 
1978 6	  82.03   34.83   22.12    3.92 
1978 7	  49.25   36.82   22.77    4.25 
1978 8	  44.75   35.48   22.17    3.92 
1978 9	 137.32   32.03   22.06    4.51 
1978 10	  45.15   28.45   16.00    4.89 
1978 11	  25.15   24.35   14.39    5.61 
1978 12	  54.12   20.84    8.11    6.07 
1979 1	  27.60   16.88    4.49    6.70 
1979 2	  12.75   19.77    7.21    5.84 
1979 3	  13.93   25.90   13.78    6.23 
1979 4	 119.65   29.56   17.97    5.20 
1979 5	  39.90   30.22   18.28    5.83 
1979 6	 109.43   33.11   21.14    4.53 
1979 7	  38.60   36.01   23.34    4.26 
1979 8	  34.70   36.04   22.44    3.62 
1979 9	 152.85   31.08   19.10    4.97 
1979 10	   6.20   31.91   16.22    4.54 
1979 11	   4.98   24.58    9.95    6.86 
1979 12	  42.20   20.11    8.00    6.31 
1980 1	   7.20   21.85    8.35    5.36 
1980 2	  28.30   20.65    7.79    5.89 
1980 3	   2.77   26.49   12.14    5.87 
1980 4	   1.45   29.81   14.00    5.69 
1980 5	 107.47   32.46   21.04    5.53 
1980 6	   0.92   36.84   23.28    4.88 
1980 7	  32.20   38.54   23.26    3.94 
1980 8	 224.72   34.62   23.26    4.87 
1980 9	  81.05   34.07   22.19    3.87 
1980 10	  32.28   27.83   15.83    5.52 
1980 11	  70.17   22.07    8.64    5.69 
1980 12	   5.60   20.39    8.55    5.29 
1981 1	  51.45   18.99    6.63    5.34 
1981 2	  23.18   20.81    8.69    5.77 
1981 3	  56.95   24.48   11.42    5.65 
1981 4	  47.97   29.52   18.89    5.83 
1981 5	 107.32   31.24   19.69    5.73 
1981 6	 167.05   33.27   22.92    5.11 
1981 7	  60.18   34.83   22.65    4.71 
1981 8	 131.65   35.44   22.59    3.78 
1981 9	  20.17   33.46   20.35    4.40 
1981 10	 122.25   29.77   17.14    5.49 
1981 11	   1.70   27.37   12.02    5.38 
1981 12	   9.80   22.46    8.04    5.75 
1982 1	   0.82   22.35    6.89    6.45 
1982 2	 112.55   20.02    6.92    5.81 
1982 3	   6.58   26.12   13.48    6.29 
1982 4	  41.47   28.63   16.51    5.93 
1982 5	 156.80   30.03   20.35    6.28 
1982 6	  13.10   35.00   22.53    5.29 
1982 7	   4.65   37.03   22.72    4.74 
1982 8	  23.23   37.11   22.60    3.84 
1982 9	  14.67   35.88   20.79    4.01 
1982 10	  44.80   29.70   16.75    4.98 
1982 11	  37.35   24.64   12.41    5.36 
1982 12	  18.35   21.47    8.67    5.57 
1983 1	  18.45   18.75    6.39    4.91 
1983 2	  95.55   22.37    8.16    5.61 
1983 3	  33.40   25.87   11.28    5.07 
1983 4	   0.00   29.73   13.74    6.48 
1983 5	  57.22   31.61   20.30    5.98 
1983 6	  63.47   34.02   21.90    4.57 
1983 7	 105.15   34.19   23.40    4.19 
1983 8	  57.58   35.86   23.04    3.39 
1983 9	  67.17   33.06   20.95    4.83 
1983 10	  75.70   30.04   17.14    4.56 
1983 11	  31.77   27.36   12.71    5.59 
1983 12	  10.42   16.80    3.61    6.28 
1984 1	  75.57   15.96    5.68    6.21 
1984 2	   4.50   22.88    8.88    5.72 
1984 3	   2.15   27.43   12.84    5.81 
1984 4	   0.40   33.10   16.03    5.61 
1984 5	  97.30   32.36   19.22    5.70 
1984 6	  48.07   34.18   21.45    5.62 
1984 7	  25.40   35.86   22.23    4.25 
1984 8	  12.27   36.54   22.24    4.22 
1984 9	  46.73   31.28   20.58    5.23 
1984 10	  98.65   29.98   19.82    5.38 
1984 11	  15.70   25.03   12.06    5.99 
1984 12	  32.83   24.23   13.76    5.55 
1985 1	  41.80   15.93    4.11    5.69 
1985 2	  56.32   18.14    7.59    6.15 
1985 3	  47.32   25.57   15.69    5.89 
1985 4	  22.05   29.49   17.21    5.69 
1985 5	 141.32   32.43   20.12    4.74 
1985 6	  88.48   33.29   22.14    4.73 
1985 7	  28.48   35.03   22.22    4.37 
1985 8	  31.02   37.52   22.77    3.75 
1985 9	 107.17   34.55   21.78    4.28 
1985 10	 142.62   29.18   18.24    5.89 
1985 11	  17.85   26.64   15.39    5.68 
1985 12	  13.65   19.14    7.18    5.92 
1986 1	  18.00   21.64    6.98    5.52 
1986 2	  26.27   24.82    9.94    5.43 
1986 3	   8.25   27.44   11.28    5.15 
1986 4	  23.98   30.95   18.79    5.61 
1986 5	  79.40   31.42   20.16    5.64 
1986 6	  64.68   33.62   22.77    4.45 
1986 7	  25.00   36.38   22.76    4.54 
1986 8	  33.35   36.53   22.62    3.59 
1986 9	  65.40   34.15   22.95    4.78 
1986 10	  75.45   29.32   17.37    5.37 
1986 11	  36.97   22.81   12.50    5.80 
1986 12	  93.23   17.61    8.06    5.99 
1987 1	  23.08   18.98    6.36    5.36 
1987 2	  88.15   21.50    9.47    5.47 
1987 3	  18.95   23.16    9.57    5.67 
1987 4	  28.98   28.13   11.84    4.98 
1987 5	 123.43   31.31   20.29    5.38 
1987 6	 147.75   32.42   22.30    4.20 
1987 7	  52.97   34.59   22.76    4.50 
1987 8	  51.08   36.90   23.06    4.47 
1987 9	  44.28   34.36   21.15    4.58 
1987 10	  24.23   30.27   15.14    5.01 
1987 11	  35.58   24.58   11.22    5.89 
1987 12	  16.72   21.68    9.84    5.94 
1988 1	  22.35   16.63    5.70    6.41 
1988 2	  26.33   20.30    8.35    6.02 
1988 3	  22.27   25.75   11.87    6.27 
1988 4	   4.12   30.11   15.07    4.66 
1988 5	  19.00   31.96   19.29    5.38 
1988 6	  25.28   35.12   21.17    3.97 
1988 7	  57.35   36.36   23.71    4.54 
1988 8	  49.38   35.85   23.38    3.49 
1988 9	 134.47   33.27   20.79    4.90 
1988 10	  68.43   30.81   17.10    4.49 
1988 11	   0.17   27.73   13.97    6.28 
1988 12	   2.60   22.93    9.41    6.32 
1989 1	  17.10   22.46   11.61    5.37 
1989 2	   5.68   19.93    9.20    7.00 
1989 3	   0.10   27.64   10.77    6.02 
1989 4	  50.17   30.04   16.11    5.42 
1989 5	  11.77   34.39   22.67    6.04 
1989 6	  60.23   35.59   23.22    5.10 
1989 7	  56.37   36.73   23.28    4.15 
1989 8	  16.08   36.04   23.14    4.18 
1989 9	  55.83   33.79   19.77    4.75 
1989 10	  26.30   31.29   15.81    4.93 
1989 11	  15.35   26.29   13.88    5.43 
1989 12	  42.48   15.13    2.62    6.75 
1990 1	   7.62   22.49   10.25    5.68 
1990 2	  84.50   24.03   11.40    5.33 
1990 3	  11.60   25.45   13.77    6.60 
1990 4	  65.07   28.04   17.61    6.56 
1990 5	  41.13   32.04   22.00    6.27 
1990 6	   5.30   36.62   23.30    5.38 
1990 7	  34.70   35.10   22.71    4.38 
1990 8	  26.55   36.68   22.93    4.07 
1990 9	  76.53   33.07   21.31    3.58 
1990 10	  24.87   30.40   15.16    4.96 
1990 11	  46.08   26.47   13.41    5.93 
1990 12	  12.33   21.58    7.92    5.66 
1991 1	  18.53   17.51    6.46    5.37 
1991 2	  37.57   22.65    9.98    5.77 
1991 3	  18.33   29.13   13.98    6.11 
1991 4	  36.83   30.40   19.44    5.47 
1991 5	 146.05   32.21   21.46    5.09 
1991 6	 107.67   35.10   23.42    4.70 
1991 7	  34.35   34.65   23.37    4.13 
1991 8	  36.90   37.29   23.45    3.92 
1991 9	  99.57   31.46   20.66    3.85 
1991 10	  37.78   31.75   17.77    4.57 
1991 11	   2.98   22.15    9.95    6.93 
1991 12	 104.95   20.54   12.05    6.09 
1992 1	  87.28   16.52    8.50    5.92 
1992 2	  79.32   22.68   11.93    5.27 
1992 3	  41.95   26.26   14.02    5.78 
1992 4	  66.97   27.13   16.02    5.16 
1992 5	 103.70   28.75   18.90    4.99 
1992 6	  77.57   34.49   22.83    4.18 
1992 7	  35.22   35.79   23.65    5.47 
1992 8	  59.30   35.12   22.12    2.85 
1992 9	  60.90   33.27   21.74    4.22 
1992 10	  30.30   30.23   16.80    4.50 
1992 11	  37.45   23.35   11.39    6.09 
1992 12	  41.18   20.59   10.77    4.37 
1993 1	  29.17   18.79    7.76    4.78 
1993 2	  46.80   21.61   10.90    5.78 
1993 3	  58.00   24.45   12.72    4.63 
1993 4	  67.30   28.56   15.02    6.13 
1993 5	  79.27   30.07   18.67    4.77 
1993 6	 259.63   32.20   22.98    5.04 
1993 7	   1.00   35.10   23.48    5.19 
1993 8	   6.50   36.58   22.76    4.05 
1993 9	  56.80   34.06   21.09    4.05 
1993 10	  33.82   30.09   16.01    5.60 
1993 11	  16.58   22.35    9.75    5.71 
1993 12	  55.97   22.15    9.58    5.27 
1994 1	  27.80   21.05    8.29    6.24 
1994 2	  10.05   21.68    9.35    6.57 
1994 3	  78.12   25.83   13.35    5.28 
1994 4	  43.92   28.77   16.89    5.46 
1994 5	  40.90   31.25   20.21    5.05 
1994 6	  78.13   35.81   23.09    4.39 
1994 7	  24.23   37.33   23.46    4.88 
1994 8	  22.52   35.62   22.66    3.65 
1994 9	  51.08   33.17   19.51    3.20 
1994 10	 100.55   29.59   18.15    4.99 
1994 11	   0.22   28.30   16.14    5.36 
1994 12	  49.55   22.17   11.52    5.45 
1995 1	  10.18   20.43    8.27    6.20 
1995 2	  19.55   24.58   10.01    5.49 
1995 3	  64.97   24.20   12.56    5.12 
1995 4	  21.90   29.38   16.15    6.09 
1995 5	  54.72   33.83   21.94    5.87 
1995 6	  43.15   33.91   22.02    4.80 
1995 7	  21.08   36.11   23.57    3.94 
1995 8	 101.33   34.74   23.61    3.01 
1995 9	 105.33   33.92   21.22    3.63 
1995 10	 111.18   29.77   16.35    6.10 
1995 11	  96.65   23.66   12.35    5.04 
1995 12	  18.65   20.55   10.78    6.50 
1996 1	   4.05   22.55    5.25    6.37 
1996 2	   1.42   23.35    9.49    6.55 
1996 3	   5.18   24.08    9.08    6.32 
1996 4	  16.12   30.22   14.59    6.12 
1996 5	  27.17   33.83   22.29    6.25 
1996 6	  43.15   35.88   22.91    4.75 
1996 7	   4.18   37.72   23.80    4.64 
1996 8	 140.45   35.04   23.52    4.60 
1996 9	  43.60   33.66   22.20    4.26 
1996 10	  30.05   29.98   17.68    5.00 
1996 11	  19.52   26.59   13.45    5.68 
1996 12	  14.80   22.49    9.23    5.58 
1997 1	   8.65   17.62    7.30    6.06 
1997 2	  26.67   21.50    9.84    5.90 
1997 3	  84.55   25.97   14.81    4.55 
1997 4	  70.57   25.75   15.03    5.56 
1997 5	 152.85   30.99   19.57    4.30 
1997 6	  52.35   34.63   22.41    4.76 
1997 7	   2.95   37.85   23.88    3.88 
1997 8	   5.28   38.38   24.00    3.65 
1997 9	  55.53   35.06   21.81    3.29 
1997 10	 147.25   28.34   17.42    5.51 
1997 11	  47.35   21.90   11.71    5.17 
1997 12	   9.72   21.73    6.34    5.99 
1998 1	  12.98   24.63   10.35    5.29 
1998 2	  74.50   24.16    9.80    5.48 
1998 3	  38.33   25.19   12.33    6.84 
1998 4	   1.47   30.12   15.06    5.63 
1998 5	   0.00   35.70   21.06    5.00 
1998 6	  10.52   39.04   24.88    5.84 
1998 7	  11.25   39.46   24.52    4.23 
1998 8	  74.95   38.36   24.08    3.73 
1998 9	 177.45   33.20   23.16    3.36 
1998 10	 154.45   29.57   18.54    6.07 
1998 11	  51.10   25.23   15.66    5.07 
1998 12	  10.85   21.21    8.96    6.09 
1999 1	   2.55   24.25    8.26    6.30 
1999 2	   3.25   27.16   12.48    5.67 
1999 3	  49.48   27.96   14.58    6.06 
1999 4	   1.42   32.32   19.27    6.37 
1999 5	  48.93   33.67   20.79    5.13 
1999 6	  64.38   35.01   23.46    4.66 
1999 7	 101.82   34.94   22.98    4.06 
1999 8	 159.95   36.70   22.91    2.86 
1999 9	 148.45   32.98   20.34    3.88 
1999 10	  48.00   28.96   15.05    5.11 
1999 11	  13.30   26.98   11.86    4.79 
1999 12	   6.00   22.40    7.61    5.95 
2000 1	  15.45   24.52   10.21    5.54 
2000 2	  12.20   26.94   12.77    5.85 
2000 3	  48.35   29.07   16.38    5.29 
2000 4	   9.18   30.82   16.62    5.61 
2000 5	  83.85   33.50   22.09    6.01 
2000 6	  40.75   34.85   22.85    5.27 
2000 7	   8.38   38.52   22.77    4.08 
2000 8	  28.75   37.05   22.27    3.26 
2000 9	  31.38   36.32   19.88    4.05 
2000 10	 121.65   29.22   16.93    5.17 
2000 11	  37.03   23.75   11.57    5.51 
2000 12	  16.65   17.87    4.97    5.94 
2001 1	  19.13   19.50    6.75    5.76 
2001 2	  30.75   24.19   11.67    5.88 
2001 3	  35.10   24.62   10.13    5.16 
2001 4	  12.77   31.56   18.63    6.40 
2001 5	  35.33   33.84   19.99    4.88 
2001 6	  30.30   36.89   23.03    3.93 
2001 7	   8.65   38.04   23.36    4.10 
2001 8	  96.15   37.00   23.35    4.14 
2001 9	  71.32   32.84   20.96    4.68 
2001 10	   6.03   30.55   15.80    4.98 
2001 11	  78.83   26.03   13.85    5.07 
2001 12	  39.88   21.60    8.48    5.21 
2002 1	   3.82   22.12    9.20    5.89 
2002 2	  14.40   20.89    6.55    5.96 
2002 3	   1.20   26.40   12.67    6.19 
2002 4	   7.70   31.58   19.94    5.17 
2002 5	  48.22   33.91   21.53    5.82 
2002 6	  36.28   35.57   22.78    4.07 
2002 7	  83.50   34.93   24.06    4.47 
2002 8	  16.60   36.76   24.13    3.56 
2002 9	 157.73   32.79   21.33    4.15 
2002 10	 119.35   29.91   19.54    4.44 
2002 11	  74.85   22.97   10.52    5.55 
2002 12	  16.98   21.08    8.37    6.15 
2003 1	  29.75   18.23    6.78    5.30 
2003 2	  71.70   20.86    9.96    6.06 
2003 3	  43.22   24.16   12.67    4.55 
2003 4	  13.70   28.72   17.42    5.59 
2003 5	  16.25   34.68   22.50    5.33 
2003 6	  57.15   35.69   23.49    3.69 
2003 7	 127.00   34.59   23.46    4.50 
2003 8	  93.72   36.50   23.56    3.34 
2003 9	 203.47   31.44   21.54    3.73 
2003 10	 205.92   28.62   17.17    4.64 
2003 11	  32.12   25.94   13.26    5.65 
2003 12	   2.25   22.44    7.38    5.66 
2004 1	  31.52   20.41    9.41    5.92 
2004 2	  16.10   21.64    8.51    5.66 
2004 3	  78.00   26.67   15.93    5.24 
2004 4	  66.63   27.38   16.76    6.01 
2004 5	  46.38   30.84   20.20    5.96 
2004 6	 148.98   34.68   23.37    4.96 
2004 7	   8.57   35.51   23.46    4.20 
2004 8	  58.57   36.11   23.28    3.59 
2004 9	  53.85   32.94   21.74    2.68 
2004 10	  67.80   32.53   20.19    4.91 
2004 11	  35.02   26.59   13.60    5.32 
2004 12	  11.10   20.57    7.30    5.77 
2005 1	  34.30   22.11   10.40    5.54 
2005 2	  39.35   21.49   12.62    5.82 
2005 3	  18.32   26.87   12.89    4.82 
2005 4	   6.05   30.25   14.87    5.06 
2005 5	  31.58   32.39   20.14    5.09 
2005 6	   1.45   36.55   23.04    4.68 
2005 7	 104.47   36.39   23.39    3.91 
2005 8	  15.32   37.49   23.57    3.83 
2005 9	  57.70   36.34   23.09    3.75 
2005 10	  80.50   30.70   16.09    4.88 
2005 11	  30.15   27.83   12.16    5.77 
2005 12	  13.00   21.27    7.23    5.86 
2006 1	   2.30   24.93    8.09    5.31 
2006 2	   4.58   23.88    6.95    5.84 
2006 3	  24.15   29.06   16.03    6.20 
2006 4	  10.92   33.50   19.23    5.53 
2006 5	  41.20   35.06   20.36    5.53 
2006 6	  97.65   35.47   21.86    3.30 
2006 7	 155.27   34.91   23.24    4.15 
2006 8	   2.62   36.77   23.59    3.48 
2006 9	 179.82   33.14   21.18    3.89 
2006 10	  99.22   29.44   18.11    4.70 
2006 11	   0.93   27.10   12.08    5.00 
2006 12	  86.35   20.54    8.14    5.66 
2007 1	  89.92   16.91    6.67    5.92 
2007 2	   3.97   21.97    8.64    5.48 
2007 3	  38.75   27.07   14.83    5.89 
2007 4	  23.38   27.07   14.81    5.12 
2007 5	  86.88   31.11   19.19    4.90 
2007 6	  97.57   34.26   22.48    5.00 
2007 7	 204.07   33.15   23.31    4.80 
2007 8	  78.65   34.48   22.89    3.61 
2007 9	  67.40   32.93   21.41    2.61 
2007 10	  18.00   31.58   15.19    4.74 
2007 11	   5.88   26.23   12.38    5.00 
2007 12	   2.10   24.98    9.12    4.75 
2008 1	  31.70   20.83    6.26    6.37 
2008 2	   2.80   27.56   10.34    5.73 
2008 3	   0.62   29.05   11.39    6.54 
2008 4	  24.62   31.53   16.31    5.98 
2008 5	  30.40   34.75   21.20    5.47 
2008 6	  14.75   36.77   23.11    4.99 
2008 7	 323.35   33.36   22.78    4.73 
2008 8	  97.78   34.33   23.69    3.99 
2008 9	  74.80   31.83   19.94    4.14 
2008 10	  26.02   29.97   13.81    4.68 
2008 11	   8.90   26.37   10.35    5.04 
2008 12	   9.70   22.16    7.40    6.13 
2009 1	   3.70   23.86    7.19    5.27 
2009 2	   5.50   26.66    9.76    6.22 
2009 3	   8.15   27.36   12.16    5.86 
2009 4	   6.72   31.74   16.27    6.01 
2009 5	  39.62   34.60   21.28    5.29 
2009 6	  30.63   36.81   23.24    4.32 
2009 7	   5.75   39.51   24.28    4.49 
2009 8	  12.02   39.06   23.67    3.19 
2009 9	 123.45   33.00   21.29    3.06 
2009 10	  39.75   30.47   17.71    5.96 
2009 11	  80.52   25.51    9.95    5.96 
2009 12	  78.50   16.60    5.96    5.92 
2010 1	  49.33   19.69    5.78    6.41 
2010 2	  76.67   18.37    5.41    6.01 
2010 3	   9.35   25.39    9.08    5.45 
2010 4	 143.47   28.15   15.83    5.36 
2010 5	 143.18   33.00   20.35    5.09 
2010 6	 185.32   35.13   23.37    4.77 
2010 7	 142.88   33.32   23.52    4.55 
2010 8	   7.37   36.55   23.44    3.15 
2010 9	 213.30   32.83   21.70    4.28 
2010 10	   0.12   30.44   14.12    5.09 
2010 11	   3.58   26.74   10.40    5.99 
2010 12	   2.60   23.24    6.87    6.04 
