1949 1	  28.73   15.41    4.77    5.24 
1949 2	  86.03   20.43   10.15    4.86 
1949 3	  20.52   24.87   11.71    4.66 
1949 4	 147.25   25.07   14.24    4.48 
1949 5	  34.90   33.02   21.31    4.23 
1949 6	 169.08   35.52   22.55    3.81 
1949 7	  20.60   37.04   23.15    3.64 
1949 8	 124.20   36.74   22.03    2.88 
1949 9	  17.83   34.80   21.50    2.90 
1949 10	  89.75   28.93   16.46    3.86 
1949 11	   0.00   26.47    9.63    3.08 
1949 12	  92.60   19.31   10.05    4.54 
1950 1	   2.90   22.80   11.59    5.43 
1950 2	  65.53   22.59   10.28    4.46 
1950 3	   6.55   25.95   10.72    4.68 
1950 4	  29.33   29.72   16.32    4.79 
1950 5	 235.80   33.49   21.42    4.68 
1950 6	  77.90   34.90   22.47    4.05 
1950 7	  16.60   37.83   23.73    4.67 
1950 8	  25.78   37.19   22.59    2.80 
1950 9	 146.97   34.62   21.70    2.76 
1950 10	   4.65   31.67   16.88    2.89 
1950 11	   0.20   24.52   10.07    4.33 
1950 12	   0.00   21.90    5.09    4.01 
1951 1	   0.05   21.32    5.35    5.19 
1951 2	   9.12   21.75    6.50    5.87 
1951 3	  42.27   26.31   12.13    5.10 
1951 4	  35.38   30.83   15.28    4.61 
1951 5	  94.25   32.62   19.45    4.02 
1951 6	  58.80   36.41   22.99    4.96 
1951 7	   0.00   39.15   23.86    4.04 
1951 8	  15.47   39.94   23.29    3.51 
1951 9	  64.58   35.74   21.18    3.21 
1951 10	  28.93   32.16   16.58    3.31 
1951 11	  13.97   23.65    8.44    4.84 
1951 12	   2.47   22.22    6.55    4.64 
1952 1	   1.23   24.67    9.64    5.28 
1952 2	  24.50   24.27    8.94    4.60 
1952 3	  29.50   26.12   11.29    4.69 
1952 4	  13.10   29.74   14.76    4.62 
1952 5	 106.52   34.25   18.05    3.95 
1952 6	  76.82   35.77   22.30    3.82 
1952 7	  19.95   38.49   22.37    3.07 
1952 8	   0.00   40.22   23.53    3.90 
1952 9	   1.30   36.03   19.98    2.60 
1952 10	   0.00   31.08   12.65    2.83 
1952 11	  33.97   23.48   11.17    4.37 
1952 12	  21.92   18.28    7.13    4.24 
1953 1	   0.15   23.71    7.25    4.21 
1953 2	  30.70   21.11    8.17    4.65 
1953 3	  10.95   29.15   16.11    4.63 
1953 4	  49.27   32.82   16.58    3.96 
1953 5	  94.95   34.75   19.67    4.43 
1953 6	  13.80   39.81   24.12    3.97 
1953 7	   0.43   39.85   24.00    3.72 
1953 8	 127.28   37.08   23.11    2.74 
1953 9	  47.30   34.65   18.63    2.52 
1953 10	 127.32   28.63   15.71    2.82 
1953 11	   0.00   23.82    9.20    3.30 
1953 12	  19.32   16.76    4.06    4.20 
1954 1	  24.23   20.85    7.37    4.35 
1954 2	   0.00   25.16   10.52    3.69 
1954 3	   3.42   26.76   11.65    4.72 
1954 4	  64.30   31.10   18.51    5.15 
1954 5	 109.28   32.77   18.19    3.96 
1954 6	 123.30   36.52   23.04    4.18 
1954 7	  16.00   38.03   22.88    3.67 
1954 8	  34.57   37.10   23.34    3.67 
1954 9	   8.27   36.87   20.77    2.27 
1954 10	  50.45   31.24   17.00    3.06 
1954 11	  35.50   24.67    9.74    3.32 
1954 12	   1.27   24.36    6.87    3.88 
1955 1	  28.27   19.56    5.83    4.90 
1955 2	  45.83   22.24    7.49    5.28 
1955 3	   0.85   28.79   11.15    5.32 
1955 4	   0.67   33.47   16.40    4.23 
1955 5	  83.60   35.82   20.98    4.27 
1955 6	  11.88   36.83   21.29    3.95 
1955 7	  35.03   38.05   23.26    3.53 
1955 8	 117.62   38.14   22.96    2.43 
1955 9	  14.50   34.41   21.85    2.39 
1955 10	  30.07   31.15   12.98    3.03 
1955 11	  32.70   24.09    9.90    4.29 
1955 12	   7.25   22.14    4.61    3.59 
1956 1	  13.00   20.88    4.43    3.94 
1956 2	  11.45   22.98    8.01    4.80 
1956 3	   1.50   27.66   10.82    4.52 
1956 4	  24.45   29.54   15.64    4.37 
1956 5	   5.25   34.28   19.71    4.17 
1956 6	  13.88   37.53   21.87    3.27 
1956 7	 109.65   37.62   21.53    3.74 
1956 8	  17.50   38.30   21.92    3.26 
1956 9	  23.90   36.34   19.62    2.26 
1956 10	  18.23   32.97   16.14    2.55 
1956 11	   1.27   23.24    7.83    3.95 
1956 12	  13.62   22.11    6.09    4.12 
1957 1	   8.15   19.81    6.58    4.75 
1957 2	  31.22   25.16   11.95    3.76 
1957 3	  27.10   26.90   11.42    4.08 
1957 4	  77.35   27.77   14.87    4.89 
1957 5	 139.62   31.57   19.40    4.32 
1957 6	  17.45   35.64   21.85    3.40 
1957 7	   0.03   39.85   22.20    3.78 
1957 8	   0.08   39.77   22.51    2.94 
1957 9	 108.70   34.45   18.88    2.48 
1957 10	  53.05   27.80   14.06    3.54 
1957 11	  64.73   21.04    8.43    4.38 
1957 12	  27.67   21.97    4.83    4.26 
1958 1	 103.25   16.95    3.28    4.31 
1958 2	 127.28   17.60    5.33    4.61 
1958 3	  13.62   20.66    7.87    4.58 
1958 4	   4.88   28.94   13.91    4.41 
1958 5	  63.57   32.21   17.45    3.12 
1958 6	  15.85   36.62   22.21    3.90 
1958 7	  48.72   38.01   22.54    3.86 
1958 8	   4.85   39.70   22.00    3.43 
1958 9	 177.35   33.05   21.73    2.60 
1958 10	 247.15   24.68   15.76    3.42 
1958 11	  19.62   23.28   10.82    3.43 
1958 12	  16.90   17.69    4.58    4.01 
1959 1	  16.20   17.37    3.48    4.55 
1959 2	  76.22   18.01    7.69    4.23 
1959 3	   0.03   24.42    8.05    4.51 
1959 4	  44.58   27.31   12.88    4.40 
1959 5	  68.68   35.09   19.30    4.27 
1959 6	  68.45   37.32   21.32    3.31 
1959 7	  17.68   38.66   21.86    3.08 
1959 8	  23.70   38.29   22.60    3.01 
1959 9	 159.43   36.98   21.39    3.33 
1959 10	  59.52   29.62   15.88    3.38 
1959 11	  45.77   21.73    5.97    3.93 
1959 12	  17.78   21.32    5.68    4.12 
1960 1	  21.47   16.89    5.75    4.57 
1960 2	  29.72   20.22    3.58    4.88 
1960 3	   9.95   21.97    7.64    4.54 
1960 4	  27.00   31.99   15.00    4.85 
1960 5	  54.20   33.05   17.49    4.53 
1960 6	  39.33   38.12   21.91    3.53 
1960 7	  61.88   38.26   22.86    3.11 
1960 8	  92.45   36.56   23.39    3.53 
1960 9	  65.65   34.70   18.76    2.25 
1960 10	 181.62   31.02   17.97    3.20 
1960 11	  93.55   23.22   11.80    3.43 
1960 12	 110.93   15.59    4.13    4.19 
1961 1	  45.15   15.70    3.41    4.16 
1961 2	  16.02   22.37    6.25    4.43 
1961 3	   0.08   27.81   10.92    4.40 
1961 4	  58.50   30.05   12.75    4.64 
1961 5	   1.25   35.00   19.20    4.50 
1961 6	 128.25   35.91   22.18    3.55 
1961 7	  78.95   36.04   21.64    3.73 
1961 8	  62.27   36.40   20.65    1.82 
1961 9	   0.70   35.17   20.43    3.87 
1961 10	   5.40   31.24   14.15    3.53 
1961 11	  27.82   22.38    8.73    4.01 
1961 12	  13.25   19.98    5.92    3.69 
1962 1	   6.65   16.51    0.42    4.64 
1962 2	   0.00   28.70    9.84    4.11 
1962 3	  10.35   25.68    7.77    4.48 
1962 4	  55.45   31.39   14.10    4.53 
1962 5	  46.62   35.29   19.29    4.98 
1962 6	  64.20   36.32   21.45    3.79 
1962 7	   0.00   39.46   23.09    3.76 
1962 8	  21.50   39.28   22.98    2.71 
1962 9	  85.40   35.74   21.23    2.42 
1962 10	  12.40   32.89   18.43    3.44 
1962 11	  35.42   25.30    9.76    3.46 
1962 12	  23.15   18.44    5.70    3.75 
1963 1	   8.00   16.32    1.21    4.16 
1963 2	  29.70   21.64    3.96    4.04 
1963 3	   0.40   28.40   11.61    4.54 
1963 4	  24.20   34.40   18.29    5.23 
1963 5	  78.70   34.03   19.89    3.99 
1963 6	 103.45   37.13   22.71    4.22 
1963 7	   9.30   37.97   22.76    3.81 
1963 8	   0.08   39.46   22.99    2.97 
1963 9	  35.83   35.37   20.57    2.05 
1963 10	  12.83   32.28   16.09    2.76 
1963 11	  31.88   25.99   11.22    4.31 
1963 12	  50.40   15.06    2.55    4.39 
1964 1	  11.40   19.41    3.58    4.01 
1964 2	  31.50   18.87    4.88    4.08 
1964 3	  50.55   25.94    9.60    4.56 
1964 4	   7.62   32.32   17.02    4.65 
1964 5	  73.83   34.31   20.03    3.78 
1964 6	  12.77   37.00   22.02    3.40 
1964 7	  17.70   39.17   23.43    3.29 
1964 8	 126.20   38.56   23.40    3.63 
1964 9	 179.10   34.51   21.51    2.48 
1964 10	  30.30   29.03   12.26    3.19 
1964 11	  33.03   26.25   11.65    4.01 
1964 12	   3.67   20.30    5.00    4.19 
1965 1	   2.25   22.76    5.90    3.89 
1965 2	  51.20   19.02    4.93    4.36 
1965 3	  17.95   23.21    7.62    4.84 
1965 4	   6.72   32.70   16.80    4.64 
1965 5	 128.12   32.88   20.11    4.80 
1965 6	   2.15   37.23   22.05    3.92 
1965 7	   6.07   39.23   22.03    3.18 
1965 8	  20.03   37.70   22.14    2.42 
1965 9	  88.32   36.23   21.11    3.01 
1965 10	  26.25   27.96   14.08    3.17 
1965 11	  50.30   26.21   14.01    2.55 
1965 12	  82.40   20.70    8.65    4.02 
1966 1	  47.20   15.18    2.12    4.34 
1966 2	  35.28   18.44    4.18    4.33 
1966 3	   7.05   24.85    9.96    3.97 
1966 4	 159.50   30.77   15.66    4.07 
1966 5	 141.73   30.26   18.58    3.69 
1966 6	  21.73   34.33   20.28    3.11 
1966 7	   0.35   37.88   22.51    3.08 
1966 8	  75.72   37.49   22.49    3.37 
1966 9	  97.15   34.64   20.08    2.09 
1966 10	  31.08   30.37   13.14    3.01 
1966 11	   0.00   27.71    9.58    3.54 
1966 12	   0.00   22.30    3.18    4.28 
1967 1	   7.32   19.68    3.68    4.48 
1967 2	  24.25   20.93    5.47    4.68 
1967 3	  19.30   29.23   13.14    4.46 
1967 4	  56.18   33.93   18.71    5.14 
1967 5	  29.65   35.26   18.75    4.54 
1967 6	  40.95   37.49   22.22    4.00 
1967 7	   9.75   38.83   23.01    3.82 
1967 8	 208.07   35.70   21.47    2.69 
1967 9	 261.65   30.22   19.02    2.52 
1967 10	  29.88   28.47   13.17    2.95 
1967 11	  58.13   23.41   10.29    3.14 
1967 12	  34.77   18.43    5.10    3.79 
1968 1	  41.78   16.50    5.04    4.56 
1968 2	  44.10   17.65    3.69    4.07 
1968 3	  24.65   22.07    8.42    5.09 
1968 4	  64.10   28.07   15.29    4.80 
1968 5	  25.38   32.27   19.66    4.35 
1968 6	  56.45   35.45   21.22    3.03 
1968 7	  46.22   35.76   22.02    3.12 
1968 8	  32.85   37.84   21.79    2.87 
1968 9	 114.72   32.43   19.22    2.68 
1968 10	 108.23   30.53   16.20    2.91 
1968 11	  38.92   24.75    7.43    4.10 
1968 12	   1.88   21.17    5.09    4.63 
1969 1	  10.32   21.03    5.71    4.30 
1969 2	  27.00   21.40    7.37    4.32 
1969 3	   0.92   22.73    6.72    4.72 
1969 4	  54.90   30.47   15.64    4.55 
1969 5	  37.97   32.24   18.42    3.24 
1969 6	  43.38   37.27   21.82    3.69 
1969 7	  27.17   38.99   23.27    3.49 
1969 8	  53.02   38.05   23.14    2.50 
1969 9	  35.50   35.12   20.86    2.18 
1969 10	 144.18   29.96   16.19    4.03 
1969 11	  38.88   22.74    8.45    4.23 
1969 12	  32.00   21.49    6.84    3.41 
1970 1	  38.93   14.45    2.72    4.16 
1970 2	  37.23   21.46    6.50    4.62 
1970 3	   4.05   23.79    7.56    4.44 
1970 4	  18.30   31.53   16.08    5.00 
1970 5	 115.45   30.85   16.30    4.14 
1970 6	  11.35   34.52   21.20    3.56 
1970 7	  27.25   36.70   22.18    2.52 
1970 8	  86.55   36.71   22.53    2.52 
1970 9	 129.68   32.87   20.65    3.13 
1970 10	   1.52   27.93   13.67    3.34 
1970 11	   0.00   25.79    5.28    4.20 
1970 12	   1.00   24.09   10.08    4.51 
1971 1	   0.05   24.16    6.46    4.62 
1971 2	  12.10   24.25    6.22    4.89 
1971 3	   0.00   29.44    9.26    4.67 
1971 4	   1.65   30.65   13.03    4.40 
1971 5	  15.68   34.60   18.96    4.55 
1971 6	 302.62   35.00   21.79    4.08 
1971 7	   3.97   36.01   21.37    3.17 
1971 8	 125.93   32.99   20.18    2.31 
1971 9	 224.18   31.50   19.17    2.70 
1971 10	 295.67   28.25   15.71    3.09 
1971 11	   7.32   24.70    8.52    3.41 
1971 12	  30.38   22.03    6.71    3.74 
1972 1	  49.10   21.86    4.10    4.32 
1972 2	   6.38   21.89    5.49    4.31 
1972 3	   7.00   28.51   10.98    3.67 
1972 4	   3.85   32.88   15.55    4.39 
1972 5	 114.65   30.50   16.92    3.42 
1972 6	 121.67   33.85   20.55    2.95 
1972 7	  19.90   35.26   20.26    2.72 
1972 8	  76.67   35.75   20.57    2.62 
1972 9	 116.92   35.04   19.75    2.14 
1972 10	   0.33   29.95   14.02    3.21 
1972 11	  33.90   21.48    5.23    3.96 
1972 12	  15.90   18.42    3.08    4.19 
1973 1	  51.22   17.11    0.38    4.80 
1973 2	 124.15   18.48    3.75    4.96 
1973 3	   0.00   27.82   11.07    3.93 
1973 4	  24.05   27.53   12.29    5.04 
1973 5	  21.75   33.54   16.18    4.35 
1973 6	 223.25   33.86   21.08    4.14 
1973 7	  30.40   35.54   21.08    3.61 
1973 8	  66.68   34.81   19.76    2.35 
1973 9	 184.82   32.99   20.13    2.81 
1973 10	 129.85   28.86   15.87    3.13 
1973 11	   1.25   26.99   12.05    3.67 
1973 12	   0.00   22.64    2.16    4.31 
1974 1	  23.25   19.24    4.05    3.75 
1974 2	   3.15   24.43    3.48    4.84 
1974 3	 117.22   28.84   12.56    5.13 
1974 4	  40.22   29.59   14.10    4.62 
1974 5	  52.50   33.19   19.28    4.03 
1974 6	  60.17   35.42   18.63    3.19 
1974 7	   3.83   36.81   20.24    3.10 
1974 8	 114.92   35.89   21.12    3.56 
1974 9	  94.92   29.91   16.33    3.21 
1974 10	  51.42   28.31   12.91    3.33 
1974 11	  28.82   22.33    7.34    3.65 
1974 12	  28.72   17.72    2.39    3.91 
1975 1	   6.75   21.51    4.34    4.05 
1975 2	  19.25   22.41    5.90    4.16 
1975 3	  23.42   28.82   10.29    4.76 
1975 4	  17.88   30.19   15.41    5.12 
1975 5	 119.47   32.55   19.26    4.29 
1975 6	  77.77   34.10   19.85    3.84 
1975 7	  73.40   34.31   20.02    2.94 
1975 8	  65.75   35.18   20.88    2.82 
1975 9	  84.43   31.94   17.69    2.27 
1975 10	  65.93   30.42   14.06    3.19 
1975 11	   0.00   26.13    8.37    3.67 
1975 12	   7.18   21.79    4.81    4.56 
1976 1	   5.65   19.41    2.08    4.26 
1976 2	   0.00   26.42    7.47    4.95 
1976 3	  24.25   26.44   11.92    4.77 
1976 4	 128.18   28.10   15.48    4.48 
1976 5	  76.42   29.83   16.24    3.65 
1976 6	  40.40   34.87   20.27    3.36 
1976 7	 221.15   31.74   20.31    3.21 
1976 8	  48.05   35.55   20.21    2.07 
1976 9	  41.40   34.19   20.15    2.51 
1976 10	 201.95   25.90   10.75    3.47 
1976 11	  80.88   19.57    5.72    4.27 
1976 12	  59.25   16.94    3.85    4.05 
1977 1	  37.92   16.12    1.62    4.05 
1977 2	  11.88   21.62    5.93    4.07 
1977 3	   0.25   26.45    9.78    4.37 
1977 4	  70.97   28.50   13.99    3.77 
1977 5	  54.42   30.68   19.62    4.56 
1977 6	  27.42   34.86   20.90    3.30 
1977 7	   1.38   36.78   21.68    3.46 
1977 8	  15.30   38.64   23.64    3.43 
1977 9	   4.85   36.86   22.16    3.00 
1977 10	  71.02   30.23   15.54    3.00 
1977 11	   6.12   26.51    9.30    3.33 
1977 12	  10.85   22.33    5.23    4.15 
1978 1	   5.70   14.10    1.87    4.73 
1978 2	  13.18   16.73    2.70    4.45 
1978 3	   0.05   27.23    8.64    3.96 
1978 4	   3.25   31.88   16.24    5.12 
1978 5	 102.28   34.84   20.81    4.29 
1978 6	  98.40   35.35   21.95    3.06 
1978 7	  50.97   38.41   23.13    3.70 
1978 8	  97.22   36.16   21.79    2.92 
1978 9	  85.38   31.17   21.02    2.88 
1978 10	  39.78   28.20   14.29    3.04 
1978 11	   9.70   23.56   12.38    4.03 
1978 12	  31.00   19.58    5.19    4.38 
1979 1	  20.60   13.96    2.61    5.02 
1979 2	  30.00   18.25    5.76    4.52 
1979 3	  35.92   25.28   11.88    4.85 
1979 4	 104.68   28.59   15.38    3.83 
1979 5	  46.58   31.03   17.24    4.34 
1979 6	 179.92   33.34   20.29    3.36 
1979 7	   7.32   37.58   23.20    3.27 
1979 8	   6.95   37.09   22.03    2.80 
1979 9	  22.40   33.92   18.28    2.90 
1979 10	   0.00   32.75   15.72    3.40 
1979 11	   0.92   23.20    7.46    4.47 
1979 12	  31.15   19.44    6.61    4.62 
1980 1	   7.22   19.79    6.12    4.15 
1980 2	  17.40   20.44    5.44    4.43 
1980 3	   4.55   25.84   10.57    4.53 
1980 4	   3.90   30.44   14.26    4.27 
1980 5	  73.30   33.75   20.20    4.50 
1980 6	   0.10   38.81   23.88    4.40 
1980 7	   7.57   39.76   23.95    3.65 
1980 8	 214.25   35.63   22.89    3.88 
1980 9	  34.67   35.00   22.13    2.80 
1980 10	   4.98   28.72   14.39    3.57 
1980 11	  80.62   21.70    7.60    3.95 
1980 12	   8.23   18.68    6.88    3.89 
1981 1	  47.03   17.27    5.65    4.03 
1981 2	  15.40   19.26    6.98    4.68 
1981 3	  55.05   23.40   10.26    4.33 
1981 4	 104.45   29.15   17.44    4.73 
1981 5	 156.52   31.47   19.02    4.56 
1981 6	 155.20   32.46   21.87    3.60 
1981 7	  25.10   35.61   22.03    3.93 
1981 8	  60.52   36.69   22.14    3.13 
1981 9	 114.00   32.59   19.45    3.20 
1981 10	 132.47   29.30   16.36    3.98 
1981 11	   0.00   26.69   10.46    3.53 
1981 12	   5.12   21.07    5.13    3.79 
1982 1	   0.30   20.87    4.79    4.73 
1982 2	  56.63   18.61    5.28    4.49 
1982 3	   8.48   25.75   12.57    5.17 
1982 4	  40.30   28.56   15.65    4.66 
1982 5	 120.20   29.88   18.95    4.88 
1982 6	  20.00   34.87   22.83    4.68 
1982 7	   0.05   38.01   23.37    4.44 
1982 8	   7.90   38.15   22.83    3.37 
1982 9	  71.80   35.04   20.56    2.80 
1982 10	  68.60   27.80   15.46    3.35 
1982 11	  44.47   23.05   10.86    4.05 
1982 12	  37.92   19.32    6.55    3.97 
1983 1	  22.75   17.28    4.94    3.47 
1983 2	  38.20   20.26    6.16    4.11 
1983 3	  11.92   24.94    9.66    4.14 
1983 4	   0.00   31.16   13.26    4.77 
1983 5	  51.30   33.06   19.47    4.33 
1983 6	  58.10   34.55   21.17    3.77 
1983 7	  34.00   35.79   22.88    3.22 
1983 8	  16.40   37.22   22.96    2.44 
1983 9	  66.70   33.96   20.57    3.18 
1983 10	  33.97   30.36   16.91    3.25 
1983 11	  37.85   26.63   11.28    3.83 
1983 12	   4.62   14.70    1.25    4.42 
1984 1	  38.20   14.70    4.05    4.59 
1984 2	   0.92   22.43    6.57    4.09 
1984 3	   2.55   27.89   10.87    4.76 
1984 4	   0.30   32.82   15.15    4.09 
1984 5	 101.07   34.00   18.82    4.16 
1984 6	  34.35   35.88   21.69    4.57 
1984 7	   6.40   36.98   22.22    3.28 
1984 8	   0.97   37.23   22.93    3.33 
1984 9	  27.65   33.20   19.76    3.48 
1984 10	  71.75   28.58   18.73    3.52 
1984 11	  15.12   23.51   10.24    3.96 
1984 12	  42.08   22.06   11.17    4.24 
1985 1	  51.25   13.96    2.69    4.31 
1985 2	   8.57   16.80    6.08    4.88 
1985 3	  62.35   25.06   13.53    4.54 
1985 4	 103.55   28.79   15.97    4.35 
1985 5	 129.48   31.89   19.16    3.94 
1985 6	 137.85   33.83   21.72    3.60 
1985 7	  47.68   36.32   21.00    3.47 
1985 8	   3.50   39.25   22.52    3.25 
1985 9	  65.07   35.42   21.09    3.25 
1985 10	 169.00   29.93   16.57    4.01 
1985 11	  53.80   25.66   13.42    4.14 
1985 12	  10.45   18.33    3.77    4.22 
1986 1	  31.58   20.52    4.98    3.97 
1986 2	  24.85   24.59    8.12    3.93 
1986 3	   8.05   27.73   10.22    3.93 
1986 4	  51.20   32.26   17.63    4.66 
1986 5	  87.38   32.47   18.92    4.38 
1986 6	  55.25   34.37   21.89    3.19 
1986 7	   8.55   38.25   22.48    4.00 
1986 8	  13.12   38.14   22.57    3.01 
1986 9	  27.10   36.21   22.35    3.39 
1986 10	 141.88   28.37   15.75    3.36 
1986 11	  35.50   22.08   10.18    3.84 
1986 12	 105.70   16.59    6.96    4.13 
1987 1	  15.05   18.74    4.58    3.94 
1987 2	  73.18   20.63    7.71    4.34 
1987 3	  17.33   23.57    8.57    4.12 
1987 4	  40.20   28.25   11.81    3.78 
1987 5	 140.50   31.97   18.87    4.22 
1987 6	 114.60   33.64   22.06    2.92 
1987 7	  32.00   35.50   22.98    3.41 
1987 8	  96.20   38.14   24.01    3.64 
1987 9	  19.45   33.97   20.33    3.26 
1987 10	   1.67   30.45   13.93    3.30 
1987 11	  24.25   24.58   10.19    3.94 
1987 12	  12.20   21.79    7.49    4.07 
1988 1	   1.62   16.59    2.00    4.70 
1988 2	  14.20   18.99    7.04    4.53 
1988 3	   1.55   27.40   10.34    4.75 
1988 4	   1.27   32.89   12.50    3.47 
1988 5	  17.95   33.87   18.67    4.08 
1988 6	  48.73   36.73   23.32    2.80 
1988 7	  40.00   35.33   23.63    3.34 
1988 8	  55.95   37.08   23.67    2.66 
1988 9	  53.63   32.31   20.17    3.24 
1988 10	  75.30   29.47   16.17    2.97 
1988 11	   0.00   23.65    9.63    4.21 
1988 12	   0.15   18.60    6.07    4.33 
1989 1	  26.55   20.03    8.30    4.09 
1989 2	   2.68   17.82    6.71    5.41 
1989 3	  27.42   27.26   11.16    4.59 
1989 4	  38.12   27.67   15.31    4.32 
1989 5	   3.00   35.69   22.05    5.01 
1989 6	  36.55   37.07   22.37    3.73 
1989 7	   3.35   37.84   21.88    3.30 
1989 8	 112.83   36.42   22.74    3.48 
1989 9	  70.55   34.41   19.99    3.25 
1989 10	  46.48   30.58   16.00    3.55 
1989 11	  19.57   24.31   12.10    3.83 
1989 12	  34.32   14.54    1.68    4.52 
1990 1	  25.35   21.67    8.82    4.48 
1990 2	  69.27   24.10   10.46    4.15 
1990 3	  55.20   24.44   12.86    5.37 
1990 4	  63.33   28.47   16.57    5.11 
1990 5	  23.30   33.94   20.40    5.09 
1990 6	   0.47   38.94   23.69    4.68 
1990 7	 208.53   35.85   22.10    3.72 
1990 8	  31.98   36.15   22.30    3.45 
1990 9	  77.95   33.57   20.26    2.56 
1990 10	  63.22   29.66   12.43    3.20 
1990 11	  42.85   25.12   11.35    4.19 
1990 12	   0.38   21.79    5.23    4.25 
1991 1	  28.92   17.77    3.69    4.15 
1991 2	  67.50   23.22    6.40    4.28 
1991 3	   0.62   30.75   10.99    4.56 
1991 4	  12.70   33.83   13.39    4.18 
1991 5	 162.43   35.78   17.34    4.33 
1991 6	  64.95   37.02   20.55    3.64 
1991 7	  65.67   36.62   21.57    3.49 
1991 8	  36.48   38.27   22.12    3.15 
1991 9	  87.27   33.96   20.03    2.59 
1991 10	   0.65   32.32   15.09    3.06 
1991 11	   0.12   22.23    9.20    4.73 
1991 12	  36.45   18.57    9.67    4.56 
1992 1	  98.80   15.17    5.98    4.02 
1992 2	  66.57   22.48    8.21    3.84 
1992 3	  27.25   25.95    9.50    4.32 
1992 4	  75.68   26.39   13.33    3.91 
1992 5	 166.25   30.56   16.37    3.64 
1992 6	  52.00   36.40   20.93    3.53 
1992 7	  90.45   37.42   23.41    4.53 
1992 8	   4.45   37.78   22.80    2.37 
1992 9	   6.75   35.47   21.75    3.12 
1992 10	  35.80   30.06   14.80    2.91 
1992 11	  24.38   23.10    8.74    3.95 
1992 12	  34.03   19.53    8.77    3.61 
1993 1	  16.00   20.81    6.56    3.59 
1993 2	  54.17   21.38    7.72    4.35 
1993 3	  21.98   25.93   10.32    3.74 
1993 4	  11.45   30.16   12.29    4.63 
1993 5	 144.47   31.43   18.07    3.67 
1993 6	  56.58   33.54   22.38    3.54 
1993 7	   0.00   37.23   23.20    4.55 
1993 8	  14.25   37.54   22.81    3.50 
1993 9	  51.28   34.12   19.74    2.84 
1993 10	  33.52   29.77   15.69    3.69 
1993 11	   1.52   22.44    7.59    3.87 
1993 12	   0.92   21.22   10.18    4.16 
1994 1	  44.35   20.48    6.18    4.66 
1994 2	   8.07   21.22    7.63    5.04 
1994 3	  49.43   26.51   10.73    4.15 
1994 4	  47.83   30.57   16.25    4.42 
1994 5	  35.45   32.02   18.94    3.99 
1994 6	  18.10   37.83   22.75    3.11 
1994 7	  35.15   39.01   23.66    4.16 
1994 8	  33.80   36.74   22.88    2.70 
1994 9	  30.13   32.90   19.37    2.03 
1994 10	  95.50   30.05   17.10    3.24 
1994 11	   0.55   26.65   12.81    4.07 
1994 12	  79.47   21.42   10.54    4.03 
1995 1	   9.40   20.35    6.60    4.54 
1995 2	   2.32   24.12   10.29    4.07 
1995 3	  32.50   25.65   10.73    4.11 
1995 4	   3.47   32.74   14.74    4.52 
1995 5	  76.05   35.09   20.94    4.78 
1995 6	 103.55   35.78   21.96    3.79 
1995 7	  42.95   37.79   23.84    3.28 
1995 8	  75.10   36.93   23.36    2.12 
1995 9	  71.68   34.82   21.30    2.43 
1995 10	  28.48   30.13   15.86    3.44 
1995 11	  82.90   23.27   10.78    3.46 
1995 12	   1.30   19.33    7.97    4.39 
1996 1	   0.00   21.79    4.20    4.69 
1996 2	   0.00   23.41    8.67    5.03 
1996 3	   0.43   22.83    8.07    4.69 
1996 4	  16.50   30.76   14.14    4.60 
1996 5	  11.15   36.24   22.11    5.54 
1996 6	  37.35   37.41   23.64    3.76 
1996 7	  72.18   38.15   24.58    3.99 
1996 8	 114.10   35.49   23.45    3.48 
1996 9	  60.82   33.83   21.68    2.77 
1996 10	  26.18   30.25   16.83    3.37 
1996 11	  16.25   25.13   11.56    3.95 
1996 12	   1.40   19.96    6.87    3.97 
1997 1	   0.38   16.70    4.79    4.54 
1997 2	  35.58   19.77    8.39    4.30 
1997 3	  85.90   25.99   13.04    3.73 
1997 4	  61.78   26.19   13.30    4.08 
1997 5	 206.93   31.16   18.17    3.32 
1997 6	 233.50   33.43   21.89    4.04 
1997 7	   9.55   37.19   23.48    3.58 
1997 8	   0.20   38.22   23.49    3.31 
1997 9	  45.28   35.49   22.09    2.15 
1997 10	  48.00   28.81   15.37    3.49 
1997 11	  46.42   21.46   10.12    3.45 
1997 12	   1.38   20.03    5.04    4.34 
1998 1	  11.58   22.74    8.79    4.01 
1998 2	  47.98   24.13    8.54    4.03 
1998 3	  50.35   25.87   10.77    5.06 
1998 4	   0.38   31.45   15.42    4.24 
1998 5	   0.00   37.57   20.85    4.40 
1998 6	   0.05   40.76   24.19    4.86 
1998 7	   2.10   39.97   24.64    3.79 
1998 8	 141.88   36.89   24.19    2.95 
1998 9	  90.43   33.98   23.39    2.49 
1998 10	 137.63   29.92   18.44    3.87 
1998 11	  53.45   24.56   14.09    3.55 
1998 12	   1.78   20.05    6.80    4.50 
1999 1	   1.05   23.15    6.85    4.75 
1999 2	   0.03   26.88   10.17    4.43 
1999 3	  92.15   27.66   13.54    4.74 
1999 4	  29.48   32.35   18.21    4.80 
1999 5	  44.20   33.82   20.13    4.20 
1999 6	 122.90   36.71   22.88    3.79 
1999 7	  45.40   37.23   23.01    3.26 
1999 8	 199.97   37.94   23.32    2.37 
1999 9	   7.38   33.63   20.23    2.61 
1999 10	  26.77   28.71   14.41    3.20 
1999 11	   0.22   26.62   11.26    3.17 
1999 12	   9.48   20.93    6.38    4.23 
2000 1	  18.15   23.10    8.35    4.22 
2000 2	   5.55   26.18   12.86    4.57 
2000 3	  88.12   28.05   15.40    4.22 
2000 4	  24.40   30.47   15.94    4.36 
2000 5	  50.05   34.70   21.67    4.72 
2000 6	  46.80   35.50   23.10    4.07 
2000 7	   5.08   39.71   23.20    3.71 
2000 8	   1.75   38.43   23.42    2.63 
2000 9	  46.60   36.28   20.33    2.68 
2000 10	 115.30   27.07   17.13    3.72 
2000 11	  88.32   22.39   10.32    3.89 
2000 12	  36.00   14.65    3.55    4.22 
2001 1	  17.42   17.19    6.48    4.39 
2001 2	   2.05   22.15    9.89    4.43 
2001 3	  49.60   20.94    9.29    3.78 
2001 4	   0.50   30.30   17.96    4.97 
2001 5	  38.50   34.71   19.46    3.91 
2001 6	  16.65   38.18   23.60    2.90 
2001 7	   3.58   38.92   24.03    3.47 
2001 8	  38.00   38.07   24.05    3.05 
2001 9	  74.62   33.50   20.57    2.93 
2001 10	   0.00   30.70   16.13    3.30 
2001 11	  60.98   24.72   13.43    3.45 
2001 12	  47.02   19.38    8.04    3.76 
2002 1	   0.00   20.85    7.85    4.28 
2002 2	   0.55   20.58    6.12    4.19 
2002 3	   0.38   25.39   11.02    4.85 
2002 4	   0.83   32.94   19.24    4.57 
2002 5	  59.63   34.82   21.50    4.79 
2002 6	  54.88   36.60   24.06    3.33 
2002 7	 155.37   34.49   23.79    3.50 
2002 8	   3.75   37.00   24.44    2.70 
2002 9	 155.12   32.19   20.87    2.75 
2002 10	 114.70   28.39   18.73    2.96 
2002 11	   4.95   21.74    9.22    3.63 
2002 12	   2.00   19.67    6.10    4.49 
2003 1	   2.48   17.78    5.74    3.81 
2003 2	  49.65   19.69    8.48    4.68 
2003 3	  22.65   24.66   11.87    3.60 
2003 4	  13.33   30.10   15.65    4.42 
2003 5	  12.95   36.24   21.61    4.10 
2003 6	 111.22   36.96   22.37    2.83 
2003 7	 128.30   34.64   23.54    3.20 
2003 8	  20.58   36.17   24.45    2.67 
2003 9	 120.88   31.22   21.19    2.26 
2003 10	 147.93   28.51   16.84    3.04 
2003 11	  22.35   24.11   12.43    3.96 
2003 12	   0.52   21.44    5.92    4.12 
2004 1	  32.45   19.01    8.75    4.72 
2004 2	  71.53   20.56    7.77    4.28 
2004 3	  84.10   25.99   15.31    4.14 
2004 4	  85.35   26.89   15.93    4.68 
2004 5	  19.45   32.08   18.85    4.58 
2004 6	 154.23   35.53   22.62    3.46 
2004 7	  15.12   35.27   22.91    3.21 
2004 8	  70.35   36.05   22.22    2.85 
2004 9	  54.48   32.45   20.46    1.94 
2004 10	  61.97   32.52   18.91    3.54 
2004 11	  69.78   23.93   11.64    3.88 
2004 12	   9.82   20.02    6.51    4.32 
2005 1	  44.45   20.78    8.75    4.44 
2005 2	  32.22   22.06   13.05    4.54 
2005 3	  49.45   26.53   10.59    3.80 
2005 4	   8.38   30.99   14.96    4.24 
2005 5	  75.58   33.08   18.65    4.25 
2005 6	   0.73   37.62   21.64    3.92 
2005 7	  99.38   37.44   23.23    3.24 
2005 8	   1.58   38.25   23.31    3.14 
2005 9	  43.58   37.89   22.92    2.52 
2005 10	 150.52   30.84   16.68    2.96 
2005 11	   0.68   28.43    9.51    3.87 
2005 12	   2.15   21.41    3.37    3.99 
2006 1	   1.67   25.52    4.20    4.10 
2006 2	   6.08   23.41    4.09    4.33 
2006 3	   4.47   29.82   12.86    4.63 
2006 4	   1.38   34.23   18.43    4.45 
2006 5	 128.77   36.23   19.21    4.33 
2006 6	  10.80   38.07   21.71    2.93 
2006 7	  51.62   36.97   23.00    3.29 
2006 8	   0.45   38.96   23.32    2.95 
2006 9	  75.07   33.76   20.59    2.61 
2006 10	  19.62   30.55   16.45    3.12 
2006 11	   0.20   26.25   12.25    3.65 
2006 12	  86.25   18.56    7.35    4.13 
2007 1	  83.08   15.08    5.29    4.55 
2007 2	   3.28   21.06    7.97    3.87 
2007 3	  36.83   26.09   14.59    4.55 
2007 4	  20.55   27.41   14.65    3.98 
2007 5	 131.27   31.59   19.74    3.91 
2007 6	 235.32   34.46   22.18    3.88 
2007 7	 272.67   32.17   22.00    3.29 
2007 8	  26.88   35.32   22.60    2.47 
2007 9	  77.78   34.10   21.49    1.90 
2007 10	   5.33   32.29   15.23    2.90 
2007 11	  15.82   25.74   10.60    3.46 
2007 12	  16.25   23.91    5.42    3.80 
2008 1	  10.07   20.04    4.12    4.64 
2008 2	   1.12   27.45    7.03    4.38 
2008 3	  11.17   29.25    9.51    4.89 
2008 4	  63.58   32.00   13.91    4.56 
2008 5	  94.95   34.73   18.83    4.21 
2008 6	   9.97   38.35   22.83    4.06 
2008 7	  98.63   34.85   21.85    3.53 
2008 8	 264.98   35.88   23.08    2.93 
2008 9	  75.45   32.65   19.55    2.49 
2008 10	  27.30   30.10   13.40    3.03 
2008 11	   0.65   25.74    9.22    3.07 
2008 12	   8.93   21.39    4.80    4.45 
2009 1	   0.73   22.64    4.99    3.87 
2009 2	   2.33   26.06    6.13    4.71 
2009 3	   2.60   27.69   10.82    4.73 
2009 4	  11.55   31.82   14.70    4.54 
2009 5	  57.45   35.25   20.15    4.04 
2009 6	   1.10   38.33   22.90    3.77 
2009 7	   9.10   40.20   23.79    3.95 
2009 8	  19.20   39.45   23.32    2.91 
2009 9	  47.57   32.46   20.88    2.21 
2009 10	  17.75   29.83   16.08    3.84 
2009 11	  32.83   24.90    9.75    3.71 
2009 12	  47.30   15.22    4.51    4.20 
2010 1	 106.30   18.30    3.32    4.75 
2010 2	  94.53   17.73    3.81    4.41 
2010 3	  13.88   25.16    6.76    4.11 
2010 4	  67.40   28.84   15.49    4.11 
2010 5	  89.93   33.19   19.95    4.05 
2010 6	 167.23   36.25   23.08    3.81 
2010 7	  37.10   33.90   23.96    3.12 
2010 8	  12.80   37.87   24.29    2.38 
2010 9	 136.12   33.09   22.22    2.47 
2010 10	   0.00   30.73   15.13    3.44 
2010 11	   5.68   26.07   10.05    4.43 
2010 12	   2.20   22.50    5.50    4.35 
