1949 1	 161.27   13.00    2.30    5.23 
1949 2	  39.42   18.93    6.84    4.95 
1949 3	  71.60   21.60    8.43    5.69 
1949 4	  78.75   23.79   11.87    5.31 
1949 5	  43.07   31.80   18.78    4.71 
1949 6	  95.38   33.53   21.22    3.54 
1949 7	 124.93   34.34   22.81    3.33 
1949 8	  43.68   34.10   20.93    3.20 
1949 9	  81.72   32.18   18.53    3.85 
1949 10	 229.08   25.56   15.25    5.07 
1949 11	   8.40   23.65    7.17    4.75 
1949 12	 101.10   17.55    6.00    6.41 
1950 1	  94.32   18.16    8.33    5.43 
1950 2	 129.30   18.90    7.41    4.27 
1950 3	  41.90   20.46    6.10    5.67 
1950 4	 132.00   24.18   11.68    5.46 
1950 5	 186.62   29.80   18.18    4.63 
1950 6	  85.28   32.28   20.49    3.77 
1950 7	  64.35   33.79   21.64    3.82 
1950 8	  24.50   35.05   21.13    2.87 
1950 9	  47.00   29.96   19.14    3.56 
1950 10	  13.88   28.11   14.41    4.39 
1950 11	  23.62   20.93    6.39    5.55 
1950 12	   6.53   16.86    2.40    5.04 
1951 1	  57.85   14.97    2.06    6.07 
1951 2	  72.28   15.30    4.69    5.64 
1951 3	  91.75   21.50    8.17    5.38 
1951 4	  35.03   25.04   11.61    5.38 
1951 5	  57.60   29.01   16.24    4.56 
1951 6	  86.47   32.01   21.42    4.69 
1951 7	  30.82   34.98   22.87    3.09 
1951 8	   8.00   39.25   23.82    2.75 
1951 9	 124.60   31.60   19.58    3.68 
1951 10	  16.60   27.87   13.94    4.40 
1951 11	  62.33   19.14    6.09    5.91 
1951 12	 112.18   18.84    5.33    6.36 
1952 1	  88.48   20.17    7.76    5.53 
1952 2	 118.93   19.33    6.83    5.79 
1952 3	  82.88   20.49    7.28    5.37 
1952 4	 135.62   24.51   10.76    4.68 
1952 5	 137.10   29.01   15.81    3.71 
1952 6	  19.03   34.45   21.35    3.33 
1952 7	  66.65   34.78   22.30    2.85 
1952 8	   8.02   37.93   23.08    3.74 
1952 9	  28.55   32.25   18.01    4.45 
1952 10	   0.20   25.58    8.34    4.32 
1952 11	 163.32   19.61    7.41    5.53 
1952 12	 103.05   14.63    3.90    4.80 
1953 1	  74.30   17.20    5.31    6.16 
1953 2	  61.53   16.69    4.73    5.28 
1953 3	 164.98   24.02   11.81    4.67 
1953 4	 103.65   24.76   11.51    4.99 
1953 5	 214.10   28.79   17.56    4.18 
1953 6	  64.55   36.19   22.25    3.24 
1953 7	  26.20   34.20   22.32    3.11 
1953 8	  36.45   35.68   21.87    2.59 
1953 9	  38.67   34.15   17.85    3.46 
1953 10	  63.50   29.83   13.63    3.98 
1953 11	  88.85   19.67    6.38    5.06 
1953 12	 135.38   14.17    2.64    5.52 
1954 1	  50.23   16.11    3.50    5.07 
1954 2	  20.05   21.82    6.18    5.22 
1954 3	  14.05   20.50    7.28    5.58 
1954 4	  85.22   27.07   15.42    4.49 
1954 5	 139.52   26.95   15.63    4.31 
1954 6	  19.30   34.30   20.75    3.59 
1954 7	  32.88   38.84   23.23    3.70 
1954 8	  16.77   38.15   22.40    3.62 
1954 9	  34.10   36.55   19.26    3.95 
1954 10	 195.25   28.25   14.92    4.77 
1954 11	  88.55   20.60    6.37    5.15 
1954 12	  51.68   18.31    3.49    5.12 
1955 1	  84.72   14.36    3.51    4.41 
1955 2	 109.25   16.11    3.95    5.69 
1955 3	  44.60   22.43    8.92    5.86 
1955 4	 109.78   27.06   14.55    4.82 
1955 5	 143.75   30.31   18.29    4.33 
1955 6	  67.65   31.87   18.76    3.36 
1955 7	  44.60   34.96   21.68    3.43 
1955 8	  93.12   33.42   21.45    2.78 
1955 9	  63.00   33.06   19.92    3.66 
1955 10	  22.05   28.14   11.82    4.60 
1955 11	  21.00   21.08    6.30    6.54 
1955 12	  32.95   16.58    3.82    5.70 
1956 1	  87.55   15.90    2.26    5.33 
1956 2	  92.38   17.74    5.11    5.15 
1956 3	  46.80   21.19    7.43    4.64 
1956 4	  87.60   24.70   11.14    5.25 
1956 5	 109.47   30.94   18.10    3.95 
1956 6	  46.27   33.36   19.91    3.63 
1956 7	  23.47   37.32   21.63    4.01 
1956 8	  41.17   36.99   21.30    3.44 
1956 9	   5.23   34.57   17.69    4.21 
1956 10	  12.13   30.14   13.89    3.76 
1956 11	 103.25   20.03    5.46    5.22 
1956 12	  33.25   18.85    5.36    4.77 
1957 1	  66.35   14.87    3.73    4.95 
1957 2	  85.40   19.70    8.96    4.28 
1957 3	 128.72   19.61    7.15    4.58 
1957 4	 318.40   24.01   12.55    5.70 
1957 5	  85.40   28.93   17.64    5.02 
1957 6	 146.20   31.49   20.89    4.23 
1957 7	  68.95   35.79   22.44    2.70 
1957 8	 188.55   33.89   21.04    3.70 
1957 9	  88.00   30.05   17.10    4.18 
1957 10	 360.40   24.05   11.06    5.30 
1957 11	 154.93   18.82    7.47    5.72 
1957 12	  50.67   18.51    5.15    5.35 
1958 1	  95.52   14.32    1.49    6.65 
1958 2	  50.55   13.08    1.85    6.43 
1958 3	  39.55   17.71    5.50    5.24 
1958 4	  84.85   24.22   11.60    4.80 
1958 5	  46.18   29.30   16.36    3.63 
1958 6	 102.35   33.57   20.46    3.73 
1958 7	  28.47   35.13   21.63    3.94 
1958 8	 140.95   35.43   21.16    3.02 
1958 9	 276.45   30.16   19.80    4.48 
1958 10	  44.47   24.53   13.07    5.64 
1958 11	  52.18   21.50    7.99    4.69 
1958 12	  40.98   14.68    1.23    5.31 
1959 1	  15.20   13.42    0.37    5.65 
1959 2	  74.60   16.47    4.74    5.68 
1959 3	  48.10   21.23    5.27    5.54 
1959 4	 134.78   22.87   10.77    5.22 
1959 5	 215.60   29.57   18.20    4.49 
1959 6	 130.07   32.00   20.09    3.76 
1959 7	 130.60   33.30   20.95    2.44 
1959 8	 113.30   33.16   21.33    3.08 
1959 9	  63.40   31.64   19.06    4.43 
1959 10	 110.00   26.69   13.14    4.71 
1959 11	  86.95   17.78    3.84    5.83 
1959 12	 149.57   17.03    4.82    5.76 
1960 1	  82.85   13.20    3.07    5.47 
1960 2	  97.80   13.44    0.95    6.16 
1960 3	  65.15   16.30    4.46    5.08 
1960 4	  82.83   26.73   13.49    5.20 
1960 5	  36.85   28.48   15.33    4.91 
1960 6	 185.28   33.09   20.40    3.85 
1960 7	  66.85   34.19   21.95    2.66 
1960 8	 120.13   33.84   21.54    3.49 
1960 9	  71.35   32.08   18.64    3.33 
1960 10	 152.30   27.53   14.76    3.94 
1960 11	 159.18   20.74    8.11    5.22 
1960 12	 205.35   12.64    2.36    5.48 
1961 1	 169.95   12.32    0.29    5.78 
1961 2	 122.23   17.42    5.24    4.89 
1961 3	 138.30   22.60    9.81    5.50 
1961 4	  43.47   23.57   10.28    5.57 
1961 5	  29.62   28.81   15.70    5.15 
1961 6	 203.18   30.15   19.38    3.89 
1961 7	  85.17   31.98   21.15    3.07 
1961 8	  24.60   32.98   19.90    2.73 
1961 9	 127.78   30.58   18.78    5.88 
1961 10	  33.17   26.31   12.77    4.85 
1961 11	 109.38   18.89    6.62    6.02 
1961 12	 163.68   14.98    3.17    5.02 
1962 1	 117.75   12.20   -1.16    6.08 
1962 2	  38.03   21.08    7.52    5.67 
1962 3	  20.40   18.84    5.59    5.47 
1962 4	 138.57   23.98   11.70    5.32 
1962 5	  59.08   30.08   17.28    5.17 
1962 6	 165.23   31.59   19.89    3.10 
1962 7	  21.10   34.66   21.59    2.80 
1962 8	  23.60   37.53   21.70    3.05 
1962 9	  95.68   31.95   19.29    3.41 
1962 10	  55.83   28.34   15.36    4.44 
1962 11	 107.20   19.24    6.90    5.84 
1962 12	  74.55   14.37    3.07    4.95 
1963 1	  32.83   10.36   -2.32    5.78 
1963 2	  62.12   15.97    0.54    6.25 
1963 3	  17.15   23.68    9.52    5.20 
1963 4	  81.40   27.23   15.52    5.70 
1963 5	  87.42   30.20   17.32    4.17 
1963 6	  98.73   34.14   20.84    3.54 
1963 7	  87.77   35.55   22.15    3.86 
1963 8	  23.62   37.06   21.71    2.70 
1963 9	  34.10   32.63   19.23    3.72 
1963 10	  14.32   31.44   14.94    2.84 
1963 11	  77.25   22.23    8.92    5.84 
1963 12	  84.50   11.51   -0.64    6.39 
1964 1	  70.77   14.80    1.27    5.27 
1964 2	  65.88   13.57    1.61    5.31 
1964 3	  84.63   20.51    6.81    5.29 
1964 4	  84.85   26.00   14.52    5.82 
1964 5	 115.48   29.02   18.11    4.16 
1964 6	  45.35   31.86   20.67    3.76 
1964 7	  12.43   36.35   21.71    3.47 
1964 8	  49.98   35.81   22.63    3.50 
1964 9	 102.23   31.48   19.59    3.42 
1964 10	  25.25   25.64   11.39    5.29 
1964 11	  70.42   22.10    9.67    5.02 
1964 12	  50.25   15.99    3.95    6.13 
1965 1	  94.28   16.83    3.87    5.27 
1965 2	 136.00   15.04    2.48    6.45 
1965 3	 117.68   16.05    4.30    5.93 
1965 4	  67.15   26.88   15.05    5.12 
1965 5	 299.97   27.44   18.27    5.70 
1965 6	  65.65   31.40   20.42    4.03 
1965 7	  18.20   35.07   21.64    2.84 
1965 8	  98.32   34.82   20.43    2.72 
1965 9	  90.05   31.60   19.13    4.91 
1965 10	  74.25   25.52   12.55    4.90 
1965 11	  67.55   23.32   12.37    4.65 
1965 12	 165.62   17.11    5.56    5.31 
1966 1	 111.70   11.10    1.31    6.19 
1966 2	  89.88   14.22    2.81    5.52 
1966 3	  61.25   20.44    7.69    5.11 
1966 4	 235.37   25.24   12.81    5.55 
1966 5	  96.30   27.52   17.09    4.51 
1966 6	  36.00   31.88   19.38    3.38 
1966 7	  33.55   35.54   22.63    2.79 
1966 8	 189.25   32.61   20.89    3.03 
1966 9	 123.62   29.47   18.19    2.80 
1966 10	  24.83   25.38   10.98    5.04 
1966 11	  13.35   23.14    9.24    5.03 
1966 12	  57.00   15.50    2.06    5.47 
1967 1	  19.83   15.72    2.28    5.39 
1967 2	  43.75   16.06    1.86    5.27 
1967 3	  46.65   24.98    9.97    5.13 
1967 4	 111.25   27.72   16.29    5.89 
1967 5	 128.22   28.16   15.60    5.73 
1967 6	  11.18   33.41   20.69    4.28 
1967 7	  85.60   33.45   20.44    4.21 
1967 8	  60.58   35.01   19.89    2.86 
1967 9	  96.13   29.69   17.00    4.59 
1967 10	  57.00   27.10   11.26    4.64 
1967 11	  31.00   20.82    7.46    5.00 
1967 12	  66.48   15.55    3.51    5.16 
1968 1	 185.53   11.78    3.29    5.83 
1968 2	  68.53   13.80    1.26    5.39 
1968 3	  77.30   18.87    6.66    5.44 
1968 4	 171.08   24.72   13.29    5.70 
1968 5	 138.07   28.62   16.63    4.76 
1968 6	 201.72   30.98   20.38    3.78 
1968 7	 103.17   32.24   21.06    3.11 
1968 8	  22.85   34.91   21.38    3.24 
1968 9	 185.45   30.00   16.94    4.13 
1968 10	  72.20   26.93   13.04    4.06 
1968 11	 200.80   19.05    5.91    5.73 
1968 12	 125.75   15.55    2.28    6.06 
1969 1	  42.55   15.06    3.98    5.84 
1969 2	 114.18   15.75    4.56    5.76 
1969 3	 208.43   15.82    4.72    5.57 
1969 4	 155.03   24.95   13.07    4.68 
1969 5	 126.10   28.28   16.14    3.59 
1969 6	   6.28   33.10   19.91    4.25 
1969 7	  31.10   37.63   22.88    3.38 
1969 8	  48.50   36.45   21.87    3.20 
1969 9	  64.95   32.55   18.56    3.65 
1969 10	 142.48   26.86   12.96    5.96 
1969 11	  79.45   20.26    6.31    5.04 
1969 12	 102.17   16.96    4.39    4.72 
1970 1	  52.17   11.06    0.03    5.61 
1970 2	  90.88   16.07    3.22    5.45 
1970 3	  97.22   17.73    5.97    5.35 
1970 4	 104.23   25.81   13.91    5.53 
1970 5	  43.62   28.98   15.62    5.00 
1970 6	  52.53   32.92   19.17    3.48 
1970 7	  55.12   35.00   21.06    2.95 
1970 8	  38.52   36.23   21.86    3.35 
1970 9	 170.63   31.29   20.36    4.70 
1970 10	 125.60   24.63   12.25    5.16 
1970 11	  32.48   19.28    5.00    5.86 
1970 12	  45.80   19.59    7.23    4.94 
1971 1	   1.60   18.20    4.18    5.76 
1971 2	  75.93   17.91    3.44    6.31 
1971 3	  23.40   21.39    5.90    5.35 
1971 4	  59.72   25.59   11.09    5.13 
1971 5	 134.07   28.24   15.77    4.60 
1971 6	  47.75   33.70   20.82    4.01 
1971 7	  81.05   35.59   21.87    3.60 
1971 8	  69.78   32.46   20.37    2.42 
1971 9	 107.12   31.79   19.14    4.27 
1971 10	  92.33   27.86   15.01    3.81 
1971 11	 108.57   21.74    7.10    5.24 
1971 12	 140.65   17.94    7.97    4.98 
1972 1	 103.52   15.76    3.35    5.91 
1972 2	  17.67   18.36    4.29    5.68 
1972 3	  57.67   23.79    9.30    5.18 
1972 4	  54.42   26.60   12.96    5.65 
1972 5	  20.78   29.72   15.86    3.08 
1972 6	 124.00   33.29   20.42    4.40 
1972 7	 132.10   32.78   20.68    4.08 
1972 8	  47.17   34.11   20.72    3.00 
1972 9	  96.53   33.45   20.37    3.00 
1972 10	 183.12   25.62   13.08    4.57 
1972 11	  93.63   15.97    4.79    6.16 
1972 12	  52.00   13.21    1.01    5.57 
1973 1	 133.62   11.74    0.77    6.47 
1973 2	  43.45   15.21    3.75    5.44 
1973 3	 151.45   22.01    9.58    5.51 
1973 4	 120.72   21.84   10.89    5.85 
1973 5	  76.47   28.18   15.04    5.43 
1973 6	 163.47   30.78   19.55    4.14 
1973 7	 118.45   33.91   21.95    3.12 
1973 8	  80.97   33.22   19.99    3.14 
1973 9	 237.35   30.40   19.46    3.96 
1973 10	 212.60   26.91   14.91    4.48 
1973 11	  94.22   23.27   10.44    5.59 
1973 12	 106.12   17.18    2.16    5.94 
1974 1	 166.85   13.07    2.81    4.64 
1974 2	  34.92   18.59    3.70    6.04 
1974 3	  60.97   24.06   11.64    5.81 
1974 4	  86.77   26.17   11.77    6.46 
1974 5	  93.07   29.79   18.35    5.19 
1974 6	  30.65   31.65   18.60    4.05 
1974 7	  29.75   35.51   21.00    2.68 
1974 8	 186.33   33.44   20.75    3.21 
1974 9	 219.67   26.05   16.26    5.40 
1974 10	 118.60   26.50   12.75    5.51 
1974 11	 106.42   18.76    7.11    5.69 
1974 12	  65.57   14.95    3.36    4.92 
1975 1	  61.77   16.98    4.95    5.32 
1975 2	 108.43   15.94    3.02    4.70 
1975 3	  52.12   19.32    7.18    6.01 
1975 4	 127.07   23.76   12.28    6.36 
1975 5	 144.10   28.32   17.39    4.70 
1975 6	 110.32   31.18   20.28    4.18 
1975 7	  40.52   32.99   21.47    3.00 
1975 8	  37.97   33.88   21.55    3.07 
1975 9	  58.45   30.00   17.01    3.86 
1975 10	 113.18   27.42   12.98    4.49 
1975 11	  44.62   21.08    7.00    5.13 
1975 12	  48.62   15.36    3.50    5.27 
1976 1	  39.43   15.56    1.32    6.00 
1976 2	  35.93   21.17    7.68    5.21 
1976 3	 145.92   21.22    9.55    6.08 
1976 4	 159.55   25.05   12.86    5.12 
1976 5	 210.17   26.19   14.23    4.25 
1976 6	 136.23   30.69   19.04    3.94 
1976 7	  87.50   31.72   21.37    2.60 
1976 8	  29.67   34.42   20.19    2.50 
1976 9	 122.55   30.51   17.71    3.21 
1976 10	  91.93   21.66    8.68    5.06 
1976 11	  45.03   15.99    3.49    5.81 
1976 12	 129.40   14.65    1.52    5.28 
1977 1	  75.18    9.21   -2.50    5.89 
1977 2	  80.25   17.63    3.55    5.95 
1977 3	 124.17   21.48    8.75    5.54 
1977 4	 168.38   24.91   12.33    4.62 
1977 5	  21.60   29.51   17.64    4.24 
1977 6	  99.38   33.13   20.95    3.88 
1977 7	  13.10   35.70   22.36    2.86 
1977 8	  86.85   34.38   22.49    3.86 
1977 9	  79.65   32.62   20.84    4.15 
1977 10	  46.52   27.32   13.61    4.28 
1977 11	  93.60   20.97    9.74    4.82 
1977 12	  55.15   16.10    3.35    6.43 
1978 1	 139.77    7.06   -2.27    7.07 
1978 2	  63.10    9.45   -0.79    6.27 
1978 3	  76.90   19.89    6.02    4.74 
1978 4	  51.03   25.89   13.70    5.14 
1978 5	  50.65   29.87   17.21    4.43 
1978 6	  62.67   33.28   20.68    3.14 
1978 7	  18.88   37.19   22.71    3.10 
1978 8	  37.30   35.57   21.76    3.20 
1978 9	 121.80   30.89   20.33    4.53 
1978 10	  64.40   27.44   12.16    4.16 
1978 11	 187.05   20.88    9.87    4.64 
1978 12	  71.18   14.83    2.30    6.02 
1979 1	 109.45    7.57   -1.86    6.74 
1979 2	  96.28   11.76    2.14    5.75 
1979 3	 217.03   20.67    8.58    5.42 
1979 4	 135.43   23.43   12.78    4.55 
1979 5	 168.48   26.72   14.98    4.66 
1979 6	 106.35   30.98   19.86    3.77 
1979 7	 221.27   32.31   21.93    3.81 
1979 8	  80.40   32.71   20.57    2.60 
1979 9	 184.05   29.67   16.85    4.97 
1979 10	  61.18   27.97   12.60    4.61 
1979 11	  88.72   18.64    4.62    6.12 
1979 12	  92.78   15.98    2.63    5.30 
1980 1	  84.45   14.48    3.99    4.58 
1980 2	  68.22   15.22    1.62    5.56 
1980 3	  60.07   19.62    5.95    5.37 
1980 4	  88.85   23.87    9.94    4.57 
1980 5	 124.85   28.20   16.97    3.83 
1980 6	  37.62   33.72   21.02    4.52 
1980 7	  48.32   37.57   22.26    2.54 
1980 8	  32.58   36.36   22.38    4.27 
1980 9	  60.60   34.11   20.56    3.49 
1980 10	  38.70   25.81   10.04    4.88 
1980 11	  99.22   19.12    5.76    5.35 
1980 12	  18.23   16.28    3.94    4.95 
1981 1	  55.42   14.39    1.23    4.79 
1981 2	  69.42   16.37    3.61    4.88 
1981 3	  80.60   19.86    7.35    4.97 
1981 4	  63.30   27.45   15.19    4.58 
1981 5	 165.40   27.29   15.17    4.95 
1981 6	 199.15   31.47   20.91    4.41 
1981 7	  91.55   33.33   21.95    3.24 
1981 8	  37.22   34.94   20.57    3.10 
1981 9	  62.45   30.26   16.82    3.72 
1981 10	 227.43   25.33   13.42    4.52 
1981 11	  38.00   21.77    8.23    4.43 
1981 12	  11.52   15.80    2.78    5.63 
1982 1	  56.60   14.88    0.49    6.17 
1982 2	  55.15   14.39    2.26    5.59 
1982 3	  62.45   21.00   10.59    5.92 
1982 4	 155.62   22.90   11.86    5.54 
1982 5	  99.75   28.34   17.38    4.73 
1982 6	 107.65   32.31   19.67    3.32 
1982 7	  19.65   34.51   21.95    3.21 
1982 8	  20.40   36.17   21.83    2.78 
1982 9	  23.75   33.48   16.96    4.39 
1982 10	 102.83   25.83   12.19    5.36 
1982 11	 171.38   19.14    7.01    5.32 
1982 12	 142.10   16.52    3.76    6.28 
1983 1	  48.70   12.84    1.32    5.17 
1983 2	 139.85   15.04    3.79    6.06 
1983 3	 162.70   19.20    6.24    5.34 
1983 4	   4.45   22.55    9.52    6.04 
1983 5	 231.88   27.92   14.99    4.56 
1983 6	  96.15   30.32   19.11    3.60 
1983 7	  71.12   33.18   21.19    3.86 
1983 8	 126.58   33.75   21.69    2.53 
1983 9	  44.72   30.83   17.06    4.56 
1983 10	  48.75   27.02   12.00    4.25 
1983 11	  84.83   20.70    7.49    5.43 
1983 12	 109.15    9.91   -2.59    6.51 
1984 1	  36.62   12.13   -1.46    5.85 
1984 2	  79.00   17.98    2.47    5.57 
1984 3	 110.25   21.22    7.39    4.98 
1984 4	   8.42   26.34   11.28    5.60 
1984 5	  67.47   30.07   16.19    5.26 
1984 6	 101.88   32.41   20.28    3.90 
1984 7	  83.05   33.81   21.06    2.84 
1984 8	  24.63   34.81   20.73    3.24 
1984 9	  68.88   30.96   17.58    5.51 
1984 10	 314.57   25.65   15.20    4.78 
1984 11	  63.72   20.00    7.44    5.77 
1984 12	  92.38   20.58    9.59    5.77 
1985 1	  64.48   11.82   -1.01    5.51 
1985 2	 103.78   14.18    2.64    5.53 
1985 3	  78.63   23.20   11.34    5.61 
1985 4	  72.30   26.48   13.67    5.28 
1985 5	  72.43   29.09   16.65    4.08 
1985 6	  22.95   33.43   19.91    4.41 
1985 7	 106.70   34.29   21.56    3.06 
1985 8	   9.10   37.29   21.85    2.98 
1985 9	  75.33   33.21   18.48    5.00 
1985 10	 212.55   26.08   15.22    6.03 
1985 11	 199.50   21.64   10.98    5.33 
1985 12	  47.80   14.47    0.51    5.22 
1986 1	  14.78   17.70    3.22    5.53 
1986 2	  64.32   20.35    6.56    5.55 
1986 3	  22.02   23.46    7.42    4.32 
1986 4	 136.05   25.60   14.14    4.95 
1986 5	 126.67   27.59   16.57    4.40 
1986 6	 155.55   31.66   21.42    2.91 
1986 7	  14.15   35.30   22.79    3.31 
1986 8	  38.67   34.86   21.19    2.96 
1986 9	  78.05   31.72   21.67    3.69 
1986 10	 133.97   25.37   13.44    4.54 
1986 11	 126.68   19.10    8.97    5.64 
1986 12	 138.75   13.39    3.21    5.42 
1987 1	  33.67   15.16    1.80    5.23 
1987 2	 121.27   16.70    5.90    5.62 
1987 3	  49.48   20.76    5.26    4.95 
1987 4	  16.10   26.77    9.63    3.66 
1987 5	 128.80   29.27   17.85    3.53 
1987 6	 124.18   31.43   20.27    4.35 
1987 7	  65.08   33.25   21.68    3.51 
1987 8	  45.42   36.02   23.20    3.36 
1987 9	 112.32   30.93   17.33    3.79 
1987 10	   9.95   26.57   10.17    4.76 
1987 11	 162.20   20.79    6.71    5.58 
1987 12	 166.03   15.83    4.13    5.29 
1988 1	  26.62   12.40    0.20    5.98 
1988 2	  48.13   16.26    3.01    5.48 
1988 3	  90.85   20.49    6.69    5.42 
1988 4	  54.67   25.52   10.56    4.49 
1988 5	  30.55   28.71   14.81    4.01 
1988 6	  67.12   32.52   19.05    3.64 
1988 7	  64.77   33.97   22.13    3.65 
1988 8	  53.82   35.73   22.46    3.19 
1988 9	  52.17   32.69   19.00    4.65 
1988 10	 104.50   26.53   12.30    4.48 
1988 11	  96.00   22.44    8.52    6.13 
1988 12	 147.67   16.86    4.22    5.11 
1989 1	 144.02   16.54    6.35    5.30 
1989 2	  67.25   13.31    2.79    6.73 
1989 3	 136.85   21.00    8.05    5.95 
1989 4	  69.20   25.57   12.93    4.94 
1989 5	 166.25   28.52   18.04    4.96 
1989 6	 246.80   29.68   19.64    5.14 
1989 7	  57.65   31.80   21.44    3.67 
1989 8	  30.35   32.68   20.99    2.99 
1989 9	  41.97   30.38   16.51    4.48 
1989 10	  70.12   27.44   12.18    4.89 
1989 11	  54.92   21.38    8.96    5.61 
1989 12	  30.40   11.46   -2.04    6.10 
1990 1	 162.10   17.88    5.82    5.03 
1990 2	 131.65   19.48    6.75    6.09 
1990 3	  93.43   21.02    9.97    5.36 
1990 4	  81.42   24.60   12.38    5.31 
1990 5	 248.48   28.26   17.30    5.43 
1990 6	  40.27   33.00   21.73    3.95 
1990 7	 107.53   32.74   21.11    3.04 
1990 8	  20.83   34.51   21.96    2.89 
1990 9	 117.92   31.65   20.14    2.74 
1990 10	 184.20   25.80   11.63    4.65 
1990 11	 129.23   22.09    9.32    5.14 
1990 12	  62.22   15.38    2.41    5.41 
1991 1	 219.02   11.37    2.32    5.71 
1991 2	 144.85   17.61    5.42    5.34 
1991 3	  31.25   22.35    8.91    5.91 
1991 4	 176.02   25.40   14.55    5.10 
1991 5	 168.38   28.31   18.50    5.37 
1991 6	 121.97   31.56   20.86    3.75 
1991 7	  80.85   33.35   21.66    3.03 
1991 8	 264.17   32.07   21.30    2.40 
1991 9	  89.62   29.32   18.14    4.22 
1991 10	  84.75   27.91   13.51    4.50 
1991 11	  91.35   17.25    5.15    6.25 
1991 12	 234.47   15.73    5.85    5.83 
1992 1	 119.85   13.60    3.31    5.05 
1992 2	 179.77   18.74    6.50    5.21 
1992 3	 110.43   22.32    9.00    5.02 
1992 4	  69.12   24.49   12.46    4.02 
1992 5	 155.17   26.87   16.25    3.71 
1992 6	  50.80   31.28   20.65    3.39 
1992 7	  50.15   33.65   22.70    4.38 
1992 8	  57.45   32.47   19.27    3.18 
1992 9	  74.77   30.91   19.36    4.62 
1992 10	  90.25   27.69   12.26    4.48 
1992 11	 102.90   17.62    5.40    5.62 
1992 12	 184.67   15.22    5.44    4.67 
1993 1	 119.52   13.56    3.08    5.20 
1993 2	  63.60   16.63    4.67    5.48 
1993 3	 169.85   18.96    6.94    5.02 
1993 4	 133.60   22.59   10.61    5.37 
1993 5	 114.60   26.55   15.67    4.51 
1993 6	 310.80   30.38   21.58    5.19 
1993 7	   3.15   33.61   23.01    3.73 
1993 8	  19.70   35.80   22.72    2.97 
1993 9	  65.18   32.19   17.77    3.86 
1993 10	 111.38   24.49   12.69    5.01 
1993 11	 115.50   17.18    4.95    5.68 
1993 12	  66.17   15.66    4.54    5.62 
1994 1	  64.00   14.75    2.92    6.04 
1994 2	 160.35   16.37    3.53    5.10 
1994 3	  44.95   21.44    8.81    4.45 
1994 4	  80.82   25.70   12.52    4.82 
1994 5	 181.65   26.58   16.39    4.14 
1994 6	  64.88   31.93   21.83    4.15 
1994 7	  18.35   34.30   22.20    4.02 
1994 8	 154.47   32.86   21.36    2.74 
1994 9	  57.40   30.15   17.46    3.29 
1994 10	 280.90   25.22   13.84    5.15 
1994 11	  48.10   21.55   10.11    5.58 
1994 12	 209.35   16.22    5.57    5.11 
1995 1	 136.68   15.55    4.02    5.86 
1995 2	  56.45   18.74    5.17    4.86 
1995 3	  88.90   20.59    9.34    5.46 
1995 4	  92.85   24.34   11.72    5.45 
1995 5	  84.18   28.54   17.71    5.13 
1995 6	 116.55   31.50   19.15    3.66 
1995 7	 119.32   34.27   22.61    3.83 
1995 8	  70.50   34.23   22.85    2.79 
1995 9	  77.60   31.60   18.91    3.47 
1995 10	  45.10   26.97   11.61    5.79 
1995 11	  22.33   20.83    6.61    5.67 
1995 12	  82.10   16.07    5.33    5.96 
1996 1	  25.42   15.65    1.30    6.08 
1996 2	   7.22   19.26    5.73    6.12 
1996 3	  39.20   19.29    4.68    5.84 
1996 4	  73.55   26.28   10.74    5.50 
1996 5	   8.00   31.53   20.50    5.40 
1996 6	  80.23   33.52   20.81    3.58 
1996 7	 112.13   35.92   23.44    3.44 
1996 8	 155.98   32.53   22.03    3.29 
1996 9	  87.08   29.82   18.06    3.44 
1996 10	  33.55   26.23   12.91    5.74 
1996 11	 123.92   19.57    8.55    5.96 
1996 12	  72.22   17.66    5.72    5.35 
1997 1	 100.42   13.94    2.81    6.21 
1997 2	 192.95   16.05    5.94    5.88 
1997 3	 108.25   22.67   10.23    4.72 
1997 4	 131.85   22.25   10.11    5.96 
1997 5	 105.43   27.54   15.89    4.11 
1997 6	 131.75   30.57   19.91    3.45 
1997 7	  18.60   34.44   23.17    2.35 
1997 8	 163.18   33.52   22.12    3.20 
1997 9	  97.57   32.78   19.79    3.46 
1997 10	 111.68   25.74   14.14    5.69 
1997 11	 100.40   17.39    6.77    5.34 
1997 12	 113.53   14.58    2.90    5.59 
1998 1	 154.77   16.94    6.04    4.88 
1998 2	 115.68   17.32    5.82    5.07 
1998 3	  67.75   19.77    7.54    6.10 
1998 4	  32.00   24.47   10.99    5.10 
1998 5	   1.57   31.75   19.26    4.25 
1998 6	  22.53   35.98   23.45    5.96 
1998 7	  14.05   38.29   24.83    3.93 
1998 8	 116.68   35.34   23.29    2.51 
1998 9	 133.07   33.03   22.34    6.04 
1998 10	 171.38   26.42   15.42    5.58 
1998 11	 133.15   20.32   11.21    4.83 
1998 12	 163.33   15.62    5.40    5.63 
1999 1	 226.10   17.97    5.49    6.09 
1999 2	   7.80   20.84    8.05    4.96 
1999 3	  83.45   20.64    8.51    5.31 
1999 4	 119.42   25.49   13.36    5.83 
1999 5	 108.60   28.25   17.30    4.09 
1999 6	 109.65   29.91   21.29    4.27 
1999 7	  43.62   33.31   22.86    3.01 
1999 8	   0.73   37.54   23.12    2.80 
1999 9	  38.98   32.98   18.01    4.29 
1999 10	  58.12   27.64   12.22    4.68 
1999 11	   8.98   23.93    8.47    4.28 
1999 12	  88.90   18.05    3.49    5.90 
2000 1	  77.77   17.27    5.33    5.97 
2000 2	  38.30   21.93    7.98    5.43 
2000 3	 127.30   23.48   11.03    4.80 
2000 4	 121.43   24.84   12.45    4.63 
2000 5	 161.25   29.61   19.25    4.90 
2000 6	 132.35   31.04   21.81    4.38 
2000 7	  10.07   36.14   22.80    3.31 
2000 8	   5.10   37.60   22.82    2.44 
2000 9	  42.50   33.86   18.76    4.65 
2000 10	  76.98   26.63   15.36    5.14 
2000 11	 352.93   17.09    7.11    5.69 
2000 12	 135.68   11.26    1.01    5.97 
2001 1	 117.47   12.62    1.46    5.43 
2001 2	 114.03   18.37    6.66    5.15 
2001 3	 172.52   17.44    6.61    4.75 
2001 4	  11.60   26.11   14.96    5.75 
2001 5	 110.58   29.45   17.88    4.39 
2001 6	 335.40   30.61   20.60    3.63 
2001 7	  34.70   33.89   23.42    2.78 
2001 8	 113.18   34.47   22.88    3.47 
2001 9	 173.70   28.93   18.95    4.51 
2001 10	 106.43   24.91   11.07    5.17 
2001 11	  84.85   22.12   10.32    4.28 
2001 12	 143.93   17.11    5.20    5.14 
2002 1	  59.93   15.97    3.95    5.16 
2002 2	  53.67   15.75    2.25    5.64 
2002 3	 100.57   19.91    7.58    5.85 
2002 4	  67.95   26.09   16.22    5.16 
2002 5	 109.48   29.17   17.82    5.71 
2002 6	 146.18   31.40   20.52    3.94 
2002 7	  55.95   33.00   22.77    3.28 
2002 8	  31.58   34.53   22.43    3.42 
2002 9	  46.40   31.54   19.33    5.50 
2002 10	 151.68   23.58   14.93    4.17 
2002 11	 135.43   18.44    6.02    5.41 
2002 12	 237.10   15.20    4.20    6.05 
2003 1	  17.05   13.48    1.43    5.39 
2003 2	 195.30   13.80    4.38    5.48 
2003 3	  51.12   19.84    7.86    3.96 
2003 4	  23.05   25.67   12.70    4.83 
2003 5	  53.35   29.21   18.87    4.97 
2003 6	 123.85   31.25   20.76    3.33 
2003 7	 141.85   32.99   22.20    3.52 
2003 8	  39.92   34.46   22.33    3.07 
2003 9	  81.35   29.43   17.64    3.99 
2003 10	 116.82   26.64   13.31    4.25 
2003 11	 101.65   21.44   10.13    5.63 
2003 12	  55.77   16.51    2.03    5.63 
2004 1	  98.78   15.30    4.05    5.50 
2004 2	 154.87   14.12    3.46    5.60 
2004 3	  62.52   23.13   11.16    4.68 
2004 4	 161.52   24.74   12.56    4.96 
2004 5	  73.18   28.60   18.37    5.10 
2004 6	 215.27   30.60   21.07    3.76 
2004 7	  47.88   32.96   21.76    2.74 
2004 8	 100.33   32.90   20.43    3.76 
2004 9	  62.70   31.32   18.19    4.12 
2004 10	 189.42   28.56   18.33    4.76 
2004 11	 253.18   19.66    9.75    5.43 
2004 12	  61.75   15.79    2.23    5.80 
2005 1	 108.88   16.57    5.64    5.31 
2005 2	 121.58   16.74    7.14    5.16 
2005 3	  62.22   20.44    6.80    4.57 
2005 4	  29.83   25.17   10.59    5.02 
2005 5	  79.63   28.32   15.44    3.86 
2005 6	   2.10   33.91   21.00    3.21 
2005 7	  71.13   34.57   22.06    3.25 
2005 8	  96.85   34.94   22.24    2.73 
2005 9	  54.30   35.28   20.18    4.22 
2005 10	  28.38   27.90   11.73    5.12 
2005 11	  12.38   22.73    8.62    5.50 
2005 12	  12.72   16.03    0.39    5.62 
2006 1	 117.93   19.74    2.98    5.30 
2006 2	  84.67   15.62    2.57    5.33 
2006 3	 134.50   22.11    9.30    5.77 
2006 4	  75.18   27.92   14.81    5.13 
2006 5	  68.27   29.71   16.63    4.39 
2006 6	 124.57   32.76   19.48    2.66 
2006 7	  55.28   34.04   22.27    2.81 
2006 8	  33.83   36.61   22.86    2.99 
2006 9	  63.20   32.22   16.99    3.83 
2006 10	 199.35   26.26   12.07    5.07 
2006 11	  65.60   21.47    6.85    5.17 
2006 12	 149.77   16.02    3.85    5.89 
2007 1	 171.18   12.30    1.24    5.88 
2007 2	  26.95   15.62    2.26    4.96 
2007 3	 136.97   23.94   10.98    4.68 
2007 4	  53.53   23.17    9.96    4.99 
2007 5	 216.35   28.39   17.84    4.66 
2007 6	 157.52   31.27   21.47    3.63 
2007 7	 220.25   31.09   21.98    3.68 
2007 8	  71.20   34.82   23.39    2.89 
2007 9	  30.90   32.23   20.25    3.35 
2007 10	  58.15   28.12   13.87    5.05 
2007 11	  69.57   21.51    9.44    4.61 
2007 12	  69.40   17.98    4.00    4.53 
2008 1	  46.65   14.49    1.78    6.27 
2008 2	  84.85   19.67    4.61    5.31 
2008 3	 130.48   22.80    8.75    6.12 
2008 4	  58.00   25.43   12.05    5.18 
2008 5	 106.35   29.34   17.13    5.26 
2008 6	  29.73   34.54   22.40    4.24 
2008 7	   9.25   36.16   22.25    3.42 
2008 8	 180.78   33.49   22.69    3.37 
2008 9	 113.60   29.00   17.33    5.45 
2008 10	  60.17   25.87   10.79    4.43 
2008 11	  64.60   20.92    6.60    4.87 
2008 12	  17.98   16.08    1.23    6.21 
2009 1	  41.35   16.57    1.66    5.20 
2009 2	  38.12   20.67    5.68    5.83 
2009 3	 169.32   20.46    8.33    5.19 
2009 4	 128.52   23.62   10.94    5.98 
2009 5	  32.67   28.77   17.29    4.42 
2009 6	  50.60   35.01   21.49    3.64 
2009 7	 101.00   35.69   23.28    3.06 
2009 8	  76.00   35.45   22.46    2.50 
2009 9	 157.30   29.26   18.99    3.49 
2009 10	 265.90   24.04   12.32    5.43 
2009 11	  39.78   21.43    7.85    4.94 
2009 12	  68.30   11.48    0.98    5.92 
2010 1	  53.65   12.13    0.11    5.48 
2010 2	 110.77   11.35    0.38    5.72 
2010 3	  89.43   18.92    5.42    4.67 
2010 4	  38.05   25.42   11.57    5.00 
2010 5	  22.25   31.31   18.57    4.10 
2010 6	 231.32   33.45   23.11    3.31 
2010 7	  75.85   33.65   23.55    3.79 
2010 8	  61.90   37.07   23.61    3.14 
2010 9	  78.40   32.09   20.20    4.20 
2010 10	  50.80   28.17   11.45    4.30 
2010 11	  74.37   20.83    8.03    5.59 
2010 12	  18.98   14.59    1.49    6.10 
