1949 1	 161.10   15.99    3.84    5.00 
1949 2	 104.55   19.31    6.99    4.59 
1949 3	 128.43   21.65    8.01    5.32 
1949 4	 110.97   24.28   11.52    4.98 
1949 5	  56.53   30.31   17.62    4.32 
1949 6	 128.38   32.57   20.80    3.23 
1949 7	 123.67   33.55   22.04    3.03 
1949 8	  91.90   32.74   19.72    2.86 
1949 9	  83.85   31.27   17.34    3.70 
1949 10	 291.02   25.09   14.63    4.57 
1949 11	  18.02   23.00    5.74    4.62 
1949 12	 121.07   16.92    4.70    6.08 
1950 1	 129.90   18.57    8.53    4.99 
1950 2	 229.98   18.63    6.74    4.19 
1950 3	  42.00   20.40    6.50    5.27 
1950 4	 136.32   23.06   10.65    5.10 
1950 5	 243.52   29.34   17.47    4.13 
1950 6	 120.95   30.83   20.14    3.29 
1950 7	 105.72   31.98   20.92    3.44 
1950 8	  43.28   33.52   20.18    2.42 
1950 9	 122.63   29.87   17.92    3.39 
1950 10	  56.97   27.60   13.35    4.21 
1950 11	  48.90   20.15    4.73    5.17 
1950 12	  80.10   15.59    1.58    4.74 
1951 1	 105.32   16.27    1.86    5.54 
1951 2	  75.83   16.64    3.53    5.20 
1951 3	 137.77   21.48    7.70    5.05 
1951 4	  46.27   24.14   10.37    4.96 
1951 5	  25.70   29.11   15.47    4.02 
1951 6	 107.55   32.32   20.84    4.02 
1951 7	  87.15   35.45   21.96    2.61 
1951 8	  14.02   38.28   22.84    2.34 
1951 9	 172.40   31.96   18.81    3.43 
1951 10	  30.15   27.54   13.73    4.26 
1951 11	  67.30   18.68    5.24    5.49 
1951 12	 183.90   18.10    4.47    6.05 
1952 1	  71.35   19.80    7.84    5.22 
1952 2	 102.78   18.44    6.14    5.52 
1952 3	  86.40   20.24    6.21    5.04 
1952 4	 137.10   23.39    9.58    4.38 
1952 5	 141.75   28.68   15.50    3.45 
1952 6	  16.32   34.14   20.75    2.94 
1952 7	 102.20   33.99   21.43    2.77 
1952 8	  37.53   35.66   21.53    3.44 
1952 9	  23.55   33.05   15.69    4.35 
1952 10	   1.10   26.34    5.43    4.22 
1952 11	 146.62   19.46    6.09    5.10 
1952 12	 136.12   14.69    2.47    4.49 
1953 1	 101.18   17.69    3.90    5.76 
1953 2	 117.33   16.31    3.33    5.03 
1953 3	 246.27   23.61   11.32    4.32 
1953 4	 183.45   24.50   10.86    4.76 
1953 5	 328.55   28.94   18.29    4.07 
1953 6	  93.38   35.61   22.36    2.98 
1953 7	 146.55   32.75   21.86    2.88 
1953 8	  52.85   33.15   21.49    2.31 
1953 9	  42.12   33.39   16.43    3.45 
1953 10	  53.65   29.01   12.04    3.68 
1953 11	  62.18   19.17    4.60    4.83 
1953 12	 140.82   13.82    1.27    5.26 
1954 1	  82.18   16.28    3.39    4.68 
1954 2	  36.58   21.93    5.36    5.16 
1954 3	  33.10   20.33    6.20    5.10 
1954 4	  95.72   26.74   14.66    3.91 
1954 5	 124.60   26.23   14.61    3.87 
1954 6	   7.83   33.71   20.47    3.08 
1954 7	  33.38   37.34   22.95    3.50 
1954 8	  20.48   38.06   21.61    3.24 
1954 9	  37.80   35.63   17.02    3.71 
1954 10	 120.12   27.99   13.14    4.48 
1954 11	  86.57   20.56    3.78    4.92 
1954 12	  68.50   18.03    2.19    4.94 
1955 1	  93.80   14.49    2.90    4.06 
1955 2	 118.98   16.60    3.39    5.20 
1955 3	  99.65   23.18    8.57    5.54 
1955 4	 104.38   27.16   13.56    4.45 
1955 5	 167.25   30.51   17.29    3.90 
1955 6	  27.65   32.06   17.41    3.09 
1955 7	  69.65   34.32   20.88    3.07 
1955 8	 144.57   33.05   20.54    2.54 
1955 9	  21.52   33.36   18.85    3.30 
1955 10	  51.35   28.25    9.80    4.23 
1955 11	  39.72   20.71    5.12    6.01 
1955 12	  41.38   16.52    3.27    5.43 
1956 1	  99.65   16.20    1.73    5.14 
1956 2	 120.20   18.61    5.83    4.95 
1956 3	  83.75   21.59    6.92    4.44 
1956 4	 140.65   24.74   10.61    4.93 
1956 5	  65.65   30.66   17.91    3.42 
1956 6	 123.08   32.58   19.99    3.31 
1956 7	  36.22   36.93   21.04    3.46 
1956 8	  51.17   37.11   20.66    2.90 
1956 9	   5.05   34.88   15.83    3.99 
1956 10	  32.62   30.34   11.55    3.45 
1956 11	  65.62   20.73    4.45    4.84 
1956 12	  51.00   19.58    5.44    4.43 
1957 1	 141.82   15.11    3.71    4.64 
1957 2	 111.28   20.34    8.63    4.13 
1957 3	 158.73   20.01    6.30    4.46 
1957 4	 314.43   25.10   12.55    5.37 
1957 5	 113.48   29.42   17.31    4.54 
1957 6	 191.88   31.32   20.73    3.94 
1957 7	  55.90   35.02   21.83    2.61 
1957 8	  47.25   34.90   20.78    3.47 
1957 9	 151.38   30.32   17.42    3.74 
1957 10	 226.85   24.35   10.52    5.18 
1957 11	 259.20   19.07    7.77    5.39 
1957 12	  66.58   18.83    4.17    4.97 
1958 1	 109.08   14.24    0.65    6.35 
1958 2	  62.38   13.24    1.25    6.26 
1958 3	  88.90   18.04    4.65    5.03 
1958 4	 107.50   24.86   11.59    4.67 
1958 5	  91.37   29.53   16.22    3.51 
1958 6	 183.73   33.26   20.66    3.33 
1958 7	  31.38   34.80   22.11    3.36 
1958 8	 164.13   35.20   21.04    2.63 
1958 9	 335.83   30.13   19.86    4.27 
1958 10	  26.98   24.76   12.30    5.27 
1958 11	  86.12   21.24    6.60    4.47 
1958 12	  31.88   14.28    0.88    4.99 
1959 1	  30.15   13.78    0.23    5.33 
1959 2	 114.80   16.79    4.56    5.34 
1959 3	  70.10   21.68    4.45    5.27 
1959 4	 136.28   23.75   10.56    4.72 
1959 5	  64.60   30.14   18.11    4.12 
1959 6	  96.73   32.05   19.81    3.51 
1959 7	 195.57   33.86   21.01    2.30 
1959 8	  76.72   33.95   20.84    2.84 
1959 9	  70.62   32.00   18.41    4.01 
1959 10	 117.48   26.76   11.99    4.35 
1959 11	 102.48   18.13    2.34    5.56 
1959 12	 179.23   16.86    3.02    5.48 
1960 1	  86.47   13.64    1.81    5.23 
1960 2	 145.90   13.73   -0.32    5.76 
1960 3	  57.40   16.20    3.70    4.86 
1960 4	  75.25   26.61   12.26    4.69 
1960 5	  29.45   29.12   14.72    4.60 
1960 6	 184.67   33.29   19.62    3.43 
1960 7	 115.88   34.67   21.58    2.36 
1960 8	 203.85   33.33   21.62    3.15 
1960 9	  95.50   31.96   17.60    3.27 
1960 10	  87.35   27.33   13.81    3.62 
1960 11	 154.70   20.60    7.27    4.90 
1960 12	 213.67   12.72    1.83    5.42 
1961 1	 187.43   12.66   -0.65    5.52 
1961 2	 118.27   18.26    4.73    4.61 
1961 3	 194.73   23.35    9.03    5.26 
1961 4	  40.45   24.09    9.41    5.23 
1961 5	  40.28   29.09   15.27    4.58 
1961 6	 185.65   30.17   18.53    3.42 
1961 7	  91.98   32.27   20.80    2.57 
1961 8	  35.38   33.16   19.06    2.49 
1961 9	 189.78   31.09   18.03    5.41 
1961 10	  41.48   26.26   10.41    4.66 
1961 11	 109.02   18.55    5.71    5.72 
1961 12	 230.35   15.40    2.47    4.86 
1962 1	 103.58   12.88   -1.48    5.78 
1962 2	  52.38   21.92    6.64    5.44 
1962 3	  54.58   19.08    4.51    5.13 
1962 4	 162.77   24.30   10.58    4.88 
1962 5	  58.55   30.60   16.40    4.37 
1962 6	 126.60   32.18   19.30    2.67 
1962 7	  59.85   35.45   21.47    2.52 
1962 8	  87.08   36.70   21.24    2.74 
1962 9	 164.35   31.21   18.67    3.20 
1962 10	  49.00   27.61   14.36    4.13 
1962 11	 116.05   19.00    5.94    5.59 
1962 12	  85.17   15.13    2.46    4.73 
1963 1	  33.88   10.84   -2.26    5.72 
1963 2	  84.82   16.02    0.57    5.98 
1963 3	  13.65   24.26    8.20    4.88 
1963 4	  97.63   27.37   14.87    5.16 
1963 5	  54.65   30.26   16.88    3.63 
1963 6	 142.45   33.84   20.24    3.13 
1963 7	  93.00   34.84   21.89    3.31 
1963 8	  36.15   36.41   21.00    2.22 
1963 9	  65.32   32.10   18.17    3.67 
1963 10	  17.53   31.38   12.34    2.75 
1963 11	 119.45   22.07    7.44    5.58 
1963 12	  75.88   11.73   -1.58    6.15 
1964 1	  92.12   15.20    0.58    5.15 
1964 2	  62.30   14.55    0.86    5.19 
1964 3	 124.45   21.37    6.22    5.19 
1964 4	 155.90   26.63   13.61    5.47 
1964 5	  94.70   29.66   17.18    3.75 
1964 6	  26.50   32.73   20.03    3.26 
1964 7	  15.95   36.37   21.16    3.25 
1964 8	  98.30   35.20   22.08    2.94 
1964 9	  94.07   31.13   18.34    3.32 
1964 10	  23.27   26.34    8.85    5.05 
1964 11	  77.38   22.74    7.76    4.78 
1964 12	  90.55   16.23    3.17    5.77 
1965 1	  71.40   17.74    2.80    5.11 
1965 2	 149.47   15.86    2.01    6.23 
1965 3	 124.80   16.32    4.04    5.73 
1965 4	  31.53   27.74   14.07    4.85 
1965 5	 270.35   28.60   17.62    5.14 
1965 6	 104.38   31.98   19.50    3.53 
1965 7	  36.38   35.27   21.37    2.60 
1965 8	  57.52   35.11   19.96    2.43 
1965 9	 152.45   31.76   18.46    4.63 
1965 10	   9.83   25.64   10.49    4.64 
1965 11	  63.22   23.35   10.44    4.44 
1965 12	 166.50   17.21    3.41    5.08 
1966 1	 138.48   11.11    0.77    5.87 
1966 2	 125.72   14.95    1.63    5.26 
1966 3	  35.42   20.83    6.44    4.80 
1966 4	 226.72   25.61   12.17    5.21 
1966 5	 118.48   27.99   16.69    4.26 
1966 6	  31.55   31.82   18.45    3.19 
1966 7	  30.27   35.80   22.35    2.48 
1966 8	 191.95   32.55   20.53    2.72 
1966 9	  89.62   29.95   17.73    2.69 
1966 10	  61.70   25.51    9.56    4.70 
1966 11	  26.87   22.59    8.23    4.72 
1966 12	 115.18   14.65    1.93    5.11 
1967 1	  29.43   14.99    1.67    5.00 
1967 2	  97.75   15.90    1.28    4.97 
1967 3	  51.67   25.07    9.31    4.79 
1967 4	  64.70   28.07   16.00    5.19 
1967 5	 194.75   28.50   15.01    5.18 
1967 6	  60.15   32.98   20.46    3.67 
1967 7	 104.57   32.87   20.60    3.67 
1967 8	  46.28   34.28   20.11    2.64 
1967 9	  46.67   29.92   16.21    4.26 
1967 10	  33.47   27.99    9.70    4.39 
1967 11	  23.50   21.67    5.75    4.78 
1967 12	 134.12   16.18    3.22    4.95 
1968 1	 185.33   11.99    2.47    5.54 
1968 2	  88.02   13.65   -0.23    5.19 
1968 3	  94.47   19.45    6.15    4.95 
1968 4	 232.25   24.83   13.01    5.22 
1968 5	 196.30   28.66   16.23    4.30 
1968 6	 181.73   30.97   19.92    3.31 
1968 7	 162.45   32.31   20.63    2.71 
1968 8	  47.90   33.46   21.07    2.76 
1968 9	 209.57   29.75   15.97    3.70 
1968 10	 103.13   26.61   11.84    3.78 
1968 11	 176.98   19.07    5.10    5.38 
1968 12	 136.65   15.47    1.77    5.62 
1969 1	  50.27   15.45    3.94    5.60 
1969 2	 128.68   15.76    3.36    5.34 
1969 3	 202.32   16.50    3.79    5.26 
1969 4	 175.30   25.25   12.25    4.38 
1969 5	 155.82   28.71   15.30    3.29 
1969 6	  22.25   32.77   19.61    3.80 
1969 7	  35.58   37.09   22.83    3.01 
1969 8	  42.52   35.85   20.96    2.95 
1969 9	  73.55   32.38   17.23    3.53 
1969 10	  91.88   27.29   11.90    5.59 
1969 11	  89.32   21.03    4.27    4.84 
1969 12	 119.05   16.80    2.70    4.68 
1970 1	  48.62   11.50   -0.59    5.45 
1970 2	 105.13   16.93    2.21    5.06 
1970 3	 120.05   18.96    6.07    5.07 
1970 4	 106.78   26.05   13.23    5.03 
1970 5	  81.30   28.92   14.87    4.51 
1970 6	  57.68   32.17   19.21    3.15 
1970 7	  78.40   33.67   20.41    2.67 
1970 8	  69.90   35.10   21.61    2.99 
1970 9	  63.87   32.27   20.05    4.31 
1970 10	 169.02   24.67   10.93    4.68 
1970 11	  51.72   19.57    3.52    5.33 
1970 12	  47.40   19.86    5.82    4.51 
1971 1	  13.68   17.74    3.48    5.41 
1971 2	  72.72   18.23    2.78    6.00 
1971 3	  29.13   20.95    5.02    5.09 
1971 4	  19.98   25.72    9.87    4.66 
1971 5	 130.65   28.24   14.35    4.01 
1971 6	  81.97   33.91   20.29    3.38 
1971 7	 114.58   34.96   21.58    3.12 
1971 8	  90.72   32.72   19.70    2.26 
1971 9	  73.62   31.13   18.67    3.96 
1971 10	  72.05   28.28   14.05    3.35 
1971 11	 106.28   21.77    5.68    5.03 
1971 12	 164.25   18.57    7.63    4.79 
1972 1	 130.73   16.42    3.66    5.53 
1972 2	  27.83   18.26    3.28    5.33 
1972 3	  88.68   23.56    7.94    4.83 
1972 4	  84.40   26.32   12.11    5.20 
1972 5	  63.97   29.14   14.66    2.84 
1972 6	 111.45   32.90   19.35    4.25 
1972 7	 163.08   32.42   19.87    3.76 
1972 8	  56.27   34.01   20.20    2.64 
1972 9	 111.28   33.18   19.80    2.88 
1972 10	 176.52   25.48   11.81    4.35 
1972 11	  97.08   16.16    4.65    5.75 
1972 12	 115.95   13.68    0.79    5.22 
1973 1	 163.80   12.11   -0.15    6.02 
1973 2	  50.95   15.52    2.82    5.21 
1973 3	 178.67   22.13    8.85    5.35 
1973 4	 155.90   22.64    9.88    5.45 
1973 5	  62.38   28.98   14.28    4.97 
1973 6	 194.77   30.98   19.25    3.61 
1973 7	 116.75   33.61   21.47    2.75 
1973 8	  89.20   32.74   19.33    2.84 
1973 9	 181.25   30.45   19.13    3.97 
1973 10	 162.43   27.10   13.58    4.15 
1973 11	 119.15   23.82   10.15    5.26 
1973 12	 157.07   17.13    1.27    5.75 
1974 1	 249.95   14.05    4.00    4.23 
1974 2	  57.10   18.99    3.55    5.70 
1974 3	  50.57   23.89   11.65    5.35 
1974 4	  81.05   25.66   10.90    5.96 
1974 5	 148.57   29.46   17.90    4.73 
1974 6	  24.85   31.16   17.87    3.72 
1974 7	  61.50   35.15   20.40    2.32 
1974 8	 145.27   33.62   19.98    2.73 
1974 9	 197.60   26.67   15.72    4.92 
1974 10	 121.32   25.92   10.74    5.31 
1974 11	 155.40   19.25    6.58    5.33 
1974 12	 120.55   15.25    2.77    4.71 
1975 1	 165.17   17.00    4.29    5.03 
1975 2	 125.75   17.06    3.17    4.34 
1975 3	 107.25   19.92    7.15    5.65 
1975 4	 117.45   24.32   11.66    5.85 
1975 5	 167.00   28.57   17.35    4.12 
1975 6	 137.83   31.64   19.26    3.79 
1975 7	  42.38   33.19   20.44    2.83 
1975 8	  49.55   33.84   20.43    2.59 
1975 9	  50.68   30.05   14.83    3.67 
1975 10	  84.95   27.48   10.69    4.20 
1975 11	 112.38   20.92    5.14    4.86 
1975 12	  62.30   15.65    2.57    4.91 
1976 1	  54.03   16.27    0.04    5.77 
1976 2	  64.25   21.52    6.57    4.68 
1976 3	 132.62   21.31    8.87    5.65 
1976 4	  60.13   25.90   11.55    4.44 
1976 5	 165.48   26.64   13.13    4.08 
1976 6	 162.20   30.78   17.96    3.43 
1976 7	 114.85   32.26   20.52    2.09 
1976 8	  63.85   33.61   18.38    2.34 
1976 9	  90.77   30.35   16.13    2.93 
1976 10	  56.67   22.45    6.57    4.84 
1976 11	  51.70   16.13    1.81    5.47 
1976 12	 114.98   15.18    0.03    5.10 
1977 1	  99.78    9.76   -3.42    5.61 
1977 2	  84.33   18.09    1.57    5.84 
1977 3	 126.12   21.87    7.25    5.31 
1977 4	  77.80   25.42   11.06    4.57 
1977 5	  34.28   29.90   16.05    3.88 
1977 6	 104.75   33.35   19.83    3.50 
1977 7	  88.50   35.57   21.15    2.45 
1977 8	 163.60   33.53   21.20    3.55 
1977 9	  59.45   31.92   19.36    3.73 
1977 10	  28.80   27.14   10.63    4.20 
1977 11	  93.62   20.62    7.42    4.61 
1977 12	  65.28   16.39    1.77    6.06 
1978 1	 166.22    7.41   -2.95    6.73 
1978 2	  44.10   10.81   -1.99    6.05 
1978 3	  85.60   20.34    4.57    4.49 
1978 4	  81.08   26.27   11.72    4.70 
1978 5	 103.62   29.83   15.80    4.04 
1978 6	  38.62   33.44   18.84    2.79 
1978 7	  56.55   36.89   21.37    2.62 
1978 8	  84.57   35.48   20.79    2.87 
1978 9	 217.15   30.55   19.28    4.02 
1978 10	  44.88   27.01    8.79    3.87 
1978 11	 135.95   21.87    8.37    4.30 
1978 12	 117.62   16.02    1.89    5.68 
1979 1	 200.85    8.13   -1.43    6.45 
1979 2	 152.12   12.91    3.04    5.42 
1979 3	 179.15   21.51    7.38    5.24 
1979 4	 101.20   24.29   12.15    4.31 
1979 5	 206.65   27.71   14.91    4.18 
1979 6	  95.65   31.67   19.43    3.51 
1979 7	 154.27   32.96   21.64    3.60 
1979 8	  60.15   33.33   20.10    2.35 
1979 9	 162.30   29.83   16.36    4.95 
1979 10	 107.50   28.44   11.77    4.25 
1979 11	 136.97   19.40    3.53    5.60 
1979 12	  85.52   16.83    1.95    5.01 
1980 1	 110.35   14.12    4.24    4.48 
1980 2	  59.95   15.28    1.55    5.28 
1980 3	 121.30   19.48    5.55    5.27 
1980 4	 185.05   23.96    9.41    4.39 
1980 5	 177.62   28.44   16.51    3.55 
1980 6	  50.27   33.81   20.82    4.07 
1980 7	  40.37   37.70   22.18    2.21 
1980 8	  42.12   36.99   21.26    3.74 
1980 9	  43.15   34.71   20.17    3.19 
1980 10	  44.25   25.97    8.73    4.54 
1980 11	  91.15   19.07    4.74    5.06 
1980 12	  25.20   16.81    3.08    4.76 
1981 1	  53.47   14.25    0.24    4.52 
1981 2	  89.15   16.78    2.72    4.50 
1981 3	  89.28   20.77    5.99    4.79 
1981 4	  39.10   27.68   14.46    4.06 
1981 5	 139.38   27.14   14.68    4.48 
1981 6	 153.95   32.42   21.07    3.97 
1981 7	 101.65   34.28   22.20    2.96 
1981 8	 102.78   34.85   20.19    2.70 
1981 9	  86.27   30.15   15.84    3.39 
1981 10	 158.65   24.67   11.66    4.19 
1981 11	  44.67   21.75    6.20    4.14 
1981 12	  19.07   15.59    1.70    5.27 
1982 1	  76.08   15.27    0.80    5.88 
1982 2	  62.58   13.88    2.13    5.19 
1982 3	  94.75   21.24   10.39    5.41 
1982 4	 228.57   22.98   10.94    5.24 
1982 5	  91.78   28.67   16.88    4.06 
1982 6	 169.65   32.21   19.46    2.83 
1982 7	  46.70   33.88   21.87    2.51 
1982 8	  20.50   35.35   22.09    2.22 
1982 9	  74.68   32.44   16.44    4.08 
1982 10	 133.12   25.05   11.29    5.04 
1982 11	 167.77   19.36    7.28    5.08 
1982 12	 247.48   17.05    5.13    6.07 
1983 1	  60.38   12.68    1.71    4.89 
1983 2	 150.52   15.00    3.57    5.90 
1983 3	 111.95   20.16    5.28    5.03 
1983 4	  34.73   22.08    8.78    5.75 
1983 5	 223.72   27.60   14.38    4.29 
1983 6	 157.05   29.97   18.91    3.42 
1983 7	  26.70   33.12   21.54    3.46 
1983 8	 101.50   33.98   21.78    2.42 
1983 9	  70.62   30.84   16.45    4.27 
1983 10	  40.35   26.42   11.43    4.08 
1983 11	 121.03   20.57    7.00    5.13 
1983 12	 186.55    9.64   -1.48    6.36 
1984 1	  55.80   11.95   -1.71    5.56 
1984 2	 143.23   18.18    2.25    5.23 
1984 3	  89.50   20.49    7.49    4.68 
1984 4	  43.38   25.48   10.85    5.40 
1984 5	  53.62   29.51   15.52    4.81 
1984 6	  36.50   32.58   19.65    3.30 
1984 7	  69.38   34.98   21.01    2.36 
1984 8	  37.33   35.15   20.94    2.85 
1984 9	 108.23   30.51   17.11    5.12 
1984 10	 333.43   25.57   14.91    4.53 
1984 11	  99.50   19.43    6.10    5.49 
1984 12	  64.12   20.08    9.07    5.30 
1985 1	  75.35   10.58   -1.31    5.14 
1985 2	 147.40   13.58    2.27    5.08 
1985 3	 103.30   22.50    9.97    5.15 
1985 4	 128.45   26.12   12.52    4.85 
1985 5	  78.78   29.21   15.80    3.68 
1985 6	  26.03   33.21   19.52    3.91 
1985 7	  94.35   34.19   21.07    2.72 
1985 8	  39.70   35.76   21.20    2.77 
1985 9	  79.17   32.59   17.23    4.57 
1985 10	 247.73   25.35   14.81    5.35 
1985 11	 172.42   21.36   10.92    4.81 
1985 12	  64.60   13.39   -0.45    4.88 
1986 1	  21.50   16.54    2.11    5.20 
1986 2	  71.03   18.99    5.69    5.24 
1986 3	  11.98   23.08    6.51    3.95 
1986 4	 113.03   25.38   13.01    4.45 
1986 5	 184.22   27.90   16.29    3.96 
1986 6	 253.10   31.67   21.05    2.65 
1986 7	  31.38   34.70   22.47    2.99 
1986 8	  55.90   33.81   20.10    2.86 
1986 9	  90.72   31.81   20.35    3.29 
1986 10	 163.88   24.49   12.40    4.23 
1986 11	 212.57   18.21    8.88    5.42 
1986 12	 129.57   12.85    2.72    5.16 
1987 1	  45.45   13.69    0.93    5.00 
1987 2	 183.35   15.95    5.48    5.25 
1987 3	  50.20   20.37    5.32    4.85 
1987 4	  16.73   26.16    8.23    3.67 
1987 5	  89.68   29.72   17.48    3.06 
1987 6	 157.45   31.85   19.61    4.07 
1987 7	  97.72   33.56   21.11    3.08 
1987 8	  85.10   35.61   22.49    3.00 
1987 9	  88.42   30.81   16.39    3.49 
1987 10	  55.88   25.63    8.82    4.53 
1987 11	 203.25   20.78    6.36    5.43 
1987 12	 178.33   16.16    3.72    5.00 
1988 1	  40.22   11.58   -0.76    5.68 
1988 2	  51.03   15.77    2.11    5.02 
1988 3	 108.65   20.73    5.99    5.00 
1988 4	  47.12   25.73   10.15    4.41 
1988 5	  11.37   29.43   13.64    3.79 
1988 6	  17.83   33.57   18.10    3.44 
1988 7	  70.43   34.77   21.44    3.38 
1988 8	 118.10   34.76   21.47    2.75 
1988 9	  40.42   32.39   17.84    4.27 
1988 10	 125.70   25.46   10.95    4.16 
1988 11	  69.80   21.89    7.00    5.72 
1988 12	  99.57   16.39    2.85    4.88 
1989 1	 222.07   16.15    5.23    4.85 
1989 2	  91.73   13.37    2.53    6.09 
1989 3	 141.68   20.10    7.53    5.54 
1989 4	  32.80   25.00   12.00    4.53 
1989 5	 197.58   28.95   17.31    4.50 
1989 6	 337.68   29.33   19.03    4.69 
1989 7	  77.17   31.77   21.18    3.48 
1989 8	  41.45   32.37   20.68    2.55 
1989 9	 106.50   29.32   16.44    4.15 
1989 10	  54.35   26.58   10.46    4.58 
1989 11	  63.62   21.38    6.97    5.28 
1989 12	  46.03   11.32   -3.24    5.87 
1990 1	 198.80   16.92    4.61    4.58 
1990 2	 133.60   19.82    5.69    5.75 
1990 3	 108.30   20.99    8.56    4.75 
1990 4	  82.98   24.81   10.87    4.80 
1990 5	 328.10   28.17   16.66    4.90 
1990 6	  45.38   33.39   21.15    3.34 
1990 7	 118.82   33.54   20.80    2.63 
1990 8	  22.75   34.75   20.86    2.55 
1990 9	  64.10   32.71   19.07    2.48 
1990 10	  92.85   26.16    9.65    4.33 
1990 11	 158.47   22.54    7.15    4.74 
1990 12	 119.03   15.50    1.68    5.12 
1991 1	 243.23   11.11    1.27    5.26 
1991 2	 188.25   17.46    3.82    5.12 
1991 3	  40.18   21.94    7.82    5.72 
1991 4	 333.80   25.13   13.66    4.72 
1991 5	 191.25   28.31   18.42    4.85 
1991 6	 122.05   31.98   20.92    3.49 
1991 7	  49.60   33.87   21.90    2.75 
1991 8	 196.73   32.66   21.44    2.07 
1991 9	  53.80   29.65   17.75    3.84 
1991 10	  75.38   27.99   12.11    4.32 
1991 11	 118.27   17.10    3.52    5.78 
1991 12	 167.95   15.70    5.38    5.40 
1992 1	 133.90   13.57    1.87    4.86 
1992 2	 195.88   18.29    4.95    4.89 
1992 3	 144.22   21.76    7.39    4.71 
1992 4	  57.65   24.29   10.84    3.83 
1992 5	  98.70   26.77   15.13    3.35 
1992 6	  88.72   30.99   19.61    3.23 
1992 7	  43.08   33.70   22.22    3.78 
1992 8	  78.40   31.76   18.91    2.70 
1992 9	  66.40   30.14   17.87    4.18 
1992 10	  87.72   27.19   10.65    4.22 
1992 11	 131.33   17.10    4.22    5.32 
1992 12	 177.30   14.32    4.15    4.39 
1993 1	 107.52   13.36    2.21    4.85 
1993 2	  73.10   16.32    2.78    5.25 
1993 3	 161.77   18.77    5.44    4.95 
1993 4	 127.65   22.33    9.08    5.19 
1993 5	  94.30   26.85   15.05    4.12 
1993 6	 229.13   31.31   21.30    4.61 
1993 7	  17.78   34.50   22.83    3.00 
1993 8	  24.52   36.30   22.53    2.58 
1993 9	  55.40   32.55   17.64    3.46 
1993 10	 113.28   24.62   12.02    4.60 
1993 11	  90.35   16.90    3.35    5.33 
1993 12	  83.48   15.49    2.63    5.22 
1994 1	  99.45   13.74    1.37    5.75 
1994 2	 169.07   16.26    2.64    4.66 
1994 3	  58.43   21.09    6.68    4.20 
1994 4	  86.28   25.81   11.30    4.40 
1994 5	 170.85   26.59   15.57    3.68 
1994 6	  93.15   32.57   21.41    3.93 
1994 7	  72.03   33.75   21.90    3.51 
1994 8	 240.15   32.46   20.46    2.51 
1994 9	 107.80   30.42   16.86    3.11 
1994 10	 321.65   24.95   13.15    4.84 
1994 11	  58.53   21.40    8.80    5.12 
1994 12	 218.30   15.73    4.38    4.66 
1995 1	 131.58   14.74    3.10    5.53 
1995 2	  74.80   18.18    3.34    4.85 
1995 3	 147.88   20.27    8.60    5.25 
1995 4	 239.85   23.99   10.40    4.98 
1995 5	 114.97   28.59   17.09    4.68 
1995 6	  53.25   32.01   18.47    3.41 
1995 7	 114.15   34.16   21.66    3.76 
1995 8	  31.58   35.59   22.66    2.62 
1995 9	  54.75   31.75   17.52    3.31 
1995 10	  79.05   27.24    9.99    5.52 
1995 11	  24.75   20.44    4.88    5.30 
1995 12	 164.43   15.43    4.00    5.63 
1996 1	  39.78   15.72    0.59    5.71 
1996 2	   9.27   18.12    4.25    5.66 
1996 3	  44.30   18.88    3.80    5.51 
1996 4	 108.75   25.17    9.55    5.12 
1996 5	  22.82   30.89   20.12    4.68 
1996 6	 110.32   32.34   20.34    3.04 
1996 7	 107.53   34.87   23.34    2.97 
1996 8	 146.50   32.72   21.92    2.88 
1996 9	 212.57   29.96   17.81    3.39 
1996 10	  56.93   25.46   12.00    5.42 
1996 11	 111.05   19.52    8.08    5.64 
1996 12	  86.15   17.74    5.37    5.07 
1997 1	 117.80   13.61    2.55    5.87 
1997 2	 194.00   16.07    5.46    5.62 
1997 3	 204.58   22.30   10.24    4.64 
1997 4	 181.53   21.88    9.66    5.62 
1997 5	 132.75   27.40   15.77    3.75 
1997 6	 111.55   30.55   19.99    3.20 
1997 7	  85.15   33.66   23.10    2.20 
1997 8	 286.58   32.91   21.71    2.75 
1997 9	  60.28   31.97   18.55    3.15 
1997 10	 191.12   25.26   12.55    5.38 
1997 11	 100.10   17.16    5.35    4.98 
1997 12	 148.12   13.80    1.37    5.27 
1998 1	 190.20   16.05    4.89    4.59 
1998 2	 174.97   17.17    4.12    4.82 
1998 3	  85.35   19.63    6.98    5.95 
1998 4	  58.20   24.22    9.93    4.82 
1998 5	   7.05   31.46   18.39    3.92 
1998 6	  39.30   35.81   23.60    5.46 
1998 7	  34.40   38.76   25.06    3.56 
1998 8	 110.85   36.19   23.42    2.30 
1998 9	 200.95   32.93   22.18    6.03 
1998 10	 128.12   26.30   14.49    5.10 
1998 11	 162.93   19.91    9.74    4.34 
1998 12	 218.40   16.01    5.19    5.12 
1999 1	 272.77   17.92    4.39    5.69 
1999 2	  22.40   20.92    6.99    4.59 
1999 3	 121.17   20.35    7.49    5.05 
1999 4	  65.40   27.07   14.51    5.30 
1999 5	 141.67   28.80   16.64    3.67 
1999 6	 181.58   31.74   22.03    3.77 
1999 7	  65.45   33.91   23.20    2.83 
1999 8	   1.48   37.57   22.66    2.69 
1999 9	  50.88   32.34   16.71    4.13 
1999 10	  89.70   27.07   10.60    4.46 
1999 11	  13.05   23.66    6.25    4.00 
1999 12	  89.57   17.96    1.81    5.52 
2000 1	  38.97   16.89    4.41    5.56 
2000 2	  21.30   21.69    5.88    4.97 
2000 3	 193.88   23.64    9.98    4.45 
2000 4	 194.08   24.27   10.76    4.37 
2000 5	 177.12   29.76   18.75    4.51 
2000 6	 126.72   31.83   21.13    3.85 
2000 7	   8.90   35.92   22.35    3.13 
2000 8	   9.25   38.10   22.42    2.23 
2000 9	  56.90   34.11   17.84    4.38 
2000 10	  19.43   27.38   12.83    4.71 
2000 11	 339.18   17.84    6.01    5.32 
2000 12	 159.80   11.03   -0.40    5.64 
2001 1	 138.07   11.75    0.54    5.03 
2001 2	 177.05   18.58    5.60    4.90 
2001 3	 229.20   17.10    5.88    4.63 
2001 4	  40.78   26.62   14.30    5.42 
2001 5	 107.58   30.22   16.96    4.02 
2001 6	 235.70   31.46   19.86    3.44 
2001 7	  27.25   34.65   23.12    2.44 
2001 8	 105.22   34.96   22.37    3.16 
2001 9	 148.75   29.76   18.09    4.20 
2001 10	 131.98   25.35    9.47    5.05 
2001 11	 112.53   22.94    8.36    4.21 
2001 12	 220.93   17.92    3.97    4.91 
2002 1	  83.07   16.73    3.03    4.95 
2002 2	  66.82   16.11    0.80    5.33 
2002 3	 148.03   19.96    6.37    5.58 
2002 4	  87.33   26.12   15.17    4.71 
2002 5	  78.12   29.59   17.29    5.22 
2002 6	  78.50   32.26   20.29    3.56 
2002 7	 170.45   33.78   22.71    2.63 
2002 8	  57.45   34.56   22.41    3.13 
2002 9	  45.58   32.81   19.44    5.18 
2002 10	 177.50   24.36   14.81    3.98 
2002 11	 172.57   18.78    5.17    5.04 
2002 12	 303.47   15.57    3.04    5.66 
2003 1	  21.45   13.91    1.09    5.19 
2003 2	 218.45   14.62    4.40    5.09 
2003 3	  52.00   20.27    7.43    3.65 
2003 4	  38.55   26.25   12.19    4.47 
2003 5	  19.27   30.35   18.68    4.64 
2003 6	 138.07   32.41   20.77    3.09 
2003 7	 179.48   33.86   22.25    3.25 
2003 8	 118.45   34.74   22.53    2.92 
2003 9	 115.28   30.19   18.04    3.79 
2003 10	  46.32   27.07   12.45    3.98 
2003 11	 202.15   22.80    8.85    5.34 
2003 12	  72.00   17.27    1.49    5.37 
2004 1	 135.97   15.76    3.28    5.15 
2004 2	 241.37   13.53    2.49    5.40 
2004 3	  93.58   23.08   10.47    4.48 
2004 4	 150.45   24.94   12.26    4.43 
2004 5	 121.35   29.10   17.97    4.59 
2004 6	 271.50   31.05   21.17    3.41 
2004 7	  39.35   33.35   21.99    2.49 
2004 8	 111.82   33.38   19.99    3.41 
2004 9	  44.45   31.79   18.07    4.30 
2004 10	 189.05   28.12   18.28    4.32 
2004 11	 303.38   19.70    9.77    5.12 
2004 12	  83.80   15.64    1.45    5.62 
2005 1	 109.67   16.17    5.88    5.04 
2005 2	 161.70   16.69    6.58    4.78 
2005 3	 103.28   20.24    7.01    4.35 
2005 4	  81.50   24.98   10.72    4.72 
2005 5	  45.15   28.88   14.62    3.52 
2005 6	  59.12   33.94   20.57    2.81 
2005 7	  53.17   34.90   22.35    3.07 
2005 8	  82.98   36.25   22.33    2.39 
2005 9	 239.23   35.56   20.39    4.11 
2005 10	  30.55   27.13   11.19    4.92 
2005 11	  33.22   22.76    8.89    5.13 
2005 12	  43.52   15.86    0.38    5.31 
2006 1	 128.82   19.51    3.86    4.95 
2006 2	 154.80   15.30    1.61    5.05 
2006 3	 103.35   21.99    8.77    5.50 
2006 4	  72.85   28.00   14.86    4.77 
2006 5	  86.30   29.20   17.13    3.98 
2006 6	  83.80   32.65   19.66    2.51 
2006 7	 114.23   34.26   22.38    2.48 
2006 8	  72.03   35.98   23.18    2.58 
2006 9	  73.12   31.60   16.36    3.54 
2006 10	 222.40   25.85   12.00    4.57 
2006 11	  77.40   20.85    6.19    5.01 
2006 12	 140.30   15.94    3.62    5.67 
2007 1	 230.52   13.14    1.72    5.48 
2007 2	  74.87   15.25    2.35    4.61 
2007 3	  34.93   23.99   10.15    4.33 
2007 4	  50.90   22.98    9.85    4.60 
2007 5	 114.85   28.57   17.22    4.34 
2007 6	 162.90   31.79   21.13    3.27 
2007 7	 274.05   31.25   21.71    3.22 
2007 8	  37.62   34.54   23.12    2.64 
2007 9	  56.73   31.83   19.41    3.29 
2007 10	  63.98   27.60   13.08    4.95 
2007 11	  95.43   21.21    8.50    4.37 
2007 12	 108.25   16.97    3.28    4.26 
2008 1	  51.27   13.53    1.10    5.97 
2008 2	 170.92   18.73    3.43    4.92 
2008 3	 183.15   22.07    7.74    5.76 
2008 4	  58.35   24.63   11.74    4.80 
2008 5	  89.93   28.28   15.85    4.69 
2008 6	  85.62   33.33   21.58    3.78 
2008 7	  28.00   35.55   21.99    3.03 
2008 8	 176.05   33.33   22.26    3.30 
2008 9	  81.88   29.22   17.61    5.24 
2008 10	  32.50   26.43   10.19    4.25 
2008 11	 104.30   20.97    5.92    4.69 
2008 12	  77.17   15.64    1.99    5.79 
2009 1	  48.20   15.79    1.66    4.90 
2009 2	  56.38   20.02    5.05    5.52 
2009 3	 204.23   20.79    7.83    4.97 
2009 4	 128.12   24.12   10.48    5.81 
2009 5	  77.10   29.11   17.35    4.23 
2009 6	  33.90   34.43   21.47    3.26 
2009 7	 134.48   35.21   22.77    2.82 
2009 8	  98.47   34.91   22.02    2.23 
2009 9	 136.12   29.56   18.79    3.29 
2009 10	 409.60   23.83   11.98    4.97 
2009 11	  52.00   21.35    7.40    4.72 
2009 12	 133.70   11.73    1.15    5.74 
2010 1	  54.08   12.92    0.07    5.25 
2010 2	 110.65   11.05   -0.01    5.39 
2010 3	  79.10   19.13    4.92    4.57 
2010 4	  41.95   26.15   11.55    4.72 
2010 5	  19.88   31.90   18.23    3.69 
2010 6	  90.78   35.12   23.01    2.78 
2010 7	 106.87   34.48   23.36    3.53 
2010 8	  16.40   38.06   23.66    3.12 
2010 9	  61.33   33.55   19.77    3.82 
2010 10	  37.00   28.30   11.09    4.15 
2010 11	 107.53   20.76    7.82    5.00 
2010 12	  17.42   15.15    1.93    5.85 
