1949 1	  68.42   11.37   -0.77    4.20 
1949 2	  82.35   17.99    5.25    3.66 
1949 3	  35.83   20.52    6.20    3.71 
1949 4	  89.22   21.40    8.77    3.57 
1949 5	  45.93   29.45   17.37    3.31 
1949 6	  75.83   32.35   18.51    3.22 
1949 7	  51.48   34.19   20.12    2.77 
1949 8	 101.75   34.06   18.06    2.40 
1949 9	  65.30   31.05   17.45    2.68 
1949 10	  90.45   25.36   11.70    3.58 
1949 11	   0.00   24.53    3.84    3.02 
1949 12	  55.57   16.53    4.86    4.14 
1950 1	  17.25   18.02    7.03    4.57 
1950 2	  54.67   19.25    5.47    3.54 
1950 3	   6.35   21.75    5.91    4.17 
1950 4	  66.65   24.27   11.42    3.99 
1950 5	  95.87   29.20   17.08    3.44 
1950 6	  56.00   31.55   18.93    3.32 
1950 7	  49.55   34.52   20.39    3.83 
1950 8	 117.60   34.36   18.81    2.74 
1950 9	  74.12   31.04   17.60    2.81 
1950 10	  11.55   30.06   11.94    3.21 
1950 11	   6.55   22.76    4.41    3.98 
1950 12	   0.00   19.29   -0.70    3.49 
1951 1	   0.62   17.00   -1.00    4.35 
1951 2	  47.40   17.56    2.17    4.70 
1951 3	  60.17   23.16    7.09    4.23 
1951 4	  25.23   27.26    9.96    3.94 
1951 5	  95.08   28.97   15.42    3.34 
1951 6	  95.15   32.60   19.37    4.16 
1951 7	   6.48   36.51   20.94    3.31 
1951 8	  22.25   38.00   20.29    3.12 
1951 9	  53.12   33.20   17.96    2.94 
1951 10	  15.55   29.10   14.03    3.12 
1951 11	   9.77   20.01    4.71    4.15 
1951 12	   9.27   19.47    3.19    4.01 
1952 1	   4.80   20.56    6.17    4.39 
1952 2	  35.25   21.42    4.89    4.04 
1952 3	  79.33   21.29    6.27    3.91 
1952 4	 139.55   23.51    9.57    3.73 
1952 5	 139.35   28.71   13.73    3.15 
1952 6	  83.55   33.09   19.44    3.38 
1952 7	  15.55   34.56   19.30    2.73 
1952 8	   0.50   38.45   20.47    3.37 
1952 9	 386.23   30.64   15.25    2.70 
1952 10	   0.00   26.16    6.07    2.89 
1952 11	  56.02   18.32    5.81    3.77 
1952 12	 111.52   15.48    1.42    3.38 
1953 1	  17.03   20.48    2.30    4.15 
1953 2	  11.87   18.25    2.98    3.44 
1953 3	  60.93   24.73   10.36    3.51 
1953 4	  43.02   26.80    9.96    3.32 
1953 5	  36.12   29.63   14.84    3.48 
1953 6	   9.75   36.59   20.24    3.17 
1953 7	  27.58   36.30   20.83    3.11 
1953 8	  80.78   34.77   20.16    2.31 
1953 9	  47.50   32.53   14.48    2.27 
1953 10	 113.25   25.93   12.03    2.89 
1953 11	   4.78   19.75    4.62    2.91 
1953 12	  17.75   14.48    0.19    3.72 
1954 1	  10.18   17.66    2.91    3.91 
1954 2	   2.48   22.79    3.90    3.47 
1954 3	  13.12   22.33    5.24    4.07 
1954 4	  68.07   28.55   14.62    4.46 
1954 5	  48.92   28.87   14.99    3.43 
1954 6	  34.97   33.51   19.94    3.82 
1954 7	   3.25   36.59   20.27    3.02 
1954 8	  30.00   36.39   20.81    3.57 
1954 9	  20.12   33.77   17.28    2.68 
1954 10	  70.12   26.75   13.04    3.07 
1954 11	  24.73   20.81    4.73    3.08 
1954 12	   3.37   19.51    4.13    3.58 
1955 1	  53.75   15.33    2.78    3.77 
1955 2	  45.95   16.30    4.29    4.42 
1955 3	  19.00   22.69    7.74    4.37 
1955 4	   5.38   28.22   13.72    3.75 
1955 5	 159.63   30.52   16.52    3.77 
1955 6	  68.43   31.93   18.10    3.43 
1955 7	 102.40   33.89   20.26    3.45 
1955 8	  78.75   33.34   19.57    2.31 
1955 9	 116.65   31.90   18.37    2.77 
1955 10	  11.90   27.12    9.72    3.14 
1955 11	  20.83   20.69    5.47    4.23 
1955 12	  13.07   18.60    1.55    3.45 
1956 1	  15.35   15.89    1.14    3.82 
1956 2	  23.42   18.15    4.24    4.08 
1956 3	   1.25   24.34    5.85    3.58 
1956 4	   8.70   25.81   11.43    3.64 
1956 5	  36.20   31.40   16.65    3.48 
1956 6	  27.33   34.69   19.73    3.06 
1956 7	   9.23   36.08   20.19    3.62 
1956 8	  35.88   35.73   19.19    3.14 
1956 9	  11.33   32.47   15.71    2.51 
1956 10	  28.33   28.64   11.83    2.69 
1956 11	  36.35   19.22    4.45    3.56 
1956 12	  36.07   18.92    2.64    3.55 
1957 1	  20.05   16.04    3.60    3.77 
1957 2	  49.88   20.19    8.94    3.31 
1957 3	  80.03   21.42    6.79    3.54 
1957 4	 201.45   22.72   11.00    4.11 
1957 5	 187.30   25.92   14.93    3.75 
1957 6	 101.05   30.45   18.85    2.91 
1957 7	  16.65   35.39   19.82    2.82 
1957 8	   8.53   35.52   19.51    2.88 
1957 9	 114.75   30.16   15.56    2.84 
1957 10	 147.80   22.55   10.36    3.25 
1957 11	 110.27   16.63    5.20    3.74 
1957 12	  16.82   17.37    3.18    3.83 
1958 1	  78.53   14.31    0.38    3.92 
1958 2	  90.57   12.84    2.09    3.98 
1958 3	  49.30   16.43    4.42    3.63 
1958 4	  48.40   23.65   10.57    3.43 
1958 5	  63.83   28.05   14.78    2.66 
1958 6	 177.92   32.26   20.00    3.28 
1958 7	  22.65   33.91   20.99    3.59 
1958 8	 100.80   34.67   19.26    2.67 
1958 9	 181.15   28.77   19.23    2.59 
1958 10	 110.65   21.70   12.84    3.36 
1958 11	  23.98   20.06    6.94    3.02 
1958 12	  20.47   15.28    0.27    3.29 
1959 1	  15.30   14.45    0.59    3.98 
1959 2	  51.53   16.03    4.03    3.59 
1959 3	   1.85   22.79    5.33    3.78 
1959 4	 100.52   23.11    9.84    3.82 
1959 5	  45.43   29.26   17.15    3.67 
1959 6	 168.25   32.43   19.00    3.00 
1959 7	  56.47   32.64   19.62    2.30 
1959 8	  40.20   32.95   20.42    2.61 
1959 9	  60.58   32.01   19.29    3.24 
1959 10	 255.50   26.17   12.30    3.06 
1959 11	  36.50   17.69    2.55    3.59 
1959 12	  74.88   16.60    4.44    3.81 
1960 1	  25.62   14.23    2.37    3.80 
1960 2	  49.73   14.67    0.88    4.36 
1960 3	  51.45   18.30    4.89    3.76 
1960 4	  16.97   25.36   12.36    4.25 
1960 5	  30.05   27.61   14.52    3.78 
1960 6	  49.08   33.90   18.85    3.10 
1960 7	 104.60   33.20   20.33    2.44 
1960 8	 144.62   31.88   20.42    2.83 
1960 9	  23.95   31.64   16.20    2.27 
1960 10	 151.27   26.85   14.58    2.81 
1960 11	  58.98   19.70    8.44    3.25 
1960 12	  93.85   12.63    2.01    3.50 
1961 1	  24.65   12.98   -0.20    3.53 
1961 2	  80.77   18.32    3.80    3.88 
1961 3	  12.68   23.02    8.55    4.01 
1961 4	   6.55   26.11   10.18    4.07 
1961 5	  11.75   29.95   15.80    4.06 
1961 6	 171.77   30.87   18.71    3.02 
1961 7	  58.80   31.43   19.75    3.06 
1961 8	  18.80   32.83   18.51    1.97 
1961 9	  69.57   30.33   17.70    3.66 
1961 10	  31.02   25.59   12.41    3.40 
1961 11	  35.20   17.42    5.09    3.66 
1961 12	  14.57   16.30    2.71    3.20 
1962 1	   6.90   13.64   -2.14    4.11 
1962 2	   9.68   22.44    6.52    3.80 
1962 3	  16.25   20.25    4.35    3.75 
1962 4	 112.08   25.34   11.70    4.08 
1962 5	  63.53   29.49   16.77    4.55 
1962 6	 114.93   30.96   18.94    2.64 
1962 7	  11.07   35.47   20.59    3.07 
1962 8	  21.75   37.19   20.59    2.44 
1962 9	  56.88   32.29   18.45    2.49 
1962 10	  66.05   28.38   15.34    3.36 
1962 11	  32.05   19.69    7.05    3.41 
1962 12	  40.12   15.80    2.91    3.01 
1963 1	   2.28   13.50   -2.39    3.53 
1963 2	  30.70   18.21    1.42    3.79 
1963 3	   1.52   24.03    7.91    3.91 
1963 4	  43.08   28.71   14.61    4.74 
1963 5	  73.60   29.09   17.13    3.59 
1963 6	  37.92   33.43   20.19    3.27 
1963 7	   0.00   35.40   20.74    3.46 
1963 8	  52.67   35.83   20.64    2.61 
1963 9	 103.48   31.68   17.99    2.21 
1963 10	  43.35   28.92   13.85    2.43 
1963 11	  90.43   20.46    7.67    3.93 
1963 12	  21.65   12.16   -0.78    3.70 
1964 1	  72.20   16.31    0.50    3.69 
1964 2	  38.52   14.23    0.44    3.54 
1964 3	  50.05   21.89    6.67    3.92 
1964 4	  41.42   25.44   13.19    4.29 
1964 5	  41.48   29.57   17.14    3.64 
1964 6	  18.90   32.74   18.81    3.28 
1964 7	  18.85   35.89   20.69    2.89 
1964 8	  29.80   35.63   21.14    3.27 
1964 9	 141.10   30.81   18.82    2.62 
1964 10	  35.80   25.14   10.08    3.09 
1964 11	  62.58   21.55    8.15    3.53 
1964 12	  20.50   17.22    2.56    3.73 
1965 1	  14.38   17.88    3.56    3.52 
1965 2	 155.43   13.88    2.07    3.87 
1965 3	  24.38   17.48    4.35    4.12 
1965 4	  75.12   26.39   13.73    3.86 
1965 5	 191.58   25.87   16.96    4.00 
1965 6	 161.33   30.76   19.45    3.26 
1965 7	  47.60   33.78   19.67    2.59 
1965 8	  10.95   34.14   19.32    2.45 
1965 9	 172.62   31.85   18.02    3.03 
1965 10	  66.17   23.76   10.42    2.87 
1965 11	  51.33   22.56    9.70    2.73 
1965 12	  82.35   16.34    5.69    3.55 
1966 1	  30.37   11.55   -0.42    3.77 
1966 2	  31.77   14.62    0.99    3.85 
1966 3	  12.05   20.01    6.15    3.74 
1966 4	 111.40   25.65   12.59    3.93 
1966 5	  65.03   27.28   16.03    3.06 
1966 6	  38.58   31.17   18.82    2.68 
1966 7	  12.05   34.98   20.83    2.71 
1966 8	 149.73   31.91   19.72    2.78 
1966 9	 123.83   29.67   17.11    1.92 
1966 10	  13.38   26.50   10.11    2.95 
1966 11	   0.00   23.22    7.83    3.62 
1966 12	   0.52   18.11    0.42    3.73 
1967 1	   5.25   17.04    1.39    3.93 
1967 2	  15.83   17.85    1.91    3.94 
1967 3	   9.48   25.59    9.88    4.21 
1967 4	  44.45   29.01   16.55    4.89 
1967 5	 100.15   29.66   14.85    4.16 
1967 6	   0.60   33.45   19.60    3.63 
1967 7	  24.20   35.11   20.19    3.62 
1967 8	  35.30   33.69   18.81    2.43 
1967 9	 213.35   27.61   16.16    2.77 
1967 10	 118.90   25.32   11.79    3.08 
1967 11	  69.40   19.88    7.51    3.08 
1967 12	  26.55   14.78    2.64    3.30 
1968 1	 166.50   12.68    2.91    3.87 
1968 2	  37.67   13.84    1.22    3.34 
1968 3	  69.50   18.34    6.24    4.38 
1968 4	  69.35   24.17   12.43    4.09 
1968 5	 111.25   27.23   15.93    3.91 
1968 6	  80.17   30.22   18.93    2.89 
1968 7	  66.60   31.60   19.67    2.91 
1968 8	  12.52   33.58   19.85    3.13 
1968 9	 101.25   29.37   15.51    2.74 
1968 10	  15.62   26.85   13.28    3.02 
1968 11	 100.62   19.12    5.56    3.74 
1968 12	   4.03   17.00    2.37    4.20 
1969 1	  15.12   17.39    3.97    3.84 
1969 2	  44.95   16.71    3.75    3.63 
1969 3	  58.58   17.23    3.97    3.94 
1969 4	 144.48   24.90   12.10    3.87 
1969 5	  62.72   27.46   14.72    2.76 
1969 6	  97.03   32.32   18.84    3.66 
1969 7	  34.22   35.38   21.14    3.20 
1969 8	 111.05   34.96   20.56    2.60 
1969 9	  96.47   30.41   17.51    2.50 
1969 10	 239.87   24.00   12.53    4.03 
1969 11	  79.70   20.81    5.36    3.26 
1969 12	  39.92   17.58    3.78    2.85 
1970 1	  18.53   13.08   -0.56    3.37 
1970 2	  55.38   17.63    4.66    4.02 
1970 3	  65.12   18.40    4.96    3.73 
1970 4	  13.23   25.21   12.79    4.25 
1970 5	 234.48   26.75   13.91    3.57 
1970 6	  25.10   30.74   17.96    2.97 
1970 7	  27.15   33.36   19.85    2.46 
1970 8	  24.97   34.85   19.90    2.56 
1970 9	  80.95   30.68   18.46    3.22 
1970 10	  33.90   24.66   10.86    3.16 
1970 11	   0.65   20.53    3.94    3.95 
1970 12	   5.83   19.79    6.15    3.86 
1971 1	   1.17   19.94    3.04    4.00 
1971 2	  23.80   18.87    3.29    4.41 
1971 3	   0.85   24.99    6.45    4.04 
1971 4	  35.17   25.95   11.16    3.90 
1971 5	  62.30   29.88   15.94    4.06 
1971 6	  37.93   32.39   19.82    3.47 
1971 7	  52.10   34.52   20.23    3.09 
1971 8	 245.53   29.77   18.56    2.27 
1971 9	  68.62   29.21   18.02    2.86 
1971 10	 196.17   25.29   13.93    2.84 
1971 11	  11.75   20.91    7.38    3.35 
1971 12	  44.25   17.50    5.06    3.52 
1972 1	  28.92   17.66    1.65    3.96 
1972 2	   6.53   20.33    3.49    3.76 
1972 3	  13.82   25.36    9.79    3.72 
1972 4	  75.30   27.90   13.60    4.19 
1972 5	 193.50   27.32   14.68    2.58 
1972 6	 100.15   31.27   18.44    3.00 
1972 7	  63.65   32.06   19.24    3.15 
1972 8	 116.32   31.96   18.61    2.68 
1972 9	  52.05   31.55   18.19    2.37 
1972 10	  87.75   26.65   12.52    3.08 
1972 11	  44.72   16.51    3.94    3.53 
1972 12	  14.45   15.43    0.66    3.76 
1973 1	  66.65   11.94   -0.42    4.40 
1973 2	  62.08   14.93    2.27    3.88 
1973 3	  47.42   22.87    8.32    3.41 
1973 4	  47.83   21.93    9.80    4.09 
1973 5	  53.72   29.10   14.25    3.79 
1973 6	 211.45   29.18   17.72    3.48 
1973 7	 148.80   31.51   19.96    3.03 
1973 8	  19.70   32.13   18.55    2.39 
1973 9	  65.15   29.91   17.98    2.79 
1973 10	 109.23   26.17   13.35    3.01 
1973 11	   7.65   23.60   10.10    3.77 
1973 12	   4.50   18.88    1.32    3.92 
1974 1	  35.10   16.08    1.17    3.43 
1974 2	  10.05   21.25    2.70    4.39 
1974 3	  33.67   25.28   11.00    4.75 
1974 4	  75.90   27.12   10.98    4.47 
1974 5	 109.10   29.72   17.16    3.66 
1974 6	  21.10   32.67   17.77    3.16 
1974 7	  25.55   34.99   19.78    2.66 
1974 8	 261.62   31.81   19.57    3.14 
1974 9	 120.65   26.37   14.78    3.42 
1974 10	 152.73   25.18   12.23    3.32 
1974 11	  66.90   18.11    6.33    3.44 
1974 12	  55.52   14.78    1.81    3.12 
1975 1	  36.80   17.57    3.37    3.76 
1975 2	  78.95   17.39    2.37    3.69 
1975 3	  10.93   22.39    6.30    4.29 
1975 4	  52.40   24.40   12.21    4.61 
1975 5	 281.07   27.13   15.43    3.55 
1975 6	  87.32   30.72   19.13    3.43 
1975 7	  56.73   31.73   19.24    2.53 
1975 8	  26.62   33.04   19.41    2.75 
1975 9	  54.88   29.78   14.93    2.60 
1975 10	  51.95   26.82   11.08    3.28 
1975 11	  13.68   21.66    6.20    3.58 
1975 12	  38.62   16.94    2.21    4.06 
1976 1	   3.05   16.26   -0.59    3.82 
1976 2	   6.90   22.19    5.45    4.65 
1976 3	  32.50   23.77    8.58    4.28 
1976 4	 124.95   24.02   12.31    4.03 
1976 5	 109.70   26.56   13.30    3.05 
1976 6	  84.40   30.91   17.90    3.41 
1976 7	 178.85   29.24   19.39    2.83 
1976 8	  46.15   33.13   18.38    2.07 
1976 9	 117.42   29.79   16.96    2.29 
1976 10	  96.80   21.06    7.44    3.13 
1976 11	  20.08   15.48    2.65    3.55 
1976 12	  48.65   14.51    0.31    3.25 
1977 1	  41.05   11.55   -1.45    3.54 
1977 2	  20.82   18.41    2.70    3.54 
1977 3	  46.42   21.84    7.12    3.81 
1977 4	 196.05   24.08   10.63    3.57 
1977 5	  43.30   26.79   17.00    3.72 
1977 6	  54.10   31.50   18.82    3.10 
1977 7	   0.55   34.19   20.04    3.06 
1977 8	  41.30   34.74   20.86    3.08 
1977 9	  50.03   33.34   19.82    2.88 
1977 10	  62.40   27.25   12.74    2.89 
1977 11	  71.93   21.82    6.78    3.03 
1977 12	   5.00   18.86    2.51    4.03 
1978 1	  22.65    9.80   -2.34    4.35 
1978 2	  59.15   11.77   -0.58    3.71 
1978 3	  11.17   21.73    5.51    3.62 
1978 4	  24.40   26.91   12.43    4.33 
1978 5	  88.82   30.17   17.25    3.68 
1978 6	  97.45   32.06   19.23    2.77 
1978 7	  82.62   35.12   20.44    3.18 
1978 8	 289.10   31.28   19.62    2.75 
1978 9	 177.50   28.11   18.64    2.99 
1978 10	  16.27   25.62   11.40    2.66 
1978 11	  65.73   19.39    8.57    3.51 
1978 12	  32.17   14.34    1.38    3.77 
1979 1	  39.28    8.89   -1.00    4.21 
1979 2	  59.48   15.27    1.62    3.97 
1979 3	  85.07   20.87    8.07    4.10 
1979 4	  88.95   24.66   11.65    3.12 
1979 5	  90.05   26.36   13.93    3.70 
1979 6	 143.07   30.06   18.25    2.89 
1979 7	  60.87   32.78   20.58    2.80 
1979 8	  84.40   32.17   19.51    2.60 
1979 9	  10.17   31.22   15.13    2.78 
1979 10	   9.35   29.81   12.77    3.30 
1979 11	  31.45   18.72    3.71    3.87 
1979 12	  68.53   16.71    2.29    3.76 
1980 1	  18.05   15.74    2.12    3.55 
1980 2	  23.05   17.73    1.03    3.76 
1980 3	  53.53   21.47    5.88    3.67 
1980 4	  48.92   25.57    8.59    3.83 
1980 5	 124.62   28.36   15.70    3.37 
1980 6	  12.27   34.56   20.26    3.82 
1980 7	   3.48   37.83   19.44    2.90 
1980 8	  51.50   34.73   18.13    3.68 
1980 9	 217.73   30.80   17.83    2.71 
1980 10	  65.32   25.41   10.56    3.02 
1980 11	  75.73   18.93    4.44    3.42 
1980 12	  22.62   16.86    4.41    3.51 
1981 1	  28.85   15.43    1.93    3.41 
1981 2	  41.20   16.53    4.11    4.06 
1981 3	 126.57   19.99    7.39    3.68 
1981 4	  88.00   25.24   14.13    3.99 
1981 5	  79.20   28.28   15.87    3.79 
1981 6	 300.50   29.54   19.53    3.08 
1981 7	  46.90   32.64   20.45    3.17 
1981 8	  56.55   33.11   18.25    2.66 
1981 9	  83.30   29.97   15.31    2.89 
1981 10	 149.10   25.80   12.76    3.53 
1981 11	  15.45   22.68    5.53    3.15 
1981 12	   5.70   17.66    1.29    3.47 
1982 1	  13.77   18.21    0.00    4.36 
1982 2	  37.80   15.44    1.59    3.92 
1982 3	  14.27   22.61   10.15    4.66 
1982 4	  93.32   24.48   12.10    3.97 
1982 5	  89.77   27.16   16.83    3.86 
1982 6	  70.05   31.44   19.06    3.55 
1982 7	   8.70   33.89   20.94    3.70 
1982 8	  70.78   34.62   20.11    3.05 
1982 9	  51.35   31.74   16.62    2.89 
1982 10	  29.50   25.78   11.70    3.33 
1982 11	  87.60   19.36    7.89    3.55 
1982 12	  53.95   15.54    2.34    4.01 
1983 1	  24.63   14.62    1.11    3.10 
1983 2	  82.08   16.24    2.17    3.66 
1983 3	  86.82   19.46    6.53    3.81 
1983 4	   0.65   24.53    8.91    4.25 
1983 5	 110.10   27.50   15.03    3.61 
1983 6	 106.97   29.28   17.98    3.03 
1983 7	  58.62   31.69   20.16    3.03 
1983 8	  76.02   33.45   20.28    1.94 
1983 9	  25.85   30.41   17.36    2.95 
1983 10	  70.85   26.49   13.65    3.09 
1983 11	 102.43   21.53    8.68    3.56 
1983 12	   4.30   11.29   -2.79    4.06 
1984 1	  51.77   12.58    0.37    3.69 
1984 2	   5.72   19.15    2.96    3.91 
1984 3	  22.55   23.70    7.93    4.26 
1984 4	   6.60   28.12   10.92    3.64 
1984 5	  53.60   30.29   15.81    3.97 
1984 6	  34.50   32.56   19.68    3.77 
1984 7	  59.75   34.19   19.56    2.81 
1984 8	  15.62   34.51   19.99    2.89 
1984 9	  16.00   29.75   15.90    3.59 
1984 10	 269.27   24.42   14.65    3.20 
1984 11	  50.83   19.06    6.76    3.67 
1984 12	 106.70   18.48    7.94    4.18 
1985 1	  37.80   12.48   -1.54    3.77 
1985 2	  74.55   14.51    2.46    4.15 
1985 3	  41.05   21.20   10.30    4.06 
1985 4	  47.78   24.94   12.99    4.03 
1985 5	  65.62   28.77   16.39    3.32 
1985 6	  62.35   30.36   18.65    3.29 
1985 7	  33.97   32.64   19.76    2.93 
1985 8	  10.07   34.92   20.33    2.79 
1985 9	 121.07   29.89   17.97    3.46 
1985 10	 224.18   24.39   14.55    4.05 
1985 11	  55.00   20.54   10.42    4.00 
1985 12	  31.30   13.78   -0.31    3.47 
1986 1	  18.23   15.92    1.67    3.58 
1986 2	  31.75   18.97    4.05    3.48 
1986 3	   3.53   22.08    7.04    3.51 
1986 4	  34.10   25.87   13.36    4.17 
1986 5	 185.55   25.80   14.52    3.77 
1986 6	 170.35   29.00   18.76    2.42 
1986 7	   0.60   32.61   19.03    3.36 
1986 8	  49.15   32.24   19.42    2.68 
1986 9	 172.82   28.75   19.64    3.16 
1986 10	 212.12   22.32   11.34    3.03 
1986 11	  64.67   17.63    5.57    3.37 
1986 12	 120.77   11.81    2.26    3.46 
1987 1	  28.53   13.26    0.70    3.52 
1987 2	  71.47   15.09    4.60    4.08 
1987 3	  35.93   17.36    3.61    3.38 
1987 4	   9.50   23.81    7.42    3.04 
1987 5	 238.17   27.07   16.34    3.28 
1987 6	 203.18   29.10   18.86    2.68 
1987 7	  78.33   30.92   20.39    2.90 
1987 8	  39.55   32.70   20.55    3.10 
1987 9	  47.10   29.34   16.34    2.85 
1987 10	   5.12   26.03   11.46    3.18 
1987 11	  64.27   18.90    5.93    3.42 
1987 12	  54.70   16.26    2.86    3.60 
1988 1	   6.98   12.58   -0.32    4.05 
1988 2	  14.03   17.07    3.00    3.83 
1988 3	  33.62   21.36    5.20    4.07 
1988 4	  37.05   26.60    9.36    3.04 
1988 5	 128.40   27.75   14.60    3.34 
1988 6	 118.88   30.63   17.85    2.66 
1988 7	 204.75   31.44   20.23    2.85 
1988 8	  30.18   33.20   20.35    2.56 
1988 9	  45.60   30.41   17.06    3.13 
1988 10	  14.45   26.92   12.43    2.93 
1988 11	   8.45   23.23    7.41    3.80 
1988 12	  29.47   16.62    3.59    3.60 
1989 1	 111.38   17.17    4.52    3.48 
1989 2	  68.62   14.03    2.58    4.97 
1989 3	  46.52   21.53    6.53    4.06 
1989 4	  42.15   25.88   11.50    3.88 
1989 5	  97.80   30.45   17.27    4.30 
1989 6	 111.50   31.03   18.88    3.32 
1989 7	  12.68   34.46   19.54    2.63 
1989 8	  10.70   34.09   19.42    3.18 
1989 9	  20.45   30.71   14.68    3.24 
1989 10	  90.47   26.39   11.23    3.35 
1989 11	  21.88   20.12    6.83    3.41 
1989 12	   2.42   11.85   -3.47    3.84 
1990 1	  44.88   18.71    4.46    3.85 
1990 2	  69.17   19.18    5.61    3.95 
1990 3	  71.20   18.56    8.87    4.52 
1990 4	  93.85   23.60   12.81    4.23 
1990 5	  75.40   28.76   16.81    4.27 
1990 6	  12.18   34.28   20.72    3.95 
1990 7	 138.80   31.15   19.92    3.17 
1990 8	  58.28   31.95   19.96    3.03 
1990 9	  50.18   30.04   18.04    2.14 
1990 10	  88.85   25.97   10.37    3.01 
1990 11	  63.32   21.10    7.97    3.77 
1990 12	  17.45   15.29    1.59    3.83 
1991 1	  78.23   12.55    1.67    3.69 
1991 2	  42.40   17.87    5.09    3.52 
1991 3	  13.65   22.43    8.01    4.05 
1991 4	  56.17   26.09   13.68    3.68 
1991 5	  70.12   28.29   17.52    3.71 
1991 6	 162.27   31.23   19.49    3.07 
1991 7	  28.10   32.70   19.85    2.90 
1991 8	 118.52   33.84   20.21    2.66 
1991 9	  97.40   27.12   16.30    2.72 
1991 10	  47.88   26.44   12.41    3.05 
1991 11	  49.95   18.19    4.85    4.11 
1991 12	 376.32   15.14    6.25    4.01 
1992 1	  83.83   13.02    3.27    3.14 
1992 2	 175.32   18.68    6.34    3.47 
1992 3	 112.40   21.36    8.59    3.61 
1992 4	  52.92   24.13   12.07    3.17 
1992 5	 156.28   26.36   15.63    3.06 
1992 6	 106.25   31.53   19.57    2.78 
1992 7	  24.92   32.17   20.94    4.02 
1992 8	  36.98   32.42   18.61    2.27 
1992 9	  53.60   31.71   18.15    3.19 
1992 10	  24.28   28.14   12.06    2.94 
1992 11	  97.58   18.28    5.26    3.54 
1992 12	  55.82   17.38    5.04    3.38 
1993 1	  30.27   15.11    2.22    3.32 
1993 2	  60.13   17.25    3.81    3.78 
1993 3	  43.95   21.03    7.11    3.33 
1993 4	  63.55   24.64   10.25    4.21 
1993 5	  83.32   28.03   13.56    3.23 
1993 6	 113.80   31.12   20.43    3.52 
1993 7	   0.00   33.67   21.62    4.11 
1993 8	  11.35   35.46   21.27    3.05 
1993 9	 152.40   32.01   17.04    2.77 
1993 10	  66.97   26.17   12.02    3.45 
1993 11	  32.22   17.52    4.07    3.46 
1993 12	  28.65   16.28    4.46    3.80 
1994 1	  40.90   16.00    2.91    4.13 
1994 2	  45.43   17.42    3.99    4.05 
1994 3	  66.35   23.23    8.83    3.53 
1994 4	  70.53   26.33   11.89    3.99 
1994 5	 124.15   27.50   16.52    3.22 
1994 6	  50.78   33.51   20.62    2.71 
1994 7	   3.83   35.19   21.33    3.58 
1994 8	  72.68   33.91   20.45    2.49 
1994 9	  90.30   30.71   15.73    2.07 
1994 10	 106.85   26.55   13.64    3.02 
1994 11	  67.82   21.23    9.15    3.94 
1994 12	 106.70   17.23    5.24    3.36 
1995 1	  15.38   16.71    2.87    3.95 
1995 2	  19.40   19.20    4.52    3.26 
1995 3	  62.50   19.24    7.61    3.97 
1995 4	  47.05   26.02   11.22    3.90 
1995 5	 207.40   29.36   17.12    3.92 
1995 6	 110.70   30.95   18.10    3.18 
1995 7	  36.00   34.18   20.78    2.90 
1995 8	  46.85   34.29   21.22    2.06 
1995 9	 112.32   31.46   18.25    2.35 
1995 10	  23.17   27.25   10.59    3.38 
1995 11	  25.72   20.33    6.37    3.37 
1995 12	  37.75   17.71    4.05    3.72 
1996 1	   0.00   17.40    0.08    4.17 
1996 2	  16.67   20.57    4.25    4.54 
1996 3	  16.55   20.46    4.43    4.12 
1996 4	  42.33   28.08   10.13    4.11 
1996 5	  51.30   31.35   19.35    4.81 
1996 6	  41.60   34.33   20.52    3.16 
1996 7	  27.73   35.82   21.81    3.30 
1996 8	  80.68   33.69   21.16    3.14 
1996 9	  95.30   30.44   18.11    2.19 
1996 10	 120.90   26.84   12.75    3.53 
1996 11	  86.55   20.64    7.85    3.89 
1996 12	 109.28   18.16    3.01    3.47 
1997 1	  27.15   14.45    1.46    4.14 
1997 2	 100.02   15.57    4.34    3.81 
1997 3	 102.77   22.87    8.93    3.39 
1997 4	 161.25   22.66    9.72    3.75 
1997 5	 112.45   27.91   15.77    2.94 
1997 6	 243.23   31.07   18.72    2.86 
1997 7	   7.22   34.15   20.78    2.69 
1997 8	  27.88   34.32   20.76    3.02 
1997 9	  17.48   33.54   18.59    2.25 
1997 10	  74.57   26.14   12.88    3.40 
1997 11	  40.88   18.91    5.67    3.33 
1997 12	  55.90   15.81    0.48    3.77 
1998 1	  69.75   19.10    4.50    3.78 
1998 2	  94.50   18.32    4.30    3.49 
1998 3	  84.07   20.56    6.69    4.39 
1998 4	  11.65   26.54    9.62    3.47 
1998 5	  23.22   33.46   17.74    3.79 
1998 6	  58.92   34.79   21.56    4.48 
1998 7	  14.65   36.49   22.52    3.52 
1998 8	 144.57   33.78   21.39    2.30 
1998 9	  51.78   31.61   19.56    2.51 
1998 10	 203.42   25.60   14.86    3.73 
1998 11	  51.07   20.74   10.18    3.30 
1998 12	  53.18   16.01    3.26    4.04 
1999 1	   1.98   19.27    2.69    4.47 
1999 2	   1.05   22.57    5.84    3.82 
1999 3	  97.25   22.34    8.43    4.13 
1999 4	  49.07   27.63   13.87    4.33 
1999 5	 127.35   29.37   16.85    3.39 
1999 6	  89.00   31.91   20.95    3.36 
1999 7	  47.52   33.16   20.89    2.75 
1999 8	   1.20   36.44   20.85    1.89 
1999 9	   4.85   33.34   17.16    2.79 
1999 10	  40.05   27.53    9.81    3.03 
1999 11	   1.97   24.18    6.28    3.09 
1999 12	  24.32   18.12    1.74    3.93 
2000 1	  29.93   19.40    3.84    4.09 
2000 2	  68.72   22.93    6.30    4.30 
2000 3	  32.80   25.01    9.14    3.58 
2000 4	  48.68   27.40   12.91    3.79 
2000 5	 104.95   30.93   18.60    4.02 
2000 6	  83.85   31.31   20.14    3.59 
2000 7	   9.30   36.41   21.16    2.87 
2000 8	   0.82   36.34   20.27    2.30 
2000 9	  90.55   33.87   16.34    2.80 
2000 10	 115.20   23.94   15.42    3.65 
2000 11	 160.73   16.62    5.19    3.70 
2000 12	  31.25   13.02    0.00    3.80 
2001 1	  98.67   14.00    1.47    3.66 
2001 2	  38.12   18.72    5.79    3.84 
2001 3	  94.08   17.67    5.69    3.20 
2001 4	  23.38   25.95   14.24    4.42 
2001 5	  96.12   29.47   16.94    3.53 
2001 6	  17.50   33.26   20.04    2.51 
2001 7	  10.60   36.00   21.33    2.88 
2001 8	 132.35   35.09   21.40    2.80 
2001 9	  90.55   29.83   16.84    2.89 
2001 10	  87.68   25.98   11.49    3.29 
2001 11	 132.47   21.65    9.49    3.21 
2001 12	  39.62   16.73    3.77    3.51 
2002 1	  10.30   16.87    2.14    3.58 
2002 2	  16.92   16.95    0.98    3.66 
2002 3	  24.85   21.42    6.78    4.38 
2002 4	  34.58   27.61   15.12    4.36 
2002 5	  52.45   29.86   17.42    4.36 
2002 6	 182.38   33.07   20.20    2.91 
2002 7	 284.02   30.61   20.90    3.08 
2002 8	  16.70   33.85   20.96    2.47 
2002 9	  80.40   30.67   16.41    2.85 
2002 10	 191.10   24.93   14.32    2.79 
2002 11	  25.03   19.30    4.47    3.39 
2002 12	  62.08   16.86    2.67    3.92 
2003 1	  17.27   15.85    1.76    3.48 
2003 2	  94.32   15.90    3.28    3.81 
2003 3	  28.02   21.79    7.74    2.95 
2003 4	   4.77   27.29   11.88    3.82 
2003 5	  29.25   31.93   18.45    3.52 
2003 6	 130.53   32.26   18.98    2.51 
2003 7	 119.98   32.31   20.67    2.51 
2003 8	  67.83   33.91   20.17    2.09 
2003 9	  63.70   28.71   16.14    2.35 
2003 10	  75.97   26.44   11.45    2.82 
2003 11	  23.77   20.72    8.63    3.89 
2003 12	   4.47   17.33   -0.04    3.88 
2004 1	  62.17   15.54    2.71    4.13 
2004 2	  46.42   15.64    1.09    3.80 
2004 3	  66.12   22.69    9.49    3.70 
2004 4	 176.42   23.28   11.38    4.05 
2004 5	  21.80   28.08   17.20    3.86 
2004 6	 200.05   30.53   19.52    2.88 
2004 7	  34.70   32.40   19.74    2.33 
2004 8	  95.65   32.16   19.33    2.55 
2004 9	  43.55   30.13   16.78    2.11 
2004 10	 134.20   27.65   16.43    3.49 
2004 11	 122.45   20.03    7.56    3.63 
2004 12	  10.45   15.98    0.15    3.84 
2005 1	  69.00   17.33    4.35    3.98 
2005 2	  62.40   15.72    5.53    3.81 
2005 3	  91.88   21.21    5.45    3.31 
2005 4	  19.93   25.75    8.19    3.75 
2005 5	 135.73   27.60   15.17    3.29 
2005 6	   1.32   32.73   18.96    3.25 
2005 7	  61.58   34.41   20.75    2.69 
2005 8	  65.20   33.43   20.21    2.65 
2005 9	  10.62   34.52   18.54    2.64 
2005 10	  49.95   26.40   11.47    3.08 
2005 11	  35.15   23.72    6.30    3.57 
2005 12	   0.20   16.97   -0.81    3.48 
2006 1	  29.50   20.66    0.07    3.98 
2006 2	  19.95   17.97    0.94    3.92 
2006 3	  32.65   23.19    9.18    4.12 
2006 4	 122.68   28.70   14.12    3.96 
2006 5	 151.57   30.66   15.87    3.57 
2006 6	  43.65   33.04   18.14    2.40 
2006 7	  15.32   34.43   20.37    2.52 
2006 8	  12.42   35.91   21.56    2.85 
2006 9	 107.48   30.72   15.85    2.57 
2006 10	  88.90   26.56   11.39    3.22 
2006 11	   3.48   22.48    6.89    3.63 
2006 12	  25.25   16.44    1.46    3.80 
2007 1	  75.85   11.38   -0.48    3.98 
2007 2	   0.60   16.88    1.02    3.34 
2007 3	 227.15   21.92    9.73    3.92 
2007 4	  48.50   22.75    9.01    3.64 
2007 5	 238.95   26.97   16.23    3.40 
2007 6	 224.45   30.15   19.57    3.01 
2007 7	 174.75   29.95   20.35    2.60 
2007 8	 195.03   32.42   21.07    2.27 
2007 9	  77.67   30.33   18.39    2.17 
2007 10	  13.52   27.72   11.06    2.98 
2007 11	  28.15   20.79    7.34    3.31 
2007 12	   5.03   17.71    0.14    3.25 
2008 1	  12.90   14.45   -1.01    3.90 
2008 2	   5.60   21.22    2.32    4.00 
2008 3	  48.62   21.98    6.40    4.47 
2008 4	  36.23   26.17   10.23    3.90 
2008 5	  53.20   31.04   16.15    3.90 
2008 6	  22.02   34.67   21.32    3.66 
2008 7	  44.58   33.93   20.59    3.23 
2008 8	 103.77   33.61   20.97    2.37 
2008 9	   5.12   30.70   14.92    2.72 
2008 10	  59.10   26.93   10.01    2.95 
2008 11	   2.78   22.29    4.95    2.84 
2008 12	   7.60   17.55    1.10    4.18 
2009 1	  16.28   17.52   -1.18    3.57 
2009 2	   1.85   21.87    4.17    4.38 
2009 3	 102.52   22.41    7.78    4.13 
2009 4	 110.55   24.92    8.71    4.09 
2009 5	  73.38   29.76   16.30    3.30 
2009 6	  28.08   34.73   20.31    3.26 
2009 7	  48.97   36.24   21.92    3.14 
2009 8	  16.62   36.01   20.88    2.52 
2009 9	 238.12   28.24   17.27    2.10 
2009 10	 179.07   24.26   11.65    3.53 
2009 11	  75.95   20.88    5.72    3.15 
2009 12	  36.10   11.98   -0.83    3.57 
2010 1	  78.60   13.59   -0.08    4.07 
2010 2	 104.20   12.48    0.20    3.71 
2010 3	  63.08   19.50    4.07    3.50 
2010 4	  92.88   24.27   11.04    3.88 
2010 5	  51.22   28.84   16.96    3.38 
2010 6	  79.80   32.39   20.97    3.41 
2010 7	  88.00   32.55   22.07    2.92 
2010 8	   2.02   36.08   21.66    2.27 
2010 9	 160.05   30.82   18.41    2.78 
2010 10	   4.62   27.25    9.51    3.12 
2010 11	   1.47   22.19    5.96    4.22 
2010 12	  19.38   16.23    0.60    3.84 
