1949 1	  97.10    8.44   -3.11    3.04 
1949 2	  36.82   14.26    1.01    2.39 
1949 3	  64.53   19.76    5.63    2.82 
1949 4	  26.45   23.25    9.67    2.46 
1949 5	 161.27   29.14   16.68    2.57 
1949 6	 102.57   32.60   20.03    2.41 
1949 7	  13.45   36.62   22.19    2.04 
1949 8	  34.25   35.31   19.70    1.85 
1949 9	 174.27   29.60   16.28    2.00 
1949 10	 165.30   24.12   11.99    2.92 
1949 11	   0.00   22.88    4.67    2.45 
1949 12	  44.40   14.93    2.21    2.95 
1950 1	  69.88   14.87    0.93    3.13 
1950 2	  33.22   17.56    3.47    2.85 
1950 3	   2.80   20.23    3.98    3.21 
1950 4	 105.30   24.51    9.68    3.31 
1950 5	 171.12   28.02   15.54    2.44 
1950 6	 135.50   30.87   19.77    2.65 
1950 7	 169.70   31.07   20.72    2.31 
1950 8	 173.82   32.46   19.54    2.17 
1950 9	 177.90   28.44   17.10    2.21 
1950 10	   0.88   28.76   12.80    2.55 
1950 11	   1.67   20.82    3.22    3.06 
1950 12	   1.35   14.80   -0.98    2.57 
1951 1	  11.53   14.32   -1.49    3.15 
1951 2	  48.40   16.30    1.09    3.14 
1951 3	  22.28   20.65    4.25    3.34 
1951 4	  46.63   25.57    9.25    3.30 
1951 5	  98.08   27.97   14.79    2.82 
1951 6	 203.33   31.66   19.84    2.90 
1951 7	 100.80   35.59   22.67    2.24 
1951 8	  38.12   38.30   22.94    2.24 
1951 9	  66.82   32.91   17.73    2.15 
1951 10	  93.68   27.19   11.95    2.45 
1951 11	  19.32   16.26    2.85    2.99 
1951 12	   0.85   15.99    0.58    3.19 
1952 1	   8.20   18.28    3.58    3.04 
1952 2	  43.42   17.97    3.58    3.27 
1952 3	  72.87   19.81    4.45    2.92 
1952 4	 102.97   23.23    8.96    2.91 
1952 5	  88.62   28.37   14.47    2.69 
1952 6	  14.73   34.89   21.42    2.71 
1952 7	  30.20   36.48   21.98    2.03 
1952 8	   6.83   39.70   24.11    2.62 
1952 9	   3.97   34.03   17.06    1.94 
1952 10	   0.00   26.78    7.30    2.36 
1952 11	 111.70   17.47    4.20    2.76 
1952 12	  34.03   12.42   -0.78    2.42 
1953 1	   6.00   17.25    0.55    3.54 
1953 2	  29.92   16.11    0.94    2.43 
1953 3	  86.07   21.71    7.98    2.48 
1953 4	  81.82   23.56    8.56    2.83 
1953 5	  82.90   28.05   15.34    2.88 
1953 6	  39.05   37.61   22.94    2.49 
1953 7	  83.62   34.64   22.28    1.97 
1953 8	  67.35   34.44   21.02    1.87 
1953 9	   8.32   34.48   16.33    1.50 
1953 10	 171.85   25.98   13.22    1.88 
1953 11	  65.60   17.39    5.35    2.17 
1953 12	  27.30   12.76    0.22    2.88 
1954 1	  39.37   13.24   -0.17    3.04 
1954 2	  14.35   21.66    4.15    3.06 
1954 3	   3.60   19.45    4.48    3.11 
1954 4	  87.52   27.46   13.77    3.36 
1954 5	 154.45   25.09   13.28    2.37 
1954 6	  79.90   33.41   20.04    2.51 
1954 7	  44.12   38.79   23.74    2.43 
1954 8	  20.05   37.61   24.06    2.52 
1954 9	  50.55   35.16   18.80    2.04 
1954 10	  74.17   26.15   13.08    2.18 
1954 11	  21.02   19.77    5.16    2.30 
1954 12	  60.90   15.46    1.35    2.73 
1955 1	  37.60   11.84    0.72    2.63 
1955 2	  35.38   14.62    0.45    3.45 
1955 3	  47.62   20.95    5.33    3.09 
1955 4	  62.15   26.73   12.95    3.15 
1955 5	 152.28   29.89   16.81    2.51 
1955 6	 162.42   30.28   18.31    2.12 
1955 7	  24.40   35.32   22.58    1.92 
1955 8	   8.02   36.11   21.46    1.67 
1955 9	 117.97   32.84   19.47    1.63 
1955 10	   7.25   27.07   11.20    2.53 
1955 11	   7.47   20.19    3.73    3.09 
1955 12	   8.57   13.49   -0.15    2.61 
1956 1	  45.68   11.46   -1.07    3.20 
1956 2	  57.48   14.77    2.11    2.74 
1956 3	  11.00   22.03    5.56    3.20 
1956 4	  35.35   25.35    9.84    3.01 
1956 5	  90.38   30.86   17.90    2.89 
1956 6	   8.15   35.09   21.14    2.46 
1956 7	  32.73   37.92   23.34    2.86 
1956 8	  16.58   38.55   22.22    2.79 
1956 9	   0.45   35.01   18.37    2.21 
1956 10	  71.90   27.99   13.68    2.01 
1956 11	  58.28   17.71    3.25    2.64 
1956 12	  89.68   15.54    1.95    2.63 
1957 1	  40.30   10.89   -1.07    2.92 
1957 2	  82.38   15.34    5.69    2.46 
1957 3	  88.70   16.03    4.85    2.73 
1957 4	 281.15   21.24   10.23    3.00 
1957 5	 262.90   26.18   15.52    2.49 
1957 6	  72.02   31.24   19.52    2.14 
1957 7	  15.72   37.23   22.96    1.47 
1957 8	  42.78   35.43   21.56    2.11 
1957 9	  97.07   30.01   15.89    2.25 
1957 10	  86.30   21.64   10.16    2.48 
1957 11	 194.55   15.15    4.41    2.82 
1957 12	  34.20   16.67    2.71    3.10 
1958 1	  58.80   12.47   -0.02    2.77 
1958 2	  22.25   10.75   -0.42    3.17 
1958 3	  89.05   13.54    2.70    2.69 
1958 4	 103.30   22.17    9.47    2.69 
1958 5	 112.72   28.41   15.85    2.20 
1958 6	  98.45   33.50   19.49    2.28 
1958 7	  99.65   34.11   20.30    2.90 
1958 8	  33.40   35.66   22.02    1.89 
1958 9	  54.25   30.42   18.82    2.09 
1958 10	  19.38   24.89   11.83    2.27 
1958 11	  59.08   20.77    5.44    2.29 
1958 12	  19.95   12.63   -1.43    2.65 
1959 1	   6.47   11.62   -2.21    3.33 
1959 2	  15.25   14.98    1.45    2.74 
1959 3	  43.57   21.34    4.26    3.28 
1959 4	  31.88   24.49    9.59    3.18 
1959 5	  83.52   29.66   17.21    2.85 
1959 6	 219.30   32.80   19.64    2.21 
1959 7	 113.87   32.55   20.30    1.55 
1959 8	  34.92   35.14   21.38    1.95 
1959 9	  76.50   31.94   17.98    2.56 
1959 10	 227.42   24.32   10.48    2.17 
1959 11	  15.35   15.76    1.08    2.63 
1959 12	 106.12   15.10    2.44    2.79 
1960 1	  73.72   11.48   -0.40    2.75 
1960 2	  38.10   11.72   -2.11    3.24 
1960 3	  43.12   14.18    1.41    2.76 
1960 4	  43.20   25.77   10.37    3.46 
1960 5	  86.88   27.99   13.41    3.00 
1960 6	  51.95   33.89   19.73    2.50 
1960 7	 140.30   34.51   21.15    1.82 
1960 8	  39.57   34.86   21.20    1.96 
1960 9	  91.88   32.98   17.74    1.77 
1960 10	 132.77   26.18   13.48    2.18 
1960 11	   5.62   20.68    6.15    2.60 
1960 12	  96.08   10.16   -0.31    2.65 
1961 1	  46.65   11.32   -2.57    2.68 
1961 2	  53.62   15.96    2.28    3.10 
1961 3	 121.25   20.61    6.82    3.27 
1961 4	  12.88   24.40    8.83    3.61 
1961 5	  75.40   27.36   15.39    3.15 
1961 6	 103.12   30.52   18.49    2.35 
1961 7	  20.75   33.92   20.55    2.30 
1961 8	  40.47   34.54   19.90    1.82 
1961 9	 123.77   30.15   17.17    3.15 
1961 10	  97.12   25.28   12.29    2.51 
1961 11	  83.43   16.38    4.20    2.79 
1961 12	  54.07   11.76    0.43    2.94 
1962 1	  11.05   10.31   -4.14    3.01 
1962 2	  15.30   19.56    2.60    2.95 
1962 3	  51.90   18.49    3.76    3.19 
1962 4	 117.57   22.49   10.03    2.94 
1962 5	  34.85   30.87   17.48    3.90 
1962 6	 197.02   30.94   18.73    1.84 
1962 7	  88.93   34.60   22.06    2.11 
1962 8	  72.55   36.25   21.41    2.10 
1962 9	 274.43   29.55   18.05    1.92 
1962 10	  41.00   26.84   13.96    2.61 
1962 11	 119.93   17.40    5.80    2.64 
1962 12	  28.32   13.80    1.20    2.42 
1963 1	   3.55    9.68   -5.29    2.87 
1963 2	  11.57   16.41   -0.93    2.93 
1963 3	  25.55   22.87    7.40    3.38 
1963 4	  94.50   27.06   13.51    3.81 
1963 5	 130.30   28.50   16.34    2.96 
1963 6	  21.67   33.27   20.44    2.22 
1963 7	  47.23   36.62   22.79    2.74 
1963 8	  15.83   37.56   22.44    2.10 
1963 9	  26.72   32.56   18.62    2.01 
1963 10	  20.95   30.62   14.74    1.69 
1963 11	  64.78   20.96    6.15    2.78 
1963 12	  46.80    9.55   -2.63    2.68 
1964 1	  62.30   13.32   -2.37    3.13 
1964 2	  27.75   12.30   -0.96    2.86 
1964 3	  76.62   18.82    3.86    2.92 
1964 4	  72.23   25.87   12.05    3.62 
1964 5	 116.93   28.03   16.22    2.84 
1964 6	  19.10   32.26   19.92    2.92 
1964 7	   6.35   37.90   23.08    2.28 
1964 8	 100.42   35.48   22.45    2.58 
1964 9	 234.05   29.54   17.95    1.89 
1964 10	   2.25   23.98    9.69    2.24 
1964 11	 224.05   19.31    6.88    2.45 
1964 12	  23.77   13.96   -0.24    2.90 
1965 1	  60.93   14.34    0.52    2.85 
1965 2	  63.28   13.11   -0.46    3.01 
1965 3	  23.68   12.81    0.61    3.15 
1965 4	  41.80   25.72   12.63    2.96 
1965 5	 175.20   26.27   16.91    2.96 
1965 6	  99.93   30.60   19.74    2.37 
1965 7	   5.62   35.87   22.23    1.99 
1965 8	 128.60   34.40   20.65    2.09 
1965 9	 123.05   31.62   18.21    2.66 
1965 10	  67.85   24.01   10.56    2.34 
1965 11	  31.82   20.97    8.74    2.13 
1965 12	  47.05   15.59    2.98    2.76 
1966 1	  52.00    8.58   -2.98    2.84 
1966 2	  88.47   12.54   -0.88    3.08 
1966 3	  42.48   20.26    5.72    3.20 
1966 4	 214.78   23.51    9.40    3.32 
1966 5	  20.88   27.28   14.26    2.63 
1966 6	  83.15   31.46   18.97    2.23 
1966 7	  44.47   35.53   22.95    2.13 
1966 8	 170.32   32.27   20.12    1.99 
1966 9	 137.15   27.45   16.11    1.79 
1966 10	  10.10   24.04    8.67    2.39 
1966 11	  17.17   21.28    6.78    3.04 
1966 12	  32.70   12.22   -1.46    2.77 
1967 1	   4.20   15.40   -1.26    3.29 
1967 2	  16.48   15.32   -0.92    3.19 
1967 3	  28.53   24.39    7.68    3.78 
1967 4	  98.45   26.26   14.11    3.81 
1967 5	 170.10   27.54   13.32    3.18 
1967 6	  45.72   32.08   20.03    2.61 
1967 7	  51.18   33.48   20.64    2.34 
1967 8	  17.48   35.25   19.90    1.91 
1967 9	 127.85   27.76   15.98    2.22 
1967 10	  71.38   25.29    9.69    2.74 
1967 11	  15.62   17.85    4.68    2.17 
1967 12	  34.38   12.36   -0.05    2.55 
1968 1	 116.32    9.31    0.37    3.13 
1968 2	  41.20   11.65   -1.17    2.34 
1968 3	 140.28   17.56    4.93    3.55 
1968 4	  79.78   23.16   10.11    3.11 
1968 5	 148.05   26.96   14.79    2.86 
1968 6	  84.47   30.83   19.34    2.21 
1968 7	 114.53   32.65   20.52    2.10 
1968 8	  23.08   34.01   21.13    2.40 
1968 9	  70.03   30.17   15.11    2.06 
1968 10	  69.45   25.72   10.97    2.41 
1968 11	  72.00   17.16    3.27    2.94 
1968 12	  24.85   13.62   -1.09    3.14 
1969 1	  46.40   14.04    0.07    3.12 
1969 2	  63.40   13.57    1.10    3.05 
1969 3	 130.88   13.48    1.42    3.17 
1969 4	  72.70   24.03   10.90    2.89 
1969 5	 140.68   27.25   15.01    1.89 
1969 6	  69.45   31.38   18.84    3.04 
1969 7	  24.02   37.41   23.02    2.09 
1969 8	  47.20   35.07   21.49    2.08 
1969 9	 118.30   30.68   17.63    1.69 
1969 10	 108.70   22.91   10.36    3.05 
1969 11	  18.42   18.98    3.29    2.39 
1969 12	  94.95   13.84    0.98    2.51 
1970 1	  11.82    9.75   -3.55    2.41 
1970 2	  81.28   14.61    0.98    2.92 
1970 3	  66.03   15.86    3.51    2.94 
1970 4	 117.18   24.16   11.15    3.25 
1970 5	  89.00   27.95   14.59    2.40 
1970 6	  26.08   31.47   19.14    2.51 
1970 7	  28.45   35.44   21.12    2.30 
1970 8	   9.55   36.52   21.68    2.12 
1970 9	 260.75   30.73   18.68    2.44 
1970 10	  48.75   23.26   10.13    2.37 
1970 11	  13.07   17.56    2.35    3.23 
1970 12	  13.50   17.55    1.81    2.62 
1971 1	  11.52   14.54   -1.84    2.96 
1971 2	  25.98   15.69   -0.38    3.43 
1971 3	  11.15   20.49    2.86    3.49 
1971 4	  33.60   24.64    9.99    3.00 
1971 5	  68.60   28.58   13.77    2.91 
1971 6	  37.12   34.20   20.98    2.79 
1971 7	  55.45   35.92   22.23    2.32 
1971 8	 188.43   31.26   19.95    1.57 
1971 9	 116.15   29.94   17.35    2.29 
1971 10	 163.70   25.29   12.86    2.25 
1971 11	  54.55   18.37    5.02    2.64 
1971 12	 105.72   14.08    2.69    2.93 
1972 1	   6.88   11.56   -2.42    2.98 
1972 2	  15.80   16.08    0.11    2.83 
1972 3	   9.40   23.21    6.43    3.23 
1972 4	  97.57   26.65   11.82    3.75 
1972 5	 100.15   27.96   14.54    1.88 
1972 6	  41.47   34.14   19.45    2.16 
1972 7	  19.77   34.66   20.64    2.53 
1972 8	  88.80   35.11   20.94    2.04 
1972 9	  63.75   31.45   19.23    1.94 
1972 10	 152.48   24.98   11.59    2.35 
1972 11	  61.07   13.33    2.24    2.52 
1972 12	  14.32   10.92   -2.36    3.02 
1973 1	  84.98    8.84   -2.69    3.36 
1973 2	  50.92   12.84    0.10    2.71 
1973 3	  76.17   19.96    6.90    3.20 
1973 4	 101.88   20.41    8.56    3.08 
1973 5	 110.53   28.10   13.51    2.97 
1973 6	 133.43   31.11   18.76    2.61 
1973 7	 241.10   34.35   21.62    1.91 
1973 8	   4.75   33.81   20.09    2.05 
1973 9	 136.05   29.45   17.89    2.48 
1973 10	 116.22   25.61   12.39    2.14 
1973 11	  78.20   20.23    8.01    3.25 
1973 12	   9.82   15.54   -0.53    3.02 
1974 1	   8.95   12.10   -2.31    2.84 
1974 2	  44.97   18.55    0.83    3.57 
1974 3	  23.42   23.48    8.05    4.09 
1974 4	 133.45   25.30   10.09    3.66 
1974 5	   7.33   30.48   16.99    2.99 
1974 6	  42.62   32.83   18.19    2.79 
1974 7	  29.92   37.17   21.61    1.99 
1974 8	 112.07   33.12   20.35    2.26 
1974 9	 212.60   25.07   14.24    2.50 
1974 10	 196.20   25.31   11.65    2.36 
1974 11	  49.25   17.55    4.75    2.71 
1974 12	  40.60   12.50   -0.21    2.44 
1975 1	  50.22   14.29   -0.00    3.09 
1975 2	  76.68   12.33   -1.01    2.93 
1975 3	  94.65   16.80    3.45    3.35 
1975 4	  52.80   22.96    9.73    3.75 
1975 5	 137.30   27.50   14.75    2.54 
1975 6	  84.25   31.12   19.23    2.47 
1975 7	  72.35   33.38   20.88    1.58 
1975 8	  48.60   33.94   20.67    1.96 
1975 9	  58.88   28.74   14.27    2.26 
1975 10	  16.90   26.48   10.50    2.70 
1975 11	  21.23   19.78    5.05    3.13 
1975 12	  45.35   15.31   -0.18    2.91 
1976 1	   1.20   14.35   -2.86    3.02 
1976 2	  10.80   21.55    4.13    3.85 
1976 3	  44.35   21.33    5.98    3.70 
1976 4	 160.05   24.02   10.76    3.16 
1976 5	 152.75   25.87   12.12    2.49 
1976 6	  79.40   31.25   18.25    2.34 
1976 7	  68.07   32.88   19.93    1.72 
1976 8	  49.07   36.56   20.27    1.69 
1976 9	 116.28   29.85   16.38    1.65 
1976 10	 126.55   21.08    7.08    2.56 
1976 11	  13.90   14.77    1.04    2.46 
1976 12	  34.67   14.23   -2.02    2.58 
1977 1	  62.47    6.50   -5.87    2.47 
1977 2	  44.53   16.55    1.76    2.77 
1977 3	 126.92   20.48    5.73    3.19 
1977 4	  50.12   24.22   10.81    2.92 
1977 5	  82.18   28.41   16.72    2.64 
1977 6	  63.52   34.53   20.62    2.64 
1977 7	  65.27   37.24   22.58    2.06 
1977 8	  34.75   35.20   22.13    2.27 
1977 9	  34.97   34.41   19.66    2.59 
1977 10	  34.45   26.80   11.48    2.18 
1977 11	  32.85   19.75    6.41    2.83 
1977 12	   6.00   15.45    0.08    3.11 
1978 1	  35.47    5.61   -5.94    3.01 
1978 2	  76.85    6.39   -4.03    3.01 
1978 3	  56.52   18.70    3.48    3.01 
1978 4	  63.23   26.07   11.89    3.59 
1978 5	 128.57   28.59   15.87    2.90 
1978 6	  87.25   33.23   20.07    2.23 
1978 7	  14.60   38.63   23.57    2.30 
1978 8	  61.12   34.83   21.48    2.33 
1978 9	  39.20   32.30   19.54    2.22 
1978 10	  27.42   27.48   10.85    2.04 
1978 11	 117.82   18.84    6.50    2.00 
1978 12	  14.42   13.38   -1.32    2.80 
1979 1	  80.65    3.97   -5.15    3.06 
1979 2	  36.35    9.43   -2.41    3.04 
1979 3	 185.40   19.38    6.08    3.32 
1979 4	  86.30   22.93   10.37    2.76 
1979 5	 155.27   26.35   14.12    2.90 
1979 6	  60.55   31.63   19.51    2.35 
1979 7	  29.67   34.73   22.19    2.11 
1979 8	  60.15   34.28   20.31    1.61 
1979 9	  34.53   31.03   16.11    2.00 
1979 10	  34.53   28.96   12.11    2.74 
1979 11	  29.20   16.85    2.87    2.43 
1979 12	  55.10   14.59    0.71    2.87 
1980 1	  28.77   11.29   -0.26    2.89 
1980 2	  44.85   13.40   -1.48    2.83 
1980 3	  16.48   19.02    3.21    3.06 
1980 4	  37.23   24.54    8.59    3.15 
1980 5	  84.65   28.90   15.31    2.42 
1980 6	  41.48   36.33   22.03    3.06 
1980 7	   6.97   40.17   23.58    2.11 
1980 8	   8.40   38.02   22.92    2.79 
1980 9	 220.45   33.25   19.24    2.24 
1980 10	  92.38   25.11    9.70    2.32 
1980 11	  34.77   17.49    4.74    2.53 
1980 12	  43.25   15.30    1.78    2.94 
1981 1	   8.85   12.86   -0.80    2.34 
1981 2	  56.83   14.81    1.95    2.71 
1981 3	  82.90   18.44    5.99    2.96 
1981 4	 104.70   26.26   13.52    3.15 
1981 5	 180.20   26.29   13.61    3.13 
1981 6	  36.23   31.39   19.81    2.48 
1981 7	   9.18   36.40   22.93    2.12 
1981 8	  42.17   35.34   20.86    1.83 
1981 9	 133.88   31.11   17.31    1.88 
1981 10	 506.33   23.12   11.89    2.62 
1981 11	  42.60   19.75    5.31    2.31 
1981 12	   6.20   13.93    0.83    2.91 
1982 1	  55.30   13.38   -2.98    3.34 
1982 2	  53.75   11.66   -1.34    2.92 
1982 3	  54.55   19.98    7.02    3.54 
1982 4	  55.70   22.03    9.80    3.16 
1982 5	 241.65   26.82   15.72    2.81 
1982 6	 166.20   30.04   18.25    2.09 
1982 7	 105.70   33.76   21.94    2.16 
1982 8	   5.20   36.01   21.91    2.19 
1982 9	  20.50   31.82   16.50    2.31 
1982 10	  58.35   25.34   10.39    2.49 
1982 11	  93.97   17.53    4.78    2.78 
1982 12	  72.18   13.37    1.03    3.38 
1983 1	  42.35   10.18   -1.21    2.34 
1983 2	  25.77   12.83    1.48    2.73 
1983 3	  79.25   17.04    4.48    3.37 
1983 4	  36.35   21.37    7.43    3.83 
1983 5	  98.50   26.63   13.11    2.81 
1983 6	  80.05   29.97   17.51    2.20 
1983 7	  33.03   34.46   21.18    2.12 
1983 8	  48.75   36.40   22.52    1.42 
1983 9	  14.57   32.33   17.02    2.03 
1983 10	 185.12   25.58   12.04    2.29 
1983 11	  75.38   19.44    5.90    2.92 
1983 12	  22.10    4.73   -6.04    2.94 
1984 1	  20.42    9.72   -3.86    2.38 
1984 2	  82.22   17.05    0.74    3.27 
1984 3	  69.52   18.17    4.92    3.24 
1984 4	  28.85   23.22    8.56    3.09 
1984 5	  68.80   29.37   15.30    3.06 
1984 6	  85.38   33.46   20.46    2.65 
1984 7	  33.60   35.87   21.30    2.19 
1984 8	  65.65   35.41   21.25    1.89 
1984 9	  51.77   29.63   16.41    2.82 
1984 10	 167.05   22.71   11.78    2.47 
1984 11	  54.88   17.05    4.75    2.84 
1984 12	 102.70   14.75    3.27    3.10 
1985 1	  15.70    7.90   -4.65    2.85 
1985 2	  63.40   10.19   -0.86    3.10 
1985 3	 124.58   19.69    8.20    3.28 
1985 4	  64.00   24.65   12.20    3.03 
1985 5	 106.62   28.18   15.81    2.79 
1985 6	 171.82   31.55   18.89    2.40 
1985 7	  17.30   34.44   21.41    1.88 
1985 8	  18.82   37.05   22.18    2.01 
1985 9	  82.10   30.89   18.08    2.52 
1985 10	 178.88   23.47   12.85    3.25 
1985 11	  40.12   17.32    5.92    2.89 
1985 12	  10.32   11.80   -2.98    2.62 
1986 1	   0.03   15.94   -0.42    2.80 
1986 2	  56.10   15.90    2.94    3.10 
1986 3	  37.93   21.96    7.34    3.08 
1986 4	 171.08   24.39   12.70    3.14 
1986 5	 137.10   27.13   15.88    3.00 
1986 6	 157.90   31.39   20.46    1.67 
1986 7	   8.68   36.18   22.77    2.29 
1986 8	  79.72   33.82   21.16    2.21 
1986 9	 142.47   29.97   20.16    2.36 
1986 10	 116.55   22.97   11.64    2.29 
1986 11	  73.72   15.75    3.58    2.60 
1986 12	  50.98   11.17    1.26    2.36 
1987 1	  60.80   11.13   -1.31    2.57 
1987 2	 148.32   14.66    3.37    3.15 
1987 3	  62.38   18.11    4.21    2.92 
1987 4	  11.03   26.25    8.80    2.59 
1987 5	 226.70   28.89   16.44    2.25 
1987 6	 140.65   30.40   19.40    2.06 
1987 7	  56.30   32.75   20.95    2.26 
1987 8	  55.07   35.97   22.29    2.26 
1987 9	 117.10   30.09   16.72    1.83 
1987 10	  23.70   24.70   10.38    2.49 
1987 11	  64.12   18.32    6.20    2.55 
1987 12	 140.05   12.71    1.09    2.58 
1988 1	  20.23    9.67   -2.29    3.05 
1988 2	  35.47   13.57   -0.40    2.96 
1988 3	  42.02   20.12    4.14    3.35 
1988 4	  39.80   24.88    9.10    2.77 
1988 5	  76.07   28.47   14.45    2.72 
1988 6	  38.60   32.00   18.68    1.80 
1988 7	  61.08   34.25   21.71    2.12 
1988 8	  33.62   36.49   22.08    1.76 
1988 9	 157.22   30.63   17.09    2.11 
1988 10	  41.67   23.65   10.49    2.22 
1988 11	  48.92   19.84    5.74    3.00 
1988 12	  73.80   14.30    1.30    2.72 
1989 1	  62.22   14.68    1.86    2.68 
1989 2	  95.25    8.63   -2.01    3.40 
1989 3	  62.58   19.36    4.27    3.52 
1989 4	  30.97   25.06   11.45    3.20 
1989 5	 299.12   27.26   16.04    3.30 
1989 6	 213.25   28.37   17.32    2.58 
1989 7	  51.83   31.57   19.83    1.80 
1989 8	  47.62   31.50   19.86    2.23 
1989 9	 130.73   27.87   14.29    2.23 
1989 10	  46.60   25.65   11.06    2.68 
1989 11	   6.75   19.25    4.56    2.63 
1989 12	   4.75    8.27   -5.71    3.07 
1990 1	  94.07   15.36    1.57    2.91 
1990 2	  79.53   16.34    2.54    3.08 
1990 3	 158.95   17.54    5.93    3.38 
1990 4	 264.40   22.06    9.85    3.03 
1990 5	 182.12   27.12   14.76    3.36 
1990 6	  65.42   33.24   21.39    2.81 
1990 7	  86.27   32.89   20.67    1.96 
1990 8	  57.75   34.07   21.15    2.00 
1990 9	  67.47   31.89   19.17    1.56 
1990 10	  53.13   24.68   10.15    2.40 
1990 11	 114.28   20.64    7.66    2.85 
1990 12	  32.83   10.83   -1.56    2.80 
1991 1	  59.17    9.37   -1.18    2.46 
1991 2	  26.55   17.88    3.50    2.65 
1991 3	  49.12   21.17    6.64    3.32 
1991 4	  24.70   25.27   11.73    2.83 
1991 5	 116.38   28.16   17.17    2.47 
1991 6	 101.00   31.62   20.34    1.89 
1991 7	  57.72   34.79   21.80    1.83 
1991 8	 113.50   32.53   21.00    1.54 
1991 9	 112.72   27.30   16.90    1.88 
1991 10	 159.17   25.55   11.67    2.41 
1991 11	  43.25   14.96    2.86    2.89 
1991 12	 176.72   12.92    3.61    2.82 
1992 1	  66.00   12.04    0.86    2.28 
1992 2	  50.23   16.65    4.57    2.79 
1992 3	  52.20   20.77    6.92    2.79 
1992 4	  27.90   23.64   10.56    2.56 
1992 5	 153.17   25.41   14.42    2.26 
1992 6	 144.35   29.49   18.58    1.87 
1992 7	  29.00   32.54   21.44    2.76 
1992 8	  31.15   31.03   18.86    2.01 
1992 9	 138.85   29.08   16.85    2.64 
1992 10	  37.72   26.00   11.06    2.21 
1992 11	  88.60   15.71    3.95    2.70 
1992 12	  94.12   12.44    0.76    2.49 
1993 1	  45.55    9.32   -0.96    2.51 
1993 2	 130.52   12.15    0.31    2.97 
1993 3	  42.47   17.16    4.10    3.15 
1993 4	  79.82   21.81    7.79    3.47 
1993 5	 129.90   25.42   13.96    2.84 
1993 6	 121.93   31.07   19.82    2.77 
1993 7	   1.60   35.51   23.01    3.16 
1993 8	  44.70   35.97   22.03    2.15 
1993 9	 144.18   30.04   15.44    1.97 
1993 10	 148.08   22.36    9.24    2.43 
1993 11	  23.50   14.85    1.05    2.68 
1993 12	  62.40   13.32    1.07    2.84 
1994 1	  28.28   10.86   -1.31    3.01 
1994 2	 120.80   12.54   -1.70    2.80 
1994 3	  25.83   19.75    5.02    2.96 
1994 4	  96.15   23.97    8.89    3.10 
1994 5	 109.55   24.71   14.00    2.22 
1994 6	  26.00   32.63   20.62    2.28 
1994 7	  93.58   32.86   20.43    2.52 
1994 8	  53.25   33.72   19.93    1.86 
1994 9	 123.88   28.34   16.06    1.82 
1994 10	 138.67   23.49   11.91    2.37 
1994 11	 135.40   17.44    6.16    2.63 
1994 12	  51.47   12.92    1.84    2.24 
1995 1	  29.38   12.27   -0.35    3.09 
1995 2	  12.10   16.08    1.48    2.84 
1995 3	  76.88   16.72    5.23    3.18 
1995 4	 100.75   22.59    9.01    3.25 
1995 5	 190.80   25.17   14.31    2.79 
1995 6	  78.18   29.77   17.45    2.09 
1995 7	 121.05   33.86   21.16    2.30 
1995 8	  83.17   33.37   21.61    1.48 
1995 9	  86.23   28.23   16.79    1.97 
1995 10	  46.95   26.33    9.58    2.29 
1995 11	   0.30   18.85    2.97    2.68 
1995 12	  61.65   12.73    0.12    2.86 
1996 1	  16.50   11.07   -3.66    3.16 
1996 2	   0.80   17.04    0.66    3.73 
1996 3	  80.70   17.02    1.34    3.57 
1996 4	  73.75   23.66    7.58    3.57 
1996 5	   7.35   31.06   17.84    3.97 
1996 6	  90.05   33.23   19.70    2.05 
1996 7	  75.18   35.24   22.36    2.21 
1996 8	 150.77   31.74   21.09    1.92 
1996 9	 145.00   27.56   16.14    1.49 
1996 10	  70.38   23.95   10.76    2.71 
1996 11	 131.73   16.13    4.12    2.82 
1996 12	   2.45   14.82   -0.51    2.89 
1997 1	  12.87   10.98   -1.20    3.25 
1997 2	 193.18   13.65    2.16    2.83 
1997 3	  62.10   20.02    5.45    2.81 
1997 4	 143.42   19.72    7.50    3.10 
1997 5	 174.58   25.49   13.19    2.50 
1997 6	  78.70   29.66   18.70    1.97 
1997 7	  18.85   33.61   21.74    1.64 
1997 8	  43.30   33.10   20.73    2.04 
1997 9	  24.60   32.33   18.02    2.05 
1997 10	 114.75   24.48   11.46    2.52 
1997 11	  35.48   15.80    3.15    2.59 
1997 12	 131.05   10.46   -0.66    2.84 
1998 1	  99.95   11.93    0.42    2.89 
1998 2	  49.03   14.36    2.73    2.62 
1998 3	 138.42   16.42    3.74    3.89 
1998 4	  48.58   22.43    7.31    3.03 
1998 5	  30.82   29.54   16.17    2.97 
1998 6	  87.90   33.69   20.75    3.68 
1998 7	   1.00   38.19   23.79    2.52 
1998 8	  21.55   35.92   21.95    1.28 
1998 9	  35.68   33.95   20.51    1.97 
1998 10	 115.90   25.57   13.37    2.58 
1998 11	  35.62   17.80    7.27    2.55 
1998 12	  72.70   11.89    0.26    2.96 
1999 1	  50.68   13.09   -0.77    3.43 
1999 2	   5.15   18.92    3.16    2.92 
1999 3	 100.52   17.55    4.43    3.29 
1999 4	  74.68   23.97   10.41    3.46 
1999 5	 162.95   26.64   14.44    2.46 
1999 6	  87.35   29.70   19.90    2.49 
1999 7	   7.10   34.32   21.55    2.03 
1999 8	   2.52   37.69   22.17    1.78 
1999 9	  43.20   30.69   16.26    2.35 
1999 10	  58.90   25.70   10.38    2.18 
1999 11	   7.67   22.16    6.94    2.42 
1999 12	  60.80   14.66    0.34    3.09 
2000 1	  39.30   13.43    0.16    3.29 
2000 2	  18.17   18.21    3.02    3.05 
2000 3	  77.98   19.51    6.39    2.87 
2000 4	  93.55   22.14    8.97    3.09 
2000 5	  32.60   28.82   15.96    3.31 
2000 6	 151.62   29.07   19.29    2.46 
2000 7	   9.43   35.17   21.49    2.06 
2000 8	   0.00   38.14   22.68    2.08 
2000 9	  27.00   33.41   16.95    2.17 
2000 10	 195.75   23.99   13.57    2.64 
2000 11	 168.68   12.92    2.97    2.68 
2000 12	  83.30    7.37   -3.09    2.64 
2001 1	  77.73    9.40   -1.72    2.46 
2001 2	 228.58   13.28    1.36    3.02 
2001 3	  73.10   14.13    3.51    2.56 
2001 4	  57.78   24.31   12.12    3.42 
2001 5	 103.10   27.70   15.67    2.43 
2001 6	  70.50   31.76   19.06    2.26 
2001 7	   4.32   36.23   23.31    2.16 
2001 8	  32.02   34.21   22.18    2.10 
2001 9	  74.80   28.51   16.18    1.73 
2001 10	  41.40   24.10    9.25    2.44 
2001 11	  30.85   19.39    6.86    2.50 
2001 12	  74.95   14.29    1.19    2.69 
2002 1	  27.73   14.09   -1.05    2.83 
2002 2	  65.95   13.43   -1.89    2.80 
2002 3	 155.20   16.75    1.23    3.73 
2002 4	 122.35   24.16   12.24    3.46 
2002 5	  70.72   26.25   13.92    3.13 
2002 6	 160.10   30.66   18.94    1.88 
2002 7	  97.22   32.01   21.03    1.91 
2002 8	  18.65   34.42   21.12    1.98 
2002 9	  71.22   31.36   17.27    2.32 
2002 10	 193.42   20.61   10.60    2.23 
2002 11	  27.95   16.51    2.41    2.98 
2002 12	  93.90   12.60   -0.17    3.10 
2003 1	   0.70   10.80   -2.21    2.61 
2003 2	  79.53   11.59   -0.61    2.99 
2003 3	  29.48   18.67    3.04    2.68 
2003 4	  26.40   25.03    8.96    3.40 
2003 5	  95.35   28.66   14.88    2.88 
2003 6	  98.48   29.88   17.57    1.88 
2003 7	   5.82   35.41   21.90    2.06 
2003 8	  71.98   35.73   21.61    1.72 
2003 9	 102.55   27.83   15.79    1.70 
2003 10	   8.93   26.44   10.88    2.05 
2003 11	  54.25   18.39    5.66    3.00 
2003 12	  22.73   15.07   -0.35    3.25 
2004 1	  38.95   13.44   -0.47    3.02 
2004 2	 119.35   10.64   -0.71    3.11 
2004 3	  36.77   20.83    7.96    2.95 
2004 4	 141.38   22.98   10.76    3.14 
2004 5	  30.65   27.36   15.67    3.16 
2004 6	 343.90   29.18   18.81    1.75 
2004 7	  81.30   31.63   19.94    2.09 
2004 8	  48.90   30.65   19.16    1.82 
2004 9	  64.93   30.64   16.44    1.82 
2004 10	 145.23   25.19   12.78    2.53 
2004 11	 140.80   16.60    7.29    2.76 
2004 12	  19.72   13.50   -0.50    2.70 
2005 1	  39.55   13.21    0.89    3.20 
2005 2	  48.85   14.30    2.50    2.64 
2005 3	  22.83   17.86    4.30    2.72 
2005 4	  14.98   23.31    8.77    3.33 
2005 5	  85.38   25.67   14.70    2.41 
2005 6	  50.00   32.23   19.60    1.98 
2005 7	  95.48   33.57   21.02    1.69 
2005 8	 114.60   33.48   21.31    1.54 
2005 9	  56.65   33.96   18.47    2.09 
2005 10	  25.55   25.10   10.95    2.37 
2005 11	   0.15   21.11    4.90    2.66 
2005 12	   6.05   13.01   -1.87    2.63 
2006 1	  33.20   18.04    1.76    3.48 
2006 2	  54.00   13.53   -0.76    3.05 
2006 3	  98.60   20.36    6.95    3.38 
2006 4	 126.15   26.81   12.47    3.29 
2006 5	  85.77   29.12   16.02    2.79 
2006 6	  37.83   33.43   19.20    1.87 
2006 7	  11.25   35.74   22.58    2.14 
2006 8	  77.00   37.44   23.61    2.12 
2006 9	  76.88   29.23   15.67    2.21 
2006 10	  69.75   25.11   10.83    2.43 
2006 11	  93.23   18.97    5.55    2.92 
2006 12	  75.15   13.35    0.73    2.90 
2007 1	  73.90    8.45   -1.57    2.87 
2007 2	  15.55   12.68   -0.36    2.98 
2007 3	 164.77   21.83    9.45    3.14 
2007 4	  62.38   20.21    8.47    2.88 
2007 5	 205.82   25.94   16.59    2.44 
2007 6	 310.53   29.09   19.34    2.06 
2007 7	 157.93   30.68   20.68    1.41 
2007 8	  22.92   33.65   22.56    1.66 
2007 9	  90.70   30.58   18.61    1.60 
2007 10	  51.15   26.09   12.07    2.35 
2007 11	  30.18   19.22    5.96    2.68 
2007 12	  37.33   12.64   -0.96    2.36 
2008 1	   4.73   12.08   -2.27    2.79 
2008 2	  41.35   15.99    0.03    3.06 
2008 3	 185.85   19.18    4.45    3.69 
2008 4	  88.05   23.29    8.36    3.27 
2008 5	  76.05   27.70   14.38    3.00 
2008 6	  65.45   33.32   21.03    3.14 
2008 7	  24.00   35.42   22.01    2.41 
2008 8	 133.30   33.14   21.09    1.76 
2008 9	  75.03   28.26   15.94    2.19 
2008 10	  29.75   24.79   10.01    2.13 
2008 11	  16.00   19.77    4.46    2.42 
2008 12	   6.25   13.22   -1.80    3.25 
2009 1	   9.62   13.88   -1.50    2.95 
2009 2	  28.27   18.66    2.81    3.61 
2009 3	  57.98   19.57    6.50    3.59 
2009 4	 212.60   23.12    8.55    3.52 
2009 5	  80.53   25.88   14.37    2.29 
2009 6	  58.23   32.87   20.33    2.61 
2009 7	  94.60   34.83   21.70    2.07 
2009 8	  25.80   34.79   21.23    2.27 
2009 9	 158.63   27.76   16.79    1.85 
2009 10	 220.65   19.96    9.05    2.58 
2009 11	   7.18   20.03    6.39    2.26 
2009 12	  58.48    8.89   -2.89    2.69 
2010 1	  56.25    9.65   -1.89    2.82 
2010 2	 102.17    6.93   -1.46    2.70 
2010 3	  79.68   17.00    3.40    3.20 
2010 4	  85.68   23.46   10.36    3.31 
2010 5	  92.12   27.38   15.51    2.57 
2010 6	 121.07   33.71   22.13    2.34 
2010 7	  95.90   32.64   22.61    2.10 
2010 8	  52.02   36.59   23.23    2.06 
2010 9	 208.67   30.31   19.38    2.04 
2010 10	  45.95   25.90   10.34    2.25 
2010 11	  16.85   19.41    4.93    3.14 
2010 12	  63.42   13.72    0.02    3.03 
