1949 1	 184.85    9.55   -0.99    2.67 
1949 2	 146.82   14.14    2.35    2.55 
1949 3	  83.38   18.44    6.51    2.92 
1949 4	  83.60   22.38   10.79    2.53 
1949 5	  95.03   29.05   17.06    2.50 
1949 6	 109.25   31.95   20.75    1.96 
1949 7	 121.62   34.39   22.07    1.82 
1949 8	 102.38   33.00   19.77    1.68 
1949 9	  59.45   29.66   16.16    2.05 
1949 10	 217.73   24.12   12.12    2.84 
1949 11	  13.73   21.77    5.26    2.46 
1949 12	  72.92   15.42    2.65    3.15 
1950 1	 135.95   14.54    3.67    3.04 
1950 2	 162.10   15.78    4.12    2.46 
1950 3	  48.70   18.24    4.41    3.21 
1950 4	 108.70   22.37    9.89    2.97 
1950 5	 186.12   27.39   16.58    2.33 
1950 6	  74.82   30.88   20.21    2.26 
1950 7	 175.50   30.94   21.35    2.13 
1950 8	  80.65   32.64   20.50    1.75 
1950 9	 162.52   28.12   17.55    2.07 
1950 10	  25.62   28.20   13.68    2.29 
1950 11	  12.12   19.42    3.55    2.97 
1950 12	   9.57   13.82    0.06    2.56 
1951 1	  57.00   13.90   -0.25    3.21 
1951 2	 108.72   13.21    2.05    2.97 
1951 3	  28.90   19.91    5.86    3.23 
1951 4	  61.05   24.01   10.00    3.27 
1951 5	  74.80   27.44   15.29    2.65 
1951 6	 248.75   30.93   20.40    2.66 
1951 7	  73.43   34.92   22.80    1.79 
1951 8	  19.50   38.75   23.98    1.89 
1951 9	  97.30   31.90   18.13    1.97 
1951 10	  90.62   27.33   12.38    2.23 
1951 11	  42.27   16.64    3.67    3.03 
1951 12	  28.98   15.68    1.68    3.26 
1952 1	  41.35   17.31    4.88    2.91 
1952 2	  58.17   17.16    4.50    3.18 
1952 3	  76.80   17.98    4.88    2.85 
1952 4	 207.48   21.73    9.45    2.64 
1952 5	 154.57   27.85   14.81    2.25 
1952 6	  33.05   33.50   21.47    2.23 
1952 7	  41.02   35.03   22.14    1.62 
1952 8	  12.57   38.01   23.21    2.34 
1952 9	  21.75   33.56   17.23    2.11 
1952 10	   4.55   25.77    7.20    2.35 
1952 11	 239.12   18.05    5.97    2.79 
1952 12	  97.87   11.58    1.48    2.38 
1953 1	  33.73   15.13    2.23    3.46 
1953 2	  39.70   14.86    2.39    2.50 
1953 3	 115.62   20.95    8.81    2.60 
1953 4	 195.10   21.49    8.85    2.65 
1953 5	  95.50   26.74   16.24    2.39 
1953 6	   8.68   36.29   22.85    2.03 
1953 7	 111.20   33.14   22.45    1.75 
1953 8	  53.35   33.75   21.27    1.64 
1953 9	  46.42   33.51   16.22    1.65 
1953 10	  63.83   28.14   12.70    1.90 
1953 11	 110.12   17.21    4.74    2.43 
1953 12	 105.70   12.07    0.40    2.70 
1954 1	 103.08   12.97    0.87    2.89 
1954 2	  40.45   20.05    4.23    2.94 
1954 3	  21.60   18.72    5.24    3.10 
1954 4	  92.57   25.92   13.92    2.87 
1954 5	 142.68   24.53   13.65    2.27 
1954 6	  25.57   33.50   20.44    2.18 
1954 7	  19.65   38.34   23.99    2.39 
1954 8	  10.62   38.01   23.20    2.24 
1954 9	 121.12   35.09   18.95    1.98 
1954 10	 180.95   26.13   14.10    2.21 
1954 11	  47.62   18.88    4.99    2.49 
1954 12	  43.92   15.27    1.73    2.57 
1955 1	  39.97   12.21    1.34    2.27 
1955 2	  90.53   13.45    1.81    3.36 
1955 3	  84.47   19.31    6.48    3.17 
1955 4	  64.38   25.31   13.38    2.84 
1955 5	  86.30   29.49   17.65    2.42 
1955 6	  36.58   31.62   18.40    1.88 
1955 7	  55.77   35.45   22.47    1.74 
1955 8	 116.47   33.74   21.31    1.56 
1955 9	  91.98   32.24   19.24    1.58 
1955 10	   6.45   27.30   10.64    2.47 
1955 11	  42.28   19.62    3.43    3.17 
1955 12	   1.30   13.58    0.14    2.83 
1956 1	  58.65   12.22   -0.75    3.03 
1956 2	 110.97   13.93    2.52    2.74 
1956 3	  17.80   19.14    5.21    2.76 
1956 4	  88.93   24.10   10.05    2.89 
1956 5	  81.65   30.44   18.09    2.49 
1956 6	  17.45   33.32   20.50    2.15 
1956 7	  21.55   38.12   23.41    2.66 
1956 8	  16.50   38.26   22.29    2.31 
1956 9	   1.10   34.70   17.72    2.24 
1956 10	  24.22   28.86   13.67    2.01 
1956 11	 145.10   17.49    3.57    2.67 
1956 12	  55.95   16.34    2.80    2.59 
1957 1	  87.12   10.66    0.47    2.77 
1957 2	  32.72   16.04    6.58    2.41 
1957 3	 191.30   15.80    4.72    2.57 
1957 4	 369.70   20.69   10.87    3.06 
1957 5	 340.52   26.74   16.36    2.59 
1957 6	  87.90   31.24   20.92    2.08 
1957 7	  63.92   36.15   23.17    1.33 
1957 8	  49.80   34.45   21.25    2.03 
1957 9	 132.65   29.88   16.99    2.29 
1957 10	 132.15   22.05   10.36    2.66 
1957 11	 207.58   15.72    5.53    2.97 
1957 12	  53.15   16.30    3.62    2.79 
1958 1	  52.72   11.50   -0.30    3.11 
1958 2	  31.12   10.96   -0.30    3.28 
1958 3	 124.00   13.69    4.22    2.78 
1958 4	 243.07   21.15   10.46    2.66 
1958 5	  90.82   27.88   16.23    2.15 
1958 6	 179.22   32.37   20.68    2.01 
1958 7	  82.33   33.98   22.29    2.54 
1958 8	  26.25   35.16   21.88    1.69 
1958 9	 132.20   30.61   19.78    2.11 
1958 10	  30.77   23.63   12.37    2.59 
1958 11	  76.60   20.43    6.27    2.46 
1958 12	  41.65   12.09   -0.96    2.73 
1959 1	  11.90   10.68   -1.79    3.10 
1959 2	  97.35   13.44    2.26    2.89 
1959 3	  89.67   19.01    4.12    3.10 
1959 4	  61.47   21.79    9.81    3.00 
1959 5	  79.22   28.49   17.76    2.60 
1959 6	 128.30   31.23   19.97    2.13 
1959 7	 166.08   32.41   20.93    1.36 
1959 8	  44.35   33.76   21.24    1.76 
1959 9	  96.35   31.51   18.91    2.40 
1959 10	 144.42   24.79   11.39    2.40 
1959 11	  48.88   15.46    2.48    2.91 
1959 12	 155.90   15.11    3.40    2.99 
1960 1	  63.38   10.58    0.86    2.80 
1960 2	  88.55   10.56   -0.71    3.20 
1960 3	  40.88   12.65    2.37    2.77 
1960 4	  52.77   25.63   12.01    3.20 
1960 5	 118.12   27.15   14.42    2.92 
1960 6	 113.70   32.43   20.16    2.31 
1960 7	 110.93   33.22   21.68    1.69 
1960 8	  70.33   33.45   21.37    1.78 
1960 9	 140.38   32.23   17.78    1.58 
1960 10	 136.98   26.03   13.95    2.02 
1960 11	  30.68   19.09    6.54    2.68 
1960 12	 212.10   10.46    0.54    2.74 
1961 1	  56.90   10.25   -1.93    2.82 
1961 2	  68.20   14.94    3.84    2.90 
1961 3	 157.70   20.32    7.13    3.11 
1961 4	  49.67   22.43    9.47    3.38 
1961 5	  92.60   27.38   15.44    2.94 
1961 6	 124.00   29.44   18.87    2.20 
1961 7	  52.60   32.56   21.12    1.89 
1961 8	  41.12   33.38   19.93    1.50 
1961 9	 117.52   30.35   18.01    3.14 
1961 10	  41.55   25.38   11.76    2.41 
1961 11	 126.55   16.79    5.10    3.03 
1961 12	  95.72   11.92    1.26    2.73 
1962 1	  56.97    9.26   -3.54    3.10 
1962 2	  67.62   18.55    4.34    2.97 
1962 3	  75.23   16.95    4.23    2.98 
1962 4	 123.00   21.80   10.51    2.85 
1962 5	  56.03   29.81   17.67    3.30 
1962 6	 184.88   30.68   19.48    1.66 
1962 7	  99.43   33.61   21.60    1.83 
1962 8	 100.00   35.55   21.31    1.84 
1962 9	 157.80   30.30   18.48    1.74 
1962 10	  86.97   26.85   14.64    2.29 
1962 11	 121.47   17.49    5.92    2.88 
1962 12	  28.53   13.15    1.78    2.51 
1963 1	  26.88    8.31   -4.08    2.81 
1963 2	  19.90   14.45   -1.47    3.13 
1963 3	  37.80   22.27    7.07    3.18 
1963 4	 116.80   26.02   13.95    3.59 
1963 5	 150.65   27.86   16.72    2.69 
1963 6	  26.93   32.79   20.81    1.96 
1963 7	 110.28   35.25   22.64    2.43 
1963 8	   4.25   37.06   22.43    1.78 
1963 9	  19.50   33.05   18.54    2.08 
1963 10	   6.52   31.67   13.39    1.35 
1963 11	  57.45   21.99    6.00    3.05 
1963 12	  51.02    9.57   -2.94    3.06 
1964 1	  34.05   13.61   -1.71    2.92 
1964 2	  54.90   12.64   -0.99    2.73 
1964 3	 104.40   18.70    4.17    2.90 
1964 4	 129.05   24.85   12.26    3.45 
1964 5	 120.52   28.66   16.57    2.47 
1964 6	  65.57   31.86   19.69    2.51 
1964 7	  17.80   37.92   22.04    2.06 
1964 8	 112.92   35.27   22.03    2.17 
1964 9	 251.43   30.19   17.72    1.84 
1964 10	   4.30   24.48    8.81    2.58 
1964 11	 140.90   20.78    6.95    2.47 
1964 12	  27.67   13.28    0.01    3.03 
1965 1	  62.80   13.97    0.80    2.86 
1965 2	 174.93   12.89   -0.00    3.25 
1965 3	  32.35   13.60    1.02    3.01 
1965 4	  40.25   26.05   12.15    2.83 
1965 5	 252.15   27.05   16.61    2.90 
1965 6	  59.38   31.07   19.42    2.20 
1965 7	  40.33   35.44   21.32    1.78 
1965 8	  59.60   35.29   19.56    1.71 
1965 9	 123.30   31.83   17.69    2.72 
1965 10	  23.77   25.06    9.76    2.48 
1965 11	  56.65   22.04    9.05    2.43 
1965 12	  46.67   15.55    2.54    2.75 
1966 1	  54.72    9.67   -2.30    3.15 
1966 2	  97.03   12.17   -0.11    3.02 
1966 3	  36.85   18.87    4.62    2.91 
1966 4	 372.88   23.61   10.04    3.31 
1966 5	  46.30   26.68   15.12    2.46 
1966 6	  58.15   31.28   18.83    1.96 
1966 7	  67.93   34.45   22.71    1.69 
1966 8	 120.95   32.26   20.38    1.67 
1966 9	 108.13   28.43   16.62    1.65 
1966 10	  54.70   24.33    9.12    2.54 
1966 11	  11.55   22.07    7.35    2.70 
1966 12	  62.10   12.45    0.09    2.88 
1967 1	  12.18   14.32   -0.16    2.99 
1967 2	  43.20   14.09   -0.64    2.86 
1967 3	  56.93   23.14    8.37    3.28 
1967 4	 164.98   25.47   14.31    3.57 
1967 5	 189.60   27.05   14.03    3.20 
1967 6	  36.90   32.34   20.54    2.46 
1967 7	  76.38   32.52   20.69    2.33 
1967 8	  27.18   34.55   19.41    1.65 
1967 9	 175.98   27.68   16.38    2.22 
1967 10	 147.75   25.09    9.46    2.54 
1967 11	  45.27   18.30    5.10    2.36 
1967 12	  92.28   12.63    1.15    2.74 
1968 1	  81.40    9.36    1.44    3.09 
1968 2	  53.47   11.80   -0.22    2.51 
1968 3	 149.25   16.91    5.37    3.14 
1968 4	 119.35   23.05   10.97    3.02 
1968 5	 174.70   26.70   15.52    2.71 
1968 6	 120.53   31.21   19.61    1.93 
1968 7	 120.65   32.25   20.65    1.80 
1968 8	  40.60   33.85   21.29    1.93 
1968 9	 171.88   29.24   15.22    2.02 
1968 10	  42.40   25.40   10.90    2.11 
1968 11	 109.27   17.63    3.82    2.97 
1968 12	  75.43   13.98    0.22    3.12 
1969 1	 102.23   13.53    1.39    3.10 
1969 2	  94.50   13.59    2.42    3.00 
1969 3	 141.30   13.80    2.92    3.20 
1969 4	  71.95   23.57   11.60    2.65 
1969 5	 274.05   27.30   15.26    1.74 
1969 6	  61.75   31.85   19.19    2.69 
1969 7	  19.35   37.40   23.11    1.92 
1969 8	  14.03   35.65   21.51    1.90 
1969 9	  66.70   31.56   17.85    1.73 
1969 10	 160.70   24.85   11.52    3.05 
1969 11	  24.35   18.80    3.55    2.37 
1969 12	 129.45   14.03    1.85    2.24 
1970 1	  42.45    9.53   -2.52    2.56 
1970 2	 166.90   13.62    1.41    2.81 
1970 3	 121.90   15.27    4.42    2.97 
1970 4	 133.15   24.11   12.07    3.21 
1970 5	  53.77   27.55   14.79    2.37 
1970 6	  42.97   31.48   19.28    2.15 
1970 7	   4.65   34.21   20.76    1.96 
1970 8	  59.83   35.57   21.75    1.92 
1970 9	 181.82   30.22   18.81    2.30 
1970 10	 127.65   22.73   10.73    2.41 
1970 11	  30.85   17.79    3.56    3.18 
1970 12	  34.10   17.07    3.57    2.67 
1971 1	  12.97   15.08   -0.41    3.07 
1971 2	  63.82   15.14    0.95    3.39 
1971 3	  15.30   19.35    3.12    3.22 
1971 4	  45.78   23.89    9.45    2.90 
1971 5	  72.33   27.09   13.31    2.65 
1971 6	   6.47   34.18   20.28    2.52 
1971 7	 114.40   34.81   21.48    2.17 
1971 8	  96.35   31.19   19.38    1.43 
1971 9	  95.80   30.52   18.10    2.19 
1971 10	 238.85   25.70   13.81    2.01 
1971 11	  49.42   18.66    5.22    2.75 
1971 12	 242.27   14.94    4.62    2.78 
1972 1	  25.70   12.23   -0.83    3.21 
1972 2	  14.08   16.01    1.06    2.95 
1972 3	  39.08   22.83    6.89    3.04 
1972 4	  71.40   25.40   11.63    3.51 
1972 5	  45.33   28.63   14.29    1.69 
1972 6	  60.67   33.12   19.29    2.25 
1972 7	  22.07   33.77   20.28    2.32 
1972 8	  53.45   34.95   20.92    1.88 
1972 9	  96.95   32.20   19.97    1.68 
1972 10	 184.80   24.70   12.54    2.40 
1972 11	  90.75   13.25    3.03    2.98 
1972 12	  55.52   10.70   -1.08    2.77 
1973 1	  87.15    9.35   -1.41    3.36 
1973 2	  62.62   12.66    1.00    2.72 
1973 3	 127.45   20.09    8.21    3.20 
1973 4	 145.90   20.12    9.33    3.19 
1973 5	  61.53   26.94   14.40    2.99 
1973 6	 168.68   30.46   19.03    2.42 
1973 7	  96.43   32.98   21.90    1.73 
1973 8	  17.77   33.94   19.71    1.68 
1973 9	 276.05   29.45   19.01    2.25 
1973 10	 203.07   25.60   13.45    2.04 
1973 11	  89.07   19.85    8.94    3.04 
1973 12	  67.35   14.57    0.20    3.01 
1974 1	  78.53    9.96   -0.41    2.74 
1974 2	  25.73   16.68    1.91    3.46 
1974 3	  44.80   22.04    9.30    3.75 
1974 4	 169.85   24.70   10.34    3.57 
1974 5	  54.88   28.90   18.01    2.84 
1974 6	 174.92   30.25   18.29    2.46 
1974 7	  32.42   35.57   20.90    1.64 
1974 8	 129.98   32.58   20.26    1.96 
1974 9	 210.68   24.79   14.52    2.73 
1974 10	 138.70   25.09   11.80    2.45 
1974 11	 113.10   17.23    5.49    2.81 
1974 12	  71.88   12.46    0.71    2.58 
1975 1	 102.78   14.02    1.48    2.93 
1975 2	  78.50   12.74    0.46    2.69 
1975 3	  78.60   15.98    4.45    3.43 
1975 4	  63.67   22.26   10.37    3.61 
1975 5	 199.45   27.08   16.14    2.43 
1975 6	 117.15   30.72   19.52    2.29 
1975 7	  85.10   32.96   21.13    1.52 
1975 8	  20.12   33.91   21.23    1.67 
1975 9	  15.05   29.42   15.37    2.09 
1975 10	   3.77   26.64   10.59    2.39 
1975 11	  57.85   19.85    5.23    2.70 
1975 12	  44.58   13.70    0.58    2.71 
1976 1	   9.65   13.39   -2.80    3.07 
1976 2	  25.65   19.76    4.61    3.33 
1976 3	 140.40   19.82    7.20    3.45 
1976 4	 146.35   23.13   11.00    3.01 
1976 5	 125.38   24.88   12.72    2.28 
1976 6	 111.12   30.02   18.20    2.15 
1976 7	 104.23   31.04   20.34    1.33 
1976 8	  68.78   33.84   19.38    1.48 
1976 9	 121.17   29.10   16.37    1.71 
1976 10	 133.82   20.55    7.44    2.64 
1976 11	  17.60   14.29    1.23    2.56 
1976 12	  86.25   13.60   -1.68    2.60 
1977 1	  69.52    6.23   -5.39    2.82 
1977 2	  69.77   15.50    0.88    2.93 
1977 3	 197.12   19.80    6.21    3.12 
1977 4	 119.23   23.83   11.43    2.69 
1977 5	  63.20   28.18   16.78    2.42 
1977 6	  82.68   33.18   20.64    2.43 
1977 7	  67.20   35.66   22.68    1.80 
1977 8	  94.10   33.99   22.34    2.02 
1977 9	  65.22   31.87   19.67    2.49 
1977 10	  80.95   26.17   10.94    2.23 
1977 11	  97.23   19.57    7.46    2.52 
1977 12	  10.00   14.53   -0.15    3.36 
1978 1	  55.13    5.27   -5.53    3.51 
1978 2	 100.02    6.15   -3.16    3.31 
1978 3	  82.15   17.04    3.46    2.83 
1978 4	  31.90   24.55   11.52    3.20 
1978 5	 136.38   27.51   15.30    2.64 
1978 6	  75.15   32.48   19.77    1.85 
1978 7	  23.95   37.06   23.05    1.94 
1978 8	  43.95   34.78   21.52    1.90 
1978 9	  23.85   31.59   19.88    2.16 
1978 10	   2.85   26.96    9.90    1.99 
1978 11	 147.90   19.69    7.25    2.16 
1978 12	  73.70   12.49   -0.53    2.89 
1979 1	  88.47    4.69   -3.90    3.28 
1979 2	  89.67    9.13   -0.99    3.16 
1979 3	 146.73   18.77    6.05    3.27 
1979 4	  66.32   22.82   10.38    2.52 
1979 5	 254.38   25.03   13.75    2.62 
1979 6	  79.63   30.65   19.20    2.12 
1979 7	  90.20   32.78   21.67    2.13 
1979 8	  72.88   32.48   19.95    1.37 
1979 9	  77.60   29.92   15.78    2.36 
1979 10	  71.88   27.46   10.95    2.65 
1979 11	  26.43   17.08    2.10    2.82 
1979 12	 103.07   15.07    0.60    2.76 
1980 1	  98.60   11.81    0.85    2.56 
1980 2	  45.25   13.10   -1.07    2.90 
1980 3	  39.33   18.47    2.67    3.04 
1980 4	  68.58   23.11    7.70    2.83 
1980 5	 103.60   27.58   15.92    2.22 
1980 6	  67.20   33.71   21.24    2.77 
1980 7	  10.93   37.88   22.30    1.69 
1980 8	  11.48   36.89   22.49    2.50 
1980 9	 177.57   33.34   19.48    2.11 
1980 10	  47.35   24.60    9.12    2.34 
1980 11	  44.62   17.87    4.16    2.72 
1980 12	  63.40   14.17    1.59    2.72 
1981 1	  30.35   12.72   -1.27    2.42 
1981 2	  54.23   14.86    1.11    2.65 
1981 3	  95.93   18.59    5.49    2.80 
1981 4	  76.98   25.78   13.54    2.84 
1981 5	 195.68   25.64   13.89    2.94 
1981 6	 204.60   31.17   20.47    2.31 
1981 7	  51.35   34.30   22.70    1.88 
1981 8	  31.88   34.30   20.49    1.62 
1981 9	  34.67   30.87   16.34    1.78 
1981 10	 355.50   23.62   11.90    2.46 
1981 11	  40.88   19.65    5.37    2.26 
1981 12	   5.25   13.59   -0.06    3.04 
1982 1	  50.40   12.95   -2.11    3.42 
1982 2	  63.95   11.14   -0.13    3.01 
1982 3	  42.67   19.29    8.46    3.49 
1982 4	  81.68   21.51    9.44    2.96 
1982 5	 307.17   26.82   16.06    2.61 
1982 6	 155.00   30.58   18.41    1.88 
1982 7	  82.60   33.58   21.98    1.86 
1982 8	  62.12   35.14   21.81    1.78 
1982 9	  51.40   30.60   16.14    2.23 
1982 10	  73.33   24.48   10.40    2.68 
1982 11	 139.68   17.47    5.90    2.69 
1982 12	 156.10   14.61    2.91    3.25 
1983 1	  46.03   10.51   -0.55    2.57 
1983 2	 120.05   12.96    2.70    3.04 
1983 3	 135.97   17.14    5.06    3.13 
1983 4	  20.55   20.83    7.15    3.61 
1983 5	 182.57   26.29   13.36    2.68 
1983 6	  98.65   29.72   17.56    1.99 
1983 7	  78.10   33.23   21.16    2.04 
1983 8	  32.52   35.14   21.87    1.33 
1983 9	  42.57   31.68   16.55    1.99 
1983 10	  92.32   25.55   11.47    2.06 
1983 11	  80.70   19.29    6.19    2.93 
1983 12	  38.10    6.00   -5.01    3.27 
1984 1	  32.47    9.40   -4.57    2.77 
1984 2	 121.30   16.87    0.83    3.14 
1984 3	 181.13   18.22    4.87    3.05 
1984 4	  38.58   22.98    9.38    3.26 
1984 5	  93.03   28.40   15.11    3.02 
1984 6	  83.58   32.66   19.89    2.28 
1984 7	  17.52   35.05   21.13    1.95 
1984 8	  33.90   35.74   21.18    1.83 
1984 9	  61.35   29.93   16.96    2.88 
1984 10	 215.85   23.98   12.46    2.26 
1984 11	  92.15   17.77    4.98    3.00 
1984 12	 138.02   16.47    4.97    3.15 
1985 1	  31.67    8.35   -4.44    2.89 
1985 2	  71.12   11.00   -0.11    3.05 
1985 3	 137.05   20.49    9.13    3.27 
1985 4	 154.32   24.28   11.95    2.91 
1985 5	 152.42   27.77   15.73    2.54 
1985 6	  56.00   32.00   19.15    2.41 
1985 7	  39.08   34.47   21.38    1.79 
1985 8	   1.27   36.99   21.94    1.73 
1985 9	  63.22   30.97   17.62    2.59 
1985 10	 155.62   24.50   13.29    3.25 
1985 11	 148.35   18.00    7.29    2.88 
1985 12	  69.15   10.86   -2.43    2.57 
1986 1	   0.68   15.41   -0.68    2.84 
1986 2	  96.00   16.10    3.47    3.06 
1986 3	  29.33   21.05    6.54    2.61 
1986 4	 183.33   23.71   13.32    2.87 
1986 5	 135.20   26.18   16.01    2.66 
1986 6	 178.83   31.45   20.66    1.56 
1986 7	  56.32   34.98   22.44    1.87 
1986 8	  24.08   34.65   21.01    1.96 
1986 9	 115.28   30.96   20.29    1.99 
1986 10	 116.70   23.34   11.77    2.23 
1986 11	 154.67   15.94    4.42    2.76 
1986 12	  60.22   11.24    1.81    2.59 
1987 1	  52.60   11.97   -0.42    2.63 
1987 2	 123.25   15.01    3.27    3.11 
1987 3	  81.20   18.04    4.40    2.81 
1987 4	  12.18   24.57    8.04    2.40 
1987 5	 185.32   28.81   16.84    1.97 
1987 6	 137.05   30.81   19.68    2.14 
1987 7	  49.67   32.77   21.15    1.97 
1987 8	  19.15   36.12   22.38    2.01 
1987 9	 133.82   30.61   16.35    1.81 
1987 10	  60.33   24.20    8.46    2.40 
1987 11	 220.15   18.49    5.65    2.67 
1987 12	 141.00   13.00    2.16    2.69 
1988 1	  32.80    9.36   -2.24    3.07 
1988 2	  50.95   13.69    0.11    2.70 
1988 3	 100.45   18.91    4.81    3.06 
1988 4	  61.17   23.63    8.89    2.68 
1988 5	  23.27   28.10   14.04    2.43 
1988 6	  47.42   32.80   18.69    1.83 
1988 7	 178.62   33.90   21.75    2.16 
1988 8	  62.75   35.18   22.11    1.66 
1988 9	 101.60   31.24   17.48    2.24 
1988 10	 117.43   23.19    9.86    2.23 
1988 11	 143.48   19.65    5.37    3.15 
1988 12	  84.95   14.29    1.35    2.72 
1989 1	  73.30   13.76    2.18    2.73 
1989 2	 138.97    9.13   -0.70    3.60 
1989 3	  84.25   17.74    5.22    3.48 
1989 4	  35.85   23.76   10.80    2.96 
1989 5	 196.75   27.16   16.84    3.00 
1989 6	 228.18   29.32   18.94    2.43 
1989 7	 166.12   31.96   21.51    1.88 
1989 8	  46.47   32.34   20.67    1.77 
1989 9	  73.23   28.36   15.76    2.26 
1989 10	  50.07   26.47   10.97    2.49 
1989 11	  20.35   20.31    6.16    2.70 
1989 12	  13.98    9.24   -5.47    3.05 
1990 1	 197.27   16.08    2.43    2.77 
1990 2	  81.22   17.43    3.96    3.28 
1990 3	 162.27   18.20    7.86    3.16 
1990 4	 141.27   21.96   10.49    2.95 
1990 5	 258.05   26.54   15.31    3.18 
1990 6	  52.48   33.00   21.56    2.40 
1990 7	  60.52   33.62   20.91    1.72 
1990 8	  83.17   34.40   21.40    1.72 
1990 9	  85.32   31.86   19.24    1.45 
1990 10	  77.17   24.96    9.74    2.31 
1990 11	 138.32   20.98    7.95    2.66 
1990 12	  79.10   11.54   -0.52    2.75 
1991 1	 103.45    8.99   -0.20    2.65 
1991 2	  96.83   17.15    2.94    2.66 
1991 3	  30.28   20.17    6.65    3.30 
1991 4	 187.50   24.24   12.62    2.75 
1991 5	 129.62   27.94   17.94    2.55 
1991 6	 135.10   31.63   20.78    1.79 
1991 7	  47.80   34.38   21.91    1.64 
1991 8	  94.50   32.77   21.02    1.23 
1991 9	  76.32   28.86   17.35    1.95 
1991 10	 241.90   26.24   11.67    2.09 
1991 11	  91.80   15.76    3.67    3.00 
1991 12	 231.43   13.99    4.09    2.74 
1992 1	  72.28   12.20    1.58    2.35 
1992 2	  84.35   17.47    4.61    2.73 
1992 3	 123.05   20.59    7.39    2.71 
1992 4	  48.42   23.94   10.99    2.42 
1992 5	 198.10   26.52   14.69    2.08 
1992 6	 179.50   30.58   19.45    1.91 
1992 7	 193.00   32.98   22.06    2.55 
1992 8	  28.88   31.34   19.06    1.80 
1992 9	  49.55   30.08   17.31    2.47 
1992 10	  46.30   27.07   11.32    2.22 
1992 11	  88.55   16.44    4.45    2.74 
1992 12	 113.65   13.62    2.31    2.38 
1993 1	  60.98   11.40    1.24    2.54 
1993 2	 142.70   13.20    1.75    2.94 
1993 3	  78.33   17.33    5.20    2.97 
1993 4	 166.82   21.85    8.84    3.31 
1993 5	  61.42   26.56   14.79    2.72 
1993 6	  68.47   31.72   20.42    2.78 
1993 7	   5.75   35.12   23.25    2.52 
1993 8	  68.10   35.48   22.60    1.83 
1993 9	  72.97   31.28   16.48    1.95 
1993 10	 251.92   23.42   10.61    2.57 
1993 11	  72.53   14.77    2.23    2.78 
1993 12	 114.65   14.11    1.72    2.77 
1994 1	  50.22   11.35   -0.18    3.07 
1994 2	  99.07   13.90   -0.40    2.62 
1994 3	  51.15   20.00    6.07    2.66 
1994 4	 101.80   24.76    9.66    2.82 
1994 5	 179.73   25.40   15.03    2.15 
1994 6	  42.45   32.87   21.37    2.28 
1994 7	 198.60   32.70   20.68    2.34 
1994 8	 101.85   33.04   20.10    1.46 
1994 9	  51.72   30.30   16.17    1.76 
1994 10	 168.27   24.20   12.16    2.53 
1994 11	 176.52   18.87    7.36    2.77 
1994 12	 102.25   13.48    2.50    2.39 
1995 1	  98.95   12.61    1.05    3.09 
1995 2	  19.80   16.47    2.20    2.78 
1995 3	  97.48   17.73    6.14    3.17 
1995 4	 165.72   22.44    9.78    2.99 
1995 5	 240.95   26.69   15.18    2.80 
1995 6	  82.72   31.31   18.09    1.95 
1995 7	  73.38   34.91   22.13    2.22 
1995 8	  17.67   35.63   22.95    1.33 
1995 9	 140.25   29.52   17.83    1.78 
1995 10	  29.00   26.28   10.53    2.53 
1995 11	   8.93   18.70    4.05    2.90 
1995 12	  92.35   12.96    2.01    3.06 
1996 1	  35.20   12.53   -2.04    3.07 
1996 2	  17.50   17.12    2.13    3.72 
1996 3	  62.00   17.41    2.85    3.40 
1996 4	  91.95   23.36    8.67    3.36 
1996 5	  85.47   29.50   19.13    3.49 
1996 6	  56.12   32.61   20.34    1.86 
1996 7	 146.72   34.65   22.96    2.00 
1996 8	 101.48   31.38   21.17    1.67 
1996 9	  78.65   28.71   15.95    1.67 
1996 10	 111.88   25.42   10.56    2.75 
1996 11	 297.85   17.34    5.51    2.93 
1996 12	  37.93   14.62    2.25    2.89 
1997 1	  35.47   11.88    0.07    3.33 
1997 2	 251.60   14.08    3.31    3.01 
1997 3	 109.72   20.33    6.26    2.69 
1997 4	 155.28   20.71    8.41    3.13 
1997 5	  63.88   26.02   13.68    2.33 
1997 6	  95.27   30.54   18.79    1.89 
1997 7	  32.85   34.31   22.86    1.27 
1997 8	  94.70   32.70   21.01    1.84 
1997 9	  20.42   32.72   18.25    1.91 
1997 10	 154.68   25.07   12.18    2.73 
1997 11	  62.75   16.17    4.02    2.65 
1997 12	 175.32   11.50    1.25    2.80 
1998 1	 137.47   13.25    2.53    2.71 
1998 2	 112.57   15.63    3.11    2.78 
1998 3	  95.18   16.87    5.05    3.75 
1998 4	  47.45   22.85    9.44    3.00 
1998 5	  46.17   30.00   17.58    2.72 
1998 6	  59.90   33.91   22.26    3.68 
1998 7	  19.30   37.79   25.16    2.44 
1998 8	  43.97   36.65   23.26    1.20 
1998 9	 135.98   33.33   21.63    2.63 
1998 10	 206.77   25.46   14.09    2.55 
1998 11	 145.80   18.53    9.04    2.40 
1998 12	 250.35   13.40    2.83    2.92 
1999 1	  81.30   14.72    2.35    3.38 
1999 2	  68.65   18.51    5.78    2.86 
1999 3	  98.17   17.74    5.51    3.14 
1999 4	  60.27   24.52   12.73    3.54 
1999 5	 237.23   26.61   15.33    2.26 
1999 6	  27.25   30.79   21.36    2.38 
1999 7	  47.75   34.00   23.00    1.75 
1999 8	   1.05   37.62   22.87    1.64 
1999 9	  52.30   31.58   17.23    2.32 
1999 10	  68.40   26.50   10.59    2.18 
1999 11	  34.10   22.69    8.19    2.19 
1999 12	 105.38   15.96    1.98    2.97 
2000 1	  49.78   14.63    1.88    3.26 
2000 2	  73.35   19.20    4.89    3.05 
2000 3	 111.50   21.07    7.89    2.73 
2000 4	 109.10   22.30    9.64    2.87 
2000 5	 108.17   28.21   16.77    3.05 
2000 6	 279.27   29.81   19.98    2.33 
2000 7	   1.62   34.13   22.41    1.93 
2000 8	   0.30   37.50   22.84    1.74 
2000 9	  26.22   33.21   17.55    2.36 
2000 10	  95.73   25.36   13.63    2.48 
2000 11	 286.27   14.47    4.09    2.72 
2000 12	 136.70    8.47   -2.57    2.88 
2001 1	  73.98    9.93   -0.83    2.61 
2001 2	 245.47   15.03    2.65    2.88 
2001 3	 174.82   15.18    4.77    2.53 
2001 4	  45.73   24.78   13.00    3.23 
2001 5	 111.25   28.28   16.27    2.37 
2001 6	  81.88   31.44   18.74    2.00 
2001 7	  30.77   35.19   23.53    1.70 
2001 8	 115.47   34.64   22.42    1.93 
2001 9	 136.10   28.04   16.94    2.07 
2001 10	  86.05   23.80    9.52    2.44 
2001 11	  59.75   20.17    8.10    2.20 
2001 12	 214.17   15.05    2.53    2.57 
2002 1	  77.40   13.84    0.57    2.62 
2002 2	  46.33   13.46   -0.75    2.86 
2002 3	 158.82   16.01    3.47    3.40 
2002 4	 124.50   24.04   13.11    3.21 
2002 5	 121.25   26.49   16.04    3.06 
2002 6	  53.23   31.31   19.55    1.88 
2002 7	  78.10   32.90   22.16    1.72 
2002 8	 100.62   33.74   21.47    1.83 
2002 9	  50.50   31.48   18.07    2.64 
2002 10	 219.68   21.91   11.88    2.19 
2002 11	  14.80   17.37    3.92    2.86 
2002 12	 127.85   13.40    2.05    2.99 
2003 1	   9.25   10.86   -0.95    2.78 
2003 2	  91.90   11.97    1.63    3.05 
2003 3	  34.17   18.09    5.36    2.37 
2003 4	  35.08   24.52   10.63    3.06 
2003 5	  81.20   28.85   17.11    2.89 
2003 6	 154.88   30.32   19.06    1.84 
2003 7	  43.62   34.20   22.25    1.93 
2003 8	  55.90   35.24   22.14    1.59 
2003 9	  41.75   28.74   16.09    1.86 
2003 10	  21.80   26.90   12.02    1.98 
2003 11	  73.37   19.99    7.64    2.91 
2003 12	  35.35   15.31    0.48    2.95 
2004 1	  64.25   13.47    1.07    2.94 
2004 2	 140.05   11.46    0.35    3.05 
2004 3	  44.23   21.01    8.74    2.76 
2004 4	  97.72   23.42   11.23    2.97 
2004 5	  22.48   27.41   17.24    2.90 
2004 6	 201.05   30.12   19.97    1.73 
2004 7	  69.78   32.27   21.06    1.81 
2004 8	  51.60   31.62   19.80    1.89 
2004 9	  20.70   31.62   16.22    2.08 
2004 10	 112.27   26.77   14.18    2.50 
2004 11	 159.00   18.00    7.77    2.72 
2004 12	  39.67   13.94    0.35    2.73 
2005 1	 116.12   14.02    2.28    3.06 
2005 2	  58.57   15.54    3.41    2.70 
2005 3	  65.88   17.99    4.52    2.73 
2005 4	  39.40   23.46    9.80    3.08 
2005 5	  72.70   27.17   14.53    2.18 
2005 6	  14.83   33.52   20.01    1.68 
2005 7	  67.50   34.08   21.23    1.61 
2005 8	  36.05   36.20   21.24    1.47 
2005 9	  23.88   35.32   18.28    2.20 
2005 10	  28.27   26.75    9.86    2.48 
2005 11	   9.45   22.25    6.20    2.77 
2005 12	  12.02   14.63   -1.09    2.70 
2006 1	  76.35   18.91    3.52    3.13 
2006 2	  92.88   13.79    1.44    2.95 
2006 3	 154.77   20.64    8.57    3.29 
2006 4	  32.77   27.75   14.42    3.08 
2006 5	  44.90   30.56   17.26    2.55 
2006 6	  31.90   35.53   20.15    1.58 
2006 7	  11.82   37.29   23.47    1.78 
2006 8	  41.78   40.51   25.06    1.77 
2006 9	  92.12   33.82   16.95    2.14 
2006 10	 112.32   27.74   12.29    2.58 
2006 11	  98.83   20.87    6.59    2.70 
2006 12	 120.10   15.36    2.51    2.94 
2007 1	 133.48   10.91   -0.13    2.96 
2007 2	  19.78   14.63    1.17    2.78 
2007 3	 100.60   23.15   10.53    2.84 
2007 4	  54.60   21.70    8.87    2.71 
2007 5	 195.77   27.77   17.18    2.48 
2007 6	 193.50   30.90   20.32    1.87 
2007 7	 173.02   31.65   21.73    1.64 
2007 8	  74.75   35.06   23.47    1.53 
2007 9	  89.18   32.05   18.87    1.59 
2007 10	  99.08   27.01   12.45    2.43 
2007 11	  38.98   20.93    8.32    2.56 
2007 12	 107.05   15.68    1.52    2.29 
2008 1	  17.10   13.23   -0.46    2.91 
2008 2	 114.55   17.77    2.40    2.96 
2008 3	 226.30   20.56    6.79    3.61 
2008 4	 127.85   24.80   10.78    2.93 
2008 5	 124.53   29.23   16.26    2.93 
2008 6	 136.93   34.21   22.11    2.78 
2008 7	   2.50   36.39   23.09    2.14 
2008 8	 102.60   34.41   22.31    1.82 
2008 9	  78.07   29.72   16.61    2.62 
2008 10	  39.85   26.06   10.80    2.08 
2008 11	  82.88   20.67    6.18    2.30 
2008 12	  18.75   14.96    0.21    3.36 
2009 1	  34.27   13.57   -0.59    2.71 
2009 2	  31.35   19.56    4.54    3.41 
2009 3	 120.17   20.07    7.44    3.06 
2009 4	 168.35   23.03    9.06    3.47 
2009 5	 221.85   27.67   15.88    2.40 
2009 6	  64.88   33.42   21.68    2.38 
2009 7	 182.65   34.89   22.53    1.94 
2009 8	  54.48   34.63   21.74    1.82 
2009 9	 175.23   29.54   18.27    1.67 
2009 10	 380.93   22.07   10.94    2.62 
2009 11	  98.35   21.09    7.86    2.28 
2009 12	  82.77   10.24   -0.54    2.82 
2010 1	  73.35   11.96    0.13    2.86 
2010 2	 119.15    9.58    0.47    2.69 
2010 3	 101.78   18.49    5.15    2.86 
2010 4	  63.40   24.94   11.90    3.06 
2010 5	  64.72   29.84   17.20    2.40 
2010 6	  53.63   34.37   23.19    1.82 
2010 7	  60.95   35.09   24.21    1.96 
2010 8	  18.83   38.73   25.01    1.95 
2010 9	 110.55   33.12   20.18    1.84 
2010 10	  74.05   27.20   11.08    2.27 
2010 11	 101.67   20.26    8.03    2.99 
2010 12	  47.35   14.32    2.01    3.20 
