1949 1	 175.70   13.76    2.63    4.38 
1949 2	  50.15   17.53    5.74    4.20 
1949 3	  93.10   21.29    8.76    4.83 
1949 4	  64.15   23.47   11.60    4.44 
1949 5	  69.65   30.67   18.08    3.99 
1949 6	  52.08   33.11   20.49    2.98 
1949 7	  76.52   34.32   22.32    2.80 
1949 8	  69.92   33.06   20.14    2.67 
1949 9	  78.10   31.11   18.13    3.30 
1949 10	 276.10   24.92   14.99    4.31 
1949 11	   6.05   23.08    7.75    4.07 
1949 12	 104.13   17.28    5.99    5.43 
1950 1	 133.23   18.59    7.70    4.64 
1950 2	 117.33   19.13    7.39    3.67 
1950 3	  55.00   20.07    6.99    4.87 
1950 4	 136.02   23.59   11.47    4.63 
1950 5	 185.32   29.06   17.77    3.85 
1950 6	 110.38   30.73   19.98    3.21 
1950 7	  81.98   32.45   21.34    3.24 
1950 8	  49.25   33.37   21.26    2.39 
1950 9	  73.70   30.04   18.39    3.08 
1950 10	  31.05   29.22   15.41    3.72 
1950 11	  51.27   21.15    6.53    4.69 
1950 12	   3.35   16.60    3.08    4.26 
1951 1	  71.97   15.79    3.21    5.18 
1951 2	  98.85   16.93    4.45    4.78 
1951 3	 114.53   22.14    8.73    4.66 
1951 4	  45.95   24.60   11.92    4.68 
1951 5	  78.20   28.52   15.78    3.87 
1951 6	 137.57   32.12   21.05    3.94 
1951 7	  63.65   35.12   22.79    2.51 
1951 8	   0.80   37.79   23.73    2.37 
1951 9	 178.30   31.25   19.58    3.14 
1951 10	  40.57   27.20   13.93    3.73 
1951 11	  95.80   18.37    6.77    5.00 
1951 12	  65.03   18.12    5.67    5.46 
1952 1	  63.98   19.65    8.15    4.73 
1952 2	 130.72   18.32    7.92    4.99 
1952 3	 101.12   20.12    7.62    4.57 
1952 4	 157.65   22.92   11.14    4.01 
1952 5	 133.85   28.44   15.67    3.17 
1952 6	  31.25   32.72   21.44    2.88 
1952 7	  81.28   33.18   22.02    2.42 
1952 8	   5.03   36.01   22.92    3.25 
1952 9	  12.83   32.37   18.06    3.78 
1952 10	   2.80   26.11    8.99    3.73 
1952 11	 174.52   18.69    7.77    4.67 
1952 12	 128.75   14.53    3.67    4.04 
1953 1	  54.95   17.70    5.34    5.31 
1953 2	  79.75   16.89    4.87    4.41 
1953 3	 217.33   23.63   11.68    4.02 
1953 4	 133.48   24.22   10.89    4.26 
1953 5	 291.23   28.10   17.53    3.55 
1953 6	  42.92   35.27   21.89    2.80 
1953 7	  45.30   33.26   21.86    2.64 
1953 8	  55.17   34.11   21.39    2.19 
1953 9	  41.32   32.89   17.94    2.91 
1953 10	  58.33   28.64   13.48    3.31 
1953 11	  73.65   19.64    6.56    4.28 
1953 12	 143.17   13.78    2.72    4.63 
1954 1	  73.12   16.15    4.48    4.37 
1954 2	  26.38   21.42    6.71    4.55 
1954 3	  59.00   20.29    7.57    4.74 
1954 4	  79.18   26.90   14.83    3.85 
1954 5	 150.95   26.04   14.47    3.61 
1954 6	  11.75   33.84   21.05    3.03 
1954 7	  29.10   38.06   23.89    3.23 
1954 8	   5.93   37.91   22.59    3.09 
1954 9	  16.02   35.57   19.81    3.32 
1954 10	 253.47   27.71   14.97    3.96 
1954 11	  83.78   20.23    6.95    4.33 
1954 12	  61.32   17.74    4.68    4.37 
1955 1	  91.20   14.33    4.13    3.70 
1955 2	 130.55   15.32    3.93    4.90 
1955 3	  51.97   22.41    8.80    5.03 
1955 4	 114.77   27.25   14.18    4.16 
1955 5	 120.73   29.74   17.62    3.68 
1955 6	  67.63   31.20   18.33    2.85 
1955 7	  73.15   33.99   21.31    2.84 
1955 8	 132.55   32.49   21.59    2.36 
1955 9	  43.05   32.21   19.66    2.99 
1955 10	  11.08   27.64   12.24    3.88 
1955 11	  21.02   21.19    6.71    5.48 
1955 12	  29.58   16.55    4.21    4.86 
1956 1	  80.10   15.72    3.23    4.61 
1956 2	 118.30   18.03    6.24    4.38 
1956 3	  43.85   21.28    8.05    4.03 
1956 4	 106.18   24.85   11.81    4.49 
1956 5	 166.70   30.57   18.11    3.38 
1956 6	  44.75   33.00   19.84    3.10 
1956 7	  29.40   37.10   21.66    3.47 
1956 8	  25.78   36.89   20.72    2.96 
1956 9	   5.20   33.61   17.35    3.58 
1956 10	  25.50   29.32   14.24    3.20 
1956 11	  87.00   19.44    5.22    4.40 
1956 12	  40.60   18.30    5.78    4.04 
1957 1	  70.43   13.71    3.28    4.21 
1957 2	  96.45   19.60    9.30    3.72 
1957 3	 149.88   18.86    7.81    3.95 
1957 4	 354.25   23.94   12.60    4.89 
1957 5	  78.55   28.04   17.58    4.20 
1957 6	 175.37   30.69   20.46    3.54 
1957 7	  71.25   35.07   22.22    2.26 
1957 8	  84.48   32.44   20.47    3.14 
1957 9	  64.92   29.49   16.90    3.55 
1957 10	 271.78   23.24   11.12    4.55 
1957 11	 224.00   18.26    7.88    4.86 
1957 12	  42.75   17.42    6.38    4.52 
1958 1	  77.28   13.32    1.85    5.61 
1958 2	  65.62   12.47    2.50    5.52 
1958 3	  53.20   16.86    6.25    4.49 
1958 4	 160.65   23.53   12.22    4.17 
1958 5	  73.67   29.08   17.13    3.15 
1958 6	 122.32   32.79   20.95    3.13 
1958 7	  32.20   33.61   22.02    3.39 
1958 8	 109.50   33.60   21.03    2.50 
1958 9	 256.70   28.00   19.18    3.75 
1958 10	  39.63   22.96   13.03    4.72 
1958 11	  57.58   20.08    8.02    4.01 
1958 12	  25.12   13.12    1.27    4.49 
1959 1	  15.32   12.60    0.56    4.83 
1959 2	 119.20   15.25    4.52    4.84 
1959 3	  41.72   20.53    5.71    4.77 
1959 4	 136.78   22.53   11.35    4.47 
1959 5	 349.35   28.98   18.27    3.85 
1959 6	 163.85   31.14   20.38    3.22 
1959 7	 169.82   32.41   21.05    2.06 
1959 8	  53.33   32.76   20.87    2.63 
1959 9	  94.05   30.89   18.76    3.76 
1959 10	  70.25   25.99   13.09    4.00 
1959 11	  91.80   17.24    4.13    4.95 
1959 12	 176.98   16.41    5.30    4.93 
1960 1	 101.05   12.67    3.09    4.66 
1960 2	 125.88   12.64    1.70    5.24 
1960 3	  58.87   16.08    4.93    4.37 
1960 4	  59.05   25.57   13.53    4.46 
1960 5	  39.38   28.00   15.36    4.25 
1960 6	 160.57   32.71   20.20    3.26 
1960 7	  43.20   32.79   22.20    2.27 
1960 8	  86.20   33.50   21.84    2.91 
1960 9	 133.57   31.60   18.75    2.78 
1960 10	  89.62   27.00   14.99    3.30 
1960 11	 108.90   20.55    9.14    4.43 
1960 12	 226.45   11.88    2.86    4.68 
1961 1	 190.93   12.55    1.01    4.87 
1961 2	 112.10   17.11    5.99    4.24 
1961 3	 154.10   22.56   10.99    4.75 
1961 4	  23.42   23.29   10.91    4.83 
1961 5	  53.55   29.11   16.74    4.37 
1961 6	 234.12   30.02   19.42    3.26 
1961 7	  96.93   31.91   21.33    2.57 
1961 8	  32.90   32.77   20.06    2.29 
1961 9	 115.78   30.36   18.94    4.99 
1961 10	  30.88   25.94   13.31    4.11 
1961 11	  78.75   18.23    7.13    5.14 
1961 12	 130.00   14.44    3.58    4.28 
1962 1	 124.45   11.96   -0.60    5.18 
1962 2	  93.62   20.61    7.95    4.87 
1962 3	  51.75   19.51    6.48    4.67 
1962 4	 182.15   23.80   12.76    4.51 
1962 5	  23.05   29.55   18.13    4.38 
1962 6	 201.80   31.00   20.18    2.57 
1962 7	 128.12   33.70   22.23    2.42 
1962 8	   2.65   36.48   21.85    2.59 
1962 9	 136.98   31.05   19.37    2.87 
1962 10	  85.90   27.30   15.77    3.74 
1962 11	  73.90   18.81    8.07    4.94 
1962 12	  61.22   14.12    3.38    4.21 
1963 1	  40.65   10.31   -1.76    4.88 
1963 2	  57.60   15.72    1.11    5.32 
1963 3	  25.17   23.86    9.35    4.53 
1963 4	  56.37   27.23   14.80    4.96 
1963 5	  82.15   29.54   17.66    3.59 
1963 6	  82.75   32.94   21.15    2.99 
1963 7	  56.35   34.90   22.86    3.29 
1963 8	  35.12   35.45   21.65    2.29 
1963 9	  58.02   32.02   19.12    3.22 
1963 10	   0.95   31.84   15.36    2.32 
1963 11	  84.55   21.98    9.04    5.02 
1963 12	  64.60   11.06   -0.38    5.42 
1964 1	  59.53   15.17    1.37    4.56 
1964 2	  63.00   14.19    1.80    4.52 
1964 3	  89.08   21.25    7.12    4.59 
1964 4	  92.50   26.21   14.46    5.06 
1964 5	 134.18   28.68   18.33    3.53 
1964 6	  42.73   31.21   20.59    3.25 
1964 7	  36.53   35.91   22.43    2.98 
1964 8	  64.30   35.18   22.99    2.96 
1964 9	  84.92   30.45   20.05    2.95 
1964 10	   7.18   26.44   12.17    4.49 
1964 11	  85.62   22.61    9.54    4.24 
1964 12	  55.58   15.54    4.02    5.19 
1965 1	 100.65   16.47    3.48    4.55 
1965 2	 100.68   15.15    2.93    5.52 
1965 3	 140.15   16.38    5.34    5.01 
1965 4	  37.75   26.39   15.05    4.38 
1965 5	 252.78   27.12   18.10    4.78 
1965 6	  29.65   31.15   20.91    3.38 
1965 7	  32.00   34.91   21.83    2.44 
1965 8	  46.12   33.75   21.22    2.33 
1965 9	  78.52   30.88   19.83    4.23 
1965 10	  40.35   25.67   13.77    4.17 
1965 11	  53.20   23.71   13.39    3.99 
1965 12	 130.82   17.54    6.24    4.51 
1966 1	 106.88   11.30    1.72    5.27 
1966 2	  78.77   14.45    3.01    4.71 
1966 3	  51.38   21.28    7.82    4.39 
1966 4	 263.43   25.98   12.96    4.81 
1966 5	 114.02   26.97   16.40    3.83 
1966 6	  14.55   31.13   19.95    2.90 
1966 7	  41.15   34.80   23.45    2.35 
1966 8	 115.27   31.86   21.01    2.54 
1966 9	 112.85   29.00   18.50    2.42 
1966 10	  27.97   25.45   11.98    4.27 
1966 11	  16.67   23.23   11.65    4.27 
1966 12	  69.12   14.86    2.62    4.63 
1967 1	  20.98   16.01    3.13    4.59 
1967 2	  36.15   16.32    2.36    4.43 
1967 3	  54.38   24.83   10.54    4.50 
1967 4	 163.60   27.41   16.91    5.05 
1967 5	  96.77   27.93   16.49    4.86 
1967 6	  54.22   32.94   21.65    3.62 
1967 7	  68.30   32.71   21.13    3.56 
1967 8	  35.60   33.96   20.70    2.44 
1967 9	 109.20   29.31   17.77    3.83 
1967 10	  60.67   27.51   12.23    3.94 
1967 11	  46.00   20.94    8.09    4.20 
1967 12	 128.55   15.40    3.73    4.42 
1968 1	 177.92   12.52    3.78    5.00 
1968 2	  68.80   13.59    1.62    4.55 
1968 3	  74.05   18.87    9.19    4.63 
1968 4	 159.07   24.55   13.11    4.84 
1968 5	 184.10   28.34   17.13    4.04 
1968 6	 137.10   30.59   20.29    3.13 
1968 7	  96.05   31.73   20.88    2.61 
1968 8	  32.15   33.78   21.45    2.73 
1968 9	 175.52   29.42   16.93    3.43 
1968 10	  60.85   26.27   12.69    3.42 
1968 11	 194.18   18.54    6.30    4.87 
1968 12	 106.97   15.66    2.86    5.14 
1969 1	  37.12   15.82    4.77    5.03 
1969 2	  99.28   16.14    4.60    4.89 
1969 3	 188.27   16.49    4.84    4.82 
1969 4	 183.05   25.05   13.20    4.02 
1969 5	 181.95   28.59   16.15    2.98 
1969 6	  15.53   33.35   19.98    3.66 
1969 7	  17.03   37.77   22.99    2.83 
1969 8	  39.27   36.57   21.74    2.72 
1969 9	 108.00   31.70   18.51    3.07 
1969 10	 122.50   26.10   13.52    5.07 
1969 11	 227.32   20.30    6.65    4.19 
1969 12	 126.63   16.31    4.64    4.01 
1970 1	  34.57   11.58    0.66    4.73 
1970 2	  94.85   16.85    4.18    4.60 
1970 3	 100.40   18.23    6.69    4.60 
1970 4	 106.28   25.85   14.17    4.74 
1970 5	  33.00   28.58   15.92    4.14 
1970 6	   9.60   32.86   19.80    2.99 
1970 7	  29.85   35.39   21.27    2.56 
1970 8	  21.38   36.03   22.19    2.83 
1970 9	 169.90   31.41   20.39    3.91 
1970 10	 124.53   24.23   12.10    4.27 
1970 11	  36.82   19.36    5.96    4.98 
1970 12	  61.28   19.37    7.61    4.19 
1971 1	   3.90   18.46    4.81    4.92 
1971 2	  78.78   17.83    4.30    5.40 
1971 3	  23.75   21.65    6.84    4.63 
1971 4	  66.60   25.55   11.71    4.37 
1971 5	 133.12   28.11   15.96    3.87 
1971 6	  52.03   33.87   20.97    3.40 
1971 7	  66.98   35.75   22.27    3.04 
1971 8	  47.55   32.82   20.66    2.07 
1971 9	  62.67   31.89   19.58    3.57 
1971 10	  68.40   27.56   15.59    3.15 
1971 11	  86.45   21.04    8.14    4.46 
1971 12	 156.70   18.06    8.60    4.28 
1972 1	 142.68   15.97    3.64    5.08 
1972 2	  18.30   18.96    5.06    4.83 
1972 3	  41.65   23.94    9.69    4.46 
1972 4	  78.93   26.85   13.73    4.93 
1972 5	  30.18   29.43   15.96    2.56 
1972 6	 108.10   33.26   20.48    3.75 
1972 7	  63.92   33.29   21.08    3.47 
1972 8	  83.28   34.11   21.14    2.57 
1972 9	 129.97   32.78   21.12    2.57 
1972 10	 179.75   25.90   13.63    3.90 
1972 11	  84.35   15.64    5.30    5.19 
1972 12	  72.55   13.92    1.86    4.66 
1973 1	 123.68   12.43    1.68    5.49 
1973 2	  39.42   15.75    4.26    4.62 
1973 3	 167.47   22.16   10.57    4.82 
1973 4	 162.98   22.17   10.99    5.01 
1973 5	  57.87   28.41   15.52    4.62 
1973 6	 199.03   31.26   19.88    3.51 
1973 7	 138.50   33.75   22.36    2.61 
1973 8	  79.60   32.93   20.33    2.64 
1973 9	 303.25   30.39   19.88    3.40 
1973 10	 190.45   26.88   15.05    3.71 
1973 11	  98.62   23.42   11.53    4.77 
1973 12	 100.40   17.20    2.86    5.05 
1974 1	 141.45   13.87    3.66    3.99 
1974 2	  56.65   19.36    5.13    5.23 
1974 3	  58.70   24.41   12.37    5.10 
1974 4	  82.40   26.39   12.35    5.52 
1974 5	 106.40   29.94   19.05    4.40 
1974 6	  40.78   31.81   18.88    3.47 
1974 7	  23.88   36.43   21.44    2.24 
1974 8	  95.35   34.27   21.31    2.72 
1974 9	 271.15   26.20   16.82    4.54 
1974 10	 128.50   26.34   13.42    4.61 
1974 11	 120.42   18.85    7.57    4.81 
1974 12	  68.85   14.97    3.51    4.21 
1975 1	  77.15   16.92    5.49    4.56 
1975 2	  94.38   16.54    3.75    4.04 
1975 3	  63.62   19.75    7.49    5.19 
1975 4	 127.20   24.65   12.52    5.45 
1975 5	 192.27   28.54   17.50    3.91 
1975 6	 128.23   31.41   20.27    3.55 
1975 7	  43.28   33.30   21.51    2.50 
1975 8	  41.52   34.12   21.64    2.53 
1975 9	  34.28   30.65   16.79    3.30 
1975 10	 103.70   27.58   12.85    3.78 
1975 11	  84.28   21.10    7.71    4.35 
1975 12	  43.15   15.92    3.77    4.46 
1976 1	  47.40   16.17    2.11    5.13 
1976 2	  40.25   21.72    8.22    4.52 
1976 3	 189.20   21.77   10.14    5.21 
1976 4	 118.55   25.14   13.06    4.34 
1976 5	 179.98   26.66   14.46    3.63 
1976 6	 204.67   30.83   19.13    3.31 
1976 7	 108.28   31.76   21.26    2.08 
1976 8	  30.62   34.12   20.14    2.13 
1976 9	  76.85   29.99   17.74    2.71 
1976 10	  81.65   21.98    9.07    4.30 
1976 11	  38.95   16.25    3.78    4.81 
1976 12	  99.92   15.14    1.93    4.46 
1977 1	  69.52    9.93   -2.33    4.97 
1977 2	  95.08   18.42    3.99    5.08 
1977 3	 109.35   21.74    9.46    4.79 
1977 4	 107.55   25.29   12.70    4.03 
1977 5	  26.47   29.78   17.85    3.63 
1977 6	 102.48   33.22   21.46    3.32 
1977 7	  45.20   36.21   22.66    2.44 
1977 8	  45.43   34.66   22.61    3.24 
1977 9	 104.85   32.95   21.12    3.57 
1977 10	  31.75   27.69   13.69    3.67 
1977 11	  77.72   21.09    9.84    4.03 
1977 12	  41.48   16.74    4.21    5.50 
1978 1	 134.48    7.04   -1.76    6.02 
1978 2	  63.95   10.32   -0.39    5.40 
1978 3	  64.53   20.14    6.03    4.12 
1978 4	  30.85   26.23   13.43    4.47 
1978 5	  76.65   30.15   17.39    3.79 
1978 6	  71.97   33.65   20.78    2.65 
1978 7	  82.97   37.53   22.98    2.63 
1978 8	  52.85   35.21   22.00    2.71 
1978 9	  78.20   31.49   20.40    3.75 
1978 10	  57.10   28.03   12.56    3.46 
1978 11	 155.35   21.22    9.92    3.88 
1978 12	  68.70   15.20    3.07    5.09 
1979 1	 144.15    7.53   -1.93    5.72 
1979 2	  86.83   12.83    3.06    4.93 
1979 3	 210.50   21.16    9.06    4.75 
1979 4	  85.80   24.06   12.69    3.87 
1979 5	 184.62   27.58   15.62    3.92 
1979 6	  66.30   31.66   20.16    3.21 
1979 7	 187.00   32.73   21.93    3.25 
1979 8	  37.12   33.36   20.47    2.16 
1979 9	 227.72   30.17   16.72    4.22 
1979 10	  61.30   28.18   13.17    3.95 
1979 11	  66.42   19.24    5.21    5.09 
1979 12	 111.00   16.50    3.50    4.52 
1980 1	  98.65   14.42    4.41    3.93 
1980 2	  64.03   16.34    2.71    4.76 
1980 3	  53.52   20.47    6.74    4.69 
1980 4	 143.70   24.63   10.32    3.94 
1980 5	 126.00   28.64   17.28    3.29 
1980 6	  33.42   34.27   21.37    3.89 
1980 7	  74.82   38.28   22.51    2.18 
1980 8	  45.57   37.03   22.40    3.62 
1980 9	  77.60   33.39   20.35    3.00 
1980 10	  39.27   26.41   10.06    4.08 
1980 11	 102.32   19.31    6.17    4.55 
1980 12	  27.85   16.80    4.16    4.25 
1981 1	  45.45   14.79    1.98    4.07 
1981 2	  75.48   16.20    4.09    4.15 
1981 3	  62.85   21.04    7.88    4.30 
1981 4	  96.02   28.10   15.90    3.94 
1981 5	 189.57   27.50   15.90    4.24 
1981 6	 173.33   32.24   21.57    3.71 
1981 7	  81.22   34.42   22.85    2.76 
1981 8	  32.97   34.69   21.32    2.58 
1981 9	  61.40   30.99   17.60    3.09 
1981 10	 176.12   25.37   13.63    3.85 
1981 11	  53.65   22.21    7.55    3.74 
1981 12	  25.38   16.18    2.41    4.79 
1982 1	  52.20   15.95    2.22    5.34 
1982 2	  63.95   14.71    2.75    4.75 
1982 3	  60.90   22.28   10.78    5.12 
1982 4	 203.68   23.57   12.31    4.70 
1982 5	 128.00   28.94   17.86    3.97 
1982 6	 110.72   32.44   19.95    2.75 
1982 7	  15.65   34.64   22.83    2.65 
1982 8	   7.30   36.45   22.69    2.31 
1982 9	  19.45   32.66   16.48    3.70 
1982 10	 123.25   25.74   12.60    4.55 
1982 11	 168.00   19.13    8.44    4.52 
1982 12	 123.13   16.71    5.21    5.37 
1983 1	  54.10   13.68    1.99    4.39 
1983 2	 133.50   15.59    4.48    5.17 
1983 3	 159.25   20.37    6.95    4.63 
1983 4	  20.15   23.31    9.58    5.25 
1983 5	 193.35   28.06   15.60    3.93 
1983 6	 117.82   30.93   19.51    3.08 
1983 7	  58.42   33.55   22.24    3.24 
1983 8	 129.48   34.19   22.36    2.11 
1983 9	  12.20   31.41   17.31    3.78 
1983 10	  51.90   27.20   13.37    3.58 
1983 11	 113.63   21.05    8.23    4.64 
1983 12	  96.38    9.65   -1.39    5.56 
1984 1	  48.65   12.28   -0.31    4.94 
1984 2	 121.47   18.60    3.92    4.78 
1984 3	 127.90   21.67    7.92    4.32 
1984 4	  18.48   26.25   10.84    4.89 
1984 5	  65.05   30.18   16.34    4.50 
1984 6	  84.70   33.35   20.87    3.26 
1984 7	  46.12   34.96   21.86    2.43 
1984 8	  73.00   35.41   21.76    2.73 
1984 9	  63.40   30.31   17.58    4.67 
1984 10	 334.65   26.04   15.55    3.98 
1984 11	 118.30   20.22    7.59    4.94 
1984 12	  70.55   20.00    9.03    4.94 
1985 1	  50.60   11.66   -1.59    4.68 
1985 2	  91.05   14.45    2.26    4.73 
1985 3	  72.78   23.68   10.45    4.83 
1985 4	  74.65   27.07   13.14    4.47 
1985 5	  66.53   29.55   16.52    3.52 
1985 6	  19.00   33.98   20.33    3.71 
1985 7	 118.27   34.83   21.58    2.58 
1985 8	  38.10   36.61   22.48    2.53 
1985 9	  63.62   32.59   18.41    4.22 
1985 10	 257.88   25.77   15.31    5.08 
1985 11	 231.60   22.24   11.21    4.52 
1985 12	  73.43   13.70    0.00    4.39 
1986 1	  36.00   18.25    4.33    4.70 
1986 2	  84.67   20.62    5.64    4.78 
1986 3	  26.05   24.38    8.14    3.71 
1986 4	 112.10   25.84   14.16    4.23 
1986 5	 207.72   28.07   16.69    3.76 
1986 6	 142.92   32.07   21.09    2.46 
1986 7	  44.38   35.43   23.00    2.77 
1986 8	  63.83   34.77   20.93    2.60 
1986 9	  68.22   32.39   21.00    3.08 
1986 10	 133.52   25.48   13.05    3.79 
1986 11	 135.05   19.30    8.39    4.76 
1986 12	 132.05   13.62    3.54    4.57 
1987 1	  55.02   15.17    1.61    4.44 
1987 2	 146.93   17.19    5.22    4.83 
1987 3	  53.23   21.66    6.02    4.30 
1987 4	  19.17   27.45   10.10    3.26 
1987 5	 133.57   30.16   17.14    2.96 
1987 6	 151.27   32.21   20.28    3.66 
1987 7	  57.10   33.88   21.86    2.94 
1987 8	  56.55   36.59   23.34    2.86 
1987 9	  72.82   31.35   18.01    3.15 
1987 10	  24.80   26.91   11.07    4.03 
1987 11	 159.75   21.22    7.40    4.72 
1987 12	 218.35   15.21    4.01    4.48 
1988 1	  29.92   11.39   -0.27    5.10 
1988 2	  66.28   15.33    2.60    4.59 
1988 3	 119.23   19.55    6.27    4.62 
1988 4	  54.65   25.15   10.53    3.93 
1988 5	  14.97   28.82   15.18    3.45 
1988 6	  62.12   32.46   19.28    3.08 
1988 7	  65.65   33.68   21.98    3.14 
1988 8	  94.40   34.99   22.40    2.61 
1988 9	  55.45   32.26   18.79    3.89 
1988 10	  91.95   25.45   11.82    3.75 
1988 11	 135.05   21.69    8.25    5.22 
1988 12	 135.35   16.08    3.99    4.35 
1989 1	 105.72   16.25    5.46    4.50 
1989 2	  93.33   12.80    1.69    5.73 
1989 3	 213.28   20.33    7.56    5.17 
1989 4	  40.78   25.24   12.67    4.27 
1989 5	 171.75   28.80   17.64    4.28 
1989 6	 216.98   30.08   19.47    4.25 
1989 7	  49.10   32.08   21.51    3.10 
1989 8	  32.43   32.59   21.24    2.49 
1989 9	  34.62   30.02   16.86    3.79 
1989 10	  63.25   26.99   12.16    4.13 
1989 11	  58.83   21.12    8.69    4.71 
1989 12	  23.80   11.64   -1.47    5.14 
1990 1	 218.85   17.85    5.88    4.26 
1990 2	 137.83   19.52    7.22    5.24 
1990 3	  99.12   21.19    9.98    4.59 
1990 4	  83.70   24.97   12.61    4.47 
1990 5	 336.15   28.51   16.58    4.64 
1990 6	  88.40   33.12   22.27    3.33 
1990 7	  63.15   33.05   21.40    2.53 
1990 8	  44.05   34.34   21.85    2.44 
1990 9	 178.77   31.38   20.06    2.28 
1990 10	 264.98   25.51   11.78    3.90 
1990 11	 160.57   22.17    9.31    4.32 
1990 12	 100.75   14.91    2.99    4.59 
1991 1	 178.13   11.98    2.62    4.77 
1991 2	 119.00   18.21    5.72    4.53 
1991 3	  55.78   22.75    9.23    5.13 
1991 4	 242.62   25.79   14.22    4.33 
1991 5	 192.68   28.74   18.78    4.47 
1991 6	 156.40   31.77   20.88    3.12 
1991 7	  71.18   33.47   21.93    2.54 
1991 8	 264.10   31.96   21.49    1.95 
1991 9	  74.53   29.49   17.95    3.49 
1991 10	 109.92   27.49   13.52    3.77 
1991 11	  92.15   17.02    5.52    5.24 
1991 12	 211.50   15.07    6.38    4.87 
1992 1	 145.67   13.65    3.71    4.23 
1992 2	 177.88   19.29    6.83    4.43 
1992 3	 115.90   22.63    9.11    4.30 
1992 4	  31.85   25.00   12.47    3.49 
1992 5	  96.07   27.08   16.82    3.13 
1992 6	  59.72   31.52   20.27    2.91 
1992 7	  84.82   33.65   22.53    3.71 
1992 8	  27.05   32.08   19.43    2.66 
1992 9	  91.97   30.61   18.79    3.91 
1992 10	 115.57   27.36   12.58    3.75 
1992 11	 103.07   17.38    6.04    4.72 
1992 12	 156.60   15.30    5.69    3.93 
1993 1	 113.00   13.19    2.98    4.37 
1993 2	  93.12   16.17    4.69    4.71 
1993 3	 157.05   19.06    7.61    4.41 
1993 4	 108.72   22.84   11.02    4.71 
1993 5	  92.32   26.72   15.84    3.90 
1993 6	 336.83   30.88   21.81    4.36 
1993 7	   4.12   33.68   23.47    3.17 
1993 8	  17.20   35.30   23.13    2.51 
1993 9	  76.38   31.76   17.85    3.21 
1993 10	 109.15   24.18   13.12    4.23 
1993 11	 100.38   17.19    5.08    4.79 
1993 12	  50.20   15.60    5.24    4.73 
1994 1	  69.90   14.60    3.16    5.15 
1994 2	 176.70   16.84    4.06    4.30 
1994 3	  32.53   21.36    8.84    3.82 
1994 4	  45.60   26.06   13.09    4.11 
1994 5	 188.20   26.73   16.53    3.45 
1994 6	  62.13   32.00   21.83    3.56 
1994 7	  88.58   33.29   22.02    3.40 
1994 8	 191.20   32.27   21.48    2.29 
1994 9	  73.78   29.95   18.04    2.79 
1994 10	 280.33   24.48   14.04    4.37 
1994 11	  54.32   20.66   10.23    4.70 
1994 12	 219.10   17.03    7.68    4.25 
1995 1	 141.98   16.20    5.47    5.01 
1995 2	  76.40   19.05    5.32    4.24 
1995 3	  89.10   20.58    8.98    4.73 
1995 4	 116.72   24.50   12.12    4.62 
1995 5	 117.90   28.54   18.15    4.37 
1995 6	  92.83   31.31   19.45    3.10 
1995 7	  90.82   34.00   22.88    3.30 
1995 8	  36.30   34.76   23.15    2.30 
1995 9	  67.48   31.26   18.88    2.92 
1995 10	  36.47   26.74   12.41    4.80 
1995 11	  17.67   20.15    6.94    4.80 
1995 12	 117.93   15.59    5.67    5.06 
1996 1	  40.55   15.19    1.53    5.17 
1996 2	   5.47   18.78    6.08    5.34 
1996 3	  35.15   19.55    5.09    5.05 
1996 4	  76.25   26.38   11.15    4.76 
1996 5	  23.50   31.06   20.61    4.67 
1996 6	  80.47   32.79   20.76    2.96 
1996 7	 102.55   35.11   23.51    2.88 
1996 8	 195.30   31.97   21.85    2.68 
1996 9	 112.20   29.23   17.88    2.92 
1996 10	  57.75   25.70   13.50    4.81 
1996 11	 140.50   18.91    8.49    5.04 
1996 12	  72.45   17.50    6.18    4.60 
1997 1	 122.88   13.69    2.70    5.34 
1997 2	 272.12   15.77    6.22    4.99 
1997 3	 118.52   23.23   10.36    4.11 
1997 4	 147.03   22.47   10.35    5.08 
1997 5	 119.35   27.69   16.20    3.46 
1997 6	 110.70   30.77   19.99    2.93 
1997 7	  17.52   34.39   22.89    1.96 
1997 8	 173.30   33.11   21.79    2.67 
1997 9	  98.58   32.64   19.70    2.93 
1997 10	 139.03   25.36   13.92    4.79 
1997 11	 102.93   17.03    6.92    4.49 
1997 12	 108.32   14.26    3.01    4.72 
1998 1	 150.45   16.58    6.00    4.17 
1998 2	 126.08   17.35    5.89    4.33 
1998 3	  80.92   18.84    7.01    5.38 
1998 4	  25.68   24.92   10.85    4.41 
1998 5	   0.15   32.16   19.43    3.71 
1998 6	  23.20   35.94   23.29    5.20 
1998 7	  59.28   38.43   24.94    3.40 
1998 8	  45.80   36.12   23.52    2.07 
1998 9	 199.70   33.10   22.49    5.08 
1998 10	 169.20   26.36   15.11    4.62 
1998 11	 155.92   20.73    9.98    3.99 
1998 12	 154.52   15.22    4.95    4.76 
1999 1	 239.18   17.66    4.66    5.22 
1999 2	   8.25   20.37    7.65    4.27 
1999 3	  92.62   19.50    7.21    4.60 
1999 4	 104.20   25.45   14.02    5.05 
1999 5	 116.25   28.13   16.70    3.45 
1999 6	  94.47   31.13   21.16    3.62 
1999 7	  70.70   33.81   22.96    2.58 
1999 8	   3.40   37.41   23.50    2.41 
1999 9	  58.35   32.16   18.55    3.69 
1999 10	  51.65   27.07   12.41    3.91 
1999 11	   8.83   23.53    9.01    3.59 
1999 12	  75.43   17.27    3.91    4.99 
2000 1	  60.28   16.86    4.54    5.10 
2000 2	  60.73   21.56    7.00    4.66 
2000 3	 115.05   23.26   10.62    4.13 
2000 4	 114.88   24.45   12.17    4.04 
2000 5	 241.35   29.83   19.22    4.25 
2000 6	 124.00   31.27   21.64    3.67 
2000 7	   0.85   35.92   23.26    2.85 
2000 8	   3.15   37.72   23.32    2.12 
2000 9	  73.23   33.43   19.26    3.95 
2000 10	  70.65   26.36   14.48    4.26 
2000 11	 324.30   16.71    6.55    4.73 
2000 12	 160.60   10.45    0.14    5.03 
2001 1	 159.80   11.44    1.39    4.56 
2001 2	 160.77   17.37    4.63    4.45 
2001 3	 195.57   16.86    6.49    4.06 
2001 4	  12.10   25.90   14.72    4.94 
2001 5	 146.58   29.30   17.64    3.72 
2001 6	 277.83   30.78   19.99    3.08 
2001 7	  38.53   34.40   23.37    2.34 
2001 8	  66.28   34.40   22.64    2.92 
2001 9	 167.62   28.78   18.80    3.77 
2001 10	 103.05   25.07   10.84    4.37 
2001 11	 106.77   21.62   10.15    3.59 
2001 12	 162.05   16.30    4.95    4.35 
2002 1	  47.23   15.36    3.01    4.39 
2002 2	  59.52   15.60    2.22    4.79 
2002 3	  88.95   18.90    5.79    5.05 
2002 4	  74.50   26.12   15.71    4.47 
2002 5	  72.75   28.89   17.50    4.84 
2002 6	 114.23   31.61   20.66    3.27 
2002 7	  81.10   33.48   23.23    2.67 
2002 8	  86.50   34.88   22.77    2.88 
2002 9	  86.97   31.82   19.76    4.62 
2002 10	 123.50   23.56   15.03    3.51 
2002 11	 100.53   18.59    6.36    4.57 
2002 12	 221.15   15.14    4.43    5.08 
2003 1	  11.37   13.74    0.82    4.62 
2003 2	 198.05   13.80    4.09    4.70 
2003 3	  81.38   20.39    7.53    3.42 
2003 4	  39.02   25.35   12.48    4.22 
2003 5	  50.60   30.43   18.46    4.29 
2003 6	 124.57   31.83   20.38    2.83 
2003 7	 109.97   33.63   22.01    2.97 
2003 8	  49.70   34.57   23.03    2.58 
2003 9	  61.02   29.76   18.37    3.34 
2003 10	  83.07   26.60   13.91    3.52 
2003 11	  83.22   21.34   10.14    4.79 
2003 12	  85.22   16.36    2.87    4.82 
2004 1	 154.75   15.00    4.20    4.69 
2004 2	 159.73   13.09    3.07    4.83 
2004 3	  66.58   22.99   11.25    4.07 
2004 4	 219.05   24.95   12.81    4.25 
2004 5	  55.65   28.53   17.86    4.35 
2004 6	 200.93   30.93   21.11    3.10 
2004 7	  23.93   32.91   22.19    2.38 
2004 8	 138.45   32.97   20.61    3.16 
2004 9	  23.05   31.24   19.20    3.61 
2004 10	 166.82   28.14   18.47    4.01 
2004 11	 212.57   19.59    9.95    4.58 
2004 12	  61.03   14.79    2.09    4.89 
2005 1	 113.28   14.87    3.97    4.59 
2005 2	 126.50   16.72    7.15    4.38 
2005 3	  48.10   20.63    6.90    3.99 
2005 4	  50.27   25.02   11.83    4.39 
2005 5	  44.85   28.58   16.23    3.26 
2005 6	  17.68   34.17   22.04    2.63 
2005 7	  95.95   34.41   22.73    2.71 
2005 8	  92.05   35.45   23.36    2.26 
2005 9	  59.75   34.51   21.51    3.57 
2005 10	  25.35   27.15   13.16    4.33 
2005 11	  13.80   22.76   10.31    4.66 
2005 12	  23.10   15.74    2.80    4.73 
2006 1	 120.80   19.59    5.34    4.58 
2006 2	  84.48   14.93    3.56    4.59 
2006 3	 137.28   22.19   10.58    5.01 
2006 4	  52.55   28.17   16.17    4.45 
2006 5	  49.77   29.85   17.59    3.74 
2006 6	  34.88   33.22   21.33    2.27 
2006 7	  63.28   34.81   23.27    2.39 
2006 8	  16.23   36.99   24.03    2.50 
2006 9	  48.13   31.64   18.82    3.29 
2006 10	 155.30   26.34   13.11    4.26 
2006 11	 102.90   20.96    7.30    4.39 
2006 12	 146.32   16.00    4.32    5.01 
2007 1	 204.18   11.40    1.95    4.97 
2007 2	  31.28   13.99    2.03    4.27 
2007 3	  83.53   22.72   11.61    4.04 
2007 4	  76.10   22.11   10.97    4.24 
2007 5	 191.73   28.13   18.00    3.96 
2007 6	 215.35   30.99   21.60    3.03 
2007 7	 410.40   30.48   22.02    2.99 
2007 8	  42.95   34.42   23.65    2.41 
2007 9	  41.58   31.53   21.07    2.80 
2007 10	  49.05   27.33   14.72    4.28 
2007 11	  61.25   20.77   10.20    3.95 
2007 12	  75.08   17.16    4.23    3.84 
2008 1	  65.25   13.20    2.07    5.28 
2008 2	 114.03   18.96    5.30    4.55 
2008 3	 167.15   21.92    8.84    5.32 
2008 4	  71.90   24.27   11.89    4.40 
2008 5	 111.65   28.24   17.43    4.46 
2008 6	  70.93   33.50   22.36    3.68 
2008 7	   8.53   36.22   23.11    2.89 
2008 8	 166.42   33.97   23.17    2.87 
2008 9	  81.60   29.37   17.79    4.63 
2008 10	  82.35   27.97   10.95    3.68 
2008 11	 118.18   19.73    6.95    4.08 
2008 12	  53.52   15.36    1.09    5.32 
2009 1	  39.00   16.14    1.27    4.42 
2009 2	  38.60   20.24    5.43    5.08 
2009 3	 194.02   20.63    7.94    4.50 
2009 4	 104.13   23.93   10.37    5.22 
2009 5	  38.43   28.66   17.06    3.79 
2009 6	  57.32   34.38   22.13    3.15 
2009 7	 145.05   35.49   23.10    2.65 
2009 8	  42.72   35.30   22.26    2.20 
2009 9	 130.95   28.87   18.93    2.90 
2009 10	 314.55   23.73   11.95    4.50 
2009 11	  39.45   21.26    8.59    4.12 
2009 12	  84.70   11.18    1.04    5.01 
2010 1	  64.85   11.70    0.60    4.68 
2010 2	 152.45   10.74    0.50    4.79 
2010 3	  94.70   18.87    5.61    4.11 
2010 4	  25.15   25.38   12.21    4.35 
2010 5	  21.70   31.08   18.54    3.49 
2010 6	 156.10   34.00   22.84    2.70 
2010 7	 114.78   33.86   23.34    3.16 
2010 8	  23.03   37.39   23.96    2.77 
2010 9	  38.43   32.46   20.07    3.43 
2010 10	  53.70   27.94   11.60    3.69 
2010 11	  59.90   21.42    8.27    4.71 
2010 12	  23.12   14.94    2.37    5.23 
