1949 1	  73.85   13.33    2.47    5.30 
1949 2	  77.95   18.59    9.30    4.60 
1949 3	  60.05   22.72   10.22    4.64 
1949 4	 223.32   23.57   12.16    4.46 
1949 5	  25.15   30.53   20.10    3.98 
1949 6	 163.60   32.70   21.18    3.80 
1949 7	  70.18   34.03   22.59    3.36 
1949 8	  45.55   34.26   21.09    2.86 
1949 9	  40.32   32.71   20.71    3.32 
1949 10	 160.07   27.02   15.17    4.41 
1949 11	   4.20   25.28    8.18    3.86 
1949 12	  67.13   17.76    8.13    5.26 
1950 1	  11.12   19.01    9.76    5.80 
1950 2	  52.02   19.50    7.69    4.32 
1950 3	   5.72   22.74    8.55    4.95 
1950 4	  84.02   24.60   13.84    4.88 
1950 5	  79.28   29.84   19.58    4.30 
1950 6	  27.90   32.27   21.28    3.95 
1950 7	  50.75   34.42   22.72    4.61 
1950 8	 133.88   34.19   21.32    3.22 
1950 9	  66.50   31.76   20.45    3.32 
1950 10	   3.32   30.27   15.10    4.11 
1950 11	  14.95   22.81    7.43    4.96 
1950 12	   0.68   19.90    2.64    4.37 
1951 1	   5.72   18.11    2.12    5.60 
1951 2	  67.67   19.00    5.17    5.81 
1951 3	  73.20   23.42   10.11    4.99 
1951 4	  22.57   27.63   12.72    4.67 
1951 5	 111.97   29.57   17.90    4.00 
1951 6	 130.28   32.91   21.80    5.00 
1951 7	   9.30   36.70   23.31    3.90 
1951 8	   3.18   37.52   22.86    3.61 
1951 9	  91.68   32.45   20.72    3.68 
1951 10	  34.90   28.60   16.36    3.87 
1951 11	  20.00   20.24    7.93    5.26 
1951 12	   6.18   19.75    5.67    5.13 
1952 1	  14.98   21.09    8.75    5.43 
1952 2	  55.35   21.67    7.45    4.87 
1952 3	  67.43   22.03    9.28    4.71 
1952 4	  92.02   24.63   12.06    4.49 
1952 5	  64.47   29.29   16.00    3.76 
1952 6	  58.68   32.93   21.73    4.00 
1952 7	  72.37   34.34   22.21    3.23 
1952 8	   0.00   36.93   22.69    3.86 
1952 9	 151.48   31.23   18.41    3.71 
1952 10	   0.00   26.51   10.03    3.84 
1952 11	 124.75   19.32    9.23    4.87 
1952 12	  86.33   16.36    4.71    4.38 
1953 1	  11.07   21.08    4.99    5.03 
1953 2	  25.85   18.87    5.93    4.56 
1953 3	  16.75   25.54   13.54    4.44 
1953 4	  68.38   26.93   13.62    4.23 
1953 5	  25.70   30.27   18.09    4.26 
1953 6	  52.67   35.97   22.29    3.72 
1953 7	  16.65   35.91   23.49    3.64 
1953 8	 110.67   34.98   22.63    2.60 
1953 9	  64.22   32.41   18.32    3.17 
1953 10	  80.85   27.23   15.51    3.74 
1953 11	   8.05   21.10    8.11    3.90 
1953 12	  38.80   15.52    3.22    4.79 
1954 1	  20.13   18.43    6.44    4.75 
1954 2	   0.98   23.95    7.10    4.19 
1954 3	   0.77   23.61    9.26    5.05 
1954 4	  43.35   28.34   17.16    5.24 
1954 5	  36.83   29.28   17.52    4.22 
1954 6	  54.83   34.06   22.34    4.63 
1954 7	  41.10   36.01   23.07    3.59 
1954 8	  34.35   36.47   23.34    4.21 
1954 9	  10.85   34.58   20.74    3.59 
1954 10	  51.60   28.77   16.08    4.10 
1954 11	  40.03   22.72    8.24    4.10 
1954 12	   4.28   21.26    7.13    4.45 
1955 1	  35.85   17.32    5.34    4.78 
1955 2	  55.95   19.00    7.11    5.37 
1955 3	  27.65   24.02   10.33    5.35 
1955 4	   5.00   29.20   16.44    4.46 
1955 5	 104.28   31.82   19.23    4.63 
1955 6	  69.82   33.48   20.52    4.18 
1955 7	  26.30   34.64   22.87    4.21 
1955 8	  36.20   34.77   22.78    2.88 
1955 9	  22.05   32.95   21.56    3.76 
1955 10	   7.97   28.92   13.13    4.06 
1955 11	  46.22   21.04    9.28    5.48 
1955 12	  14.23   18.82    4.48    4.40 
1956 1	  23.08   17.32    4.19    4.58 
1956 2	  22.35   20.26    6.96    5.06 
1956 3	   9.62   24.72    9.34    4.35 
1956 4	  15.48   27.06   14.10    4.55 
1956 5	  53.50   31.91   19.33    4.23 
1956 6	   9.62   35.19   22.32    3.66 
1956 7	  12.70   36.16   22.39    4.18 
1956 8	  91.00   35.39   22.37    3.58 
1956 9	  11.85   33.02   19.51    3.34 
1956 10	  29.95   29.32   15.63    3.44 
1956 11	  34.73   20.73    7.68    4.56 
1956 12	  31.20   20.62    6.52    4.43 
1957 1	  14.02   16.60    6.81    4.74 
1957 2	  58.57   21.86   11.90    3.88 
1957 3	 116.35   22.49   10.24    4.19 
1957 4	 243.35   24.27   13.39    5.12 
1957 5	 213.88   27.47   17.98    4.77 
1957 6	  75.38   31.91   21.83    3.76 
1957 7	  17.55   36.31   22.65    3.37 
1957 8	   8.73   36.27   22.94    3.57 
1957 9	 261.75   31.28   18.83    3.45 
1957 10	 122.12   24.71   13.28    4.13 
1957 11	  81.40   19.14    8.06    4.86 
1957 12	  26.60   19.49    6.02    4.83 
1958 1	 112.95   16.18    3.25    4.96 
1958 2	 104.15   14.58    4.72    4.80 
1958 3	  40.78   18.94    6.92    4.52 
1958 4	  31.88   25.44   13.59    4.10 
1958 5	  76.83   29.55   17.53    3.22 
1958 6	  73.45   33.39   22.33    4.06 
1958 7	 128.88   34.84   22.90    4.13 
1958 8	  17.42   35.83   22.10    3.14 
1958 9	 233.05   30.50   21.33    3.28 
1958 10	 152.08   23.41   15.46    4.37 
1958 11	  18.60   21.21   10.09    3.89 
1958 12	  27.95   16.18    3.45    4.16 
1959 1	  15.05   14.92    3.35    4.93 
1959 2	  64.25   16.93    6.87    4.47 
1959 3	   7.45   22.39    8.06    4.63 
1959 4	  63.70   24.29   12.58    4.57 
1959 5	  53.33   29.90   19.35    4.32 
1959 6	  54.28   33.67   21.97    3.62 
1959 7	  47.23   34.69   22.13    2.73 
1959 8	  77.70   34.64   22.70    3.05 
1959 9	  44.80   32.63   21.52    3.88 
1959 10	 127.92   27.37   14.62    3.80 
1959 11	  61.10   18.71    4.52    4.66 
1959 12	  46.58   18.05    5.87    4.69 
1960 1	  20.10   15.04    4.65    4.73 
1960 2	  29.67   16.21    3.02    5.25 
1960 3	  51.15   19.07    7.09    4.59 
1960 4	  60.45   26.74   14.61    4.97 
1960 5	  38.15   28.83   17.19    4.53 
1960 6	  86.60   34.52   21.65    3.69 
1960 7	  49.63   34.27   22.95    2.87 
1960 8	 166.20   33.28   23.18    3.55 
1960 9	  17.95   32.43   18.58    2.96 
1960 10	 198.97   27.90   17.17    3.58 
1960 11	  34.95   21.33   11.48    4.18 
1960 12	  84.30   14.69    4.78    4.41 
1961 1	  21.73   14.67    2.34    4.55 
1961 2	  49.88   19.88    5.99    4.55 
1961 3	   3.22   24.78   11.79    4.87 
1961 4	   6.97   26.96   12.83    4.75 
1961 5	   2.62   31.65   19.08    4.86 
1961 6	 176.58   32.33   21.55    3.73 
1961 7	 158.03   32.74   22.43    3.77 
1961 8	  15.75   33.75   21.31    2.38 
1961 9	  56.83   31.91   20.97    4.59 
1961 10	  90.15   27.27   14.97    4.29 
1961 11	  52.30   19.52    8.41    4.71 
1961 12	  22.28   17.55    6.31    4.02 
1962 1	  15.10   14.38    0.24    5.10 
1962 2	  31.00   23.73    9.71    4.63 
1962 3	  25.52   21.68    7.45    4.55 
1962 4	 106.38   26.58   14.29    4.99 
1962 5	  37.22   31.02   19.05    5.23 
1962 6	  67.07   33.08   21.89    3.30 
1962 7	   1.88   36.58   23.42    3.42 
1962 8	  36.75   37.24   23.55    2.79 
1962 9	  93.28   32.36   21.13    3.11 
1962 10	  73.88   29.63   17.83    4.15 
1962 11	  96.95   21.67    8.95    4.42 
1962 12	  57.15   16.47    5.14    3.86 
1963 1	   7.35   14.23    0.63    4.53 
1963 2	  77.50   18.77    3.29    4.77 
1963 3	   5.38   24.95   11.34    4.64 
1963 4	  50.62   29.45   16.94    5.47 
1963 5	  57.58   30.66   19.36    4.24 
1963 6	  62.08   34.34   22.06    3.92 
1963 7	   3.85   35.35   23.27    4.02 
1963 8	  26.80   36.01   22.79    3.02 
1963 9	  34.12   32.94   20.65    2.75 
1963 10	  62.30   29.76   16.23    3.42 
1963 11	  54.20   21.86   11.06    4.90 
1963 12	  24.30   13.07    1.35    4.86 
1964 1	  86.23   17.05    3.14    4.45 
1964 2	  52.50   15.33    3.57    4.21 
1964 3	  43.40   22.65    9.20    4.74 
1964 4	  32.38   27.20   14.72    5.11 
1964 5	  47.70   31.39   18.51    4.28 
1964 6	 126.85   33.85   21.18    3.86 
1964 7	   4.35   36.33   23.07    3.50 
1964 8	 103.15   36.02   23.51    3.71 
1964 9	 116.68   31.65   21.13    3.29 
1964 10	  45.67   26.48   11.20    4.16 
1964 11	 102.12   22.78   10.60    4.51 
1964 12	  29.97   17.66    4.24    4.80 
1965 1	  57.65   19.04    5.27    4.41 
1965 2	 164.80   15.43    3.79    4.90 
1965 3	  64.03   19.21    5.79    5.19 
1965 4	  63.05   27.15   16.28    4.77 
1965 5	 214.25   27.83   19.23    4.95 
1965 6	  48.12   32.42   21.96    3.96 
1965 7	   4.40   35.47   22.54    3.01 
1965 8	  36.27   35.05   21.94    2.81 
1965 9	  71.88   33.01   20.41    3.82 
1965 10	  90.13   25.78   12.42    3.80 
1965 11	  30.33   23.47   12.13    3.46 
1965 12	 130.93   18.16    7.39    4.48 
1966 1	  34.52   13.13    1.27    4.81 
1966 2	  62.05   16.32    2.91    4.69 
1966 3	  29.45   21.57    8.91    4.45 
1966 4	  82.72   26.05   14.24    4.68 
1966 5	  97.95   27.93   17.86    3.71 
1966 6	  46.18   31.43   20.18    3.28 
1966 7	   8.32   34.62   22.92    3.07 
1966 8	 130.08   33.35   21.52    3.42 
1966 9	  87.38   30.74   19.34    2.36 
1966 10	  21.60   26.66   11.89    3.92 
1966 11	   0.00   24.08    9.99    4.53 
1966 12	   9.38   17.84    2.50    4.73 
1967 1	   3.42   17.12    2.75    4.76 
1967 2	  15.50   17.83    3.70    4.87 
1967 3	  47.10   25.82   12.24    4.78 
1967 4	  34.35   29.85   18.87    5.73 
1967 5	  69.30   31.18   17.64    5.16 
1967 6	   0.10   34.80   22.55    4.41 
1967 7	  59.30   35.39   22.87    4.26 
1967 8	  79.57   34.07   21.34    3.00 
1967 9	 273.90   28.63   18.88    3.63 
1967 10	  64.70   25.77   12.53    3.94 
1967 11	  87.45   21.36    9.35    3.96 
1967 12	  37.10   15.99    4.25    4.28 
1968 1	 214.58   14.37    4.50    4.78 
1968 2	  48.90   14.72    2.78    4.22 
1968 3	  40.00   19.96    8.30    5.23 
1968 4	  61.40   24.81   14.77    5.05 
1968 5	  89.45   28.70   18.62    4.70 
1968 6	  73.15   31.69   21.48    3.50 
1968 7	  41.53   33.38   22.24    3.55 
1968 8	  19.62   35.16   22.09    3.66 
1968 9	  89.57   30.29   17.74    3.62 
1968 10	  28.50   28.25   15.49    3.87 
1968 11	 115.53   20.36    6.20    4.78 
1968 12	  23.10   17.29    2.90    5.24 
1969 1	  40.18   16.57    5.33    4.74 
1969 2	  77.57   17.32    5.82    4.64 
1969 3	  61.00   18.19    6.39    4.89 
1969 4	  79.03   26.03   14.25    4.65 
1969 5	 118.02   28.10   17.21    3.56 
1969 6	  64.20   32.59   21.44    4.32 
1969 7	   7.78   36.28   23.77    3.85 
1969 8	 118.43   35.93   22.95    3.13 
1969 9	  36.47   32.15   19.91    3.31 
1969 10	 133.38   26.18   15.00    5.16 
1969 11	  35.73   21.45    6.85    4.42 
1969 12	  58.42   19.53    5.36    3.76 
1970 1	  30.85   13.15    1.16    4.40 
1970 2	  69.63   18.52    5.92    4.96 
1970 3	  57.65   19.92    6.81    4.56 
1970 4	  32.60   26.79   14.86    5.15 
1970 5	 169.25   28.20   16.28    4.64 
1970 6	  24.05   31.90   21.18    3.62 
1970 7	  20.65   33.94   22.87    2.98 
1970 8	  33.55   35.29   23.29    3.11 
1970 9	 125.70   32.24   21.37    4.20 
1970 10	  46.65   26.04   12.81    4.32 
1970 11	   0.17   22.55    5.39    4.92 
1970 12	   4.75   21.69    8.59    4.86 
1971 1	   1.30   20.95    4.84    4.97 
1971 2	  22.53   21.54    5.57    5.37 
1971 3	   1.05   26.48    8.56    4.86 
1971 4	  37.73   27.66   12.77    4.74 
1971 5	  43.97   31.49   18.61    4.88 
1971 6	  69.47   33.84   22.68    4.23 
1971 7	  19.78   35.68   23.28    3.74 
1971 8	 231.58   31.66   22.06    2.77 
1971 9	 108.40   31.00   21.44    3.52 
1971 10	 118.68   27.86   17.44    3.69 
1971 11	  67.38   23.30   10.20    4.22 
1971 12	  88.13   19.28    7.90    4.32 
1972 1	  31.77   18.13    4.09    4.94 
1972 2	   8.15   21.26    5.17    4.68 
1972 3	   9.40   25.84   11.51    4.49 
1972 4	  52.08   29.65   15.83    4.97 
1972 5	 294.98   28.01   16.82    3.23 
1972 6	  70.65   31.81   21.25    3.85 
1972 7	  71.47   32.81   22.37    3.87 
1972 8	 117.40   32.70   22.35    3.30 
1972 9	  44.50   32.68   22.05    2.93 
1972 10	  60.55   28.21   15.19    4.07 
1972 11	  62.75   18.42    5.28    4.70 
1972 12	  12.28   16.78    2.42    4.83 
1973 1	  75.05   14.43    1.51    5.39 
1973 2	  69.70   16.76    4.32    4.89 
1973 3	  46.13   25.63   10.95    4.11 
1973 4	 134.28   23.82   12.83    5.14 
1973 5	  55.50   29.47   17.09    4.72 
1973 6	 252.25   30.48   21.12    4.33 
1973 7	 199.40   32.68   23.33    3.60 
1973 8	  26.80   32.92   21.81    3.01 
1973 9	 306.20   30.65   21.14    3.43 
1973 10	 141.82   27.58   16.53    3.92 
1973 11	   9.28   24.77   12.05    4.75 
1973 12	   3.62   19.52    2.23    4.93 
1974 1	  37.83   16.48    3.61    4.13 
1974 2	   2.17   21.96    4.29    5.25 
1974 3	  25.40   25.97   13.12    5.42 
1974 4	  64.07   27.34   13.71    5.44 
1974 5	 104.53   30.38   19.25    4.36 
1974 6	  29.08   32.10   19.96    3.88 
1974 7	  27.27   34.03   22.10    3.07 
1974 8	 278.40   31.76   22.23    3.65 
1974 9	  87.20   26.95   17.32    4.41 
1974 10	  98.92   26.16   13.49    4.40 
1974 11	 110.70   19.41    8.02    4.36 
1974 12	  43.25   16.29    3.93    4.00 
1975 1	  38.43   18.62    4.35    4.52 
1975 2	  78.60   18.70    4.40    4.36 
1975 3	  12.52   23.13    8.76    5.04 
1975 4	  87.60   25.06   14.50    5.45 
1975 5	 153.47   27.60   18.04    4.29 
1975 6	 111.88   31.19   21.50    4.20 
1975 7	  37.53   32.00   21.77    3.10 
1975 8	  37.53   32.74   21.97    3.36 
1975 9	  22.60   29.98   18.19    3.27 
1975 10	  59.20   28.27   14.31    4.13 
1975 11	   2.00   23.31    7.48    4.43 
1975 12	  38.40   18.57    4.14    5.03 
1976 1	  13.25   17.50    1.20    4.81 
1976 2	   5.68   23.50    8.15    5.34 
1976 3	  30.65   23.48   11.05    5.19 
1976 4	 172.32   25.35   14.76    4.85 
1976 5	 152.82   27.04   15.79    3.76 
1976 6	  42.80   31.58   20.76    4.14 
1976 7	 131.10   30.25   22.12    3.48 
1976 8	  48.80   33.18   21.44    2.49 
1976 9	 107.20   30.48   19.55    2.94 
1976 10	 222.85   22.13    9.58    3.98 
1976 11	  61.60   16.55    5.32    4.78 
1976 12	  54.10   16.09    3.04    4.31 
1977 1	  75.65   11.85    0.89    4.53 
1977 2	  24.70   19.20    3.62    4.53 
1977 3	  26.15   23.21    9.21    4.64 
1977 4	 204.07   25.25   12.94    4.19 
1977 5	  46.80   27.46   19.61    4.36 
1977 6	  64.90   32.23   22.04    3.76 
1977 7	   2.17   34.17   23.82    3.62 
1977 8	   4.80   34.62   23.57    3.67 
1977 9	  52.42   33.48   21.99    3.56 
1977 10	 101.95   27.90   15.06    3.64 
1977 11	 120.98   22.79    9.11    3.97 
1977 12	   8.15   19.04    4.08    5.00 
1978 1	  15.63   11.54    0.59    5.51 
1978 2	  46.25   13.58    1.66    4.59 
1978 3	  38.05   22.66    7.27    4.23 
1978 4	  77.40   25.85   14.60    4.99 
1978 5	  54.45   30.15   19.44    4.29 
1978 6	  89.90   33.19   22.40    3.39 
1978 7	  43.05   35.85   23.48    3.67 
1978 8	 129.57   33.37   22.54    3.34 
1978 9	 221.62   29.84   21.15    3.88 
1978 10	  11.15   26.92   13.87    3.67 
1978 11	 129.22   21.63   11.32    4.51 
1978 12	  38.03   16.79    4.37    4.98 
1979 1	  89.20   10.95    1.07    5.34 
1979 2	  42.25   16.66    5.03    4.85 
1979 3	 105.05   22.75   11.01    4.84 
1979 4	 125.97   25.48   15.38    3.85 
1979 5	  43.67   28.03   17.38    4.45 
1979 6	 140.95   31.10   22.15    3.59 
1979 7	 163.85   33.32   24.33    3.65 
1979 8	  48.85   32.92   22.97    3.17 
1979 9	  23.40   31.65   19.14    3.78 
1979 10	   4.10   30.54   15.98    4.06 
1979 11	  39.00   21.21    6.86    5.16 
1979 12	  71.68   19.26    5.43    4.83 
1980 1	  21.85   17.33    4.83    4.35 
1980 2	  18.65   19.26    3.88    4.76 
1980 3	  33.30   23.43    8.33    4.43 
1980 4	  43.72   27.41   11.08    4.56 
1980 5	 156.07   29.57   18.65    4.03 
1980 6	  18.33   35.04   23.19    4.53 
1980 7	   6.58   37.52   23.83    3.18 
1980 8	  67.82   34.62   23.71    4.37 
1980 9	 144.15   32.97   23.23    3.25 
1980 10	  29.23   27.93   13.83    4.12 
1980 11	  88.22   21.28    6.77    4.45 
1980 12	  18.62   18.47    6.16    4.29 
1981 1	  48.05   16.56    3.70    4.32 
1981 2	  30.98   17.97    5.34    4.90 
1981 3	  52.80   21.88    9.11    4.45 
1981 4	  57.92   27.50   17.04    4.76 
1981 5	 160.42   29.46   17.80    4.48 
1981 6	 231.80   31.48   22.59    3.90 
1981 7	  14.80   33.57   23.56    3.78 
1981 8	  57.62   34.93   22.58    3.23 
1981 9	  36.92   32.15   19.01    3.68 
1981 10	 190.98   27.70   15.82    4.41 
1981 11	  17.20   24.26    8.74    4.10 
1981 12	  17.00   18.51    3.95    4.40 
1982 1	  18.33   17.25    3.02    5.36 
1982 2	  32.72   16.12    2.99    4.79 
1982 3	  17.77   22.49   11.54    5.45 
1982 4	  35.78   25.15   13.31    4.84 
1982 5	 173.88   28.12   18.42    4.67 
1982 6	  38.90   33.03   21.48    4.16 
1982 7	   4.02   35.81   22.98    4.24 
1982 8	  20.75   36.17   23.08    3.52 
1982 9	  30.90   33.41   19.39    3.70 
1982 10	  68.88   26.37   14.46    4.30 
1982 11	 109.20   20.15    9.79    4.39 
1982 12	  56.83   16.84    5.24    4.90 
1983 1	  32.03   15.31    2.76    3.99 
1983 2	  40.30   17.41    4.33    4.57 
1983 3	 102.90   20.68    8.29    4.40 
1983 4	   3.22   25.47   10.87    5.04 
1983 5	 120.58   28.64   17.06    4.31 
1983 6	  48.00   31.51   20.20    3.61 
1983 7	  66.45   33.10   22.69    3.74 
1983 8	  58.05   34.97   22.54    2.47 
1983 9	  81.85   31.57   19.49    3.86 
1983 10	  46.12   27.76   14.93    3.82 
1983 11	  72.22   24.02    9.33    4.55 
1983 12	   8.95   12.31   -0.53    5.18 
1984 1	  47.52   13.54    2.17    4.78 
1984 2	  15.65   19.91    4.19    4.74 
1984 3	  40.12   24.60   10.42    4.85 
1984 4	   2.95   29.28   11.91    4.47 
1984 5	  82.32   31.51   17.79    4.91 
1984 6	  38.58   33.78   21.77    4.57 
1984 7	   5.05   35.57   22.43    3.42 
1984 8	  63.80   35.46   22.40    3.47 
1984 9	  25.62   31.13   18.95    4.59 
1984 10	 152.78   25.84   17.15    4.12 
1984 11	  64.12   20.69    8.43    4.71 
1984 12	  85.58   20.19    9.93    5.13 
1985 1	  59.53   12.64    0.36    4.61 
1985 2	  62.95   15.30    4.58    5.08 
1985 3	  81.43   22.65   12.43    4.85 
1985 4	  76.28   26.29   14.70    4.96 
1985 5	  61.03   30.13   18.74    3.90 
1985 6	 207.80   31.52   21.41    4.17 
1985 7	 130.83   33.12   22.00    3.52 
1985 8	   8.25   35.68   23.04    3.24 
1985 9	 130.02   31.68   20.41    4.37 
1985 10	 103.93   26.64   16.80    5.12 
1985 11	 119.00   22.23   13.08    4.87 
1985 12	   7.73   16.31    2.83    4.53 
1986 1	  20.07   18.61    4.44    4.45 
1986 2	  56.00   21.42    6.88    4.33 
1986 3	  10.23   24.69    8.73    4.18 
1986 4	  15.62   27.40   16.93    4.89 
1986 5	 166.05   28.47   18.06    4.47 
1986 6	 250.27   31.89   22.08    3.08 
1986 7	   2.08   35.53   23.03    3.89 
1986 8	  50.18   35.30   23.17    3.14 
1986 9	  70.43   32.76   23.63    3.88 
1986 10	 182.82   26.33   14.77    4.01 
1986 11	  47.78   20.30    9.34    4.55 
1986 12	 164.03   15.11    5.85    4.49 
1987 1	  23.78   16.55    3.30    4.32 
1987 2	 112.20   18.18    7.49    4.82 
1987 3	  28.85   20.89    6.85    4.05 
1987 4	  30.85   26.50   10.38    3.60 
1987 5	 294.67   29.02   18.77    3.95 
1987 6	 211.45   31.13   21.68    3.45 
1987 7	  33.35   33.25   23.34    3.57 
1987 8	  17.12   35.27   23.69    3.66 
1987 9	  53.58   32.28   19.22    3.62 
1987 10	  10.70   28.42   14.06    4.10 
1987 11	  70.30   22.06    8.79    4.55 
1987 12	  52.98   18.19    5.67    4.53 
1988 1	   9.50   14.55    1.77    5.07 
1988 2	  27.15   18.29    5.42    4.80 
1988 3	  28.32   23.00    8.81    4.89 
1988 4	  31.78   27.98   12.19    3.62 
1988 5	  20.63   30.27   17.62    4.03 
1988 6	 116.05   33.21   20.59    3.44 
1988 7	 101.95   34.35   23.33    3.42 
1988 8	  40.22   35.92   23.51    3.12 
1988 9	  56.45   33.05   20.35    4.03 
1988 10	  18.33   29.20   15.64    3.75 
1988 11	   0.88   25.25   10.64    4.90 
1988 12	  13.77   19.23    6.42    4.58 
1989 1	  84.65   18.64    7.35    4.38 
1989 2	  18.75   15.53    5.29    6.10 
1989 3	  34.45   23.32    8.81    4.96 
1989 4	  72.45   27.09   14.30    4.56 
1989 5	  10.93   33.21   20.73    5.03 
1989 6	 101.65   33.97   21.74    4.18 
1989 7	  15.02   36.37   22.91    3.34 
1989 8	  14.73   35.55   23.06    3.79 
1989 9	  42.40   32.91   18.34    4.18 
1989 10	 124.32   28.64   14.33    4.32 
1989 11	  47.97   21.68   10.37    4.44 
1989 12	   7.88   12.47   -0.57    4.96 
1990 1	  30.22   19.25    7.01    4.76 
1990 2	  70.57   21.34    8.03    4.78 
1990 3	 126.05   21.02   10.94    5.43 
1990 4	  99.60   25.46   15.10    5.11 
1990 5	  72.97   31.11   20.15    5.07 
1990 6	  22.58   36.49   23.86    4.64 
1990 7	 200.90   33.18   22.49    3.74 
1990 8	  24.80   34.56   23.20    3.43 
1990 9	  94.55   31.94   20.49    2.82 
1990 10	  81.75   27.63   13.20    3.91 
1990 11	  70.65   23.21   10.73    4.85 
1990 12	   7.40   17.62    4.05    4.77 
1991 1	 114.98   14.40    3.72    4.67 
1991 2	  63.22   19.21    7.41    4.41 
1991 3	  31.42   24.60   10.38    4.95 
1991 4	 140.35   27.56   16.44    4.50 
1991 5	 122.38   30.28   19.61    4.56 
1991 6	  87.45   33.65   21.74    3.82 
1991 7	  55.62   34.27   23.06    3.44 
1991 8	  60.90   35.77   23.13    3.15 
1991 9	  66.83   30.57   19.36    3.53 
1991 10	  19.83   29.36   15.73    3.90 
1991 11	  15.60   20.05    7.33    5.41 
1991 12	 353.10   17.11    8.19    5.12 
1992 1	 131.40   14.66    5.43    4.21 
1992 2	 169.50   20.68    8.60    4.27 
1992 3	 149.40   23.11   11.03    4.39 
1992 4	  78.28   25.59   14.34    3.73 
1992 5	 215.40   27.71   17.52    3.89 
1992 6	 143.00   32.96   21.79    3.37 
1992 7	  37.12   33.96   23.31    4.71 
1992 8	  73.75   33.43   21.27    2.69 
1992 9	  32.77   33.03   20.97    3.92 
1992 10	  32.90   29.73   15.43    3.86 
1992 11	 100.75   20.09    7.23    4.68 
1992 12	  53.35   18.43    7.54    4.24 
1993 1	  32.72   15.82    4.73    4.18 
1993 2	  87.32   18.46    6.86    4.71 
1993 3	  44.95   22.17    9.72    3.89 
1993 4	  48.35   25.77   12.48    4.97 
1993 5	 246.68   28.93   16.44    3.89 
1993 6	 142.17   31.40   22.26    4.40 
1993 7	   0.00   34.60   23.96    4.68 
1993 8	   5.05   36.18   23.72    3.52 
1993 9	  19.97   33.72   20.11    3.60 
1993 10	  65.45   27.78   14.30    4.51 
1993 11	  20.60   19.75    6.52    4.48 
1993 12	  11.18   18.45    6.70    4.73 
1994 1	  44.23   17.25    4.87    5.20 
1994 2	  27.62   19.47    6.31    5.05 
1994 3	 117.45   23.65   10.81    4.20 
1994 4	  64.65   26.77   14.19    4.68 
1994 5	 156.73   28.92   18.62    3.98 
1994 6	  57.20   34.20   22.63    3.36 
1994 7	   7.45   36.58   23.73    4.24 
1994 8	  60.10   35.44   23.10    3.06 
1994 9	 123.10   31.96   18.47    2.74 
1994 10	 215.95   27.87   16.17    3.96 
1994 11	  21.12   23.14   12.15    4.92 
1994 12	  76.45   19.30    7.25    4.37 
1995 1	   7.50   18.12    4.82    4.96 
1995 2	  29.20   20.57    6.73    4.01 
1995 3	  41.62   21.78   10.29    4.73 
1995 4	  28.35   27.88   13.02    4.77 
1995 5	 146.53   31.36   19.11    4.75 
1995 6	 111.73   31.72   19.96    3.81 
1995 7	  27.92   34.63   22.55    3.46 
1995 8	  51.72   35.60   23.01    2.63 
1995 9	 103.75   32.65   19.97    3.11 
1995 10	  24.20   27.94   13.73    4.72 
1995 11	  29.00   21.51    8.44    4.35 
1995 12	  17.55   18.23    7.11    4.77 
1996 1	   0.03   18.51    2.20    5.31 
1996 2	  20.05   21.11    6.90    5.36 
1996 3	  10.30   21.67    6.32    4.97 
1996 4	  29.62   29.02   12.21    4.90 
1996 5	  41.80   33.22   21.03    5.44 
1996 6	  54.33   34.89   22.15    3.86 
1996 7	  29.62   36.72   23.66    3.90 
1996 8	  73.80   34.75   22.86    3.83 
1996 9	  97.03   31.21   19.92    2.99 
1996 10	  10.80   27.68   15.38    4.59 
1996 11	  68.25   22.18    9.91    4.94 
1996 12	  40.30   18.78    5.78    4.37 
1997 1	  17.33   14.90    3.57    5.11 
1997 2	  72.78   16.66    6.30    4.76 
1997 3	  64.95   22.77   11.52    4.01 
1997 4	 135.43   23.36   11.59    4.64 
1997 5	 103.70   28.41   17.61    3.58 
1997 6	 247.72   30.99   21.19    3.55 
1997 7	   2.02   34.57   23.35    3.12 
1997 8	  21.23   35.73   23.40    3.51 
1997 9	  34.93   33.93   21.15    2.81 
1997 10	 110.10   26.70   15.24    4.43 
1997 11	  43.67   19.45    8.23    4.27 
1997 12	  78.57   17.11    2.87    4.72 
1998 1	  84.05   19.33    7.49    4.59 
1998 2	  93.05   19.42    6.10    4.31 
1998 3	  81.43   21.31    9.10    5.34 
1998 4	   2.00   26.41   12.10    4.18 
1998 5	  10.00   32.86   19.66    4.28 
1998 6	  41.03   36.21   23.36    5.31 
1998 7	  11.85   37.25   24.07    4.09 
1998 8	 197.02   33.63   23.09    2.93 
1998 9	  39.30   31.44   22.18    3.56 
1998 10	 428.70   26.82   16.85    4.95 
1998 11	  88.88   21.45   12.10    4.38 
1998 12	  11.62   17.14    5.71    5.05 
1999 1	   1.30   19.98    5.10    5.51 
1999 2	   0.18   23.40    9.47    4.65 
1999 3	  82.97   22.99   10.89    4.95 
1999 4	  25.90   27.39   15.92    5.23 
1999 5	  62.95   29.68   18.90    4.14 
1999 6	 108.43   32.23   22.53    4.08 
1999 7	  55.10   33.30   22.47    3.35 
1999 8	  40.78   36.31   23.13    2.22 
1999 9	   2.67   33.43   19.82    3.42 
1999 10	  40.53   28.23   13.40    4.07 
1999 11	   2.20   24.76    9.68    4.05 
1999 12	  11.10   19.74    4.61    4.91 
2000 1	  31.48   19.22    6.46    5.04 
2000 2	  47.52   23.21   10.46    5.19 
2000 3	  22.50   25.38   13.28    4.31 
2000 4	  41.40   27.50   15.03    4.50 
2000 5	  74.03   30.99   20.32    4.78 
2000 6	 171.65   31.81   22.17    4.44 
2000 7	  15.60   36.44   22.88    3.25 
2000 8	   3.15   36.58   22.35    2.69 
2000 9	  58.35   34.63   19.20    3.60 
2000 10	 183.85   25.63   17.00    4.59 
2000 11	 197.57   18.68    8.42    4.64 
2000 12	  38.68   13.30    2.47    4.95 
2001 1	  77.93   15.03    3.96    4.61 
2001 2	  20.52   19.51    8.45    4.62 
2001 3	  76.70   19.10    7.83    3.88 
2001 4	  67.45   26.16   16.49    5.37 
2001 5	  80.47   30.01   18.91    4.31 
2001 6	  65.90   33.98   21.77    3.11 
2001 7	   7.50   35.82   23.25    3.30 
2001 8	 220.15   35.68   23.25    3.39 
2001 9	  95.32   30.33   19.09    3.86 
2001 10	  64.95   26.25   13.44    4.28 
2001 11	 121.02   22.56   11.55    4.15 
2001 12	  81.48   17.80    6.10    4.38 
2002 1	  10.90   18.38    5.15    4.54 
2002 2	  11.20   17.91    2.79    4.60 
2002 3	  34.70   22.25    8.28    5.17 
2002 4	  79.67   27.86   17.44    4.99 
2002 5	  54.10   30.41   18.94    5.26 
2002 6	  45.03   34.35   22.26    3.62 
2002 7	 379.62   31.83   23.14    3.76 
2002 8	  18.48   34.78   23.48    2.93 
2002 9	 169.93   30.98   19.76    3.72 
2002 10	 184.37   25.67   16.82    3.55 
2002 11	  56.67   20.46    7.37    4.35 
2002 12	  68.90   17.83    5.55    5.00 
2003 1	  27.65   15.55    3.69    4.34 
2003 2	  60.75   16.73    6.11    4.79 
2003 3	  30.00   21.80    9.52    3.52 
2003 4	   3.77   27.59   15.47    4.42 
2003 5	   3.03   32.15   20.78    4.29 
2003 6	  98.47   33.12   21.42    3.10 
2003 7	 181.07   32.05   22.82    3.25 
2003 8	  38.83   34.16   22.66    2.59 
2003 9	 198.32   29.71   19.48    3.25 
2003 10	  52.05   27.37   15.05    3.80 
2003 11	   8.82   22.68   11.27    4.95 
2003 12	   2.75   19.36    4.54    4.82 
2004 1	  58.65   17.35    6.92    5.09 
2004 2	  46.58   17.33    5.27    4.69 
2004 3	  67.68   23.99   13.15    4.42 
2004 4	 151.52   24.80   13.95    4.87 
2004 5	  50.82   29.16   19.08    4.76 
2004 6	 249.05   31.93   21.63    3.74 
2004 7	  27.25   33.25   22.39    2.88 
2004 8	  63.18   33.77   22.41    3.28 
2004 9	  44.90   32.25   20.80    2.68 
2004 10	 208.55   29.80   18.29    4.37 
2004 11	 228.93   21.61    9.94    4.58 
2004 12	   2.25   18.12    4.49    4.84 
2005 1	  55.05   18.28    7.88    4.76 
2005 2	  63.45   17.42    8.91    4.69 
2005 3	  68.38   22.92    9.35    3.89 
2005 4	   5.95   27.04   12.91    4.39 
2005 5	  90.87   29.53   17.55    3.95 
2005 6	  15.57   33.55   22.03    3.92 
2005 7	  58.38   35.56   23.29    3.43 
2005 8	  41.02   35.66   23.28    3.20 
2005 9	  29.67   35.35   22.32    3.50 
2005 10	  34.12   28.35   14.66    4.08 
2005 11	  11.65   25.12   10.49    4.71 
2005 12	   1.50   18.97    3.81    4.62 
2006 1	  12.85   22.70    5.95    4.75 
2006 2	  16.27   20.76    5.27    4.80 
2006 3	  36.62   26.08   12.60    4.98 
2006 4	  36.62   31.37   16.98    4.71 
2006 5	  85.25   33.10   18.04    4.38 
2006 6	  38.48   35.23   21.47    2.84 
2006 7	  28.60   35.71   23.10    3.13 
2006 8	   5.72   37.41   24.21    3.35 
2006 9	 102.53   32.44   19.94    3.24 
2006 10	  74.10   28.96   15.74    4.16 
2006 11	  20.45   24.33   10.57    4.48 
2006 12	  63.52   17.87    6.31    4.82 
2007 1	 113.00   13.81    3.56    4.90 
2007 2	   1.55   19.14    5.39    4.19 
2007 3	 178.50   23.52   12.32    4.63 
2007 4	  95.78   23.80   12.20    4.42 
2007 5	 128.23   28.53   18.77    4.09 
2007 6	 164.43   31.30   21.68    3.83 
2007 7	 293.48   30.68   22.32    3.52 
2007 8	 178.98   33.08   23.55    2.84 
2007 9	  41.10   31.52   21.35    2.76 
2007 10	  11.85   29.24   15.83    3.98 
2007 11	  10.50   22.44   10.96    4.09 
2007 12	  11.05   20.20    5.75    4.06 
2008 1	  10.25   16.82    4.11    5.07 
2008 2	   6.10   24.31    7.74    4.91 
2008 3	  43.80   25.43    9.74    5.37 
2008 4	  32.30   28.37   14.10    4.76 
2008 5	  18.75   32.85   19.85    4.76 
2008 6	   1.23   36.43   23.70    4.27 
2008 7	  87.88   34.45   22.67    3.79 
2008 8	 126.10   34.17   23.28    2.95 
2008 9	   8.47   32.41   19.35    3.76 
2008 10	  10.00   28.83   13.87    3.93 
2008 11	   0.48   24.36   10.03    3.84 
2008 12	   6.35   19.50    4.49    5.35 
2009 1	   6.53   20.28    3.81    4.42 
2009 2	  13.78   24.56    9.06    5.19 
2009 3	  64.45   25.03   11.24    4.92 
2009 4	  39.50   28.00   14.23    4.86 
2009 5	  43.72   32.86   20.39    4.11 
2009 6	  12.45   36.82   23.27    3.76 
2009 7	  18.55   38.10   24.36    3.69 
2009 8	  18.57   37.97   24.41    2.78 
2009 9	 161.93   30.68   20.26    2.69 
2009 10	 269.27   26.16   15.24    4.59 
2009 11	  49.15   22.03    9.35    4.29 
2009 12	  46.80   13.88    3.49    4.64 
2010 1	 103.15   15.37    3.91    5.07 
2010 2	 111.38   14.79    3.68    4.70 
2010 3	  55.08   22.17    7.57    4.13 
2010 4	  80.78   25.51   14.44    4.58 
2010 5	  97.90   30.22   19.50    4.07 
2010 6	  81.75   33.12   23.53    4.20 
2010 7	  86.85   33.16   24.24    3.72 
2010 8	   2.28   36.32   24.55    2.64 
2010 9	 226.48   31.28   21.47    3.69 
2010 10	   4.53   28.06   13.71    4.05 
2010 11	   6.35   23.23    8.89    5.21 
2010 12	  19.17   18.55    4.95    4.91 
