1949 1	  29.35   16.47    5.80    5.49 
1949 2	  61.38   21.12   11.52    5.12 
1949 3	  35.83   26.01   13.78    4.89 
1949 4	 192.93   26.20   15.15    4.70 
1949 5	  24.10   33.45   22.05    4.36 
1949 6	  99.35   36.01   23.35    3.89 
1949 7	  27.15   37.23   24.12    3.76 
1949 8	  58.93   37.52   23.42    2.98 
1949 9	  24.62   34.93   22.58    2.97 
1949 10	  69.30   29.45   17.74    4.02 
1949 11	   0.00   27.35   10.99    3.24 
1949 12	  49.88   20.11   11.14    4.75 
1950 1	   2.00   24.06   12.70    5.68 
1950 2	  32.08   23.72   11.79    4.65 
1950 3	   6.27   26.68   12.54    4.87 
1950 4	  28.65   30.22   17.46    5.01 
1950 5	 161.00   34.21   21.95    4.89 
1950 6	  69.70   35.52   23.27    4.15 
1950 7	  32.92   37.85   24.53    4.78 
1950 8	  14.58   37.38   23.54    2.84 
1950 9	  86.10   35.26   23.03    2.76 
1950 10	   3.08   32.49   18.52    2.95 
1950 11	   3.25   25.39   11.65    4.53 
1950 12	   0.00   22.44    6.25    4.24 
1951 1	   2.08   21.50    6.31    5.48 
1951 2	   6.33   23.15    8.10    6.15 
1951 3	  54.27   26.58   13.17    5.30 
1951 4	  22.20   31.28   16.73    4.78 
1951 5	 176.23   32.79   20.60    4.15 
1951 6	  90.00   36.52   23.64    5.10 
1951 7	   3.25   38.31   24.77    4.13 
1951 8	   8.10   38.56   24.50    3.57 
1951 9	 102.55   34.50   22.53    3.31 
1951 10	  19.62   31.20   18.65    3.40 
1951 11	  10.82   23.37   10.58    5.08 
1951 12	   8.70   23.06    9.14    4.92 
1952 1	   0.60   24.41   11.14    5.51 
1952 2	  17.75   24.73    9.99    4.80 
1952 3	  23.20   26.01   13.00    4.92 
1952 4	  16.45   29.43   16.10    4.82 
1952 5	  88.45   33.58   18.99    4.11 
1952 6	  57.32   35.20   23.13    3.86 
1952 7	  19.67   37.39   23.66    3.11 
1952 8	   0.00   39.23   24.48    3.95 
1952 9	   6.83   35.11   21.06    2.70 
1952 10	   0.00   30.27   14.20    2.97 
1952 11	  26.18   22.84   11.99    4.61 
1952 12	  21.27   19.12    7.86    4.50 
1953 1	   0.43   24.51    8.10    4.44 
1953 2	  28.18   22.13    9.19    4.97 
1953 3	  14.35   29.50   17.58    4.88 
1953 4	  43.33   32.75   18.06    4.17 
1953 5	  71.25   34.83   20.79    4.62 
1953 6	   6.80   39.07   24.92    4.04 
1953 7	   5.20   39.11   24.96    3.77 
1953 8	 110.10   36.60   24.10    2.84 
1953 9	  50.17   34.40   20.54    2.68 
1953 10	 139.80   28.51   17.31    2.94 
1953 11	   0.32   24.11   10.67    3.50 
1953 12	  22.25   17.40    5.46    4.45 
1954 1	  21.92   21.49    8.82    4.52 
1954 2	   0.98   26.11   11.44    3.87 
1954 3	   6.70   27.05   12.62    4.95 
1954 4	  46.40   31.21   19.52    5.28 
1954 5	  93.05   32.61   19.45    4.11 
1954 6	 135.98   35.98   23.86    4.26 
1954 7	  18.78   37.44   23.84    3.78 
1954 8	  25.75   37.49   24.36    3.71 
1954 9	  11.27   36.00   22.39    2.33 
1954 10	  53.45   30.92   18.25    3.20 
1954 11	  34.00   25.18   10.70    3.51 
1954 12	   1.87   23.45    9.04    4.05 
1955 1	  19.92   19.59    7.44    5.16 
1955 2	  31.83   22.22    9.20    5.56 
1955 3	   0.43   28.30   13.28    5.54 
1955 4	   1.05   32.85   18.34    4.39 
1955 5	  51.85   35.38   21.69    4.44 
1955 6	  15.05   37.02   22.69    4.07 
1955 7	  25.10   37.32   24.22    3.56 
1955 8	  69.73   37.41   24.23    2.51 
1955 9	  86.63   33.76   22.90    2.44 
1955 10	  28.45   30.69   15.59    3.16 
1955 11	  40.97   23.46   11.70    4.48 
1955 12	   7.10   22.08    7.28    3.79 
1956 1	   7.77   21.32    6.62    4.11 
1956 2	  14.70   23.88   10.06    5.07 
1956 3	   3.03   28.06   12.89    4.73 
1956 4	  49.27   29.58   17.26    4.56 
1956 5	  35.47   33.99   20.97    4.29 
1956 6	  11.70   37.10   23.22    3.31 
1956 7	  58.60   38.08   23.47    3.75 
1956 8	  52.58   38.07   23.74    3.30 
1956 9	  27.40   35.53   21.52    2.35 
1956 10	  45.60   32.69   18.51    2.62 
1956 11	   2.03   23.12    9.93    4.17 
1956 12	  12.35   22.40    8.07    4.35 
1957 1	   5.03   20.47    8.80    4.99 
1957 2	  28.78   25.51   13.91    3.87 
1957 3	  44.08   27.06   13.47    4.26 
1957 4	  74.18   28.25   16.60    5.10 
1957 5	  79.15   32.49   20.51    4.53 
1957 6	  21.78   35.92   23.32    3.54 
1957 7	   0.00   39.28   24.12    3.88 
1957 8	   1.58   38.82   24.19    3.01 
1957 9	 107.40   34.16   21.42    2.54 
1957 10	  33.98   28.32   16.19    3.72 
1957 11	  63.77   21.28   10.13    4.67 
1957 12	  43.12   22.06    8.12    4.49 
1958 1	 119.10   17.85    5.51    4.57 
1958 2	 106.10   18.36    7.32    4.83 
1958 3	  13.83   21.51    9.90    4.84 
1958 4	   6.28   29.52   15.88    4.60 
1958 5	  68.72   32.51   19.14    3.20 
1958 6	  19.52   36.25   23.41    4.02 
1958 7	  36.28   37.85   23.91    3.90 
1958 8	  10.32   38.77   23.98    3.55 
1958 9	 192.38   33.03   22.89    2.71 
1958 10	 214.18   25.11   16.90    3.54 
1958 11	  18.33   23.30   12.33    3.62 
1958 12	  16.95   18.23    6.39    4.28 
1959 1	  16.60   17.78    5.51    4.80 
1959 2	  73.53   18.45    9.21    4.46 
1959 3	   0.00   24.62   10.58    4.75 
1959 4	  33.78   27.83   14.94    4.57 
1959 5	  48.73   35.46   20.91    4.36 
1959 6	  49.35   37.10   22.61    3.39 
1959 7	  18.77   37.99   23.39    3.17 
1959 8	  37.85   37.67   23.85    3.07 
1959 9	 114.30   36.64   22.65    3.43 
1959 10	  59.15   30.34   17.76    3.52 
1959 11	  57.10   22.37    7.88    4.15 
1959 12	  12.52   21.80    7.85    4.29 
1960 1	  25.88   17.96    7.15    4.79 
1960 2	  29.75   20.72    5.68    5.08 
1960 3	  18.18   22.82    9.82    4.74 
1960 4	  45.60   31.39   16.88    4.99 
1960 5	  39.62   33.55   19.61    4.67 
1960 6	  61.85   37.56   23.17    3.60 
1960 7	  48.00   38.32   24.20    3.17 
1960 8	  83.85   36.31   24.31    3.64 
1960 9	  52.15   34.40   20.23    2.34 
1960 10	 132.80   31.26   19.60    3.35 
1960 11	  79.65   23.56   13.17    3.59 
1960 12	 101.10   15.95    5.91    4.43 
1961 1	  43.07   16.05    4.94    4.41 
1961 2	  13.62   22.72    7.94    4.66 
1961 3	   0.00   28.62   13.31    4.61 
1961 4	  46.00   30.57   15.12    4.80 
1961 5	   3.52   35.30   20.81    4.60 
1961 6	 100.83   36.06   23.11    3.66 
1961 7	  45.55   36.50   23.05    3.82 
1961 8	  39.50   36.74   22.56    1.84 
1961 9	  35.48   34.43   21.92    4.01 
1961 10	   7.20   30.63   16.64    3.66 
1961 11	  50.00   22.16   10.54    4.21 
1961 12	   6.83   20.18    8.08    3.91 
1962 1	   4.90   16.94    2.89    4.89 
1962 2	   0.00   28.28   12.39    4.28 
1962 3	  12.02   25.77   10.69    4.72 
1962 4	  79.00   31.14   16.09    4.71 
1962 5	  27.83   34.75   20.63    5.07 
1962 6	  69.80   36.14   22.64    3.93 
1962 7	   0.73   39.06   24.04    3.80 
1962 8	  26.70   38.82   24.26    2.77 
1962 9	  70.65   35.61   22.54    2.48 
1962 10	  14.23   32.79   20.04    3.55 
1962 11	  41.45   25.33   11.84    3.66 
1962 12	  22.55   18.97    7.40    4.02 
1963 1	   7.80   17.12    2.97    4.42 
1963 2	  27.58   21.99    6.09    4.27 
1963 3	   1.00   28.56   14.04    4.70 
1963 4	  15.23   34.23   19.72    5.35 
1963 5	  61.75   33.67   21.14    4.06 
1963 6	  87.62   36.65   23.55    4.33 
1963 7	   9.88   37.46   23.93    3.86 
1963 8	   5.75   38.76   24.16    3.02 
1963 9	  48.95   35.13   21.80    2.13 
1963 10	  33.00   31.69   18.06    2.92 
1963 11	  41.20   25.89   12.63    4.52 
1963 12	  41.92   15.06    4.07    4.70 
1964 1	  18.17   19.79    5.55    4.19 
1964 2	  32.23   19.64    6.28    4.30 
1964 3	  44.05   26.23   11.98    4.74 
1964 4	   6.45   32.41   18.54    4.80 
1964 5	  58.60   33.73   21.46    3.84 
1964 6	  10.50   35.97   22.83    3.46 
1964 7	  23.17   37.59   24.22    3.35 
1964 8	 110.50   38.36   24.75    3.69 
1964 9	 174.85   33.88   22.62    2.53 
1964 10	  35.42   28.70   14.25    3.38 
1964 11	  18.75   25.84   13.55    4.23 
1964 12	   6.35   20.52    6.88    4.43 
1965 1	  16.45   22.84    8.50    4.10 
1965 2	  49.80   19.85    6.85    4.64 
1965 3	  20.35   23.09    9.74    5.08 
1965 4	   7.35   32.33   19.02    4.83 
1965 5	  80.75   32.93   21.95    5.00 
1965 6	   2.38   37.00   23.77    4.00 
1965 7	   2.95   38.06   23.55    3.24 
1965 8	  26.07   36.22   23.53    2.45 
1965 9	  65.35   35.15   22.08    3.08 
1965 10	  26.32   28.07   15.60    3.36 
1965 11	  38.83   26.82   14.58    2.66 
1965 12	  87.00   20.72   10.35    4.23 
1966 1	  31.90   15.14    3.98    4.63 
1966 2	  25.50   18.68    5.86    4.56 
1966 3	   4.97   24.67   11.79    4.10 
1966 4	  71.20   30.95   17.15    4.22 
1966 5	 187.40   30.38   19.14    3.81 
1966 6	  46.75   33.82   21.10    3.20 
1966 7	   1.02   37.18   23.29    3.13 
1966 8	  96.20   36.97   23.40    3.47 
1966 9	 100.93   34.51   21.04    2.17 
1966 10	  23.20   30.49   14.72    3.18 
1966 11	   0.00   27.17   11.92    3.69 
1966 12	   1.07   21.87    5.82    4.51 
1967 1	  14.43   20.09    6.20    4.75 
1967 2	  27.47   21.32    7.72    4.91 
1967 3	  18.83   29.26   14.83    4.55 
1967 4	  33.77   33.45   19.95    5.24 
1967 5	   9.43   34.99   20.31    4.70 
1967 6	  32.78   36.81   22.93    4.08 
1967 7	   5.70   38.07   23.66    3.87 
1967 8	 168.80   34.86   22.11    2.77 
1967 9	 282.70   30.20   19.45    2.67 
1967 10	  17.35   27.72   14.89    3.08 
1967 11	  49.30   23.34   11.85    3.28 
1967 12	  26.60   18.48    6.85    4.05 
1968 1	  38.20   16.91    6.64    4.76 
1968 2	  44.00   18.05    5.70    4.25 
1968 3	  29.38   22.77   10.05    5.28 
1968 4	  61.58   28.49   16.62    5.03 
1968 5	  27.10   31.98   20.63    4.46 
1968 6	  82.65   34.69   21.96    3.13 
1968 7	  52.98   34.50   22.33    3.18 
1968 8	  26.27   36.77   22.55    2.87 
1968 9	 133.75   31.81   19.96    2.77 
1968 10	  90.05   30.03   17.67    3.02 
1968 11	  28.25   24.30    9.77    4.33 
1968 12	   1.88   21.13    7.16    4.88 
1969 1	   6.22   21.25    7.82    4.52 
1969 2	  19.07   21.73    9.68    4.58 
1969 3	   2.35   23.20    8.87    4.97 
1969 4	  61.17   30.33   17.08    4.71 
1969 5	  36.78   32.46   19.39    3.39 
1969 6	  93.07   36.56   22.67    3.77 
1969 7	   9.80   38.85   24.43    3.55 
1969 8	 103.42   37.49   23.63    2.54 
1969 9	  39.30   34.19   21.29    2.26 
1969 10	  94.17   29.87   17.75    4.24 
1969 11	  56.40   22.92   10.07    4.52 
1969 12	  35.83   21.15    8.48    3.65 
1970 1	  45.88   15.21    4.37    4.45 
1970 2	  33.08   21.25    8.50    4.85 
1970 3	  12.07   23.81    9.82    4.69 
1970 4	  11.85   31.39   17.11    5.19 
1970 5	 121.43   30.75   17.34    4.33 
1970 6	  19.70   33.72   21.62    3.71 
1970 7	  24.17   35.95   22.61    2.57 
1970 8	  42.33   36.75   23.12    2.59 
1970 9	 116.65   33.05   21.34    3.24 
1970 10	   6.47   27.80   15.33    3.55 
1970 11	   0.47   25.20    8.74    4.42 
1970 12	   5.77   23.77   11.80    4.70 
1971 1	   0.90   24.30    8.92    4.87 
1971 2	  11.83   24.79    8.96    5.11 
1971 3	   0.03   29.50   11.96    4.89 
1971 4	   3.70   30.73   14.97    4.57 
1971 5	  12.30   34.57   20.35    4.69 
1971 6	 239.68   35.00   22.45    4.21 
1971 7	   4.75   35.65   22.41    3.21 
1971 8	 202.93   32.86   21.51    2.38 
1971 9	 294.65   31.67   20.88    2.82 
1971 10	 230.77   28.02   17.71    3.25 
1971 11	  10.18   24.60   11.63    3.60 
1971 12	  24.02   22.02    9.56    3.93 
1972 1	  29.98   21.96    6.68    4.54 
1972 2	  27.08   22.26    8.31    4.53 
1972 3	  11.23   28.54   13.62    3.80 
1972 4	  16.67   32.55   17.66    4.51 
1972 5	 233.80   29.98   18.52    3.55 
1972 6	  94.50   33.93   21.30    3.06 
1972 7	  21.93   35.13   20.49    2.73 
1972 8	  51.95   35.88   20.92    2.68 
1972 9	 121.40   35.08   20.55    2.19 
1972 10	  28.47   30.12   15.07    3.38 
1972 11	  57.30   21.90    6.09    4.22 
1972 12	  16.05   18.81    3.65    4.40 
1973 1	  50.92   17.06    1.42    5.05 
1973 2	  98.65   19.33    5.83    5.26 
1973 3	   1.65   28.95   13.88    4.17 
1973 4	  23.32   28.70   13.87    5.31 
1973 5	   8.20   34.60   17.56    4.55 
1973 6	 297.62   34.09   21.20    4.27 
1973 7	  38.55   35.38   22.75    3.69 
1973 8	  67.52   34.94   19.78    2.43 
1973 9	 157.53   33.53   19.75    2.90 
1973 10	  91.42   29.16   15.65    3.28 
1973 11	   7.03   27.65   13.17    3.83 
1973 12	   0.38   23.15    3.18    4.55 
1974 1	  21.95   20.06    5.61    3.92 
1974 2	   6.33   25.41    5.57    5.07 
1974 3	  71.15   29.58   14.38    5.29 
1974 4	  33.47   30.73   15.15    4.77 
1974 5	  47.12   34.37   20.47    4.12 
1974 6	  80.02   35.69   19.92    3.31 
1974 7	  15.25   37.00   21.36    3.16 
1974 8	 191.65   36.24   22.43    3.62 
1974 9	  67.08   30.89   17.76    3.36 
1974 10	  88.95   29.26   14.53    3.51 
1974 11	  38.10   23.46    9.05    3.84 
1974 12	  44.05   18.45    4.10    4.18 
1975 1	   7.95   22.56    5.68    4.20 
1975 2	   7.47   23.09    6.92    4.34 
1975 3	  13.05   29.19   12.17    4.94 
1975 4	  15.53   30.79   17.29    5.24 
1975 5	  90.25   33.63   21.19    4.44 
1975 6	  82.88   34.81   22.02    3.95 
1975 7	  84.70   34.44   20.77    3.01 
1975 8	  57.33   35.26   22.26    2.88 
1975 9	  93.55   32.33   19.30    2.33 
1975 10	  77.58   30.88   15.84    3.32 
1975 11	   0.00   26.51   10.41    3.84 
1975 12	   8.70   22.74    6.95    4.77 
1976 1	  14.87   20.63    4.07    4.47 
1976 2	   0.10   26.86   10.21    5.10 
1976 3	  19.35   26.94   13.57    4.99 
1976 4	  89.27   28.96   17.06    4.63 
1976 5	  73.78   30.66   18.20    3.80 
1976 6	  36.40   35.50   21.74    3.41 
1976 7	 212.68   32.29   21.90    3.29 
1976 8	  35.40   35.94   21.35    2.11 
1976 9	  49.83   34.07   21.00    2.60 
1976 10	 179.20   26.06   12.04    3.67 
1976 11	  85.47   19.76    7.07    4.59 
1976 12	  53.15   17.21    5.32    4.35 
1977 1	  30.37   15.54    3.40    4.27 
1977 2	  11.85   21.81    7.26    4.28 
1977 3	   0.67   25.38   11.83    4.56 
1977 4	  61.25   28.44   15.58    3.86 
1977 5	 136.50   30.23   20.76    4.64 
1977 6	  24.38   35.26   22.02    3.36 
1977 7	   3.25   37.24   23.00    3.50 
1977 8	  55.72   38.35   24.13    3.50 
1977 9	   9.20   36.85   22.99    3.10 
1977 10	  53.63   30.32   17.30    3.11 
1977 11	   4.03   26.89   10.46    3.55 
1977 12	  14.48   23.46    5.77    4.33 
1978 1	   6.25   15.80    2.35    4.96 
1978 2	  12.25   18.71    3.77    4.73 
1978 3	   0.28   28.11   10.44    4.12 
1978 4	   3.75   32.25   16.76    5.27 
1978 5	  53.90   35.67   21.06    4.39 
1978 6	  73.38   36.56   22.38    3.13 
1978 7	  26.10   38.66   24.05    3.74 
1978 8	  53.85   36.88   22.71    3.01 
1978 9	 151.18   31.97   21.81    2.98 
1978 10	  47.30   28.71   16.08    3.23 
1978 11	  11.23   23.57   13.38    4.21 
1978 12	  22.67   19.84    6.86    4.64 
1979 1	  19.35   14.92    3.78    5.29 
1979 2	  20.65   19.51    6.49    4.73 
1979 3	  31.80   25.77   13.13    5.06 
1979 4	  99.07   29.03   16.84    4.01 
1979 5	  32.08   32.03   18.66    4.51 
1979 6	 168.15   33.84   21.48    3.47 
1979 7	  19.80   37.31   24.11    3.37 
1979 8	  19.88   36.79   23.19    2.85 
1979 9	  20.22   33.62   18.91    3.09 
1979 10	   0.00   32.61   17.47    3.52 
1979 11	   2.62   23.63    8.98    4.76 
1979 12	  26.18   20.02    7.68    4.88 
1980 1	   9.18   20.51    7.26    4.37 
1980 2	  22.30   21.47    7.03    4.68 
1980 3	   2.03   26.48   12.32    4.76 
1980 4	   8.90   30.51   15.28    4.46 
1980 5	  69.93   33.95   20.98    4.67 
1980 6	   0.55   38.96   24.79    4.46 
1980 7	   9.30   39.71   24.54    3.72 
1980 8	 151.95   35.79   23.81    3.98 
1980 9	  49.05   35.09   23.20    2.88 
1980 10	  15.48   28.57   15.53    3.81 
1980 11	  74.62   21.83    8.53    4.19 
1980 12	   7.55   18.92    7.79    4.08 
1981 1	  45.80   17.78    6.43    4.24 
1981 2	  13.00   20.09    8.40    4.84 
1981 3	  59.05   23.92   11.10    4.52 
1981 4	 118.88   29.54   18.41    4.88 
1981 5	 163.97   31.47   19.91    4.72 
1981 6	 145.70   33.33   22.98    3.73 
1981 7	 118.32   35.40   23.06    4.02 
1981 8	  93.70   36.16   23.11    3.20 
1981 9	  55.08   32.97   20.79    3.31 
1981 10	 125.80   29.49   17.62    4.15 
1981 11	   0.00   26.43   10.79    3.76 
1981 12	   4.68   21.20    6.12    4.05 
1982 1	   0.80   21.09    5.68    4.99 
1982 2	  65.60   19.43    5.83    4.69 
1982 3	  10.05   26.28   13.22    5.34 
1982 4	  58.48   28.81   16.06    4.84 
1982 5	 100.10   30.55   19.58    5.06 
1982 6	  11.78   35.70   23.03    4.79 
1982 7	   0.62   38.27   23.72    4.50 
1982 8	  10.55   38.01   22.74    3.41 
1982 9	  25.83   35.41   21.60    2.90 
1982 10	  82.35   28.21   16.69    3.51 
1982 11	  39.58   23.13   11.29    4.24 
1982 12	  41.85   19.10    6.70    4.18 
1983 1	  16.67   17.85    5.06    3.66 
1983 2	  56.28   20.65    7.05    4.35 
1983 3	  10.32   25.38   10.80    4.27 
1983 4	   0.00   30.59   13.91    4.99 
1983 5	  41.10   33.50   20.52    4.53 
1983 6	  51.68   35.26   22.19    3.88 
1983 7	  39.18   36.22   23.46    3.29 
1983 8	  39.35   37.11   23.64    2.54 
1983 9	  66.90   33.90   21.39    3.32 
1983 10	  47.15   30.35   17.70    3.35 
1983 11	  17.83   26.75   12.15    4.04 
1983 12	   4.83   15.18    2.12    4.66 
1984 1	  38.37   14.80    5.36    4.87 
1984 2	   1.35   22.86    8.04    4.29 
1984 3	   1.43   28.39   12.92    4.90 
1984 4	   1.20   33.27   16.15    4.31 
1984 5	  99.15   34.48   19.63    4.30 
1984 6	   8.75   36.49   22.92    4.70 
1984 7	  25.38   37.05   22.96    3.37 
1984 8	   2.68   37.02   23.70    3.41 
1984 9	  48.42   32.41   20.46    3.61 
1984 10	  62.52   28.95   19.76    3.72 
1984 11	  14.80   24.05   10.84    4.18 
1984 12	  44.05   22.42   11.87    4.39 
1985 1	  54.55   14.79    3.10    4.54 
1985 2	  14.28   17.68    7.41    5.10 
1985 3	  50.17   25.64   14.56    4.71 
1985 4	  92.75   29.51   17.17    4.51 
1985 5	 114.53   32.65   20.34    4.05 
1985 6	 165.68   34.13   22.19    3.71 
1985 7	  49.85   36.21   22.45    3.56 
1985 8	  11.50   39.13   23.79    3.31 
1985 9	  62.23   35.63   21.97    3.31 
1985 10	 180.02   30.30   17.56    4.16 
1985 11	  77.57   25.50   14.33    4.32 
1985 12	   3.38   18.59    4.66    4.48 
1986 1	  28.10   20.97    5.30    4.19 
1986 2	  19.42   25.10    8.21    4.18 
1986 3	   2.25   28.56   11.61    4.09 
1986 4	  42.65   32.65   18.90    4.77 
1986 5	  73.05   32.86   20.08    4.52 
1986 6	  89.50   34.77   22.83    3.34 
1986 7	   2.33   38.67   23.66    4.06 
1986 8	   8.53   38.55   23.62    3.06 
1986 9	  18.40   36.53   23.74    3.48 
1986 10	 121.78   28.94   16.60    3.55 
1986 11	  29.55   22.65   10.93    4.10 
1986 12	  80.85   17.05    7.41    4.39 
1987 1	  17.23   19.19    5.08    4.16 
1987 2	  72.15   21.19    8.59    4.51 
1987 3	   9.20   23.78    9.11    4.35 
1987 4	  40.55   28.67   12.46    3.95 
1987 5	 116.38   32.06   20.10    4.39 
1987 6	  75.42   34.18   22.58    3.05 
1987 7	  39.02   36.40   23.66    3.50 
1987 8	  83.07   38.45   24.27    3.72 
1987 9	  21.30   34.18   21.60    3.41 
1987 10	   8.80   31.13   15.62    3.45 
1987 11	  20.27   24.84   10.50    4.18 
1987 12	  10.38   21.99    8.13    4.33 
1988 1	   9.05   16.77    3.70    4.95 
1988 2	  15.53   20.53    7.89    4.77 
1988 3	   5.45   27.34   11.34    4.96 
1988 4	   2.95   32.58   15.10    3.62 
1988 5	  22.35   34.54   20.28    4.23 
1988 6	  45.40   37.36   22.82    2.89 
1988 7	  58.87   36.86   24.15    3.45 
1988 8	  58.45   37.03   24.06    2.70 
1988 9	  81.20   33.79   21.36    3.38 
1988 10	  63.98   30.70   17.29    3.10 
1988 11	   0.00   25.99   12.06    4.48 
1988 12	   0.78   20.77    7.52    4.64 
1989 1	  28.25   20.52    9.46    4.31 
1989 2	   9.93   19.14    8.19    5.64 
1989 3	  19.20   27.94   11.04    4.79 
1989 4	  52.50   30.77   16.20    4.46 
1989 5	   1.38   36.80   22.87    5.15 
1989 6	  66.45   37.39   23.26    3.86 
1989 7	   9.98   38.73   23.50    3.42 
1989 8	  82.33   37.45   23.89    3.54 
1989 9	  50.53   34.52   19.86    3.37 
1989 10	  15.12   31.09   16.50    3.72 
1989 11	  16.45   25.22   12.79    4.06 
1989 12	  42.65   15.11    2.20    4.87 
1990 1	  27.90   21.97    9.45    4.69 
1990 2	  49.50   24.45   11.00    4.31 
1990 3	  43.98   25.05   13.39    5.59 
1990 4	  68.70   29.49   17.59    5.32 
1990 5	  22.27   34.55   21.83    5.26 
1990 6	   3.12   39.75   24.63    4.77 
1990 7	 121.65   36.55   23.22    3.78 
1990 8	  22.98   37.59   23.68    3.50 
1990 9	 122.67   33.26   21.59    2.66 
1990 10	  50.12   30.29   14.57    3.38 
1990 11	  65.95   25.61   12.61    4.41 
1990 12	   0.77   21.12    6.43    4.44 
1991 1	  20.95   17.83    5.69    4.36 
1991 2	  28.73   22.76    8.38    4.51 
1991 3	   3.65   29.98   12.74    4.79 
1991 4	  18.82   33.08   17.64    4.36 
1991 5	 128.05   34.90   20.51    4.43 
1991 6	  85.92   37.09   22.89    3.74 
1991 7	  26.57   37.49   23.28    3.56 
1991 8	  43.00   39.44   23.62    3.24 
1991 9	 105.43   32.64   19.98    2.66 
1991 10	   2.25   32.13   17.32    3.21 
1991 11	   0.85   22.87    9.71    5.01 
1991 12	  75.95   19.12   10.43    4.78 
1992 1	  94.95   15.60    6.76    4.29 
1992 2	  32.40   22.56    9.41    4.06 
1992 3	  42.45   26.56   12.58    4.55 
1992 4	  84.02   27.74   15.04    4.09 
1992 5	 110.38   31.19   18.39    3.79 
1992 6	  42.15   37.04   22.17    3.62 
1992 7	  48.32   38.35   23.86    4.61 
1992 8	  15.62   37.95   22.78    2.42 
1992 9	  26.58   35.93   21.75    3.20 
1992 10	  18.88   31.63   16.61    3.05 
1992 11	  27.17   22.84    9.77    4.20 
1992 12	  38.10   20.11    9.33    3.73 
1993 1	  19.08   19.35    7.54    3.77 
1993 2	  36.20   21.49    9.63    4.57 
1993 3	  57.05   26.17   11.37    3.88 
1993 4	  17.23   30.62   14.49    4.81 
1993 5	  70.45   32.71   18.88    3.81 
1993 6	  62.78   34.97   23.06    3.63 
1993 7	   0.00   38.36   23.97    4.59 
1993 8	   8.68   39.14   23.76    3.55 
1993 9	  31.90   35.37   21.01    2.94 
1993 10	  38.80   30.06   16.20    3.91 
1993 11	  10.30   23.12    9.40    4.11 
1993 12	   5.38   21.41    9.54    4.32 
1994 1	  24.20   20.47    6.97    4.89 
1994 2	  22.45   21.77    9.12    5.29 
1994 3	  68.05   27.02   12.93    4.30 
1994 4	  55.23   30.74   17.07    4.55 
1994 5	  52.70   33.18   20.28    4.11 
1994 6	  66.35   37.89   23.34    3.22 
1994 7	  53.70   39.70   24.06    4.24 
1994 8	  26.75   37.35   23.13    2.77 
1994 9	  72.78   33.89   19.80    2.11 
1994 10	  35.25   31.04   18.11    3.42 
1994 11	   2.40   27.23   14.23    4.23 
1994 12	  65.47   21.96   10.78    4.25 
1995 1	   3.88   20.14    7.15    4.80 
1995 2	  13.17   23.83    9.87    4.30 
1995 3	  29.33   24.98   12.01    4.24 
1995 4	   5.62   32.72   16.29    4.71 
1995 5	  54.07   36.15   21.89    4.92 
1995 6	 104.45   36.24   22.48    3.88 
1995 7	  66.78   37.96   24.03    3.34 
1995 8	 111.57   37.35   23.54    2.17 
1995 9	 109.60   35.00   21.54    2.52 
1995 10	  34.65   30.34   16.05    3.70 
1995 11	  80.53   23.71   11.26    3.66 
1995 12	   8.12   19.75    9.08    4.72 
1996 1	   0.00   22.11    4.53    4.95 
1996 2	   0.15   23.89    9.16    5.28 
1996 3	   2.20   24.69    9.19    4.93 
1996 4	  20.35   31.84   14.96    4.80 
1996 5	  40.45   36.92   22.57    5.62 
1996 6	  25.97   38.46   23.79    3.86 
1996 7	 135.70   38.75   24.22    4.08 
1996 8	 136.50   36.16   23.47    3.56 
1996 9	  82.40   34.30   21.74    2.95 
1996 10	  32.85   30.41   17.44    3.52 
1996 11	  22.67   25.69   12.24    4.11 
1996 12	   5.30   20.97    7.64    4.21 
1997 1	   1.83   17.24    5.35    4.78 
1997 2	  26.52   20.64    8.58    4.55 
1997 3	  86.33   26.17   13.76    3.85 
1997 4	  62.05   26.72   13.97    4.25 
1997 5	 107.90   32.27   19.10    3.44 
1997 6	 116.20   35.68   22.44    4.17 
1997 7	  23.60   39.16   24.03    3.64 
1997 8	   3.08   39.73   24.31    3.35 
1997 9	  33.65   36.84   22.27    2.22 
1997 10	  96.03   29.36   16.20    3.66 
1997 11	  40.65   21.86   10.51    3.63 
1997 12	   6.17   20.10    4.68    4.57 
1998 1	   4.93   23.79    9.14    4.20 
1998 2	  33.48   24.29    8.67    4.25 
1998 3	  33.75   25.91   11.93    5.30 
1998 4	   1.50   32.15   15.65    4.42 
1998 5	   0.00   38.39   21.71    4.48 
1998 6	   1.08   41.03   25.16    4.97 
1998 7	   7.60   41.11   25.05    3.82 
1998 8	  73.03   38.40   24.26    3.07 
1998 9	  85.53   34.55   23.39    2.58 
1998 10	  86.40   29.96   18.63    4.07 
1998 11	  38.60   24.51   14.53    3.73 
1998 12	   4.68   20.96    7.76    4.73 
1999 1	   3.10   23.69    7.32    4.99 
1999 2	   0.30   27.20   11.99    4.62 
1999 3	  72.60   28.23   14.47    4.93 
1999 4	  11.32   33.24   19.23    4.99 
1999 5	  69.23   35.45   21.01    4.32 
1999 6	  78.62   36.82   23.67    3.86 
1999 7	  33.88   38.00   23.60    3.33 
1999 8	 126.85   39.15   23.79    2.46 
1999 9	  21.52   34.66   21.08    2.68 
1999 10	  30.73   29.36   15.32    3.39 
1999 11	   1.83   26.86   12.54    3.35 
1999 12	   9.45   21.20    7.15    4.44 
2000 1	   7.27   23.22    9.12    4.40 
2000 2	  30.40   26.55   13.65    4.75 
2000 3	  73.20   28.97   16.68    4.37 
2000 4	  30.17   31.39   17.53    4.50 
2000 5	  53.75   35.36   22.24    4.88 
2000 6	  28.45   35.95   23.86    4.18 
2000 7	   8.07   39.43   24.10    3.80 
2000 8	  12.20   37.85   24.04    2.68 
2000 9	  27.62   36.59   21.38    2.80 
2000 10	  91.48   27.58   18.01    3.83 
2000 11	  77.97   21.72   11.11    4.08 
2000 12	  20.82   15.68    4.56    4.45 
2001 1	  24.35   18.04    6.97    4.62 
2001 2	  10.35   23.08   11.63    4.63 
2001 3	  39.55   22.59   10.66    3.95 
2001 4	   6.18   30.99   18.91    5.15 
2001 5	  21.70   34.86   20.79    4.01 
2001 6	  19.30   37.91   23.98    2.99 
2001 7	  21.12   38.46   24.61    3.53 
2001 8	 112.82   37.77   24.63    3.13 
2001 9	  67.45   33.71   21.23    3.07 
2001 10	   0.00   30.57   17.15    3.45 
2001 11	  88.88   25.27   14.04    3.63 
2001 12	  33.33   19.79    8.44    3.93 
2002 1	   0.05   21.92    8.81    4.52 
2002 2	   2.07   21.26    7.00    4.43 
2002 3	   0.75   26.15   12.32    5.05 
2002 4	   4.47   33.18   19.95    4.62 
2002 5	  48.10   35.05   21.96    4.90 
2002 6	  59.30   36.71   24.33    3.41 
2002 7	  95.33   34.98   24.28    3.57 
2002 8	  16.95   37.17   24.89    2.80 
2002 9	 172.13   32.45   21.40    2.87 
2002 10	  95.63   28.80   19.16    3.09 
2002 11	  29.85   22.17   10.00    3.86 
2002 12	   8.10   20.87    7.43    4.73 
2003 1	  14.62   17.93    6.52    4.02 
2003 2	  43.65   20.13    9.21    4.91 
2003 3	  20.95   24.97   12.66    3.77 
2003 4	  22.33   30.33   17.60    4.57 
2003 5	  15.18   36.09   22.96    4.25 
2003 6	 124.83   36.83   23.32    2.89 
2003 7	 125.05   35.03   24.05    3.37 
2003 8	  20.12   36.96   24.48    2.77 
2003 9	 111.40   31.60   21.70    2.37 
2003 10	 152.23   28.88   17.53    3.21 
2003 11	  17.35   24.42   13.10    4.12 
2003 12	   1.30   21.68    6.84    4.31 
2004 1	  30.25   19.34    9.38    4.91 
2004 2	  64.82   21.01    8.60    4.49 
2004 3	 102.52   26.27   15.94    4.24 
2004 4	  64.12   27.29   16.78    4.85 
2004 5	  23.75   32.00   20.11    4.75 
2004 6	  63.50   35.63   23.60    3.60 
2004 7	  24.68   35.91   23.70    3.35 
2004 8	  66.98   36.29   23.60    2.93 
2004 9	 120.28   32.61   21.47    1.97 
2004 10	  47.33   32.55   20.75    3.67 
2004 11	  60.30   24.15   12.24    4.07 
2004 12	   6.03   20.39    6.87    4.53 
2005 1	  37.00   20.93    9.77    4.60 
2005 2	  31.00   20.44   11.69    4.77 
2005 3	  40.83   26.78   12.52    3.98 
2005 4	   5.47   30.50   15.99    4.36 
2005 5	  34.90   33.28   20.23    4.39 
2005 6	   4.10   37.18   23.32    4.00 
2005 7	  89.33   37.36   24.18    3.32 
2005 8	   0.68   38.20   24.67    3.22 
2005 9	  21.20   37.57   23.65    2.63 
2005 10	 118.12   30.24   17.55    3.11 
2005 11	   6.20   27.78   11.97    4.09 
2005 12	   4.40   20.96    6.12    4.27 
2006 1	   0.50   24.81    7.54    4.26 
2006 2	   4.07   23.19    7.42    4.53 
2006 3	   5.15   29.39   15.56    4.81 
2006 4	   5.82   34.04   19.86    4.56 
2006 5	 125.55   35.80   21.09    4.48 
2006 6	  33.40   37.06   23.00    2.97 
2006 7	  40.73   36.29   23.87    3.42 
2006 8	   0.43   38.08   24.64    2.97 
2006 9	 136.25   33.35   21.90    2.72 
2006 10	  27.58   29.60   18.15    3.26 
2006 11	   0.05   26.32   13.06    3.78 
2006 12	 104.95   18.68    8.05    4.33 
2007 1	  85.30   15.45    6.01    4.75 
2007 2	   3.53   21.49    9.01    4.12 
2007 3	  28.12   26.46   15.41    4.70 
2007 4	  15.70   28.10   15.50    4.10 
2007 5	 106.95   31.50   20.13    4.01 
2007 6	 203.40   34.59   22.82    4.02 
2007 7	 223.25   32.52   22.76    3.46 
2007 8	  48.98   35.02   23.57    2.54 
2007 9	  75.85   33.70   22.14    1.93 
2007 10	   4.83   31.72   16.75    3.05 
2007 11	  12.90   25.25   12.55    3.62 
2007 12	   4.80   23.54    7.69    3.94 
2008 1	  15.15   19.61    5.99    4.91 
2008 2	   1.17   27.10   10.01    4.59 
2008 3	   4.33   28.77   11.96    5.09 
2008 4	  24.60   31.85   16.55    4.73 
2008 5	  79.22   34.89   21.02    4.34 
2008 6	   6.12   37.58   23.92    4.13 
2008 7	 121.38   34.02   22.78    3.58 
2008 8	 223.35   34.92   23.52    3.03 
2008 9	  86.55   31.89   20.28    2.62 
2008 10	  18.33   29.60   15.81    3.17 
2008 11	   5.30   25.37   11.13    3.30 
2008 12	  10.07   20.79    6.65    4.70 
2009 1	   1.20   22.36    6.83    4.06 
2009 2	   4.97   25.41    9.25    4.91 
2009 3	   5.12   27.56   12.75    4.89 
2009 4	  13.62   31.85   17.07    4.71 
2009 5	  79.47   34.89   21.11    4.18 
2009 6	   6.38   37.80   23.77    3.81 
2009 7	   3.03   39.74   25.12    4.02 
2009 8	  23.75   38.95   24.36    2.93 
2009 9	  67.03   32.48   21.48    2.28 
2009 10	  33.23   29.99   17.77    4.07 
2009 11	  39.62   25.36   10.75    3.98 
2009 12	  56.00   15.54    5.60    4.46 
2010 1	  61.48   18.34    5.78    4.98 
2010 2	  60.28   18.28    5.98    4.63 
2010 3	  11.10   25.56    9.86    4.30 
2010 4	 102.92   29.24   17.20    4.24 
2010 5	  99.53   33.79   21.08    4.17 
2010 6	  95.27   36.57   24.05    3.88 
2010 7	 101.70   34.33   24.42    3.21 
2010 8	  14.55   38.06   24.99    2.42 
2010 9	 158.55   33.43   22.76    2.57 
2010 10	   0.05   31.01   16.33    3.61 
2010 11	   2.90   26.22   11.09    4.60 
2010 12	   0.47   22.85    6.96    4.58 
