1949 1	  80.40   12.44    0.45    4.55 
1949 2	  47.32   18.25    5.39    3.97 
1949 3	  85.50   22.65    7.89    4.38 
1949 4	 127.28   24.17   11.41    4.03 
1949 5	  38.62   31.50   19.13    3.64 
1949 6	  93.13   33.94   21.36    2.99 
1949 7	  45.02   36.03   23.23    2.57 
1949 8	  21.70   35.28   21.12    2.43 
1949 9	  22.40   33.30   19.47    2.86 
1949 10	  85.70   27.48   14.48    3.98 
1949 11	   8.25   25.47    8.06    3.59 
1949 12	  63.37   18.30    5.74    4.93 
1950 1	  35.35   17.80    6.51    4.96 
1950 2	  87.93   18.74    6.75    3.67 
1950 3	   8.68   22.24    6.84    4.71 
1950 4	  89.83   25.45   12.17    4.42 
1950 5	 114.93   29.76   18.44    3.66 
1950 6	  65.62   32.33   21.09    3.25 
1950 7	  39.88   34.77   22.67    3.28 
1950 8	  46.30   35.99   21.77    2.59 
1950 9	  90.70   31.76   18.98    2.78 
1950 10	  40.45   31.09   15.30    3.47 
1950 11	  22.55   23.79    5.83    4.43 
1950 12	   1.50   18.90    2.56    3.96 
1951 1	  28.85   18.84    1.74    5.03 
1951 2	  63.25   18.68    4.83    4.97 
1951 3	  47.00   23.91    9.02    4.55 
1951 4	  69.00   26.37   11.98    4.37 
1951 5	 148.45   28.86   17.14    3.73 
1951 6	  72.27   32.95   21.74    4.13 
1951 7	   8.95   37.31   24.24    2.82 
1951 8	   0.28   38.79   24.66    2.67 
1951 9	 116.33   32.81   20.43    2.95 
1951 10	  40.97   28.37   14.54    3.35 
1951 11	  18.25   19.32    6.16    4.71 
1951 12	  12.82   18.36    4.08    4.91 
1952 1	  29.32   20.24    7.84    4.80 
1952 2	  61.67   20.15    6.79    4.72 
1952 3	  73.00   20.46    7.17    4.33 
1952 4	 127.03   23.67   10.73    3.97 
1952 5	 141.62   28.84   15.84    3.03 
1952 6	  45.63   33.65   21.67    3.08 
1952 7	  19.07   35.04   22.76    2.28 
1952 8	   0.08   38.13   23.81    3.12 
1952 9	  14.88   33.61   18.93    3.21 
1952 10	   0.00   27.16    9.84    3.22 
1952 11	 137.10   19.69    8.07    4.39 
1952 12	 110.62   14.63    3.18    3.82 
1953 1	  14.00   19.69    4.96    5.12 
1953 2	  49.15   17.31    4.30    4.12 
1953 3	  64.25   23.75   11.23    4.00 
1953 4	  65.70   25.10   11.15    3.88 
1953 5	 202.22   28.62   17.39    3.46 
1953 6	   6.88   35.48   22.59    2.81 
1953 7	  19.75   35.43   23.10    2.58 
1953 8	 111.00   35.25   22.39    2.18 
1953 9	  69.88   33.28   17.86    2.47 
1953 10	 198.97   28.24   14.52    3.14 
1953 11	  52.40   19.32    6.73    3.57 
1953 12	  64.78   14.54    2.48    4.37 
1954 1	  32.85   16.24    3.20    4.36 
1954 2	   7.10   22.78    5.55    4.11 
1954 3	  17.73   21.08    7.18    4.73 
1954 4	  62.30   28.25   15.74    4.30 
1954 5	  78.92   27.51   16.22    3.60 
1954 6	  10.45   34.89   21.60    3.36 
1954 7	  24.40   38.21   24.53    2.90 
1954 8	  14.15   37.38   23.65    3.22 
1954 9	  35.10   35.27   20.98    3.04 
1954 10	  31.08   28.79   15.74    3.52 
1954 11	  68.25   21.52    7.05    3.79 
1954 12	   8.03   19.58    4.28    4.07 
1955 1	  50.00   15.38    3.54    3.83 
1955 2	  82.05   16.87    4.68    4.93 
1955 3	  37.05   22.96    8.58    4.92 
1955 4	  88.12   27.81   14.60    4.05 
1955 5	 181.05   30.66   18.38    3.77 
1955 6	  80.25   31.45   19.19    2.87 
1955 7	  23.60   35.40   22.29    2.87 
1955 8	 120.67   34.36   21.92    2.17 
1955 9	  32.35   33.45   20.60    2.93 
1955 10	   7.30   29.42   12.90    3.60 
1955 11	  38.53   21.95    6.66    5.13 
1955 12	   4.20   17.03    3.50    4.33 
1956 1	  71.48   15.73    2.59    4.40 
1956 2	  43.70   17.55    4.74    4.39 
1956 3	  12.68   22.40    7.53    3.87 
1956 4	  27.75   25.80   12.45    4.15 
1956 5	  96.77   31.42   19.09    3.45 
1956 6	  12.35   34.84   21.54    3.00 
1956 7	  41.02   37.40   22.72    3.45 
1956 8	   8.85   37.15   22.88    3.03 
1956 9	   5.88   35.20   20.00    3.06 
1956 10	  24.85   30.75   15.73    2.96 
1956 11	  51.33   20.26    7.11    4.07 
1956 12	  49.50   19.53    5.00    4.04 
1957 1	  52.00   14.55    3.45    4.14 
1957 2	  46.12   19.52    9.46    3.57 
1957 3	 134.38   19.89    7.74    3.79 
1957 4	 213.92   23.25   12.24    4.46 
1957 5	 134.10   27.98   18.19    4.03 
1957 6	  66.30   32.14   21.63    2.99 
1957 7	  32.20   36.74   23.61    2.15 
1957 8	   0.10   36.89   23.01    2.94 
1957 9	 150.43   31.24   18.29    3.25 
1957 10	 239.97   23.59   12.25    3.82 
1957 11	 109.62   18.01    7.67    4.45 
1957 12	  17.83   19.33    5.88    4.39 
1958 1	  43.83   14.73    2.31    5.04 
1958 2	 158.15   13.38    2.85    4.92 
1958 3	  36.80   17.05    5.83    4.14 
1958 4	 103.30   23.96   12.39    3.71 
1958 5	  75.72   29.85   17.40    2.86 
1958 6	  96.35   33.88   22.14    3.11 
1958 7	  12.03   35.30   23.20    3.33 
1958 8	  91.90   36.17   22.50    2.54 
1958 9	 144.50   31.22   20.92    3.10 
1958 10	  43.20   24.64   14.59    4.11 
1958 11	  35.47   21.42    8.88    3.59 
1958 12	  27.15   15.01    1.82    4.04 
1959 1	  18.05   13.77    0.73    4.63 
1959 2	  75.43   15.03    5.05    4.44 
1959 3	  19.67   22.13    6.24    4.42 
1959 4	  86.40   23.37   12.00    4.34 
1959 5	  90.53   29.77   19.39    3.73 
1959 6	  98.43   33.06   21.50    3.03 
1959 7	  91.45   34.67   22.42    1.91 
1959 8	 103.67   34.38   22.41    2.42 
1959 9	  84.15   31.91   20.57    3.46 
1959 10	 232.25   26.48   14.17    3.49 
1959 11	  43.75   17.43    4.20    4.39 
1959 12	 108.57   17.27    5.70    4.39 
1960 1	  47.75   13.65    3.62    4.32 
1960 2	  73.10   13.97    1.69    4.94 
1960 3	  26.23   16.77    5.50    4.13 
1960 4	  56.90   27.16   14.73    4.49 
1960 5	  29.40   28.63   16.43    3.91 
1960 6	  99.48   34.65   21.62    3.23 
1960 7	  81.07   34.75   23.25    2.18 
1960 8	  54.45   34.35   22.79    2.68 
1960 9	  34.53   33.58   19.51    2.43 
1960 10	 164.90   27.97   15.82    2.96 
1960 11	  70.97   21.23    9.07    3.92 
1960 12	 143.52   12.81    2.88    4.09 
1961 1	 108.85   12.41    0.52    4.34 
1961 2	 105.62   18.30    5.35    4.22 
1961 3	  52.28   23.20    9.72    4.50 
1961 4	  18.43   25.97   11.18    4.52 
1961 5	  51.55   30.09   17.13    4.31 
1961 6	 158.78   32.00   20.31    3.06 
1961 7	 112.67   32.65   22.06    2.65 
1961 8	  13.60   34.50   21.23    2.05 
1961 9	 135.15   31.48   19.68    4.36 
1961 10	  46.50   26.25   13.89    3.70 
1961 11	  63.38   18.51    6.67    4.47 
1961 12	  37.60   15.80    3.60    3.86 
1962 1	  24.12   12.55   -1.34    4.83 
1962 2	  47.23   21.61    7.11    4.53 
1962 3	  22.38   19.83    6.48    4.34 
1962 4	 110.47   24.64   13.03    4.42 
1962 5	  65.28   30.58   18.55    4.57 
1962 6	 132.95   32.41   20.42    2.40 
1962 7	  17.27   35.95   23.01    2.45 
1962 8	  23.40   38.62   23.47    2.40 
1962 9	  53.98   33.17   20.16    2.62 
1962 10	  76.18   28.56   16.36    3.54 
1962 11	  78.22   20.17    8.30    4.35 
1962 12	  38.22   15.22    4.07    3.68 
1963 1	   6.85   10.60   -1.92    4.27 
1963 2	  34.67   17.67    1.51    4.83 
1963 3	  13.55   24.29    9.97    4.40 
1963 4	  63.12   28.12   15.64    5.07 
1963 5	  63.30   30.34   18.60    3.65 
1963 6	  77.93   34.99   22.04    2.90 
1963 7	  28.98   36.47   23.63    3.28 
1963 8	   4.65   37.50   23.72    2.42 
1963 9	  88.30   33.47   20.77    2.61 
1963 10	   5.17   31.29   15.84    2.37 
1963 11	  94.32   22.01    9.09    4.52 
1963 12	  40.15   11.44   -0.28    4.74 
1964 1	  82.97   15.41    1.30    4.22 
1964 2	  50.55   13.82    1.65    4.02 
1964 3	  66.93   21.06    7.10    4.28 
1964 4	  82.30   26.03   14.68    4.87 
1964 5	  60.75   29.85   18.69    3.70 
1964 6	 128.73   33.01   21.19    3.31 
1964 7	   4.15   36.86   23.02    2.73 
1964 8	  81.30   36.62   23.46    3.06 
1964 9	 196.40   31.53   20.08    2.75 
1964 10	  37.58   26.21   12.09    3.76 
1964 11	  85.92   22.46   10.03    3.95 
1964 12	  33.33   16.58    3.31    4.77 
1965 1	 109.72   16.80    4.19    4.23 
1965 2	 101.50   14.28    2.46    4.88 
1965 3	  61.17   16.34    4.22    4.70 
1965 4	  35.30   26.92   15.37    4.25 
1965 5	 325.62   27.61   18.67    4.49 
1965 6	  28.55   32.35   21.48    3.18 
1965 7	  13.50   35.93   23.04    2.31 
1965 8	  57.10   35.57   21.97    2.28 
1965 9	  77.80   32.52   20.54    3.55 
1965 10	  62.50   25.32   12.89    3.56 
1965 11	 110.18   23.27   12.20    3.50 
1965 12	  91.05   16.74    6.05    4.13 
1966 1	  49.53   11.21    1.10    4.72 
1966 2	  83.50   14.29    2.69    4.55 
1966 3	  19.27   20.71    8.16    4.15 
1966 4	 195.00   25.45   13.24    4.56 
1966 5	 121.85   27.96   17.57    3.39 
1966 6	  43.17   32.09   20.34    2.61 
1966 7	   8.18   35.51   23.34    2.45 
1966 8	 116.42   33.76   22.20    2.50 
1966 9	 154.98   30.67   19.10    2.01 
1966 10	  13.53   26.94   12.12    3.67 
1966 11	   0.25   23.77    9.55    4.08 
1966 12	  40.27   16.84    1.98    4.40 
1967 1	   3.80   16.32    2.56    4.54 
1967 2	  13.88   17.02    2.02    4.34 
1967 3	  28.27   25.71   11.02    4.44 
1967 4	  94.70   28.91   17.12    5.18 
1967 5	 122.37   29.22   16.89    4.59 
1967 6	   1.23   34.58   22.11    3.61 
1967 7	  21.20   36.12   22.51    3.48 
1967 8	  36.75   35.74   21.77    2.29 
1967 9	 120.38   29.58   18.51    3.40 
1967 10	 131.35   27.03   12.83    3.54 
1967 11	  96.30   19.92    8.94    3.74 
1967 12	  87.03   14.61    3.72    4.07 
1968 1	 175.85   12.10    3.43    4.60 
1968 2	  50.85   13.94    2.51    3.95 
1968 3	  67.57   19.00    7.45    4.61 
1968 4	  82.72   24.75   13.61    4.65 
1968 5	 225.83   28.70   17.55    3.97 
1968 6	 157.75   31.36   21.34    3.00 
1968 7	  94.33   33.00   21.83    2.60 
1968 8	   9.18   35.54   22.51    2.92 
1968 9	  72.68   31.03   17.89    3.13 
1968 10	  38.17   28.33   14.65    3.22 
1968 11	 139.78   20.16    6.51    4.39 
1968 12	  25.42   16.62    3.06    4.91 
1969 1	  34.55   16.84    4.89    4.65 
1969 2	  76.62   16.25    4.75    4.55 
1969 3	 108.93   16.51    5.27    4.44 
1969 4	 123.77   25.48   13.63    3.86 
1969 5	  52.98   28.57   16.58    2.90 
1969 6	  15.78   33.80   20.83    3.72 
1969 7	  10.22   38.02   23.95    2.89 
1969 8	  73.58   36.63   23.11    2.64 
1969 9	  18.13   32.66   19.82    2.76 
1969 10	 116.15   26.39   13.72    4.70 
1969 11	  63.58   20.26    6.93    3.76 
1969 12	  85.90   17.33    5.16    3.39 
1970 1	  64.70   11.51    0.27    4.18 
1970 2	  79.42   16.52    4.19    4.54 
1970 3	  98.80   17.81    6.63    4.26 
1970 4	  68.68   25.90   14.55    4.65 
1970 5	 103.68   28.22   16.23    3.97 
1970 6	   1.35   32.64   20.33    2.84 
1970 7	   5.30   35.84   22.36    2.38 
1970 8	  56.82   36.90   23.28    2.71 
1970 9	 149.08   31.26   20.56    3.61 
1970 10	  85.08   24.83   12.44    3.87 
1970 11	   0.85   20.85    5.81    4.66 
1970 12	  17.73   20.50    7.24    4.20 
1971 1	   1.10   19.37    3.71    4.75 
1971 2	  49.85   18.59    4.40    5.18 
1971 3	   6.27   23.21    7.35    4.49 
1971 4	  58.40   26.29   12.26    4.29 
1971 5	 161.67   29.66   17.23    4.15 
1971 6	   9.30   34.56   21.86    3.41 
1971 7	 137.25   36.44   22.90    2.96 
1971 8	 117.77   32.05   21.39    2.12 
1971 9	  61.08   31.20   20.29    3.27 
1971 10	 103.15   27.84   16.02    3.12 
1971 11	  84.37   21.44    8.48    3.94 
1971 12	  90.65   17.12    7.12    4.03 
1972 1	  36.83   15.47    2.83    4.83 
1972 2	   9.82   18.96    4.26    4.55 
1972 3	  12.35   25.54   10.58    4.34 
1972 4	  53.58   29.05   14.72    4.74 
1972 5	  79.25   29.05   16.95    2.59 
1972 6	  77.85   33.59   21.32    3.45 
1972 7	  77.48   33.52   21.70    3.28 
1972 8	  64.97   35.08   21.67    2.55 
1972 9	  53.60   34.21   21.53    2.43 
1972 10	 170.75   26.81   13.82    3.52 
1972 11	  53.62   16.01    5.47    4.58 
1972 12	  56.95   14.13    1.19    4.45 
1973 1	 113.75   11.73    0.99    5.25 
1973 2	  57.67   15.03    3.57    4.36 
1973 3	 102.15   23.16   10.12    4.20 
1973 4	  77.10   21.04   11.51    4.67 
1973 5	  95.45   29.05   15.86    4.41 
1973 6	 117.93   31.07   20.29    3.39 
1973 7	 115.05   34.55   22.56    2.70 
1973 8	   1.55   34.96   21.20    2.52 
1973 9	 166.28   31.71   20.04    2.78 
1973 10	 206.45   26.98   15.66    3.40 
1973 11	  39.95   23.46   11.48    4.45 
1973 12	  32.55   18.33    3.03    4.59 
1974 1	  65.25   13.43    2.06    3.92 
1974 2	  17.88   19.88    4.39    5.06 
1974 3	  28.37   24.40   12.22    5.22 
1974 4	  77.40   26.92   12.97    5.24 
1974 5	  35.65   30.72   18.96    4.13 
1974 6	  18.03   33.48   19.94    3.30 
1974 7	  34.68   36.58   22.16    2.34 
1974 8	 138.32   33.52   21.71    2.89 
1974 9	 164.28   26.63   16.71    4.09 
1974 10	 104.65   27.17   13.89    3.99 
1974 11	 123.83   18.78    7.45    4.15 
1974 12	  51.75   14.77    3.07    3.85 
1975 1	  42.80   17.00    4.93    4.36 
1975 2	  71.07   16.18    3.12    4.04 
1975 3	  39.28   20.58    7.27    4.91 
1975 4	  51.08   24.29   12.60    5.10 
1975 5	 201.98   28.47   17.45    3.76 
1975 6	 155.72   31.74   20.95    3.40 
1975 7	  57.72   33.87   21.98    2.33 
1975 8	 113.10   34.10   22.12    2.60 
1975 9	  97.35   30.23   17.76    2.94 
1975 10	  63.25   26.93   13.22    3.56 
1975 11	  19.65   22.19    7.68    4.06 
1975 12	  36.83   16.29    3.54    4.47 
1976 1	   2.07   16.51    0.54    4.65 
1976 2	  31.08   22.06    7.04    4.89 
1976 3	  94.25   22.57    9.48    4.99 
1976 4	 188.40   24.85   13.52    4.37 
1976 5	 128.95   26.51   15.01    3.19 
1976 6	  67.70   31.69   19.96    3.37 
1976 7	 149.25   31.79   21.93    2.45 
1976 8	  29.70   35.56   21.94    2.04 
1976 9	 175.65   30.74   19.11    2.42 
1976 10	 114.90   21.57    9.97    3.68 
1976 11	  67.53   15.85    4.53    4.32 
1976 12	  71.62   14.89    1.79    3.92 
1977 1	  52.47    9.36   -1.85    4.49 
1977 2	  86.62   18.32    4.11    4.45 
1977 3	  60.82   21.60    8.72    4.41 
1977 4	 170.12   24.92   12.70    3.80 
1977 5	  64.12   28.55   18.46    3.46 
1977 6	  53.40   33.46   21.97    3.20 
1977 7	   0.70   35.83   23.57    2.66 
1977 8	  49.28   35.53   24.03    2.99 
1977 9	  42.82   34.08   22.21    3.22 
1977 10	  50.85   27.64   14.75    3.14 
1977 11	  55.88   21.04    9.41    3.62 
1977 12	  13.40   17.12    3.75    5.04 
1978 1	  44.25    8.29   -1.53    5.45 
1978 2	  79.32    9.73   -0.03    4.73 
1978 3	  97.28   20.34    6.08    3.92 
1978 4	  48.95   26.66   13.90    4.43 
1978 5	  66.18   29.93   18.10    3.76 
1978 6	  86.88   33.45   21.70    2.69 
1978 7	  18.02   38.01   23.78    2.83 
1978 8	  40.85   35.81   22.98    2.75 
1978 9	  43.35   31.58   21.13    3.44 
1978 10	  50.97   28.66   13.95    3.09 
1978 11	 134.17   20.56    9.21    3.73 
1978 12	  58.90   14.88    1.84    4.68 
1979 1	  63.80    7.42   -1.62    5.22 
1979 2	  68.97   12.96    1.56    4.73 
1979 3	 124.88   21.02    8.60    4.52 
1979 4	 100.03   23.71   12.84    3.60 
1979 5	 248.23   26.19   15.12    3.94 
1979 6	 160.62   31.71   20.50    3.00 
1979 7	 111.57   33.45   22.95    2.84 
1979 8	  83.35   33.49   21.57    2.21 
1979 9	  65.45   30.83   17.92    3.39 
1979 10	  40.22   29.46   14.07    3.65 
1979 11	  18.88   18.99    5.33    4.74 
1979 12	  98.30   16.60    3.27    4.26 
1980 1	  31.45   14.35    3.59    3.79 
1980 2	  47.42   15.90    2.10    4.47 
1980 3	  57.78   20.71    5.48    4.22 
1980 4	  78.47   24.54   10.33    3.98 
1980 5	 164.05   28.46   17.24    3.22 
1980 6	  25.15   34.89   22.00    3.86 
1980 7	   0.17   37.96   23.17    2.35 
1980 8	   1.00   36.88   23.16    3.67 
1980 9	  77.95   33.37   21.10    2.78 
1980 10	  26.50   26.57   11.82    3.64 
1980 11	  75.68   20.14    6.72    4.04 
1980 12	  34.35   16.83    4.82    3.98 
1981 1	  29.40   15.00    2.28    3.89 
1981 2	  67.75   16.52    4.78    4.32 
1981 3	  66.88   19.78    8.48    4.11 
1981 4	  69.85   27.14   15.85    4.24 
1981 5	 108.60   28.60   16.39    4.06 
1981 6	 249.80   31.72   21.61    3.34 
1981 7	  55.25   34.88   23.12    2.71 
1981 8	  46.05   34.79   21.87    2.51 
1981 9	  70.50   31.39   18.14    2.93 
1981 10	 188.88   25.97   14.61    3.68 
1981 11	  20.50   22.20    8.61    3.62 
1981 12	  16.53   15.79    3.44    4.42 
1982 1	  23.70   15.62    0.80    5.17 
1982 2	  28.27   14.36    2.11    4.52 
1982 3	  52.27   21.31   11.01    5.21 
1982 4	  81.53   24.15   12.30    4.43 
1982 5	 133.62   28.76   17.69    4.02 
1982 6	  40.55   33.02   20.36    3.06 
1982 7	  11.05   36.48   23.02    3.14 
1982 8	  21.95   37.47   23.10    2.70 
1982 9	   8.03   34.29   18.35    3.34 
1982 10	  44.48   26.65   12.89    3.98 
1982 11	 101.48   19.56    8.41    3.98 
1982 12	  61.40   16.42    4.59    4.87 
1983 1	  45.02   13.29    1.54    3.88 
1983 2	  74.03   15.27    3.31    4.59 
1983 3	  98.22   19.46    6.62    4.32 
1983 4	   2.10   24.20    9.82    4.95 
1983 5	 197.60   28.58   15.58    3.82 
1983 6	  24.30   31.13   19.21    2.85 
1983 7	  30.98   34.52   21.81    3.02 
1983 8	 135.40   34.65   21.81    1.86 
1983 9	  68.68   31.86   17.90    3.28 
1983 10	  51.55   27.85   13.60    3.20 
1983 11	  57.20   22.81    8.53    4.29 
1983 12	  25.75    9.88   -2.02    5.00 
1984 1	  30.62   12.08   -0.63    4.49 
1984 2	  23.78   19.49    3.24    4.55 
1984 3	  74.10   22.51    8.46    4.42 
1984 4	  10.87   27.51   11.82    4.43 
1984 5	  37.05   31.25   17.07    4.39 
1984 6	 115.83   33.40   20.60    3.47 
1984 7	  45.10   35.60   21.90    2.60 
1984 8	  12.20   36.26   21.89    2.65 
1984 9	  58.78   30.78   17.84    4.18 
1984 10	 243.32   25.19   14.57    3.62 
1984 11	  63.83   19.60    7.37    4.39 
1984 12	 125.30   18.50    7.51    4.86 
1985 1	  33.32   11.50   -1.55    4.40 
1985 2	 113.47   13.41    2.26    4.68 
1985 3	 109.90   22.04   11.10    4.67 
1985 4	  53.73   26.18   14.33    4.49 
1985 5	  73.85   29.43   17.64    3.47 
1985 6	 134.05   32.50   20.47    3.52 
1985 7	  45.03   35.25   21.79    2.63 
1985 8	  17.40   37.62   23.14    2.50 
1985 9	 120.23   32.36   19.39    3.86 
1985 10	 135.58   25.30   15.55    4.74 
1985 11	 155.35   20.61   10.21    4.54 
1985 12	  64.93   14.25    0.74    4.08 
1986 1	  12.65   17.41    3.24    4.34 
1986 2	 146.95   19.20    6.36    4.41 
1986 3	  11.10   23.28    8.73    3.81 
1986 4	 118.10   26.07   15.08    4.35 
1986 5	 116.72   27.52   17.43    3.85 
1986 6	 129.02   31.91   21.80    2.28 
1986 7	   0.15   36.32   23.11    2.88 
1986 8	  42.58   35.07   22.55    2.44 
1986 9	 166.70   31.74   22.33    3.03 
1986 10	 148.50   24.66   14.12    3.46 
1986 11	  71.78   18.43    7.84    4.24 
1986 12	 131.50   13.02    4.49    4.07 
1987 1	  25.23   14.10    1.84    4.11 
1987 2	  94.07   16.49    6.13    4.67 
1987 3	  45.53   19.74    6.12    3.81 
1987 4	  32.22   26.13   10.37    3.00 
1987 5	  95.37   29.17   18.47    3.20 
1987 6	 160.75   31.29   21.13    3.11 
1987 7	  57.88   33.61   22.21    2.80 
1987 8	  26.05   35.99   23.51    2.86 
1987 9	  61.75   31.93   18.51    2.93 
1987 10	   4.53   26.89   11.76    3.59 
1987 11	 119.65   20.58    7.62    4.11 
1987 12	  81.10   15.82    3.90    4.24 
1988 1	   9.85   12.65   -0.05    4.76 
1988 2	  34.27   16.14    2.84    4.48 
1988 3	  73.57   21.28    7.11    4.55 
1988 4	  21.82   26.38   10.89    3.52 
1988 5	  64.90   28.90   15.92    3.39 
1988 6	  66.68   32.02   19.64    2.81 
1988 7	  81.85   34.77   22.26    2.86 
1988 8	  20.92   36.71   23.19    2.56 
1988 9	  68.00   33.46   19.67    3.56 
1988 10	  62.92   27.12   13.65    3.41 
1988 11	  28.72   23.24    8.27    4.69 
1988 12	  59.60   16.83    4.09    4.06 
1989 1	  77.50   16.25    4.54    4.19 
1989 2	  90.50   12.19    1.91    5.76 
1989 3	  71.62   20.13    7.12    4.90 
1989 4	  12.73   25.35   12.81    4.22 
1989 5	 145.17   29.64   18.48    4.36 
1989 6	 125.72   30.94   19.93    3.75 
1989 7	  65.98   34.36   21.58    2.67 
1989 8	  80.95   33.37   21.62    2.70 
1989 9	  14.40   31.07   16.92    3.47 
1989 10	  46.60   28.10   13.02    3.79 
1989 11	  20.10   21.61    8.03    4.30 
1989 12	   4.38   11.29   -2.83    4.68 
1990 1	  63.67   18.63    5.01    4.32 
1990 2	  78.47   19.31    5.99    4.87 
1990 3	 121.28   19.87    9.48    4.82 
1990 4	  94.65   24.64   12.62    4.52 
1990 5	  93.85   29.58   17.47    4.49 
1990 6	  10.45   35.64   22.37    3.59 
1990 7	  56.12   33.85   21.18    2.78 
1990 8	  10.27   35.87   22.01    2.59 
1990 9	 134.90   32.07   19.88    2.12 
1990 10	 105.67   26.50   11.36    3.56 
1990 11	  81.42   22.03    9.66    4.21 
1990 12	  33.10   15.23    1.97    4.36 
1991 1	 141.50   11.47    2.20    4.42 
1991 2	  70.62   18.57    6.15    4.11 
1991 3	  19.50   22.71    9.67    4.75 
1991 4	  57.55   25.69   14.54    4.35 
1991 5	 185.60   28.09   18.31    4.06 
1991 6	 108.65   31.45   19.89    2.93 
1991 7	  75.43   33.67   21.35    2.44 
1991 8	 107.95   34.01   21.51    2.19 
1991 9	 124.50   28.58   17.45    3.12 
1991 10	  90.53   26.53   12.19    3.42 
1991 11	  40.23   16.71    4.40    4.91 
1991 12	 213.30   14.23    4.54    4.65 
1992 1	  99.83   11.91    2.71    3.68 
1992 2	 153.90   16.94    5.62    4.12 
1992 3	 112.00   20.62    8.23    4.12 
1992 4	  25.47   22.60   10.94    3.34 
1992 5	 239.02   24.44   13.90    3.14 
1992 6	 145.27   28.42   17.82    2.51 
1992 7	  33.60   29.08   18.86    3.76 
1992 8	  39.63   34.19   20.24    2.48 
1992 9	  58.50   32.35   19.54    3.59 
1992 10	  21.22   28.72   13.12    3.45 
1992 11	 110.10   18.55    6.15    4.18 
1992 12	  84.55   16.30    5.64    3.85 
1993 1	  86.50   13.64    3.15    4.07 
1993 2	  72.68   16.85    5.32    4.45 
1993 3	 111.12   20.27    7.73    3.90 
1993 4	 103.60   23.63   11.33    4.63 
1993 5	 127.45   27.97   16.02    3.62 
1993 6	  84.28   31.88   21.67    4.03 
1993 7	   0.00   34.50   23.20    3.60 
1993 8	   0.82   36.53   23.59    2.70 
1993 9	 124.65   33.07   18.45    3.05 
1993 10	  95.20   25.47   13.06    3.98 
1993 11	  33.95   17.57    5.19    4.25 
1993 12	  35.40   16.28    5.13    4.46 
1994 1	  26.77   15.35    3.09    4.86 
1994 2	  87.85   17.39    3.93    4.41 
1994 3	  44.50   22.66    9.78    3.85 
1994 4	  56.70   26.06   12.93    4.27 
1994 5	 182.70   27.59   17.16    3.33 
1994 6	  36.88   33.75   22.09    2.94 
1994 7	   8.92   36.28   22.83    3.38 
1994 8	  47.90   35.00   22.00    2.24 
1994 9	  63.12   32.31   17.74    2.35 
1994 10	 125.70   26.81   15.00    3.72 
1994 11	  56.73   21.49   10.36    4.54 
1994 12	 111.07   16.32    5.70    3.98 
1995 1	  27.27   16.72    4.23    4.77 
1995 2	  18.40   19.23    6.09    3.86 
1995 3	  83.45   19.40    8.57    4.58 
1995 4	  83.20   24.17   11.80    4.52 
1995 5	 121.45   28.81   17.94    4.12 
1995 6	  36.83   31.45   19.53    2.96 
1995 7	  64.45   35.47   22.52    2.80 
1995 8	  35.60   35.11   22.69    2.09 
1995 9	  45.45   32.05   18.95    2.57 
1995 10	  19.33   28.71   11.77    4.26 
1995 11	  26.10   20.76    7.36    4.30 
1995 12	  33.67   16.66    4.69    4.65 
1996 1	   4.90   16.63   -0.05    4.99 
1996 2	   4.30   20.67    4.74    5.35 
1996 3	  34.35   19.28    4.41    4.77 
1996 4	  40.77   27.27   10.37    4.69 
1996 5	  72.38   32.50   20.61    4.74 
1996 6	  57.73   33.63   20.93    3.06 
1996 7	  28.85   36.66   23.78    3.01 
1996 8	 197.07   34.18   22.69    2.84 
1996 9	 162.20   30.59   18.28    2.28 
1996 10	  13.10   25.89   13.52    4.36 
1996 11	 106.47   19.90    8.07    4.65 
1996 12	  67.88   17.13    4.13    4.24 
1997 1	  64.85   13.71    2.14    5.05 
1997 2	 164.02   15.28    5.47    4.66 
1997 3	  77.12   21.44    9.15    3.80 
1997 4	 187.30   21.85   10.26    4.57 
1997 5	 139.50   27.28   15.56    3.32 
1997 6	 121.80   30.61   19.05    2.60 
1997 7	  23.52   35.18   22.98    2.00 
1997 8	  28.58   34.73   22.02    2.83 
1997 9	  22.90   33.51   19.92    2.60 
1997 10	  98.77   26.68   13.76    4.18 
1997 11	 122.37   17.92    6.27    4.10 
1997 12	 175.00   15.33    2.10    4.43 
1998 1	 115.80   17.13    4.89    4.31 
1998 2	 101.18   16.76    5.00    4.16 
1998 3	  60.53   19.27    7.34    4.98 
1998 4	  39.05   24.82   10.88    3.99 
1998 5	  14.70   31.97   18.25    3.73 
1998 6	  14.30   35.42   22.58    4.83 
1998 7	  39.70   37.86   24.27    3.31 
1998 8	  38.03   35.71   22.95    2.02 
1998 9	 185.75   32.79   21.08    3.82 
1998 10	 253.55   26.58   15.68    4.32 
1998 11	  93.03   20.70   11.35    3.89 
1998 12	  72.43   15.17    5.26    4.66 
1999 1	  39.48   17.85    3.88    5.22 
1999 2	   1.67   21.20    7.22    4.28 
1999 3	  71.72   20.29    7.96    4.44 
1999 4	  44.15   26.79   14.48    4.91 
1999 5	 127.25   28.68   17.08    3.36 
1999 6	  80.30   32.00   22.01    3.35 
1999 7	 139.05   33.74   22.01    2.36 
1999 8	   5.55   37.46   21.08    1.97 
1999 9	  12.62   33.56   18.76    3.15 
1999 10	  56.98   27.96   11.88    3.55 
1999 11	   4.65   24.21    8.31    3.45 
1999 12	  55.35   18.01    3.55    4.67 
2000 1	  74.32   17.44    4.09    4.92 
2000 2	  48.25   20.81    7.16    4.84 
2000 3	  64.82   23.08   10.19    3.98 
2000 4	  96.68   24.83   12.23    3.97 
2000 5	  89.25   29.73   19.15    4.17 
2000 6	 116.10   31.46   21.46    3.62 
2000 7	   6.80   36.55   22.81    2.61 
2000 8	   7.38   37.55   22.72    2.06 
2000 9	  69.00   34.30   18.90    3.43 
2000 10	 119.57   25.51   15.83    4.05 
2000 11	 233.50   17.03    6.63    4.43 
2000 12	  92.12   11.22    0.74    4.66 
2001 1	  98.98   12.89    1.86    4.23 
2001 2	  38.47   18.41    6.04    4.32 
2001 3	 111.05   16.15    6.36    3.69 
2001 4	  17.05   25.53   14.24    4.90 
2001 5	 132.72   29.22   17.89    3.59 
2001 6	  78.67   32.10   20.80    2.51 
2001 7	   6.18   34.99   22.89    2.44 
2001 8	 303.02   34.91   23.24    2.76 
2001 9	  56.38   29.80   18.20    3.33 
2001 10	  79.60   25.54   11.44    3.79 
2001 11	 139.70   21.32    9.74    3.46 
2001 12	 106.10   16.73    4.91    4.04 
2002 1	  25.98   16.55    2.87    4.11 
2002 2	  37.12   15.89    1.62    4.44 
2002 3	  48.70   18.66    5.87    4.91 
2002 4	  39.83   26.24   16.39    4.60 
2002 5	  77.12   29.98   17.63    4.62 
2002 6	  94.57   31.95   20.30    3.04 
2002 7	  78.02   31.86   21.64    2.90 
2002 8	  37.55   34.94   22.62    2.54 
2002 9	  41.42   32.85   19.44    3.81 
2002 10	 148.30   24.41   14.35    3.15 
2002 11	  53.43   19.29    6.02    4.14 
2002 12	 145.75   15.92    4.06    4.72 
2003 1	  19.48   14.09    1.81    4.23 
2003 2	 122.93   14.34    4.04    4.46 
2003 3	  37.90   19.33    7.05    3.26 
2003 4	   7.75   26.46   12.09    4.10 
2003 5	  27.78   30.31   18.42    3.95 
2003 6	 140.32   31.96   20.07    2.50 
2003 7	  53.88   34.91   22.82    2.57 
2003 8	  55.57   35.42   22.81    2.19 
2003 9	  53.00   30.42   18.26    2.81 
2003 10	 135.45   27.48   13.79    3.23 
2003 11	  36.90   21.90    9.84    4.47 
2003 12	  23.35   18.08    2.88    4.47 
2004 1	  75.73   16.05    4.18    4.63 
2004 2	 124.62   13.63    2.70    4.39 
2004 3	  41.95   23.30   11.64    3.96 
2004 4	 155.80   24.95   13.50    4.29 
2004 5	 174.07   27.79   17.74    4.17 
2004 6	 353.42   30.17   20.87    2.83 
2004 7	  25.38   33.10   21.43    2.15 
2004 8	  94.28   32.08   20.69    2.79 
2004 9	  18.55   31.22   18.29    2.63 
2004 10	 164.27   27.78   17.38    3.83 
2004 11	 208.77   20.20    8.82    4.13 
2004 12	  27.62   15.69    2.14    4.47 
2005 1	  82.97   16.43    4.76    4.44 
2005 2	  88.38   16.00    6.09    4.25 
2005 3	  68.78   19.90    7.32    3.76 
2005 4	  12.05   24.99   11.17    4.11 
2005 5	 151.43   27.81   16.13    3.28 
2005 6	   3.38   32.61   21.34    2.90 
2005 7	 118.80   34.07   22.14    2.54 
2005 8	 252.30   33.78   21.86    2.34 
2005 9	  29.55   34.26   19.98    3.09 
2005 10	  52.65   27.03   11.74    3.73 
2005 11	  28.60   24.00    8.31    4.28 
2005 12	   4.47   16.76    0.21    4.34 
2006 1	  55.45   20.79    3.33    4.63 
2006 2	  47.43   17.11    2.40    4.49 
2006 3	 109.50   22.38    9.81    4.75 
2006 4	  73.68   28.04   14.90    4.30 
2006 5	 138.35   29.62   16.98    3.57 
2006 6	  66.22   32.78   19.63    2.13 
2006 7	  16.98   34.49   22.13    2.25 
2006 8	   8.27   36.82   22.92    2.53 
2006 9	  84.75   32.26   17.46    2.84 
2006 10	  99.25   28.13   12.61    3.95 
2006 11	  16.35   22.57    7.53    4.12 
2006 12	  69.48   16.86    3.12    4.52 
2007 1	 212.57   11.99    0.25    4.64 
2007 2	   6.75   16.30    2.41    4.14 
2007 3	 197.52   22.78   10.71    4.17 
2007 4	  62.57   21.94   10.05    4.06 
2007 5	 342.20   26.99   17.24    3.70 
2007 6	 170.35   30.45   20.68    2.93 
2007 7	  84.78   30.58   21.68    2.73 
2007 8	  15.85   33.94   22.57    2.10 
2007 9	  53.55   31.71   19.77    2.32 
2007 10	  27.33   27.69   13.27    3.63 
2007 11	  45.17   21.77    9.10    3.70 
2007 12	  47.80   17.80    1.86    3.63 
2008 1	  25.58   14.34    0.82    4.84 
2008 2	  27.25   19.83    3.53    4.64 
2008 3	 113.52   21.29    7.74    5.16 
2008 4	  64.62   24.99   11.54    4.23 
2008 5	 102.45   28.62   17.34    4.33 
2008 6	   9.07   34.18   22.25    3.52 
2008 7	  21.92   35.49   21.76    2.90 
2008 8	 118.18   34.55   22.08    2.34 
2008 9	   9.20   30.80   17.53    3.71 
2008 10	  27.25   27.01   11.18    3.30 
2008 11	  15.82   22.34    7.10    3.55 
2008 12	  22.67   16.59    0.69    5.09 
2009 1	  19.00   16.24    0.05    4.21 
2009 2	  36.25   21.23    4.79    5.01 
2009 3	  99.25   21.54    8.27    4.46 
2009 4	 118.18   24.26   11.23    4.69 
2009 5	  67.72   29.00   17.69    3.50 
2009 6	   8.75   35.36   22.23    3.04 
2009 7	  55.17   36.46   23.89    2.60 
2009 8	  23.60   36.64   23.27    2.14 
2009 9	 240.02   29.22   19.37    2.43 
2009 10	 289.80   23.19   12.63    4.18 
2009 11	  49.65   21.25    9.04    3.68 
2009 12	  39.65   11.44    1.27    4.44 
2010 1	  82.18   12.95    1.39    4.48 
2010 2	  76.42   10.85    1.16    4.39 
2010 3	  90.38   19.18    5.99    3.80 
2010 4	  51.55   25.11   12.11    4.33 
2010 5	  48.25   30.97   17.88    3.47 
2010 6	  70.28   33.69   22.99    3.07 
2010 7	 122.90   33.96   23.65    2.89 
2010 8	   9.33   37.27   23.90    2.19 
2010 9	 177.25   32.00   20.01    3.17 
2010 10	  29.60   28.16   11.70    3.33 
2010 11	  16.60   21.84    7.86    4.70 
2010 12	  25.02   16.36    1.99    4.74 
