1949 1	 210.00   12.90    2.81    3.58 
1949 2	  70.55   17.29    5.99    3.45 
1949 3	  83.08   20.36    8.81    3.98 
1949 4	 127.75   23.52   12.29    3.56 
1949 5	  56.42   30.19   18.34    3.31 
1949 6	  37.47   32.55   21.47    2.48 
1949 7	 137.62   33.83   22.94    2.32 
1949 8	  83.75   32.78   20.52    2.21 
1949 9	  25.50   30.69   17.81    2.74 
1949 10	 224.85   24.95   14.44    3.63 
1949 11	  18.80   23.17    8.15    3.35 
1949 12	  59.85   17.25    5.79    4.40 
1950 1	 189.30   17.29    6.97    3.92 
1950 2	 130.55   18.89    7.33    3.08 
1950 3	  29.40   20.41    7.38    4.13 
1950 4	 123.62   24.19   11.46    3.85 
1950 5	 218.82   28.94   17.94    3.14 
1950 6	  18.70   31.32   20.97    2.76 
1950 7	 100.88   32.31   21.79    2.72 
1950 8	  46.50   33.36   21.43    2.05 
1950 9	  73.95   29.44   18.24    2.61 
1950 10	  26.07   28.65   14.99    3.04 
1950 11	  66.65   21.06    6.24    3.87 
1950 12	   4.57   15.86    2.61    3.48 
1951 1	 105.92   15.94    3.04    4.33 
1951 2	 121.00   16.17    4.43    3.96 
1951 3	  68.62   22.19    8.59    3.99 
1951 4	  65.65   25.07   11.48    4.04 
1951 5	  82.00   28.90   15.66    3.29 
1951 6	 155.43   31.89   21.05    3.33 
1951 7	  47.78   35.04   23.02    2.09 
1951 8	  15.70   38.47   24.13    2.12 
1951 9	 110.80   32.01   19.25    2.60 
1951 10	  58.92   27.08   13.90    3.02 
1951 11	  64.60   18.37    6.11    4.11 
1951 12	  26.30   17.31    5.04    4.51 
1952 1	  54.53   18.97    7.13    3.92 
1952 2	 110.25   18.15    7.51    4.17 
1952 3	  76.45   19.60    7.19    3.77 
1952 4	 204.90   23.17   10.86    3.37 
1952 5	 158.10   28.88   15.80    2.72 
1952 6	  22.40   33.68   21.74    2.55 
1952 7	  69.43   34.50   22.16    2.02 
1952 8	   0.00   37.30   23.38    2.82 
1952 9	   8.78   33.09   17.87    3.04 
1952 10	   5.25   26.40    8.21    3.10 
1952 11	 195.80   18.24    7.47    3.83 
1952 12	 142.77   13.66    3.59    3.30 
1953 1	  22.80   17.08    4.60    4.48 
1953 2	  67.40   16.13    4.24    3.53 
1953 3	 135.75   22.59   11.14    3.39 
1953 4	 105.35   23.48   10.41    3.51 
1953 5	 218.60   27.46   17.33    2.93 
1953 6	  45.58   35.54   22.69    2.42 
1953 7	 201.50   32.89   22.41    2.21 
1953 8	 101.53   33.26   21.79    1.90 
1953 9	  73.92   33.00   17.56    2.33 
1953 10	  45.33   28.16   12.90    2.66 
1953 11	  75.47   18.15    5.51    3.47 
1953 12	 143.93   12.91    1.62    3.73 
1954 1	  80.23   14.36    2.20    3.69 
1954 2	  24.50   20.11    5.19    3.81 
1954 3	  19.17   18.61    6.05    3.98 
1954 4	  92.77   26.16   14.42    3.35 
1954 5	 116.70   25.54   14.43    2.98 
1954 6	  38.55   33.69   20.84    2.60 
1954 7	   0.23   38.19   24.51    2.82 
1954 8	   0.10   38.65   23.49    2.66 
1954 9	  38.60   35.75   19.67    2.69 
1954 10	 191.03   27.02   15.49    3.17 
1954 11	 108.72   19.33    6.12    3.50 
1954 12	  66.55   15.85    2.89    3.57 
1955 1	  58.40   12.46    2.35    3.01 
1955 2	  90.05   14.52    2.78    4.18 
1955 3	 110.05   21.18    7.98    4.20 
1955 4	 120.47   25.47   14.14    3.55 
1955 5	  96.58   29.56   18.18    3.10 
1955 6	  54.52   31.07   18.90    2.39 
1955 7	 151.98   33.94   22.25    2.31 
1955 8	 216.35   32.37   21.61    2.00 
1955 9	  34.30   31.36   19.63    2.34 
1955 10	  21.23   26.53   11.50    3.21 
1955 11	  17.77   19.91    4.93    4.44 
1955 12	  27.43   15.06    2.43    3.97 
1956 1	  72.18   14.00    1.13    3.89 
1956 2	 116.55   16.34    4.28    3.62 
1956 3	  25.45   19.95    6.73    3.44 
1956 4	  39.78   24.01   11.46    3.74 
1956 5	  79.17   30.48   18.60    2.94 
1956 6	  64.08   33.00   20.51    2.64 
1956 7	   8.05   36.75   23.04    3.07 
1956 8	  73.65   36.54   22.18    2.62 
1956 9	   0.72   33.20   17.29    2.94 
1956 10	  41.05   28.31   13.73    2.68 
1956 11	  92.90   18.54    5.15    3.63 
1956 12	  45.67   17.56    4.65    3.38 
1957 1	  74.57   12.84    2.35    3.50 
1957 2	 121.83   17.88    8.53    3.13 
1957 3	 105.83   17.67    6.53    3.31 
1957 4	 300.78   22.19   12.24    4.07 
1957 5	 189.90   28.00   17.52    3.47 
1957 6	 136.23   30.68   21.20    2.87 
1957 7	  30.45   35.19   22.98    1.82 
1957 8	  55.95   33.28   21.69    2.61 
1957 9	 119.53   29.61   17.58    2.99 
1957 10	 223.07   22.98   10.91    3.72 
1957 11	 139.57   17.20    6.98    4.01 
1957 12	  46.30   17.45    5.17    3.72 
1958 1	  73.15   12.43    0.94    4.51 
1958 2	  36.30   11.99    0.98    4.52 
1958 3	  84.60   15.61    5.29    3.72 
1958 4	 252.80   22.34   11.67    3.50 
1958 5	  39.48   28.23   16.69    2.69 
1958 6	 120.25   32.35   21.20    2.59 
1958 7	 127.20   33.60   22.61    2.97 
1958 8	  51.22   33.62   22.11    2.11 
1958 9	 184.88   29.69   20.35    3.00 
1958 10	  57.15   23.89   13.20    3.79 
1958 11	 124.35   21.05    7.31    3.32 
1958 12	  18.40   13.50    0.48    3.67 
1959 1	   8.95   11.87   -0.56    4.01 
1959 2	 104.20   14.71    3.85    3.98 
1959 3	  72.18   19.81    5.17    3.99 
1959 4	 171.02   21.77   10.82    3.79 
1959 5	 154.55   28.61   18.49    3.26 
1959 6	 127.52   30.84   20.66    2.71 
1959 7	 135.93   32.35   21.59    1.71 
1959 8	  74.52   32.91   21.75    2.22 
1959 9	  60.80   30.74   19.39    3.14 
1959 10	  72.90   25.77   12.33    3.30 
1959 11	  19.78   16.92    3.37    4.05 
1959 12	 163.35   16.09    4.18    4.07 
1960 1	 116.03   11.83    2.18    3.82 
1960 2	  89.25   11.97    0.12    4.33 
1960 3	  63.20   14.28    3.93    3.65 
1960 4	  36.05   26.08   13.29    3.84 
1960 5	  76.45   27.60   15.21    3.63 
1960 6	 150.68   32.53   20.41    2.79 
1960 7	  75.35   33.30   22.13    1.98 
1960 8	 116.57   33.08   21.64    2.37 
1960 9	 127.53   31.55   18.00    2.20 
1960 10	  89.95   26.52   14.43    2.70 
1960 11	  60.43   19.83    7.55    3.65 
1960 12	 236.48   11.36    1.81    3.80 
1961 1	 111.23   11.53   -0.79    3.94 
1961 2	  99.32   15.85    5.17    3.62 
1961 3	 136.17   21.17    9.24    4.01 
1961 4	  31.95   23.01   10.48    4.13 
1961 5	  80.53   27.86   15.98    3.70 
1961 6	 186.05   29.62   19.65    2.73 
1961 7	 135.32   32.15   21.98    2.20 
1961 8	  59.92   32.54   19.95    1.90 
1961 9	  95.37   30.15   18.64    4.16 
1961 10	  33.50   25.33   12.55    3.34 
1961 11	 139.68   17.91    6.40    4.23 
1961 12	 138.33   13.35    2.33    3.53 
1962 1	  71.95   10.69   -2.23    4.26 
1962 2	  82.75   20.19    6.43    4.01 
1962 3	  57.08   17.35    5.09    3.90 
1962 4	 119.85   22.50   11.34    3.73 
1962 5	  26.18   29.92   17.76    3.84 
1962 6	  73.28   31.24   19.79    2.13 
1962 7	 112.88   34.13   22.07    2.13 
1962 8	  41.08   35.48   21.62    2.20 
1962 9	 108.10   30.73   18.60    2.33 
1962 10	  63.70   26.89   15.46    3.06 
1962 11	 103.57   18.20    6.30    4.01 
1962 12	  41.08   13.80    2.47    3.45 
1963 1	  33.87    8.88   -3.08    3.89 
1963 2	  42.92   14.68   -0.05    4.35 
1963 3	  49.98   22.91    8.39    3.89 
1963 4	 293.45   26.49   14.46    4.32 
1963 5	  32.72   28.78   17.33    3.14 
1963 6	  89.05   33.19   21.16    2.52 
1963 7	  87.00   35.05   22.81    2.86 
1963 8	   4.20   36.40   22.61    2.02 
1963 9	  29.10   31.72   19.03    2.70 
1963 10	  20.30   30.87   14.17    1.80 
1963 11	  93.90   21.50    7.15    4.15 
1963 12	  60.20   10.00   -1.53    4.39 
1964 1	  54.23   14.03    0.34    3.80 
1964 2	  75.00   12.69    0.85    3.68 
1964 3	  80.08   19.31    5.91    3.83 
1964 4	  77.85   25.98   13.87    4.31 
1964 5	  71.57   28.87   17.59    2.99 
1964 6	  77.03   31.61   20.48    2.88 
1964 7	   9.85   36.51   21.72    2.53 
1964 8	  54.47   34.66   22.45    2.56 
1964 9	 127.38   30.75   18.91    2.44 
1964 10	   7.30   24.64   10.40    3.66 
1964 11	  85.50   21.36    8.75    3.44 
1964 12	  22.90   14.73    2.79    4.24 
1965 1	 100.22   15.65    2.44    3.78 
1965 2	 170.20   13.95    1.74    4.53 
1965 3	  51.35   14.99    3.46    4.03 
1965 4	  44.42   26.69   14.84    3.63 
1965 5	 281.93   27.46   18.08    3.93 
1965 6	  45.28   31.13   20.53    2.83 
1965 7	  14.90   35.19   21.54    2.11 
1965 8	 121.23   34.86   20.20    2.00 
1965 9	 100.90   30.92   18.70    3.56 
1965 10	  26.70   25.03   10.61    3.42 
1965 11	  34.17   22.90    9.66    3.32 
1965 12	  72.35   15.95    3.38    3.70 
1966 1	  68.03   10.12   -0.39    4.32 
1966 2	 100.80   13.06    0.83    3.92 
1966 3	  27.97   19.76    6.03    3.70 
1966 4	 338.32   24.72   11.38    4.10 
1966 5	  81.95   26.95   15.57    3.17 
1966 6	  63.03   31.27   18.39    2.45 
1966 7	  80.67   34.84   22.55    2.00 
1966 8	 178.80   32.04   20.22    2.12 
1966 9	 141.40   28.52   16.23    2.04 
1966 10	  51.35   24.50    7.96    3.50 
1966 11	  31.60   22.21    7.00    3.52 
1966 12	  80.68   13.69    0.15    3.84 
1967 1	  24.00   14.38   -0.03    3.83 
1967 2	  31.92   14.30   -0.70    3.59 
1967 3	  41.97   23.84    7.35    3.91 
1967 4	 149.38   26.39   14.78    4.34 
1967 5	 217.12   27.46   13.87    4.08 
1967 6	  54.68   32.16   19.88    3.09 
1967 7	  63.75   32.77   19.92    3.01 
1967 8	  78.88   33.97   18.61    2.06 
1967 9	 153.28   28.31   15.36    3.10 
1967 10	 175.50   26.07    8.56    3.25 
1967 11	  44.88   19.67    3.30    3.37 
1967 12	 171.38   14.02    0.04    3.67 
1968 1	  95.75   10.64    1.46    4.14 
1968 2	  69.85   12.67   -1.66    3.66 
1968 3	  96.10   18.13    4.56    3.89 
1968 4	 135.02   23.76   10.69    4.02 
1968 5	 296.42   27.12   14.38    3.42 
1968 6	 111.82   30.63   18.71    2.56 
1968 7	 108.23   31.80   19.34    2.20 
1968 8	  28.75   33.72   20.11    2.33 
1968 9	 158.73   29.20   14.56    2.79 
1968 10	  56.22   25.61   10.51    2.81 
1968 11	 158.28   18.54    4.64    4.01 
1968 12	  41.08   14.96    0.39    4.24 
1969 1	  74.80   14.88    3.14    4.17 
1969 2	  83.45   15.24    2.81    4.04 
1969 3	 181.02   15.66    2.93    4.08 
1969 4	  99.65   24.56   11.94    3.38 
1969 5	 175.05   28.38   14.91    2.42 
1969 6	  33.70   32.65   19.48    3.18 
1969 7	   5.27   37.08   22.34    2.37 
1969 8	  20.02   35.54   20.84    2.29 
1969 9	  41.58   31.56   16.94    2.47 
1969 10	 147.38   25.79   11.80    4.16 
1969 11	 119.80   19.66    4.04    3.33 
1969 12	 140.02   15.36    1.90    3.23 
1970 1	  39.92   10.94   -1.66    3.77 
1970 2	 151.13   15.61    2.19    3.77 
1970 3	  92.15   17.40    5.42    3.86 
1970 4	  95.12   25.26   12.56    4.02 
1970 5	  62.40   28.29   14.76    3.34 
1970 6	  94.10   31.82   19.25    2.57 
1970 7	  28.58   33.71   20.34    2.24 
1970 8	  23.73   35.54   21.17    2.37 
1970 9	  88.60   31.29   19.58    3.16 
1970 10	 201.80   23.93   10.83    3.44 
1970 11	  54.43   18.98    4.18    4.16 
1970 12	  28.95   18.39    5.20    3.51 
1971 1	   7.90   17.24    2.07    4.08 
1971 2	  79.30   16.76    2.49    4.48 
1971 3	  30.40   20.56    4.91    3.91 
1971 4	  42.30   24.89    9.75    3.68 
1971 5	  53.93   27.70   14.81    3.28 
1971 6	  16.85   34.79   20.38    2.96 
1971 7	 156.97   35.18   21.96    2.61 
1971 8	  42.60   31.77   19.59    1.76 
1971 9	 101.35   31.13   18.55    2.92 
1971 10	 119.85   26.84   13.66    2.58 
1971 11	 106.30   20.15    5.58    3.68 
1971 12	 203.23   17.47    6.72    3.59 
1972 1	 116.00   15.01    1.32    4.26 
1972 2	   9.43   17.63    2.62    3.99 
1972 3	  50.45   23.20    8.30    3.78 
1972 4	  43.25   26.10   12.25    4.28 
1972 5	  80.95   28.89   14.19    2.12 
1972 6	  85.70   32.38   19.38    3.07 
1972 7	  30.23   32.90   20.19    2.90 
1972 8	  25.15   35.00   20.63    2.23 
1972 9	 149.38   32.76   20.35    2.14 
1972 10	 148.32   24.64   12.18    3.22 
1972 11	 108.27   14.81    3.68    4.23 
1972 12	  77.85   12.80    0.13    3.75 
1973 1	 122.85   11.15   -0.45    4.53 
1973 2	  43.05   14.69    2.04    3.77 
1973 3	 205.90   21.54    9.43    4.10 
1973 4	 218.35   21.02    9.99    4.19 
1973 5	  62.53   27.44   14.15    3.87 
1973 6	 215.05   30.56   19.19    3.00 
1973 7	  54.32   33.28   21.60    2.19 
1973 8	  34.28   33.47   18.90    2.17 
1973 9	 200.77   29.76   19.01    2.81 
1973 10	 204.02   26.44   13.03    2.95 
1973 11	  85.70   21.86    8.67    3.96 
1973 12	  68.32   16.05   -0.06    4.09 
1974 1	  90.93   11.20    0.91    3.42 
1974 2	  36.23   17.77    1.79    4.42 
1974 3	  53.95   23.14    9.94    4.46 
1974 4	 177.05   25.38    9.86    4.62 
1974 5	  84.90   29.06   18.21    3.67 
1974 6	 120.20   30.21   17.82    2.96 
1974 7	  28.65   34.50   20.57    1.90 
1974 8	 141.05   33.00   20.18    2.35 
1974 9	 164.00   25.07   15.05    3.73 
1974 10	  82.45   25.72   10.76    3.65 
1974 11	 164.45   18.13    5.28    3.92 
1974 12	  75.60   13.80    0.74    3.48 
1975 1	  40.40   15.42    2.26    3.81 
1975 2	 111.47   14.68    1.38    3.41 
1975 3	  80.15   17.80    5.00    4.41 
1975 4	 136.05   23.17   10.69    4.60 
1975 5	 138.67   27.87   16.36    3.22 
1975 6	 119.00   31.03   19.30    2.97 
1975 7	  42.37   33.29   20.59    2.03 
1975 8	  72.17   34.13   20.36    2.11 
1975 9	  58.85   29.45   14.78    2.73 
1975 10	  39.00   27.02    9.27    3.11 
1975 11	  58.40   20.52    4.61    3.58 
1975 12	  49.38   14.35    0.64    3.67 
1976 1	  55.92   14.48   -2.13    4.20 
1976 2	  58.05   20.22    5.42    3.92 
1976 3	 143.65   20.61    7.22    4.37 
1976 4	 125.92   24.50   10.77    3.72 
1976 5	 152.73   25.49   12.68    3.01 
1976 6	 144.07   30.41   17.69    2.77 
1976 7	  62.02   31.48   20.11    1.70 
1976 8	  35.03   33.58   18.25    1.81 
1976 9	 103.67   28.95   15.86    2.26 
1976 10	  92.80   21.02    7.00    3.53 
1976 11	  20.77   15.37    1.38    3.80 
1976 12	 109.82   14.70   -1.71    3.60 
1977 1	  65.35    7.62   -5.12    4.02 
1977 2	  81.88   16.71    1.08    4.12 
1977 3	 146.00   20.91    6.70    4.03 
1977 4	 176.15   24.79   10.85    3.40 
1977 5	  12.12   29.25   16.78    3.06 
1977 6	  79.97   32.91   20.14    2.86 
1977 7	  35.95   36.12   21.79    2.13 
1977 8	  69.80   34.15   21.59    2.65 
1977 9	  43.42   32.52   19.50    3.07 
1977 10	  74.68   26.95   10.59    3.01 
1977 11	 129.10   20.27    7.68    3.24 
1977 12	  18.48   15.30    0.60    4.55 
1978 1	  92.43    6.09   -4.50    4.93 
1978 2	  26.70    8.36   -2.40    4.48 
1978 3	  75.90   18.45    3.58    3.51 
1978 4	  24.00   25.59   11.74    3.88 
1978 5	  75.90   28.55   15.19    3.23 
1978 6	  18.55   33.57   19.04    2.24 
1978 7	  68.95   37.25   21.89    2.28 
1978 8	   9.97   34.67   20.82    2.32 
1978 9	  41.88   31.21   19.13    3.04 
1978 10	  24.22   27.46    9.35    2.76 
1978 11	 126.72   20.33    7.59    3.12 
1978 12	  73.07   13.59   -0.10    4.14 
1979 1	 119.90    6.14   -3.54    4.65 
1979 2	  87.83   10.94    0.24    4.12 
1979 3	  75.95   20.12    6.67    4.07 
1979 4	  97.73   23.28   10.32    3.22 
1979 5	 238.85   26.48   14.13    3.31 
1979 6	  65.05   31.19   19.21    2.69 
1979 7	 132.15   32.55   21.40    2.73 
1979 8	  66.93   32.70   19.81    1.77 
1979 9	 146.22   29.79   14.93    3.41 
1979 10	  64.05   27.55   10.45    3.35 
1979 11	  23.15   18.05    2.46    4.10 
1979 12	 105.10   15.76    1.00    3.73 
1980 1	 122.90   12.80    1.71    3.26 
1980 2	  44.05   14.04   -0.81    3.94 
1980 3	  54.45   18.88    3.45    3.95 
1980 4	  90.82   23.51    7.94    3.36 
1980 5	  60.42   27.71   15.83    2.79 
1980 6	  35.27   33.25   20.51    3.35 
1980 7	  30.70   37.94   20.83    1.92 
1980 8	  20.07   36.67   21.04    3.09 
1980 9	 116.62   33.11   18.91    2.56 
1980 10	  47.90   25.11    7.90    3.30 
1980 11	  72.90   18.45    4.15    3.73 
1980 12	  50.03   15.37    1.33    3.55 
1981 1	  57.20   13.74   -1.20    3.33 
1981 2	  51.28   15.86    1.29    3.47 
1981 3	  72.20   19.88    5.00    3.60 
1981 4	  43.83   27.29   13.39    3.41 
1981 5	 240.20   26.11   14.02    3.63 
1981 6	 154.55   31.15   20.48    3.06 
1981 7	  59.52   33.85   21.96    2.34 
1981 8	  39.58   34.25   20.03    2.12 
1981 9	  59.03   30.44   15.47    2.49 
1981 10	 217.50   24.42   11.70    3.22 
1981 11	  50.15   20.74    5.13    3.07 
1981 12	   0.97   14.44   -0.10    3.96 
1982 1	  47.77   13.57   -1.44    4.49 
1982 2	  68.05   12.42    0.40    3.97 
1982 3	  56.02   20.56    9.08    4.38 
1982 4	  80.30   22.40    9.93    3.86 
1982 5	  86.75   27.69   16.43    3.33 
1982 6	 192.05   30.88   18.63    2.34 
1982 7	  41.45   33.62   21.76    2.28 
1982 8	  24.80   35.42   21.71    2.04 
1982 9	  29.02   31.73   15.36    3.02 
1982 10	  97.30   24.97    9.92    3.72 
1982 11	 209.95   18.55    6.50    3.69 
1982 12	 249.32   15.68    3.55    4.42 
1983 1	  17.60   11.90   -0.44    3.60 
1983 2	 124.70   14.18    2.22    4.23 
1983 3	 111.88   18.75    4.56    3.95 
1983 4	  12.15   21.54    7.33    4.50 
1983 5	 147.08   27.01   13.09    3.32 
1983 6	 142.22   29.77   17.84    2.57 
1983 7	  32.83   32.81   20.74    2.69 
1983 8	  75.30   34.24   21.46    1.74 
1983 9	  16.38   31.58   15.78    2.97 
1983 10	  74.98   26.21   10.73    2.88 
1983 11	  65.97   19.58    6.14    3.86 
1983 12	  55.45    7.12   -4.00    4.54 
1984 1	  30.85   10.00   -4.12    3.99 
1984 2	 106.65   17.08    0.91    4.02 
1984 3	 124.67   19.28    5.74    3.71 
1984 4	  19.17   24.20    8.94    4.17 
1984 5	  76.25   29.03   14.70    3.79 
1984 6	  36.47   32.82   19.42    2.78 
1984 7	  41.60   35.01   20.89    2.18 
1984 8	  32.20   35.21   20.71    2.30 
1984 9	  32.15   29.78   16.50    3.85 
1984 10	 231.52   24.93   12.75    3.17 
1984 11	 115.68   18.76    4.76    4.08 
1984 12	  85.85   18.39    6.50    4.14 
1985 1	  32.48    9.00   -3.88    3.88 
1985 2	 136.08   12.68    1.77    3.97 
1985 3	 124.77   22.03   10.57    4.11 
1985 4	 118.60   25.59   13.14    3.71 
1985 5	  81.05   28.42   15.97    3.04 
1985 6	  61.28   32.60   20.12    3.10 
1985 7	  57.35   34.19   22.03    2.20 
1985 8	  19.53   36.38   22.51    2.14 
1985 9	  77.72   32.02   18.23    3.49 
1985 10	 160.53   25.06   14.69    4.23 
1985 11	 169.18   20.11    9.77    3.79 
1985 12	  69.20   12.80   -0.75    3.55 
1986 1	   8.83   16.55    1.64    3.87 
1986 2	 110.88   18.36    5.75    4.00 
1986 3	  15.22   22.72    7.87    3.16 
1986 4	 189.77   24.95   13.66    3.59 
1986 5	 206.05   27.28   16.54    3.21 
1986 6	 117.60   31.78   21.41    2.04 
1986 7	   7.50   35.12   23.30    2.33 
1986 8	  54.03   34.75   21.22    2.27 
1986 9	 118.38   31.46   20.90    2.54 
1986 10	 112.17   24.42   12.98    3.06 
1986 11	 104.67   17.22    7.24    3.87 
1986 12	 125.50   12.63    3.11    3.67 
1987 1	  46.38   13.05   -0.31    3.63 
1987 2	 167.57   15.57    3.92    4.06 
1987 3	 135.85   19.94    4.25    3.61 
1987 4	   9.95   25.37    7.34    2.84 
1987 5	  86.70   29.35   16.78    2.48 
1987 6	 148.43   31.11   19.39    2.97 
1987 7	  40.62   32.48   20.87    2.47 
1987 8	   3.88   36.09   22.24    2.44 
1987 9	  48.60   30.53   16.03    2.54 
1987 10	  81.83   24.68    8.57    3.28 
1987 11	 115.60   19.13    6.00    3.80 
1987 12	 197.15   14.32    2.17    3.69 
1988 1	  24.23   10.63   -2.19    4.19 
1988 2	  66.88   14.76    0.64    3.73 
1988 3	 147.48   19.97    4.64    3.89 
1988 4	  54.90   24.64    8.39    3.35 
1988 5	  31.57   28.20   13.31    2.94 
1988 6	  69.65   31.84   17.84    2.51 
1988 7	  92.90   33.45   21.19    2.68 
1988 8	  11.95   35.00   21.59    2.14 
1988 9	  84.07   31.86   17.38    3.16 
1988 10	 150.65   24.11   10.37    3.05 
1988 11	 115.73   20.61    5.60    4.32 
1988 12	  98.60   15.32    3.02    3.58 
1989 1	  72.77   15.30    3.08    3.73 
1989 2	  97.28   11.04    0.48    4.79 
1989 3	 104.25   18.96    6.10    4.42 
1989 4	  50.15   24.40   11.19    3.66 
1989 5	 259.77   27.55   16.57    3.68 
1989 6	 138.77   29.21   18.56    3.41 
1989 7	  39.17   31.65   20.86    2.54 
1989 8	  30.58   32.23   20.31    2.12 
1989 9	  13.53   28.85   14.97    3.11 
1989 10	  76.10   26.63   10.61    3.36 
1989 11	   5.25   20.85    6.59    3.79 
1989 12	  26.58   10.08   -4.22    4.16 
1990 1	 248.18   16.81    2.84    3.57 
1990 2	  71.83   18.48    4.38    4.38 
1990 3	 223.35   19.43    8.21    3.93 
1990 4	 170.17   23.11   10.34    3.74 
1990 5	 213.70   27.19   15.22    3.92 
1990 6	  57.30   32.32   20.71    2.87 
1990 7	  34.85   32.33   20.12    2.14 
1990 8	  15.93   34.60   20.41    2.09 
1990 9	 107.02   31.28   19.03    1.88 
1990 10	  50.88   24.52    9.46    3.17 
1990 11	 223.53   21.37    7.32    3.54 
1990 12	 130.38   12.95    0.15    3.75 
1991 1	 124.35   10.50    1.02    3.85 
1991 2	 126.12   17.92    4.31    3.67 
1991 3	  37.80   21.55    6.72    4.31 
1991 4	 143.30   24.85   12.25    3.60 
1991 5	  97.47   28.14   17.72    3.62 
1991 6	 149.13   31.68   20.30    2.52 
1991 7	  16.95   33.88   21.04    2.12 
1991 8	 137.05   32.54   20.61    1.60 
1991 9	  55.35   29.80   16.94    2.78 
1991 10	  86.92   27.38   11.42    3.00 
1991 11	  88.88   16.27    3.43    4.25 
1991 12	 173.03   14.77    4.46    3.91 
1992 1	 112.40   12.83    1.18    3.36 
1992 2	 113.78   17.89    4.32    3.65 
1992 3	 102.78   21.33    6.63    3.60 
1992 4	  39.95   24.01   10.25    2.98 
1992 5	 120.90   26.71   14.40    2.62 
1992 6	  91.40   30.48   18.76    2.46 
1992 7	 121.15   33.55   21.99    3.16 
1992 8	  41.20   31.18   18.02    2.27 
1992 9	 100.15   30.15   17.06    3.25 
1992 10	  86.95   26.67   10.75    3.04 
1992 11	 117.02   17.09    4.13    3.82 
1992 12	 145.97   13.88    3.72    3.25 
1993 1	 160.50   12.31    1.50    3.55 
1993 2	  85.40   15.03    2.62    3.91 
1993 3	  91.85   18.05    5.04    3.74 
1993 4	 105.18   22.14    8.94    4.03 
1993 5	  69.53   26.42   14.63    3.37 
1993 6	 108.20   30.73   20.78    3.63 
1993 7	   8.18   34.28   22.65    2.83 
1993 8	  41.25   35.26   22.37    2.16 
1993 9	  74.67   31.64   16.27    2.63 
1993 10	 259.40   23.48   11.23    3.49 
1993 11	  80.63   15.90    3.12    3.89 
1993 12	  33.12   14.94    2.33    3.85 
1994 1	  72.88   12.98    0.74    4.23 
1994 2	 162.60   15.90    0.76    3.53 
1994 3	  71.27   21.20    6.63    3.24 
1994 4	  58.45   25.47   10.94    3.46 
1994 5	 189.88   26.16   14.79    2.84 
1994 6	  34.15   32.17   21.18    2.98 
1994 7	 177.02   32.97   21.13    2.90 
1994 8	  42.07   32.79   20.13    1.87 
1994 9	  12.65   30.88   15.58    2.30 
1994 10	 201.05   24.95   12.24    3.57 
1994 11	 164.05   20.08    8.57    3.85 
1994 12	 188.75   14.72    3.65    3.41 
1995 1	 117.70   13.95    2.44    4.16 
1995 2	  31.30   18.04    2.80    3.57 
1995 3	  76.47   19.40    7.42    4.02 
1995 4	 101.15   23.14    9.33    3.85 
1995 5	 147.97   27.40   16.56    3.66 
1995 6	  62.30   32.47   19.64    2.57 
1995 7	  58.38   34.49   22.28    2.78 
1995 8	  33.17   36.42   22.98    1.84 
1995 9	  90.47   31.34   18.71    2.37 
1995 10	  14.90   27.38   11.48    3.77 
1995 11	  12.78   20.82    5.84    3.95 
1995 12	  81.30   14.72    3.90    4.15 
1996 1	  29.27   14.92    0.18    4.25 
1996 2	  10.08   19.30    3.91    4.61 
1996 3	  49.03   18.80    3.01    4.28 
1996 4	  91.10   25.08    8.93    4.06 
1996 5	  58.32   32.16   20.90    4.10 
1996 6	  95.93   33.97   20.78    2.45 
1996 7	 148.27   35.12   22.51    2.44 
1996 8	  92.45   32.20   20.78    2.16 
1996 9	 117.13   29.23   16.07    2.36 
1996 10	  71.05   25.60   10.71    3.87 
1996 11	 196.78   17.87    6.36    4.11 
1996 12	  74.97   16.16    3.22    3.84 
1997 1	  61.35   12.13    1.06    4.45 
1997 2	 235.07   15.01    3.94    4.08 
1997 3	 122.22   21.65    7.86    3.46 
1997 4	 213.98   21.47    8.57    4.19 
1997 5	  86.15   26.97   14.35    2.91 
1997 6	  76.33   30.90   19.25    2.45 
1997 7	  21.65   34.21   22.04    1.62 
1997 8	  72.80   32.94   20.63    2.26 
1997 9	  33.67   32.44   18.30    2.45 
1997 10	 164.90   25.08   12.52    3.88 
1997 11	  82.53   16.25    4.55    3.66 
1997 12	 149.63   13.19    1.36    3.85 
1998 1	 160.60   14.95    3.75    3.51 
1998 2	 119.35   16.39    3.64    3.61 
1998 3	  98.38   18.38    6.24    4.63 
1998 4	  34.12   23.94    9.31    3.76 
1998 5	   4.18   31.31   17.27    3.23 
1998 6	  51.05   35.36   22.17    4.52 
1998 7	  27.25   38.58   24.03    2.95 
1998 8	  58.88   36.33   22.15    1.66 
1998 9	 154.00   32.81   20.98    4.01 
1998 10	 198.82   25.59   13.60    3.69 
1998 11	 164.48   18.82    8.94    3.23 
1998 12	 123.45   14.16    3.26    3.94 
1999 1	  91.60   16.26    2.89    4.39 
1999 2	  13.58   19.94    5.62    3.63 
1999 3	  86.70   19.25    6.46    3.92 
1999 4	  88.75   25.60   13.16    4.36 
1999 5	 155.80   27.78   15.43    2.90 
1999 6	  68.75   31.43   21.39    3.05 
1999 7	  42.60   34.14   22.42    2.18 
1999 8	   1.90   37.61   21.34    2.04 
1999 9	  72.30   32.03   16.53    3.07 
1999 10	  49.45   27.14    9.44    3.13 
1999 11	  23.33   23.00    6.81    2.93 
1999 12	  88.28   16.64    1.58    4.07 
2000 1	  46.67   15.77    2.50    4.25 
2000 2	  54.08   20.89    5.28    3.93 
2000 3	  80.62   22.30    8.59    3.49 
2000 4	 139.85   23.51   10.01    3.49 
2000 5	 131.02   29.10   17.71    3.67 
2000 6	 133.10   30.66   20.56    3.05 
2000 7	  57.60   34.53   21.36    2.43 
2000 8	   0.45   37.64   21.09    1.91 
2000 9	  11.52   33.45   16.67    3.24 
2000 10	  96.78   25.88   13.90    3.44 
2000 11	 280.65   15.90    5.81    3.77 
2000 12	 167.30    9.44   -0.55    4.08 
2001 1	 123.52   11.20    0.83    3.70 
2001 2	 247.50   17.05    5.48    3.73 
2001 3	 203.00   16.62    5.95    3.35 
2001 4	  56.15   26.17   14.11    4.13 
2001 5	 161.25   29.09   17.52    3.10 
2001 6	 123.60   31.04   19.78    2.56 
2001 7	  11.53   34.40   23.35    2.00 
2001 8	  77.53   33.84   22.50    2.42 
2001 9	 125.05   28.55   18.26    3.04 
2001 10	  78.12   24.76   10.59    3.50 
2001 11	 107.67   21.14    9.41    2.90 
2001 12	 168.75   15.96    4.25    3.54 
2002 1	  50.05   15.50    2.43    3.60 
2002 2	  63.55   15.12    0.97    3.92 
2002 3	 142.73   18.82    5.49    4.24 
2002 4	  63.52   26.13   15.12    3.86 
2002 5	 104.68   28.52   16.98    4.02 
2002 6	 117.57   31.68   20.23    2.64 
2002 7	  94.20   33.68   23.37    2.22 
2002 8	  56.97   34.27   21.83    2.38 
2002 9	  56.38   31.61   19.02    3.74 
2002 10	 101.73   23.23   14.57    2.88 
2002 11	  47.10   18.52    5.67    3.77 
2002 12	 159.30   14.55    3.49    4.12 
2003 1	  10.75   13.12    0.79    3.81 
2003 2	 197.20   13.28    3.46    3.96 
2003 3	  48.77   20.08    7.19    2.93 
2003 4	  34.20   25.72   11.62    3.66 
2003 5	  68.00   29.29   17.97    3.63 
2003 6	 275.10   30.53   20.06    2.38 
2003 7	  73.80   33.89   22.32    2.47 
2003 8	  55.30   34.64   22.38    2.12 
2003 9	  74.57   29.29   17.51    2.67 
2003 10	  51.90   26.67   13.06    2.79 
2003 11	  47.05   20.82    9.80    3.94 
2003 12	  93.17   16.34    2.37    3.98 
2004 1	  57.52   15.01    3.81    3.89 
2004 2	 162.35   13.44    3.18    4.04 
2004 3	  57.38   23.63   11.40    3.46 
2004 4	 135.95   24.88   12.86    3.64 
2004 5	  49.22   28.86   18.04    3.68 
2004 6	 256.02   30.62   20.70    2.47 
2004 7	  40.30   33.01   21.83    2.08 
2004 8	  81.70   32.61   20.22    2.60 
2004 9	  11.67   31.55   18.11    2.95 
2004 10	 226.75   28.06   17.28    3.31 
2004 11	 138.62   19.20    9.34    3.74 
2004 12	  52.85   15.68    2.33    3.91 
2005 1	  88.18   15.88    5.05    3.88 
2005 2	  87.55   16.91    6.28    3.62 
2005 3	  52.60   20.35    7.18    3.42 
2005 4	   9.15   25.00   11.26    3.78 
2005 5	  44.97   28.78   15.75    2.73 
2005 6	  21.38   34.34   21.29    2.15 
2005 7	 112.45   34.48   22.38    2.18 
2005 8	  29.33   36.55   22.80    1.88 
2005 9	  85.78   34.89   20.55    2.94 
2005 10	  37.72   26.66   11.96    3.50 
2005 11	  16.15   22.48    9.16    3.82 
2005 12	  19.18   15.23    0.90    3.81 
2006 1	 109.35   19.80    4.88    3.90 
2006 2	 117.95   15.30    2.88    3.85 
2006 3	 153.00   22.31    9.78    4.24 
2006 4	  69.05   28.07   15.19    3.82 
2006 5	  79.25   29.78   17.22    3.17 
2006 6	  34.35   33.52   19.63    1.93 
2006 7	  58.33   35.45   22.67    2.06 
2006 8	  38.83   37.33   23.75    2.12 
2006 9	  21.52   31.70   17.42    2.77 
2006 10	  75.10   26.78   12.26    3.50 
2006 11	  88.75   21.06    7.01    3.60 
2006 12	 175.00   15.57    4.17    4.08 
2007 1	 261.35   11.24    0.95    4.06 
2007 2	  31.25   15.18    2.44    3.59 
2007 3	 108.85   23.61   11.14    3.44 
2007 4	  55.88   22.69    9.83    3.54 
2007 5	 188.40   27.68   17.56    3.28 
2007 6	 250.00   31.16   21.04    2.48 
2007 7	 215.90   31.00   21.50    2.39 
2007 8	 103.08   34.35   23.08    1.97 
2007 9	 146.08   31.37   20.13    2.24 
2007 10	  47.55   26.87   13.66    3.44 
2007 11	  43.00   20.76    8.63    3.31 
2007 12	 129.30   16.62    2.93    3.15 
2008 1	  51.17   12.86    1.15    4.25 
2008 2	  79.65   18.72    3.45    3.83 
2008 3	 164.90   21.46    7.98    4.55 
2008 4	 106.40   24.31   11.52    3.67 
2008 5	 132.57   28.50   16.63    3.76 
2008 6	 137.20   33.02   21.99    3.24 
2008 7	  28.30   35.06   22.32    2.51 
2008 8	 167.65   33.16   22.51    2.37 
2008 9	 150.25   28.53   17.27    3.79 
2008 10	  77.30   25.04   10.80    2.92 
2008 11	 106.45   19.83    6.50    3.26 
2008 12	  46.50   15.14    1.33    4.45 
2009 1	  49.90   14.83    0.98    3.64 
2009 2	  26.50   19.49    5.33    4.32 
2009 3	 153.10   20.00    7.82    3.80 
2009 4	 115.83   23.21   10.54    4.43 
2009 5	 148.60   27.72   16.41    3.16 
2009 6	  25.45   33.38   21.31    2.76 
2009 7	 173.35   34.39   22.60    2.30 
2009 8	  40.50   33.48   22.04    1.99 
2009 9	 233.55   28.58   18.58    2.32 
2009 10	 423.12   22.22   11.25    3.64 
2009 11	  58.05   21.08    7.97    3.26 
2009 12	  78.65   11.02    0.53    4.04 
2010 1	  89.33   11.46    0.01    3.85 
2010 2	 112.97   10.10    0.09    3.84 
2010 3	  89.38   19.01    4.74    3.53 
2010 4	  37.85   25.40   11.72    3.72 
2010 5	  11.88   30.69   17.83    2.96 
2010 6	 127.88   33.65   23.26    2.24 
2010 7	 148.98   33.58   23.50    2.58 
2010 8	  23.75   36.47   23.95    2.39 
2010 9	  54.82   31.99   19.79    2.68 
2010 10	  71.00   26.93   10.81    3.06 
2010 11	  75.70   19.89    7.25    3.92 
2010 12	  37.02   14.22    2.41    4.32 
