1949 1	 112.48   17.39    8.08    6.64 
1949 2	 178.72   18.34   10.44    5.64 
1949 3	 224.82   20.72   10.81    6.42 
1949 4	 155.35   23.01   14.45    6.31 
1949 5	  43.05   29.66   21.00    5.18 
1949 6	  90.17   32.16   22.73    4.26 
1949 7	 228.90   31.96   24.02    3.73 
1949 8	  58.55   32.08   22.30    3.27 
1949 9	  64.85   30.85   20.94    4.61 
1949 10	 315.12   26.62   18.55    5.48 
1949 11	  25.05   22.02    8.16    5.54 
1949 12	 131.28   18.24    8.58    7.26 
1950 1	  42.35   21.48   12.57    6.10 
1950 2	 134.12   21.06   11.45    5.49 
1950 3	 105.80   21.05   10.07    6.07 
1950 4	 202.65   24.22   13.91    6.50 
1950 5	 104.28   29.05   20.61    5.35 
1950 6	 230.57   30.91   22.40    3.78 
1950 7	 133.20   31.76   22.96    3.81 
1950 8	  24.48   33.36   22.34    3.05 
1950 9	  64.98   30.66   20.12    3.80 
1950 10	  45.23   28.39   15.53    5.62 
1950 11	  54.22   21.80    8.38    6.19 
1950 12	 123.43   17.37    5.72    5.56 
1951 1	 162.73   17.78    5.73    6.26 
1951 2	  47.55   18.05    7.33    6.26 
1951 3	 115.03   21.55   11.26    6.25 
1951 4	  17.45   23.71   13.01    5.61 
1951 5	  16.75   29.03   17.88    4.60 
1951 6	  24.45   32.27   22.56    4.75 
1951 7	 124.15   33.50   22.63    3.34 
1951 8	  64.18   35.11   22.65    2.44 
1951 9	 267.93   30.61   20.12    4.15 
1951 10	  34.45   27.36   15.78    5.60 
1951 11	  22.03   19.64    8.33    6.74 
1951 12	 143.95   19.41    8.85    6.85 
1952 1	  69.25   21.30   12.08    6.25 
1952 2	 331.25   19.38   10.49    6.57 
1952 3	 108.30   20.72   10.00    6.57 
1952 4	 206.50   23.66   13.60    5.46 
1952 5	 125.75   27.87   18.05    3.94 
1952 6	  42.05   32.04   22.87    3.17 
1952 7	 385.75   31.71   23.52    3.71 
1952 8	  65.70   33.35   23.94    3.10 
1952 9	  39.47   30.76   19.24    5.71 
1952 10	   0.00   25.96    9.07    5.76 
1952 11	 144.55   19.88    9.12    6.09 
1952 12	 172.10   16.65    7.07    5.53 
1953 1	  41.18   19.35    7.96    6.75 
1953 2	 121.88   17.37    7.99    6.18 
1953 3	  24.35   23.63   15.10    5.00 
1953 4	 132.05   25.48   14.59    6.12 
1953 5	 267.45   28.97   21.21    5.65 
1953 6	  94.00   33.93   23.91    3.67 
1953 7	 136.45   32.47   23.57    3.28 
1953 8	 135.80   32.52   23.00    2.58 
1953 9	  19.30   32.46   19.95    5.20 
1953 10	  58.05   28.18   15.50    5.26 
1953 11	 122.52   20.60    8.95    5.95 
1953 12	 137.25   15.74    5.94    6.81 
1954 1	  79.77   17.76    7.52    5.53 
1954 2	  11.93   21.81    8.89    6.30 
1954 3	  59.10   20.28    9.74    6.36 
1954 4	  52.68   26.65   16.82    4.62 
1954 5	 143.58   27.46   16.83    4.57 
1954 6	  60.48   32.36   22.32    3.40 
1954 7	 110.78   33.94   23.57    3.66 
1954 8	  47.05   33.86   23.09    3.65 
1954 9	  43.57   32.90   20.69    4.87 
1954 10	  75.27   28.44   16.15    6.14 
1954 11	  79.00   22.25    7.98    6.60 
1954 12	  38.60   20.17    6.14    6.00 
1955 1	 155.05   16.99    6.15    5.34 
1955 2	 181.80   18.79    7.32    6.07 
1955 3	  16.12   23.69   12.50    6.56 
1955 4	 101.40   27.09   16.74    5.45 
1955 5	  99.48   30.62   19.65    4.68 
1955 6	 130.82   31.87   19.87    3.44 
1955 7	 213.50   32.46   22.48    3.75 
1955 8	 329.50   32.82   22.31    2.94 
1955 9	  81.93   32.22   22.27    4.66 
1955 10	  16.95   28.13   14.83    5.48 
1955 11	 107.67   21.93    9.61    6.75 
1955 12	  86.28   18.99    7.72    6.44 
1956 1	  93.75   18.14    5.36    6.12 
1956 2	  95.90   21.09    9.81    6.33 
1956 3	  87.15   22.23   10.96    5.63 
1956 4	  36.85   25.39   14.57    6.43 
1956 5	 106.15   29.94   20.49    4.12 
1956 6	  59.68   32.14   21.06    3.81 
1956 7	  82.60   33.92   22.75    3.27 
1956 8	 124.80   33.46   22.19    2.87 
1956 9	  13.43   32.40   19.12    4.97 
1956 10	  52.10   29.87   14.81    4.29 
1956 11	 110.70   22.17    8.99    5.98 
1956 12	 281.15   21.37    8.91    5.56 
1957 1	  30.25   19.99    9.08    5.67 
1957 2	  44.65   21.75   12.13    5.04 
1957 3	 200.15   21.64   10.09    5.51 
1957 4	 258.40   25.47   15.88    6.64 
1957 5	  62.12   29.16   20.55    5.77 
1957 6	 216.05   31.73   23.17    5.29 
1957 7	  84.22   34.27   24.42    3.13 
1957 8	  90.53   33.59   23.01    3.88 
1957 9	 218.07   29.31   19.64    4.22 
1957 10	 127.50   24.93   13.76    6.35 
1957 11	 226.65   21.12   11.60    6.72 
1957 12	  99.25   19.30    7.29    6.28 
1958 1	  79.30   15.31    4.69    8.15 
1958 2	  75.05   14.56    4.89    7.67 
1958 3	 100.52   20.20    9.14    6.48 
1958 4	  89.38   25.45   15.78    5.84 
1958 5	  74.48   29.38   20.06    4.38 
1958 6	 165.30   32.64   24.09    4.20 
1958 7	 127.55   32.94   23.73    3.49 
1958 8	 214.32   32.99   23.28    2.86 
1958 9	 466.77   30.40   22.71    5.50 
1958 10	  24.48   25.95   15.97    6.68 
1958 11	  52.97   22.36   11.27    5.81 
1958 12	  71.45   17.59    5.14    6.12 
1959 1	 115.40   15.69    4.09    6.72 
1959 2	 273.60   18.58    8.66    6.12 
1959 3	  59.15   21.80    9.48    6.52 
1959 4	 142.30   24.35   14.45    5.52 
1959 5	 139.15   29.79   20.23    5.10 
1959 6	 101.33   31.87   22.58    4.18 
1959 7	 463.62   32.43   22.77    2.81 
1959 8	 182.07   32.08   23.45    3.42 
1959 9	  62.75   31.61   21.63    4.44 
1959 10	 126.45   27.57   16.76    4.96 
1959 11	  85.48   20.75    7.27    7.12 
1959 12	 124.93   17.66    7.30    6.76 
1960 1	  69.27   15.51    5.53    6.38 
1960 2	 123.60   15.39    4.24    7.19 
1960 3	  29.38   18.28    7.88    6.09 
1960 4	 107.52   26.06   15.38    5.57 
1960 5	   8.02   28.33   17.01    5.52 
1960 6	  98.37   33.10   22.04    3.93 
1960 7	 159.00   34.54   23.09    2.43 
1960 8	 296.33   31.78   22.97    4.01 
1960 9	 111.18   31.88   20.45    4.48 
1960 10	 197.93   27.90   16.99    4.72 
1960 11	  73.75   22.79   11.83    6.09 
1960 12	 222.75   16.01    6.01    7.09 
1961 1	 183.12   14.23    3.28    7.01 
1961 2	 182.90   19.78    8.12    5.49 
1961 3	  80.67   24.00   13.15    6.52 
1961 4	  50.42   24.41   12.66    6.11 
1961 5	  60.32   28.23   17.50    5.57 
1961 6	 221.52   30.05   21.05    3.99 
1961 7	 171.20   32.16   22.50    2.93 
1961 8	 130.10   32.11   21.49    3.17 
1961 9	 121.18   30.52   20.57    6.91 
1961 10	  10.07   27.46   13.46    6.20 
1961 11	 233.75   21.18   10.01    6.91 
1961 12	 140.85   18.64    6.92    6.21 
1962 1	  61.25   15.50    3.01    7.22 
1962 2	  28.85   22.99   11.39    6.18 
1962 3	  43.70   20.95    8.00    6.46 
1962 4	  78.20   24.96   13.86    5.91 
1962 5	  24.35   29.92   19.04    5.08 
1962 6	 172.30   31.80   21.87    3.25 
1962 7	  46.38   34.49   23.21    2.54 
1962 8	 232.17   35.52   23.14    2.65 
1962 9	  72.35   32.09   21.24    4.03 
1962 10	  43.90   28.60   17.07    5.28 
1962 11	 132.05   21.32    8.71    7.16 
1962 12	 105.25   16.93    5.93    5.71 
1963 1	 136.15   14.42    3.04    7.52 
1963 2	 105.52   16.93    4.39    7.30 
1963 3	  11.00   24.01   11.83    6.18 
1963 4	  19.58   27.25   17.73    5.95 
1963 5	  30.60   30.33   18.83    3.72 
1963 6	 158.48   32.82   22.04    3.54 
1963 7	 130.28   32.90   23.20    3.41 
1963 8	  52.25   33.88   22.63    2.30 
1963 9	 524.42   31.74   20.90    4.85 
1963 10	   4.38   29.71   16.39    5.00 
1963 11	 138.05   22.66   10.60    6.83 
1963 12	  89.68   13.63    2.03    7.30 
1964 1	 136.48   15.45    4.92    6.51 
1964 2	  93.12   15.37    4.83    6.59 
1964 3	  91.70   21.62   10.28    6.80 
1964 4	  43.17   25.52   16.75    6.82 
1964 5	  45.15   29.73   19.87    4.82 
1964 6	 100.30   31.90   22.08    3.84 
1964 7	 168.08   32.46   23.40    3.86 
1964 8	 124.92   33.34   23.86    3.08 
1964 9	 182.93   30.72   21.29    4.35 
1964 10	   6.40   25.60   12.72    6.55 
1964 11	  80.97   23.47   11.85    6.19 
1964 12	 158.95   17.37    6.44    7.18 
1965 1	  77.93   18.87    6.68    6.29 
1965 2	 139.35   18.04    6.05    7.83 
1965 3	  51.05   19.95    8.20    7.40 
1965 4	  13.10   27.22   17.27    6.13 
1965 5	  61.85   28.65   20.14    6.44 
1965 6	  50.70   32.11   21.52    4.25 
1965 7	  93.20   33.37   22.38    2.63 
1965 8	 154.88   32.37   21.88    2.76 
1965 9	 109.75   31.26   20.61    5.41 
1965 10	  10.88   26.02   13.41    5.79 
1965 11	  33.07   24.84   13.81    5.28 
1965 12	 147.62   19.01    7.05    6.61 
1966 1	 173.65   12.98    3.95    7.23 
1966 2	 138.90   15.86    5.46    7.02 
1966 3	  34.92   20.51    9.28    6.09 
1966 4	 163.25   25.33   15.26    6.32 
1966 5	 245.33   28.08   19.23    5.20 
1966 6	  88.43   31.38   20.72    4.19 
1966 7	  93.92   33.39   23.11    2.84 
1966 8	 293.37   31.89   22.11    3.52 
1966 9	 129.73   30.92   19.38    3.02 
1966 10	 129.22   25.86   13.28    6.03 
1966 11	  97.60   22.70   11.51    6.37 
1966 12	 104.27   16.93    6.11    6.51 
1967 1	  38.87   16.04    4.62    6.32 
1967 2	  75.47   17.18    4.70    6.28 
1967 3	  29.83   23.92   11.90    5.69 
1967 4	 165.80   27.48   18.07    6.12 
1967 5	 151.62   28.07   17.87    6.39 
1967 6	  40.65   32.05   21.70    3.91 
1967 7	 152.28   31.56   21.45    3.40 
1967 8	  94.62   31.53   21.26    2.95 
1967 9	  47.53   29.41   18.25    5.80 
1967 10	  96.90   26.90   12.25    6.00 
1967 11	   6.22   21.95    9.50    6.11 
1967 12	 295.60   17.69    7.36    6.45 
1968 1	 138.70   14.86    5.12    7.01 
1968 2	  60.72   14.84    2.55    6.28 
1968 3	  74.68   19.40    8.44    6.44 
1968 4	 117.55   25.37   16.13    6.27 
1968 5	 124.35   28.43   18.28    5.25 
1968 6	 211.22   30.80   21.64    4.10 
1968 7	 148.45   32.11   22.00    3.34 
1968 8	  69.88   32.75   22.27    3.19 
1968 9	 192.83   29.60   18.38    4.56 
1968 10	  76.55   27.24   14.43    5.26 
1968 11	 157.15   20.53    7.62    6.52 
1968 12	 105.73   16.84    4.62    6.82 
1969 1	  41.70   16.82    6.77    6.84 
1969 2	 149.62   17.20    7.21    6.76 
1969 3	 115.92   17.60    6.81    6.30 
1969 4	 141.77   25.13   14.51    5.30 
1969 5	 133.00   28.16   17.63    4.74 
1969 6	  57.77   31.65   21.23    4.42 
1969 7	 230.50   33.11   23.73    3.10 
1969 8	  56.28   32.66   22.61    3.49 
1969 9	  57.87   31.37   19.19    4.74 
1969 10	  33.95   27.67   15.67    7.54 
1969 11	  35.62   21.67    7.40    6.81 
1969 12	 154.18   18.66    6.46    5.97 
1970 1	  67.68   13.08    2.94    7.27 
1970 2	  53.62   17.54    4.74    6.34 
1970 3	 121.52   19.34    8.37    6.10 
1970 4	  52.07   25.14   15.46    6.12 
1970 5	 179.85   27.28   17.22    5.82 
1970 6	  27.77   30.69   20.86    3.69 
1970 7	  52.67   32.52   22.04    3.22 
1970 8	  95.28   33.05   22.92    3.52 
1970 9	 177.68   30.54   21.76    5.97 
1970 10	 475.40   25.03   13.65    5.98 
1970 11	  43.55   19.71    7.24    6.29 
1970 12	  81.47   20.33    9.74    5.20 
1971 1	  25.77   17.68    7.30    6.60 
1971 2	 120.75   18.70    6.44    7.35 
1971 3	  55.10   20.87    8.48    6.21 
1971 4	  43.80   24.67   12.82    5.83 
1971 5	 128.73   27.63   17.54    5.15 
1971 6	  69.43   31.78   21.81    3.69 
1971 7	 119.25   32.56   22.64    3.00 
1971 8	 182.87   31.71   21.67    2.88 
1971 9	 109.18   30.09   20.90    5.17 
1971 10	  32.10   27.96   16.94    4.80 
1971 11	  66.88   22.33    8.76    6.37 
1971 12	 201.75   20.31   11.44    6.00 
1972 1	 181.40   18.99    9.20    6.48 
1972 2	  46.53   18.65    7.06    6.48 
1972 3	  99.17   23.13   11.64    5.75 
1972 4	  84.60   25.86   15.33    6.08 
1972 5	 146.25   28.27   17.99    4.05 
1972 6	  52.22   31.68   22.16    5.75 
1972 7	 192.83   31.05   22.42    4.46 
1972 8	 174.88   31.78   22.54    3.18 
1972 9	 146.80   31.04   22.03    3.79 
1972 10	  82.75   25.77   14.88    5.81 
1972 11	 120.00   17.53    8.15    7.15 
1972 12	 128.10   16.64    5.01    6.64 
1973 1	 117.93   13.41    3.66    7.08 
1973 2	  59.80   15.76    5.04    6.61 
1973 3	 184.33   21.95   13.03    6.37 
1973 4	 232.88   22.30   13.18    7.00 
1973 5	 158.15   27.43   18.48    5.75 
1973 6	 196.38   30.38   22.38    4.19 
1973 7	 163.05   32.30   23.45    3.14 
1973 8	 145.78   31.07   21.77    3.86 
1973 9	 348.85   29.93   22.00    5.28 
1973 10	 212.35   27.80   17.31    5.71 
1973 11	  55.75   24.60   13.35    6.62 
1973 12	  87.22   17.86    5.18    7.53 
1974 1	 269.12   17.57    9.41    4.98 
1974 2	  66.82   18.81    6.38    6.68 
1974 3	  89.30   23.26   13.59    6.10 
1974 4	  77.85   25.05   14.77    7.43 
1974 5	 208.82   28.82   20.03    5.64 
1974 6	  45.35   31.09   21.01    4.45 
1974 7	 133.82   33.35   22.47    2.65 
1974 8	 173.68   32.26   22.13    3.02 
1974 9	  44.50   29.00   18.95    5.85 
1974 10	  85.02   26.62   13.48    7.37 
1974 11	 156.03   20.93    9.94    6.31 
1974 12	 157.92   17.02    6.07    5.94 
1975 1	 179.65   18.38    8.03    6.34 
1975 2	  46.00   19.21    7.03    5.14 
1975 3	  65.38   21.49   10.26    6.67 
1975 4	 172.23   23.24   14.45    7.41 
1975 5	 158.55   28.92   19.92    5.27 
1975 6	 226.95   31.07   22.25    4.57 
1975 7	 151.68   32.65   22.69    3.43 
1975 8	 184.17   32.18   22.42    3.35 
1975 9	  89.25   29.50   18.31    4.89 
1975 10	 129.23   27.03   14.52    5.81 
1975 11	 116.88   21.68    9.06    6.37 
1975 12	 112.20   16.33    5.51    6.04 
1976 1	  89.85   15.99    3.10    7.03 
1976 2	  24.15   20.97    8.56    5.60 
1976 3	 138.57   21.53   12.10    6.94 
1976 4	  63.15   25.68   14.80    5.62 
1976 5	 202.85   27.62   16.20    4.97 
1976 6	 107.80   30.65   20.15    3.93 
1976 7	 165.92   31.98   21.94    2.79 
1976 8	 135.95   33.30   20.97    3.01 
1976 9	  98.50   30.92   19.21    3.29 
1976 10	 152.40   23.14    9.28    6.42 
1976 11	 128.43   17.03    5.12    7.14 
1976 12	 190.82   15.75    3.72    6.74 
1977 1	 153.65   11.25    0.41    7.10 
1977 2	  27.45   18.13    5.21    7.25 
1977 3	 101.98   21.85   10.64    6.61 
1977 4	 121.43   25.40   13.98    6.29 
1977 5	  59.82   29.15   19.17    4.93 
1977 6	 112.63   32.65   22.17    4.18 
1977 7	  85.90   33.45   22.48    2.47 
1977 8	 238.62   32.54   23.02    4.10 
1977 9	 115.40   31.89   21.99    3.91 
1977 10	  94.20   26.84   14.36    5.10 
1977 11	 317.17   22.31   11.18    5.97 
1977 12	  75.95   17.42    5.52    6.85 
1978 1	 254.07    9.91    1.62    7.96 
1978 2	  52.82   11.93    1.37    7.21 
1978 3	  31.30   20.09    7.39    5.44 
1978 4	  18.88   25.36   14.69    5.60 
1978 5	   5.07   30.16   18.94    5.13 
1978 6	 314.25   32.05   22.06    3.60 
1978 7	 176.90   33.20   23.17    2.53 
1978 8	 146.68   33.06   23.12    3.67 
1978 9	  76.32   30.41   21.74    4.95 
1978 10	   0.15   27.73   13.08    5.36 
1978 11	 147.62   23.64   12.56    5.22 
1978 12	  82.42   17.55    5.68    7.00 
1979 1	 137.70   11.80    1.45    8.02 
1979 2	 165.97   14.29    4.98    6.13 
1979 3	 147.15   21.55   10.64    6.77 
1979 4	 294.62   24.67   15.86    5.92 
1979 5	 195.50   27.55   17.28    5.25 
1979 6	  30.90   31.20   21.65    4.21 
1979 7	 417.88   31.96   23.17    4.42 
1979 8	  78.97   32.54   22.97    2.83 
1979 9	 225.00   29.45   19.26    6.66 
1979 10	 187.70   27.78   14.67    5.18 
1979 11	 106.15   19.68    6.52    7.10 
1979 12	  69.57   17.00    4.26    6.22 
1980 1	 148.18   17.22    7.41    5.73 
1980 2	  80.80   15.84    4.93    6.27 
1980 3	 278.48   20.22    9.96    6.66 
1980 4	  52.65   24.23   12.25    5.74 
1980 5	 312.50   28.66   18.91    4.46 
1980 6	  26.38   32.68   22.27    4.46 
1980 7	 122.78   34.91   23.17    2.58 
1980 8	  32.70   33.42   22.72    4.52 
1980 9	 212.40   32.51   22.50    3.92 
1980 10	 229.18   25.06   11.63    5.71 
1980 11	  80.42   19.29    7.38    6.45 
1980 12	  47.78   17.34    4.78    6.07 
1981 1	  67.27   15.01    2.43    5.63 
1981 2	  91.65   17.08    5.37    5.74 
1981 3	  67.72   21.09    9.13    6.19 
1981 4	  64.78   26.71   17.00    4.90 
1981 5	  91.25   28.04   17.10    5.18 
1981 6	 280.15   31.60   22.85    5.07 
1981 7	 214.10   32.90   23.13    3.43 
1981 8	  44.77   32.79   22.38    3.12 
1981 9	 109.25   30.50   18.03    4.30 
1981 10	 142.27   26.44   15.43    5.20 
1981 11	  66.53   22.91   10.48    5.15 
1981 12	 108.23   17.04    5.32    6.14 
1982 1	  69.95   16.64    4.38    6.91 
1982 2	  85.85   16.03    5.45    6.19 
1982 3	  96.55   21.47   12.03    6.12 
1982 4	 142.17   24.02   13.86    6.55 
1982 5	 128.18   28.16   18.61    5.18 
1982 6	 180.25   32.04   21.82    2.94 
1982 7	 144.10   32.84   22.64    2.04 
1982 8	  57.53   33.08   22.45    2.32 
1982 9	  67.35   30.73   19.00    5.02 
1982 10	  66.40   26.13   14.41    6.18 
1982 11	 172.57   21.47   10.22    6.36 
1982 12	 350.12   19.00    8.29    7.68 
1983 1	 129.20   13.90    4.08    5.67 
1983 2	 119.18   16.77    5.80    7.25 
1983 3	  86.17   20.14    7.46    6.25 
1983 4	  14.00   22.52   10.92    7.06 
1983 5	 250.20   27.84   16.97    5.47 
1983 6	 133.78   29.98   20.72    4.18 
1983 7	  85.25   32.70   23.41    4.08 
1983 8	 213.15   32.80   23.26    2.97 
1983 9	 208.15   29.72   19.30    5.58 
1983 10	  18.95   26.85   14.70    5.40 
1983 11	  90.12   21.95   10.00    6.27 
1983 12	 126.40   13.45    2.92    7.91 
1984 1	 138.82   13.05    2.73    6.89 
1984 2	 120.55   18.13    5.94    6.48 
1984 3	  55.50   21.09   10.41    5.87 
1984 4	  32.48   25.47   13.92    6.86 
1984 5	 193.12   28.69   18.11    6.21 
1984 6	  91.27   31.31   21.17    4.10 
1984 7	  99.35   32.65   22.24    2.36 
1984 8	  97.42   32.86   22.23    3.05 
1984 9	 147.65   29.87   19.32    6.57 
1984 10	 205.25   28.18   18.29    6.08 
1984 11	 109.15   20.97    9.04    6.74 
1984 12	  58.10   21.21   12.04    6.13 
1985 1	  77.80   12.60    1.82    6.38 
1985 2	 193.13   14.73    4.49    6.43 
1985 3	  88.97   22.79   13.03    6.01 
1985 4	  42.70   26.49   15.44    6.11 
1985 5	  70.67   29.05   18.36    3.83 
1985 6	  80.02   31.85   21.90    4.45 
1985 7	 137.50   32.53   21.91    2.73 
1985 8	 162.15   33.52   22.72    3.40 
1985 9	  90.87   31.03   20.03    5.75 
1985 10	 354.90   26.13   17.20    6.56 
1985 11	  94.90   23.23   13.62    5.53 
1985 12	  72.22   15.47    3.38    6.24 
1986 1	  53.73   16.80    4.45    6.21 
1986 2	  24.88   19.83    8.99    6.40 
1986 3	  54.67   22.28    8.89    5.36 
1986 4	  70.90   25.26   15.84    5.43 
1986 5	 174.15   28.47   19.99    4.96 
1986 6	 298.20   31.54   23.02    3.10 
1986 7	  56.83   33.26   24.31    3.66 
1986 8	 127.85   32.58   22.69    3.36 
1986 9	 111.88   31.53   22.90    4.10 
1986 10	 128.32   25.72   15.09    5.59 
1986 11	 211.43   21.10   13.22    6.95 
1986 12	 210.93   14.67    6.65    6.88 
1987 1	 173.18   14.37    4.37    6.55 
1987 2	 176.87   17.19    8.16    6.27 
1987 3	  45.25   21.00    9.26    6.54 
1987 4	   8.82   25.81   11.42    4.49 
1987 5	 124.30   28.68   20.04    3.89 
1987 6	 291.33   30.80   22.42    4.84 
1987 7	 164.55   32.50   23.36    3.49 
1987 8	 105.35   33.51   24.44    3.29 
1987 9	 140.57   30.82   19.80    4.17 
1987 10	  33.12   25.81   11.75    6.35 
1987 11	 217.53   21.53    9.70    7.32 
1987 12	 121.03   18.02    8.11    6.29 
1988 1	  71.70   13.54    2.99    7.37 
1988 2	 132.45   16.14    6.35    6.38 
1988 3	 139.72   20.70    9.88    6.40 
1988 4	  76.40   25.64   13.60    5.76 
1988 5	  23.15   28.59   16.23    4.68 
1988 6	 120.93   31.11   20.72    3.96 
1988 7	 135.43   31.79   23.55    3.54 
1988 8	 183.57   32.89   23.21    3.41 
1988 9	 219.12   30.58   20.75    5.55 
1988 10	  69.62   26.34   14.36    5.07 
1988 11	  26.47   23.41   11.19    6.76 
1988 12	 155.48   18.26    6.44    6.09 
1989 1	 158.45   18.40    9.36    5.60 
1989 2	  14.97   15.52    6.86    7.12 
1989 3	 125.95   20.80   10.29    6.35 
1989 4	  67.57   24.32   14.58    5.28 
1989 5	 241.97   28.74   20.13    5.19 
1989 6	 460.23   29.90   22.35    5.69 
1989 7	 161.47   31.22   23.28    4.19 
1989 8	  70.25   31.91   22.90    2.92 
1989 9	  67.73   30.18   19.86    5.11 
1989 10	  25.55   27.31   14.72    5.83 
1989 11	  90.28   21.98   11.31    6.66 
1989 12	  69.75   12.52    1.50    7.43 
1990 1	 219.33   18.09    8.71    5.52 
1990 2	 165.35   19.79   10.62    6.94 
1990 3	 149.72   21.18   12.71    5.84 
1990 4	 108.40   24.56   14.54    5.95 
1990 5	 116.05   27.91   20.62    5.65 
1990 6	  96.53   32.51   23.86    3.56 
1990 7	 127.58   32.14   23.02    3.19 
1990 8	  33.30   33.73   22.94    2.62 
1990 9	 158.38   31.32   21.50    3.29 
1990 10	  68.22   26.13   13.62    5.58 
1990 11	  81.20   22.91   10.81    6.19 
1990 12	 112.73   17.78    6.98    6.55 
1991 1	 343.37   13.78    5.94    6.36 
1991 2	 114.15   19.21    8.63    6.57 
1991 3	  53.93   21.63   12.14    7.19 
1991 4	 168.37   25.31   17.80    6.16 
1991 5	 272.70   28.22   21.34    6.03 
1991 6	 219.45   30.93   23.02    4.24 
1991 7	 134.73   32.55   23.59    3.13 
1991 8	 162.28   31.92   22.94    2.76 
1991 9	 112.08   29.38   19.91    5.00 
1991 10	  56.05   27.90   16.63    5.74 
1991 11	  83.03   18.38    7.69    7.27 
1991 12	 191.88   17.68    9.95    6.85 
1992 1	 202.88   14.84    5.77    6.48 
1992 2	 115.90   19.49    9.67    6.18 
1992 3	 143.05   22.10   12.59    5.69 
1992 4	 209.80   24.37   14.82    4.90 
1992 5	  77.57   27.38   18.52    4.27 
1992 6	 241.13   31.09   22.77    3.68 
1992 7	 134.08   31.99   24.02    3.91 
1992 8	  48.73   31.24   21.50    3.01 
1992 9	 103.10   30.21   21.21    4.66 
1992 10	  68.20   27.00   14.91    5.62 
1992 11	 131.75   18.51    8.04    6.84 
1992 12	 128.90   17.62    8.69    5.33 
1993 1	 180.82   16.11    7.45    5.81 
1993 2	  97.75   18.27    7.12    6.60 
1993 3	 124.52   20.05    9.74    5.90 
1993 4	 166.38   22.65   13.22    6.27 
1993 5	 158.73   27.07   18.21    4.88 
1993 6	 226.45   30.30   23.34    5.73 
1993 7	 110.90   32.41   24.37    2.97 
1993 8	  76.18   33.69   23.97    2.81 
1993 9	  65.85   31.82   21.07    4.28 
1993 10	  93.07   25.93   15.23    5.81 
1993 11	 136.30   19.02    7.99    6.73 
1993 12	  52.40   17.39    6.75    6.61 
1994 1	 173.95   15.40    4.93    7.52 
1994 2	  46.75   17.56    7.48    6.11 
1994 3	  65.43   21.48   11.07    5.53 
1994 4	  88.20   24.70   15.96    5.39 
1994 5	 115.90   28.02   18.82    4.44 
1994 6	 144.00   31.00   23.61    4.79 
1994 7	 137.10   31.94   23.54    3.81 
1994 8	 168.12   31.70   22.77    3.30 
1994 9	  90.20   30.23   19.56    4.02 
1994 10	 205.85   26.08   16.74    5.76 
1994 11	  17.47   22.95   13.66    6.16 
1994 12	 131.20   18.06    8.78    6.01 
1995 1	 127.57   16.56    6.74    6.92 
1995 2	  60.85   19.36    7.91    6.09 
1995 3	 186.43   20.73   12.08    6.54 
1995 4	 171.93   24.78   15.00    6.34 
1995 5	 174.70   29.34   20.10    5.78 
1995 6	  86.57   32.15   21.40    4.25 
1995 7	 257.07   33.27   23.65    4.24 
1995 8	 128.20   33.64   24.20    3.70 
1995 9	  35.83   32.52   20.49    4.41 
1995 10	 110.23   27.08   14.34    7.76 
1995 11	 152.45   20.91    9.42    6.32 
1995 12	 205.55   16.94    7.30    6.91 
1996 1	  92.75   16.74    4.11    6.87 
1996 2	  35.92   17.53    6.55    6.28 
1996 3	  18.23   18.90    6.70    6.93 
1996 4	  57.50   24.20   13.22    6.17 
1996 5	  26.83   29.69   20.74    5.02 
1996 6	 192.88   31.71   21.64    3.40 
1996 7	 149.12   33.13   23.73    3.46 
1996 8	 186.50   32.02   22.89    3.64 
1996 9	 229.32   30.32   20.43    3.84 
1996 10	 140.90   26.15   15.30    7.17 
1996 11	  82.90   21.61   11.28    7.22 
1996 12	  64.62   18.60    8.47    6.16 
1997 1	 109.35   14.98    5.58    6.52 
1997 2	 169.65   17.19    8.03    7.23 
1997 3	 114.85   23.48   13.78    5.71 
1997 4	 157.15   22.80   12.48    7.17 
1997 5	 122.78   28.05   18.82    4.73 
1997 6	  86.08   31.67   22.08    3.84 
1997 7	 117.40   34.08   23.73    2.68 
1997 8	  95.00   33.07   23.36    2.92 
1997 9	 146.72   32.05   20.99    3.84 
1997 10	  63.60   25.80   14.86    7.12 
1997 11	  93.03   19.11    7.90    6.20 
1997 12	 156.93   16.17    4.65    6.89 
1998 1	 235.45   18.03    8.45    5.78 
1998 2	  73.68   18.26    7.45    6.51 
1998 3	 133.75   20.39    9.74    7.52 
1998 4	  90.70   24.36   12.89    6.34 
1998 5	   0.88   30.30   20.03    4.48 
1998 6	  94.65   32.30   24.28    5.96 
1998 7	  54.85   34.26   24.33    3.35 
1998 8	 154.45   34.28   23.84    3.07 
1998 9	 336.58   32.12   23.38    7.79 
1998 10	 191.95   27.88   17.10    7.01 
1998 11	 107.30   22.48   13.32    5.48 
1998 12	 153.40   17.99    8.41    6.01 
1999 1	 149.55   19.06    8.00    6.90 
1999 2	  47.75   21.06    9.57    5.21 
1999 3	 134.55   21.92   10.81    5.98 
1999 4	  19.85   26.96   17.25    6.16 
1999 5	 128.45   29.21   18.57    4.38 
1999 6	 210.50   31.25   22.71    4.35 
1999 7	 113.90   32.43   23.73    3.40 
1999 8	  46.10   35.68   24.18    3.24 
1999 9	  67.33   31.65   18.76    5.20 
1999 10	  66.77   27.30   13.66    6.27 
1999 11	  18.30   23.87    8.79    5.56 
1999 12	 125.93   18.35    4.33    6.77 
2000 1	  38.00   18.62    6.76    6.62 
2000 2	  16.75   21.54    9.78    6.04 
2000 3	  67.73   24.37   12.91    5.27 
2000 4	 155.10   24.93   13.52    5.16 
2000 5	 196.07   29.17   21.25    5.35 
2000 6	 135.75   31.52   22.60    4.32 
2000 7	 129.40   34.01   22.96    3.15 
2000 8	  77.32   34.04   22.70    2.42 
2000 9	  73.47   31.99   19.62    5.65 
2000 10	  47.67   26.67   14.84    6.30 
2000 11	 262.22   19.41    8.93    6.65 
2000 12	  67.43   13.57    2.53    7.02 
2001 1	 148.00   13.70    3.99    6.08 
2001 2	  20.83   19.69    9.27    6.25 
2001 3	 212.85   19.42    8.52    6.23 
2001 4	  46.23   26.50   16.86    7.07 
2001 5	  57.15   29.19   19.21    5.06 
2001 6	 233.77   30.77   21.82    4.34 
2001 7	 105.30   33.12   24.07    2.88 
2001 8	 376.65   32.47   23.56    3.91 
2001 9	 182.38   29.38   20.44    5.47 
2001 10	 145.10   25.09   13.46    6.81 
2001 11	 187.35   24.15   11.42    6.15 
2001 12	 104.68   19.01    7.81    6.39 
2002 1	  91.55   17.52    6.21    6.51 
2002 2	  38.20   16.76    4.29    6.75 
2002 3	  80.45   21.09   10.34    7.31 
2002 4	  94.45   26.43   17.50    5.52 
2002 5	  51.27   28.43   19.22    6.39 
2002 6	 200.80   31.36   21.67    4.46 
2002 7	 210.68   32.73   23.31    3.09 
2002 8	 265.55   32.75   23.52    3.79 
2002 9	 172.12   30.17   21.72    6.58 
2002 10	 488.68   25.51   17.38    5.32 
2002 11	 121.03   19.92    8.58    6.52 
2002 12	 272.40   16.82    6.02    7.07 
2003 1	  41.35   14.19    3.18    6.41 
2003 2	 165.62   16.22    6.87    6.24 
2003 3	  69.82   20.26    9.37    4.25 
2003 4	  40.10   25.34   14.25    5.35 
2003 5	  14.45   30.32   20.64    5.44 
2003 6	 145.13   32.18   22.60    4.06 
2003 7	 142.40   32.38   23.57    4.08 
2003 8	 195.30   33.32   23.56    3.81 
2003 9	 205.12   30.31   20.07    5.00 
2003 10	 113.80   27.28   15.11    5.40 
2003 11	  82.00   23.87   11.78    6.83 
2003 12	  97.68   17.59    4.73    6.60 
2004 1	 208.60   16.32    6.61    6.36 
2004 2	 181.90   15.22    5.44    6.71 
2004 3	  74.15   23.24   12.76    5.94 
2004 4	 103.55   25.20   14.60    5.47 
2004 5	 246.98   28.30   20.07    5.75 
2004 6	 312.48   31.40   22.73    4.51 
2004 7	  82.90   33.27   23.61    2.73 
2004 8	  46.25   32.98   22.10    3.79 
2004 9	  61.22   32.38   20.80    5.22 
2004 10	 123.65   28.87   19.94    5.30 
2004 11	 248.85   22.04   12.67    6.52 
2004 12	  82.57   16.73    5.77    7.35 
2005 1	  92.58   17.98    8.17    5.99 
2005 2	 154.80   17.73    9.99    5.68 
2005 3	  72.33   20.60   10.73    5.21 
2005 4	  29.37   25.24   13.70    5.85 
2005 5	  69.95   29.31   17.70    4.69 
2005 6	  18.55   32.79   22.47    3.81 
2005 7	 261.78   32.89   23.41    3.87 
2005 8	 114.62   33.79   23.49    2.85 
2005 9	 225.62   33.35   22.47    5.28 
2005 10	  24.92   28.19   14.01    6.74 
2005 11	  77.82   23.57   11.06    6.49 
2005 12	  89.30   17.09    4.30    6.78 
2006 1	  59.05   20.34    7.18    5.98 
2006 2	  63.10   18.08    6.00    6.31 
2006 3	  26.22   23.72   12.38    6.80 
2006 4	  50.78   27.70   16.78    5.64 
2006 5	 137.95   29.31   18.07    5.07 
2006 6	 178.77   32.57   21.01    3.02 
2006 7	 274.97   32.10   23.49    2.80 
2006 8	 111.52   33.56   23.64    3.16 
2006 9	 118.85   31.09   19.28    3.65 
2006 10	 392.40   27.10   15.70    5.86 
2006 11	  39.80   22.50    9.13    6.78 
2006 12	 124.45   17.92    6.16    7.31 
2007 1	 235.47   14.95    5.74    7.09 
2007 2	  30.63   17.18    5.66    5.78 
2007 3	 112.50   23.78   12.47    5.77 
2007 4	 107.10   23.91   12.57    6.01 
2007 5	 112.85   29.03   18.63    5.51 
2007 6	 109.95   31.83   22.19    4.17 
2007 7	 342.95   31.42   23.22    3.78 
2007 8	 159.37   33.58   23.97    3.50 
2007 9	 187.40   31.25   21.24    4.35 
2007 10	  51.62   28.13   15.26    6.87 
2007 11	 152.45   21.94   10.69    5.31 
2007 12	  92.40   19.82    7.74    5.12 
2008 1	 177.38   15.58    4.84    7.56 
2008 2	  67.68   20.64    7.76    6.07 
2008 3	  82.20   22.45   10.67    7.19 
2008 4	  39.85   25.90   14.57    6.24 
2008 5	 112.68   29.14   19.29    5.42 
2008 6	 103.20   32.66   22.77    4.09 
2008 7	 110.30   33.60   22.60    3.80 
2008 8	 275.18   32.40   23.12    4.05 
2008 9	 141.70   30.32   19.38    6.25 
2008 10	  94.05   26.51   12.74    5.88 
2008 11	 100.05   22.08    8.36    6.33 
2008 12	  84.45   17.99    6.26    6.98 
2009 1	  14.20   18.29    4.82    6.13 
2009 2	  45.10   20.39    8.12    6.61 
2009 3	 149.62   21.83   10.49    6.59 
2009 4	 170.15   25.06   13.17    7.22 
2009 5	  62.38   28.83   19.39    5.55 
2009 6	  17.95   33.25   22.09    3.47 
2009 7	 221.67   33.84   23.64    2.96 
2009 8	  93.45   32.74   23.96    2.24 
2009 9	  98.40   29.54   21.41    3.93 
2009 10	 331.90   25.62   16.35    6.40 
2009 11	  55.38   20.72   10.41    6.66 
2009 12	 192.65   13.71    5.13    7.39 
2010 1	  78.82   13.80    3.43    6.93 
2010 2	 146.62   12.91    3.37    7.00 
2010 3	  57.78   19.11    7.50    6.04 
2010 4	   5.85   25.34   12.91    5.98 
2010 5	  52.80   30.46   20.31    4.45 
2010 6	 134.03   32.98   24.09    3.79 
2010 7	 195.20   32.36   24.20    4.63 
2010 8	  70.23   34.13   24.71    3.38 
2010 9	  47.58   32.26   22.48    5.55 
2010 10	  49.43   28.29   14.75    4.98 
2010 11	  94.70   21.14   10.58    6.09 
2010 12	  77.85   16.36    4.99    6.95 
