1949 1	  28.20   17.11    7.43    7.03 
1949 2	  64.60   20.66   12.51    6.38 
1949 3	  43.15   23.78   14.83    6.58 
1949 4	 135.10   25.23   15.93    6.43 
1949 5	   4.05   30.42   22.26    5.34 
1949 6	  31.60   33.41   24.06    5.22 
1949 7	 117.52   33.75   24.00    4.75 
1949 8	  35.07   33.80   22.87    3.95 
1949 9	 110.97   32.33   22.70    4.14 
1949 10	 165.50   28.27   18.77    5.81 
1949 11	   0.15   26.22   12.05    5.35 
1949 12	  47.90   21.67   13.74    6.90 
1950 1	  11.25   23.62   13.91    7.59 
1950 2	  62.45   23.55   12.98    5.90 
1950 3	  14.40   23.82   13.26    6.44 
1950 4	  66.08   26.50   18.05    6.86 
1950 5	  49.20   30.93   22.64    6.05 
1950 6	  43.50   32.72   23.58    5.02 
1950 7	  30.88   34.06   24.63    5.92 
1950 8	  13.18   34.95   23.44    3.95 
1950 9	  96.55   33.15   23.49    3.58 
1950 10	   0.25   30.93   19.39    5.27 
1950 11	   2.22   24.87   12.72    6.70 
1950 12	   0.15   22.61    8.62    6.42 
1951 1	  11.97   21.00    7.53    7.56 
1951 2	  22.17   20.26    9.56    8.06 
1951 3	  64.38   24.10   14.18    6.64 
1951 4	  21.17   26.57   16.85    5.88 
1951 5	  26.50   29.74   21.06    5.24 
1951 6	  96.30   32.56   24.61    6.46 
1951 7	  13.90   34.63   24.94    4.96 
1951 8	   6.10   35.27   24.88    4.62 
1951 9	 354.35   31.96   23.46    5.05 
1951 10	  28.15   29.37   19.88    5.05 
1951 11	  34.28   22.16   12.48    7.21 
1951 12	   4.30   22.05   11.29    7.39 
1952 1	   4.85   23.26   12.75    7.13 
1952 2	  10.50   23.82   10.94    6.45 
1952 3	  27.77   24.19   13.99    6.47 
1952 4	  70.73   25.72   15.87    6.17 
1952 5	  67.40   29.28   18.96    5.32 
1952 6	  20.60   32.04   23.64    4.95 
1952 7	  90.42   33.49   23.94    4.20 
1952 8	   2.88   34.57   24.47    4.39 
1952 9	 136.05   31.66   21.49    5.02 
1952 10	   0.00   27.86   13.69    5.64 
1952 11	  70.20   21.97   13.32    7.01 
1952 12	  19.48   19.45    8.95    6.26 
1953 1	   5.73   23.56    8.50    6.68 
1953 2	  32.85   20.33   10.25    6.98 
1953 3	   6.78   26.64   17.61    6.20 
1953 4	  10.50   29.01   17.88    6.22 
1953 5	  24.92   30.99   21.32    5.98 
1953 6	   5.83   34.97   24.72    4.64 
1953 7	   5.78   36.03   25.26    4.49 
1953 8	 357.73   33.78   24.10    3.35 
1953 9	  22.00   33.06   21.09    5.07 
1953 10	 120.60   28.74   18.63    5.50 
1953 11	  13.77   23.82   12.64    5.60 
1953 12	  32.57   18.14    7.45    6.88 
1954 1	   7.90   20.94    9.85    6.05 
1954 2	   0.82   25.77   10.84    5.86 
1954 3	  10.25   24.43   12.96    6.83 
1954 4	  83.17   28.29   18.98    6.37 
1954 5	  21.67   29.20   19.28    5.81 
1954 6	  73.98   32.85   23.50    5.85 
1954 7	   7.10   35.39   23.59    4.87 
1954 8	  20.02   35.20   24.70    4.99 
1954 9	  82.78   34.13   23.67    4.77 
1954 10	 112.13   29.58   18.89    5.80 
1954 11	   4.47   25.01   12.04    5.79 
1954 12	   5.85   23.28   10.05    5.80 
1955 1	  21.93   20.10    8.99    6.60 
1955 2	  32.55   20.98   10.51    7.44 
1955 3	   1.88   24.84   14.41    7.05 
1955 4	   1.30   29.29   18.91    5.98 
1955 5	  48.00   31.71   22.05    6.30 
1955 6	  12.90   33.22   22.49    5.69 
1955 7	  21.67   34.14   24.29    5.28 
1955 8	  21.48   34.37   24.03    3.89 
1955 9	 283.50   31.21   23.43    5.11 
1955 10	  46.53   28.85   16.27    5.64 
1955 11	  58.90   22.79   13.02    6.91 
1955 12	  11.05   20.72    9.57    6.01 
1956 1	  13.40   20.76    8.61    5.90 
1956 2	  19.67   22.21   11.74    7.20 
1956 3	   3.22   24.11   13.46    6.03 
1956 4	 176.47   26.71   17.51    6.24 
1956 5	  80.15   29.71   21.00    5.61 
1956 6	  18.92   33.27   22.87    4.70 
1956 7	  17.95   34.03   23.43    4.93 
1956 8	  27.10   34.42   23.93    4.28 
1956 9	  19.17   33.20   21.40    4.64 
1956 10	  83.07   30.31   18.92    4.40 
1956 11	  22.02   23.25   10.71    6.64 
1956 12	  19.27   22.02    9.95    5.96 
1957 1	   6.70   20.61   10.41    6.34 
1957 2	  38.95   24.08   14.78    4.68 
1957 3	  62.20   24.35   14.07    5.74 
1957 4	  72.45   26.65   17.90    7.00 
1957 5	 125.93   29.53   21.63    6.68 
1957 6	 135.15   31.74   23.43    5.34 
1957 7	   0.00   34.62   24.05    4.45 
1957 8	  46.48   34.94   24.40    4.57 
1957 9	  69.80   31.58   21.57    4.39 
1957 10	  13.57   27.65   17.18    5.99 
1957 11	 130.70   21.99   12.63    7.28 
1957 12	  13.95   22.34   10.20    6.77 
1958 1	 254.55   17.67    7.57    7.02 
1958 2	 127.37   18.39    8.97    6.39 
1958 3	  22.35   20.44   11.05    6.51 
1958 4	  11.73   27.53   16.91    5.49 
1958 5	  36.92   30.29   20.37    4.06 
1958 6	  27.73   33.54   24.39    5.33 
1958 7	  37.72   34.39   25.04    4.89 
1958 8	  35.45   35.22   24.55    4.03 
1958 9	 227.75   31.35   23.79    4.36 
1958 10	 191.80   25.63   18.53    5.66 
1958 11	  22.08   23.17   14.26    5.43 
1958 12	  79.63   18.33    7.51    6.27 
1959 1	  40.95   16.08    6.66    6.84 
1959 2	 110.42   18.16   10.19    5.98 
1959 3	   7.40   22.84   12.27    6.54 
1959 4	  49.33   24.54   15.68    5.91 
1959 5	 103.50   30.14   21.80    5.31 
1959 6	 140.77   32.18   23.52    4.55 
1959 7	  50.58   34.02   23.94    3.57 
1959 8	 143.38   33.36   24.32    3.80 
1959 9	  42.45   32.43   23.56    5.02 
1959 10	 159.30   28.31   18.90    5.23 
1959 11	  21.45   21.53    8.72    6.80 
1959 12	  38.85   21.00    9.32    6.02 
1960 1	  40.55   17.76    8.72    6.24 
1960 2	  38.78   19.40    6.86    6.80 
1960 3	  45.22   20.33   10.61    6.06 
1960 4	  78.15   26.59   17.47    6.14 
1960 5	  42.88   28.31   19.82    5.97 
1960 6	 124.80   32.94   23.28    4.43 
1960 7	  27.82   34.36   24.35    3.50 
1960 8	 155.05   33.42   24.74    4.60 
1960 9	  52.50   32.25   20.95    4.12 
1960 10	 283.48   29.33   19.82    5.06 
1960 11	  58.52   23.78   14.57    5.53 
1960 12	 181.75   17.00    8.46    6.16 
1961 1	  52.65   15.43    6.24    6.34 
1961 2	  65.50   20.70    9.80    6.00 
1961 3	   1.45   25.31   15.06    6.59 
1961 4	  77.22   26.42   16.12    5.93 
1961 5	   0.00   30.56   21.50    5.96 
1961 6	 133.85   31.97   23.29    5.00 
1961 7	 127.75   33.17   23.98    4.86 
1961 8	  71.55   33.59   23.16    2.79 
1961 9	  91.52   31.00   22.70    6.43 
1961 10	   3.38   28.94   17.26    5.90 
1961 11	  32.52   22.40   11.84    6.52 
1961 12	  16.52   20.91    9.59    5.67 
1962 1	   5.77   17.01    3.66    7.05 
1962 2	   1.65   25.67   14.06    6.03 
1962 3	  11.70   23.22   11.18    6.44 
1962 4	  26.45   27.45   17.27    6.73 
1962 5	  14.75   30.43   20.84    6.37 
1962 6	  92.40   32.69   23.18    4.73 
1962 7	   0.62   34.85   24.49    3.98 
1962 8	  18.98   35.98   24.95    3.29 
1962 9	 106.65   33.09   23.74    4.00 
1962 10	  15.32   31.45   20.93    5.42 
1962 11	  33.25   24.48   12.47    6.26 
1962 12	  64.20   18.50    8.77    5.82 
1963 1	   4.68   16.18    3.93    6.51 
1963 2	  30.35   20.75    6.74    6.42 
1963 3	   2.08   26.17   15.25    5.96 
1963 4	   8.15   29.81   20.24    6.53 
1963 5	  19.62   30.73   21.72    5.24 
1963 6	  77.98   33.41   23.88    5.15 
1963 7	  17.42   33.80   24.91    4.91 
1963 8	  64.45   34.86   24.58    3.67 
1963 9	  52.30   32.93   22.63    4.07 
1963 10	  65.73   29.34   19.32    5.50 
1963 11	  44.95   24.96   14.63    6.69 
1963 12	  21.22   15.81    5.32    7.23 
1964 1	  37.65   19.36    7.81    5.95 
1964 2	  42.70   18.45    6.07    5.73 
1964 3	  29.92   23.57   12.55    6.24 
1964 4	   2.10   28.44   19.17    6.41 
1964 5	 114.12   30.92   21.45    5.24 
1964 6	  14.85   32.72   22.66    4.88 
1964 7	  75.67   34.78   23.82    4.33 
1964 8	  14.35   35.48   24.44    4.52 
1964 9	 155.65   32.47   22.67    4.28 
1964 10	   8.05   28.40   14.78    6.33 
1964 11	   8.05   25.82   14.49    6.56 
1964 12	  64.40   19.48    8.75    6.80 
1965 1	  25.23   21.34    9.27    6.16 
1965 2	 107.50   18.93    8.24    7.21 
1965 3	  26.55   21.37    9.86    7.28 
1965 4	  18.65   27.79   18.92    6.42 
1965 5	 104.32   29.56   22.20    6.78 
1965 6	  38.42   32.92   23.42    4.99 
1965 7	  29.43   35.13   23.55    3.69 
1965 8	  58.90   33.70   23.63    3.59 
1965 9	  54.78   33.94   22.81    5.05 
1965 10	  38.08   27.46   15.64    5.65 
1965 11	  53.42   27.23   16.95    4.65 
1965 12	  88.30   21.56   12.20    6.48 
1966 1	  61.53   15.09    5.53    7.19 
1966 2	  30.93   17.79    7.11    6.43 
1966 3	  16.42   23.55   12.44    5.81 
1966 4	 125.12   26.92   17.81    6.09 
1966 5	 184.93   28.18   20.53    4.69 
1966 6	 107.07   31.24   22.09    4.54 
1966 7	  38.80   33.75   23.97    3.86 
1966 8	  89.43   34.25   24.48    4.54 
1966 9	  64.85   32.47   22.13    3.23 
1966 10	  21.15   28.72   16.45    5.68 
1966 11	   2.45   25.95   13.36    6.20 
1966 12	   3.95   20.77    8.24    6.57 
1967 1	  68.05   18.72    8.02    6.74 
1967 2	  58.60   20.00    8.34    6.86 
1967 3	   2.23   25.47   15.84    5.68 
1967 4	   5.25   29.64   21.29    7.02 
1967 5	  60.95   30.87   21.15    6.93 
1967 6	   6.93   33.20   23.56    5.69 
1967 7	  31.08   34.16   24.32    5.05 
1967 8	 115.70   32.15   22.95    4.29 
1967 9	 510.27   29.29   21.25    5.52 
1967 10	  70.23   27.40   16.43    5.46 
1967 11	   9.05   23.77   13.98    5.35 
1967 12	  19.35   19.10    8.08    6.27 
1968 1	  60.75   16.29    7.27    6.53 
1968 2	  61.08   16.86    6.34    5.83 
1968 3	  25.57   20.91   10.80    6.93 
1968 4	  21.03   26.61   18.02    6.98 
1968 5	 247.07   29.12   21.46    6.05 
1968 6	 211.30   30.60   23.27    4.85 
1968 7	 140.18   32.16   23.75    4.66 
1968 8	  20.25   33.65   23.84    4.32 
1968 9	 156.70   30.72   21.75    4.91 
1968 10	  80.55   28.77   19.05    5.66 
1968 11	  36.25   23.21   11.58    7.14 
1968 12	   4.53   21.00    9.00    7.30 
1969 1	  10.30   20.27    9.73    6.35 
1969 2	  94.18   20.23   11.38    6.62 
1969 3	  16.78   20.12    9.36    7.12 
1969 4	  83.43   26.78   17.14    6.25 
1969 5	  76.72   29.31   19.35    5.55 
1969 6	   7.10   33.12   23.10    5.67 
1969 7	   8.18   35.78   25.09    4.99 
1969 8	  71.47   34.75   24.64    4.12 
1969 9	  92.18   32.43   22.80    4.81 
1969 10	  81.75   28.44   18.37    7.57 
1969 11	 143.80   23.13   11.56    6.96 
1969 12	  46.58   21.75   10.82    5.64 
1970 1	  50.70   15.29    6.15    6.93 
1970 2	  26.60   20.73    9.61    6.84 
1970 3	  45.38   21.74   10.90    6.52 
1970 4	   9.62   27.89   18.14    6.78 
1970 5	 121.62   28.84   18.84    6.54 
1970 6	 174.45   31.44   22.47    5.40 
1970 7	  38.70   33.07   23.62    4.22 
1970 8	 179.10   33.99   24.28    4.15 
1970 9	 201.82   31.11   23.07    6.06 
1970 10	  75.10   27.87   16.76    6.62 
1970 11	  21.40   24.08   10.73    6.83 
1970 12	   8.88   24.14   13.88    6.32 
1971 1	   0.35   22.39   10.92    6.76 
1971 2	   8.45   23.08   10.35    7.03 
1971 3	   0.15   26.90   13.58    6.73 
1971 4	  50.15   26.75   16.39    6.42 
1971 5	 103.00   30.24   21.22    6.43 
1971 6	  32.58   32.62   23.90    5.88 
1971 7	   5.65   35.08   23.81    4.81 
1971 8	 292.22   32.71   23.76    4.10 
1971 9	 369.38   30.96   23.18    4.84 
1971 10	 133.62   29.00   20.19    5.65 
1971 11	   8.72   25.52   13.78    6.31 
1971 12	  67.68   22.61   13.36    5.85 
1972 1	  34.70   22.16   10.03    6.58 
1972 2	  89.72   21.38   10.24    6.39 
1972 3	  34.00   26.11   15.94    5.81 
1972 4	  36.00   29.76   19.46    6.29 
1972 5	 135.73   29.41   20.34    4.76 
1972 6	  97.72   32.26   23.30    5.49 
1972 7	  72.72   33.45   24.10    4.99 
1972 8	  96.10   33.60   23.95    4.92 
1972 9	 193.47   33.13   23.81    4.29 
1972 10	  10.03   29.36   19.11    6.21 
1972 11	  57.77   20.32   10.72    6.88 
1972 12	   5.03   19.12    6.62    6.57 
1973 1	  54.18   15.96    5.13    6.90 
1973 2	  39.08   18.22    7.68    7.19 
1973 3	   5.57   25.92   14.75    5.87 
1973 4	  46.05   25.19   16.07    7.35 
1973 5	  16.05   30.45   19.52    6.35 
1973 6	 343.38   30.94   23.37    5.81 
1973 7	  16.60   34.27   24.45    4.77 
1973 8	 120.57   32.81   23.81    4.24 
1973 9	 196.20   31.94   23.33    4.73 
1973 10	 250.50   29.15   19.89    5.82 
1973 11	   7.75   27.92   17.00    6.65 
1973 12	   3.25   22.75    8.10    7.13 
1974 1	  47.08   18.82    9.17    5.26 
1974 2	   0.00   23.53    9.05    6.87 
1974 3	 126.25   25.92   16.53    6.48 
1974 4	  10.62   27.77   18.06    7.03 
1974 5	 100.03   31.45   22.48    5.33 
1974 6	  74.97   32.11   22.29    5.69 
1974 7	  10.35   34.35   23.29    4.15 
1974 8	  27.60   34.39   24.59    4.36 
1974 9	 102.50   30.77   20.57    6.37 
1974 10	  87.33   28.68   17.95    6.62 
1974 11	  45.33   23.06   12.33    6.13 
1974 12	  23.05   19.05    8.66    6.04 
1975 1	  48.67   21.33    9.20    5.74 
1975 2	  10.35   21.97    8.94    5.79 
1975 3	   4.22   25.69   13.44    6.26 
1975 4	   4.33   28.23   18.70    6.58 
1975 5	  58.00   31.02   22.39    5.63 
1975 6	  46.95   32.95   23.82    5.67 
1975 7	  83.90   33.91   24.04    4.20 
1975 8	 154.02   32.95   24.19    4.37 
1975 9	 157.00   30.96   21.09    4.64 
1975 10	  64.55   29.27   17.44    6.00 
1975 11	  26.40   25.22   13.06    6.45 
1975 12	  39.65   20.61    8.74    6.73 
1976 1	   4.75   20.30    6.61    6.81 
1976 2	   0.10   24.78   11.02    6.55 
1976 3	   4.43   25.18   15.06    6.93 
1976 4	  99.28   27.23   18.51    6.49 
1976 5	 146.28   28.16   18.80    5.32 
1976 6	  30.17   32.29   22.82    5.27 
1976 7	 280.68   31.37   23.40    5.05 
1976 8	  27.77   34.00   22.92    3.50 
1976 9	  84.97   32.51   22.20    4.26 
1976 10	 181.22   24.83   14.00    6.05 
1976 11	 116.43   18.66    9.04    7.52 
1976 12	  65.25   16.99    7.25    6.74 
1977 1	  80.90   14.00    5.01    6.10 
1977 2	  37.55   20.34    8.60    6.31 
1977 3	  25.83   24.75   13.07    6.15 
1977 4	 144.48   27.35   16.07    5.41 
1977 5	  52.77   29.58   21.73    5.33 
1977 6	  79.50   32.85   23.61    4.88 
1977 7	  19.25   34.29   24.19    4.49 
1977 8	   9.95   35.60   25.08    4.50 
1977 9	  27.85   35.37   23.90    4.56 
1977 10	 117.80   29.78   18.41    5.06 
1977 11	  47.25   25.88   13.50    5.92 
1977 12	   5.93   23.16    9.32    6.54 
1978 1	  52.10   14.00    4.41    7.13 
1978 2	  22.22   15.92    5.26    6.69 
1978 3	   1.17   24.59   10.71    5.82 
1978 4	  54.67   27.16   17.24    6.21 
1978 5	  34.72   31.69   22.09    5.50 
1978 6	 267.85   33.24   23.91    4.52 
1978 7	  85.97   35.01   24.50    4.43 
1978 8	  32.77   34.19   24.20    4.60 
1978 9	 242.77   31.42   23.34    5.47 
1978 10	  64.85   28.46   17.09    5.68 
1978 11	  16.20   24.95   14.85    6.25 
1978 12	  44.62   20.58    8.89    6.91 
1979 1	  93.58   15.50    5.25    7.29 
1979 2	  23.55   19.00    7.86    6.33 
1979 3	  39.03   24.98   14.52    6.51 
1979 4	 121.40   27.62   18.84    5.42 
1979 5	 100.32   29.59   19.58    6.12 
1979 6	  79.43   32.48   22.71    4.98 
1979 7	 103.70   34.36   24.79    4.91 
1979 8	  62.77   34.12   24.40    4.09 
1979 9	 329.28   30.50   21.07    6.14 
1979 10	   9.93   30.54   17.64    5.31 
1979 11	   6.17   23.53   10.74    7.77 
1979 12	  25.45   20.33    8.76    6.90 
1980 1	  35.88   21.14    9.28    5.96 
1980 2	  24.57   19.92    8.55    6.55 
1980 3	  17.20   25.05   13.72    6.19 
1980 4	   5.60   27.33   14.69    6.23 
1980 5	  78.53   30.25   21.25    5.51 
1980 6	   1.75   34.18   24.04    5.36 
1980 7	  58.40   35.58   24.48    3.80 
1980 8	 327.40   32.96   24.40    5.51 
1980 9	 147.95   33.28   23.26    4.50 
1980 10	  26.93   27.37   16.55    6.41 
1980 11	  80.40   21.63    9.70    6.48 
1980 12	   7.25   19.64    8.95    5.90 
1981 1	  63.90   18.35    7.57    5.90 
1981 2	  46.45   20.48    9.30    6.32 
1981 3	  55.03   23.16   12.29    6.05 
1981 4	  36.70   28.26   19.34    6.12 
1981 5	 208.95   29.74   20.22    5.74 
1981 6	 118.30   32.01   24.30    5.51 
1981 7	 131.80   33.40   24.02    4.93 
1981 8	 139.15   34.08   23.78    4.09 
1981 9	  17.52   32.56   21.65    5.02 
1981 10	 248.02   29.39   18.72    6.07 
1981 11	   3.47   26.17   14.20    6.23 
1981 12	  23.70   21.31    9.02    6.51 
1982 1	   1.33   20.78    7.22    7.34 
1982 2	 196.38   18.96    7.49    6.44 
1982 3	  11.47   24.05   14.25    6.68 
1982 4	  29.45   27.03   17.29    6.33 
1982 5	 119.90   28.89   20.70    6.38 
1982 6	  20.77   33.46   23.26    5.27 
1982 7	   0.12   34.93   23.74    4.90 
1982 8	  27.60   35.27   24.06    4.26 
1982 9	  13.30   34.02   21.98    4.97 
1982 10	  41.87   28.72   17.81    5.95 
1982 11	  91.45   23.35   13.02    5.98 
1982 12	  16.40   20.13    9.06    6.57 
1983 1	  19.65   18.48    7.08    5.58 
1983 2	  75.00   20.43    8.20    6.52 
1983 3	  68.32   23.80   11.53    5.45 
1983 4	   0.00   27.40   14.23    6.89 
1983 5	  66.88   29.06   20.09    6.24 
1983 6	  80.90   33.00   22.03    4.81 
1983 7	 203.07   33.18   24.01    4.85 
1983 8	  69.30   34.84   23.91    3.56 
1983 9	 165.47   32.12   21.62    5.53 
1983 10	  99.65   28.86   18.09    5.16 
1983 11	  38.40   25.97   13.84    6.49 
1983 12	  18.07   15.09    3.86    7.25 
1984 1	 155.53   15.13    6.23    6.68 
1984 2	   9.40   21.38    8.96    6.48 
1984 3	   4.10   25.40   12.89    6.14 
1984 4	   0.25   29.97   16.37    6.26 
1984 5	  48.67   30.59   19.53    6.66 
1984 6	  11.88   33.11   22.39    5.98 
1984 7	  22.75   34.61   22.92    4.57 
1984 8	  23.72   34.81   23.21    4.60 
1984 9	  64.00   30.72   21.13    6.27 
1984 10	 195.90   28.87   20.13    6.16 
1984 11	  54.80   23.99   12.72    6.79 
1984 12	  37.75   23.69   13.77    6.48 
1985 1	  70.40   15.19    3.91    6.25 
1985 2	  74.83   16.79    7.45    6.73 
1985 3	  49.62   23.86   15.64    6.45 
1985 4	 103.02   27.18   17.49    6.48 
1985 5	  75.92   30.24   20.55    4.80 
1985 6	 101.87   31.14   22.46    5.39 
1985 7	  30.20   33.69   22.63    4.72 
1985 8	  56.82   35.28   23.49    4.05 
1985 9	 209.57   31.67   22.47    5.37 
1985 10	  95.60   28.83   19.17    7.06 
1985 11	  47.98   25.12   16.11    6.37 
1985 12	  38.15   18.45    7.73    6.56 
1986 1	  40.85   20.38    7.90    6.18 
1986 2	  27.25   23.24   10.38    6.15 
1986 3	   3.62   25.86   12.02    5.79 
1986 4	  17.33   28.25   19.11    6.02 
1986 5	 125.23   29.42   20.66    5.98 
1986 6	  80.20   32.25   23.12    4.57 
1986 7	   5.60   34.70   23.12    4.81 
1986 8	 106.60   34.28   23.52    3.95 
1986 9	  35.25   33.71   23.77    5.31 
1986 10	 122.25   28.32   18.15    6.10 
1986 11	  97.23   23.10   13.36    6.78 
1986 12	 102.98   17.13    9.05    6.80 
1987 1	  51.08   18.26    7.33    5.94 
1987 2	 137.93   20.60   10.29    6.08 
1987 3	  10.80   22.89   10.69    5.91 
1987 4	  25.80   27.63   12.85    4.96 
1987 5	 118.62   30.30   21.28    5.47 
1987 6	 145.65   31.62   22.97    4.88 
1987 7	  92.50   33.38   23.80    4.78 
1987 8	  67.93   34.49   24.09    4.76 
1987 9	  31.45   33.18   22.00    5.14 
1987 10	  36.95   29.34   16.33    5.91 
1987 11	  44.95   23.40   12.19    6.87 
1987 12	  21.75   21.26   10.19    6.66 
1988 1	  19.65   17.05    5.76    7.12 
1988 2	  29.42   20.19    8.02    6.63 
1988 3	  23.93   24.15   11.54    6.72 
1988 4	  14.05   28.74   15.48    5.00 
1988 5	  28.78   30.40   19.25    5.53 
1988 6	  37.27   33.18   21.80    4.63 
1988 7	  74.30   35.11   24.28    4.61 
1988 8	  49.10   35.37   24.23    3.88 
1988 9	 144.52   32.67   21.91    5.86 
1988 10	  55.92   29.95   17.73    5.17 
1988 11	   2.82   27.10   14.71    7.22 
1988 12	  19.92   22.22    9.89    7.00 
1989 1	  48.63   21.69   11.31    5.87 
1989 2	  15.70   19.03    9.38    7.95 
1989 3	   6.12   25.42   11.63    6.63 
1989 4	  80.75   28.11   16.65    5.86 
1989 5	   4.17   32.39   23.26    6.32 
1989 6	  72.50   33.94   23.30    5.74 
1989 7	  24.75   34.99   23.24    4.56 
1989 8	  45.10   34.66   23.50    4.56 
1989 9	  77.55   32.45   20.33    5.71 
1989 10	   4.50   30.06   16.87    5.78 
1989 11	  46.05   25.33   14.85    6.19 
1989 12	  38.75   15.00    3.05    7.68 
1990 1	  13.70   22.01   11.00    6.27 
1990 2	 108.43   23.40   11.69    6.25 
1990 3	  79.07   24.13   14.45    7.03 
1990 4	  91.05   26.92   18.38    6.82 
1990 5	  39.12   30.38   22.39    6.50 
1990 6	  18.40   34.48   24.11    5.56 
1990 7	  55.35   33.78   23.50    4.50 
1990 8	  14.17   35.46   24.10    4.17 
1990 9	  66.72   32.96   22.50    4.18 
1990 10	  30.50   29.41   16.17    5.86 
1990 11	  32.60   26.02   14.39    6.73 
1990 12	  13.07   20.71    8.18    6.35 
1991 1	  47.78   16.63    7.36    6.09 
1991 2	  58.07   21.53   10.69    6.31 
1991 3	  39.33   26.89   14.64    6.88 
1991 4	  97.57   28.30   19.90    5.91 
1991 5	 136.95   30.19   21.89    5.42 
1991 6	 177.82   32.99   23.81    5.00 
1991 7	  23.73   33.77   23.90    4.27 
1991 8	  78.23   35.00   24.39    4.11 
1991 9	 219.05   30.63   21.66    4.68 
1991 10	  47.12   29.63   18.50    5.40 
1991 11	  12.68   21.31   10.81    7.79 
1991 12	 221.75   20.10   12.55    6.82 
1992 1	 125.20   16.21    9.00    6.62 
1992 2	 112.02   21.70   11.91    5.94 
1992 3	 103.53   24.64   14.53    6.10 
1992 4	  90.92   26.31   16.62    5.33 
1992 5	 185.03   28.06   19.51    5.52 
1992 6	  33.65   32.55   23.07    4.30 
1992 7	  18.10   33.70   24.13    5.69 
1992 8	  67.55   33.78   22.94    3.09 
1992 9	  91.27   32.71   22.60    4.91 
1992 10	  26.50   29.93   17.66    5.51 
1992 11	 124.70   22.53   12.06    6.96 
1992 12	  26.02   21.01   11.17    5.13 
1993 1	  13.43   18.57    8.15    5.52 
1993 2	  54.75   20.97   11.22    6.50 
1993 3	  83.03   23.68   12.91    4.93 
1993 4	  73.00   26.12   15.85    6.61 
1993 5	 207.57   28.51   19.08    5.22 
1993 6	 290.70   31.01   23.77    5.84 
1993 7	   5.65   33.26   24.14    5.46 
1993 8	  17.15   34.70   23.81    4.28 
1993 9	  35.30   33.59   22.92    4.83 
1993 10	  44.12   28.98   17.05    6.59 
1993 11	  18.05   22.07   10.68    6.48 
1993 12	 103.70   21.04   10.19    5.91 
1994 1	  25.28   20.24    9.27    7.09 
1994 2	  24.93   20.53    9.92    7.09 
1994 3	  84.97   24.05   13.61    5.68 
1994 4	  94.65   26.57   17.65    5.83 
1994 5	  51.07   29.71   20.72    5.28 
1994 6	  83.32   32.88   23.53    4.77 
1994 7	  16.78   34.31   23.99    5.16 
1994 8	  45.73   34.02   23.67    4.17 
1994 9	 146.65   31.79   20.54    4.01 
1994 10	 185.47   28.69   19.07    5.80 
1994 11	   7.07   26.56   16.44    6.25 
1994 12	 162.05   21.36   12.21    6.03 
1995 1	  18.10   19.55    9.42    6.95 
1995 2	  56.42   22.85   10.66    5.77 
1995 3	 122.45   22.21   13.45    5.76 
1995 4	   9.92   27.39   16.40    6.62 
1995 5	  71.20   30.68   22.17    6.19 
1995 6	  71.10   31.99   22.30    5.06 
1995 7	  11.02   35.20   23.82    4.25 
1995 8	 162.38   33.65   24.73    3.61 
1995 9	  98.70   33.20   22.47    4.44 
1995 10	 201.73   29.16   17.51    7.54 
1995 11	  84.25   23.21   13.24    6.02 
1995 12	  21.95   19.85   11.52    7.21 
1996 1	   0.12   21.27    6.41    7.23 
1996 2	   1.02   22.14    9.80    7.00 
1996 3	   4.47   22.26   10.01    6.83 
1996 4	  33.47   27.38   14.88    6.62 
1996 5	  20.15   30.93   23.23    6.35 
1996 6	  56.08   33.89   23.23    5.06 
1996 7	   6.60   35.31   24.12    4.88 
1996 8	 208.12   34.11   23.97    5.06 
1996 9	  78.55   32.33   22.65    4.71 
1996 10	  20.45   29.67   18.90    6.23 
1996 11	  29.73   25.53   13.87    6.73 
1996 12	  21.65   21.86    9.82    6.18 
1997 1	  17.65   16.88    7.01    6.73 
1997 2	  20.08   20.11   10.01    6.61 
1997 3	 116.90   24.63   15.10    5.02 
1997 4	 140.48   25.01   15.45    6.34 
1997 5	 112.58   29.14   19.99    4.66 
1997 6	  62.88   32.66   22.63    4.77 
1997 7	   5.43   35.13   23.81    3.76 
1997 8	  20.98   35.61   24.18    3.96 
1997 9	  70.67   33.74   22.47    3.98 
1997 10	 339.48   27.24   18.17    6.42 
1997 11	  64.15   20.92   11.92    6.05 
1997 12	   6.68   20.06    6.81    6.60 
1998 1	  27.85   22.58   10.67    5.96 
1998 2	  72.70   21.96   10.41    6.21 
1998 3	  66.73   23.12   13.01    7.33 
1998 4	   2.57   27.53   15.17    5.93 
1998 5	   0.00   31.59   21.30    5.14 
1998 6	   7.50   34.40   25.54    6.46 
1998 7	  13.55   35.89   25.01    4.76 
1998 8	 103.23   34.82   24.61    4.18 
1998 9	 199.72   32.19   23.88    4.52 
1998 10	 218.57   28.27   19.89    7.21 
1998 11	  75.18   24.37   16.40    6.18 
1998 12	  24.60   19.80    9.62    6.84 
1999 1	  10.90   22.53    9.69    7.34 
1999 2	   8.78   24.98   12.98    6.10 
1999 3	  55.95   25.37   14.89    6.54 
1999 4	  23.85   28.27   19.23    6.96 
1999 5	  59.55   30.53   21.31    5.43 
1999 6	 133.27   32.63   23.91    5.12 
1999 7	  97.72   33.11   23.37    4.45 
1999 8	 181.65   34.87   23.55    3.12 
1999 9	 108.80   32.19   20.96    4.68 
1999 10	  41.62   28.44   16.22    6.16 
1999 11	  10.92   26.22   12.47    5.78 
1999 12	   3.78   21.49    7.89    6.88 
2000 1	  25.12   23.02   10.62    6.41 
2000 2	  15.82   25.00   13.96    6.61 
2000 3	  81.88   26.25   17.09    5.58 
2000 4	  22.60   28.26   17.46    5.92 
2000 5	 111.75   30.96   22.66    6.27 
2000 6	  55.72   32.65   23.49    5.72 
2000 7	  12.00   35.90   23.44    3.96 
2000 8	  23.50   35.39   23.51    3.71 
2000 9	  53.43   34.22   21.39    4.87 
2000 10	  77.72   28.25   18.26    6.05 
2000 11	 111.85   22.34   12.53    6.24 
2000 12	  17.98   17.39    6.25    6.82 
2001 1	  39.40   17.66    7.56    6.12 
2001 2	  20.00   22.41   12.50    6.39 
2001 3	  61.70   22.05   10.64    5.52 
2001 4	   2.65   28.56   18.90    6.99 
2001 5	  48.57   30.72   20.61    5.47 
2001 6	 100.20   33.78   23.17    4.31 
2001 7	  38.55   34.69   23.94    4.12 
2001 8	 222.23   35.09   24.66    4.63 
2001 9	 127.35   31.39   21.97    5.58 
2001 10	  53.97   28.55   17.35    5.98 
2001 11	 198.02   24.57   14.64    5.98 
2001 12	  42.25   20.44   10.50    5.97 
2002 1	   7.12   21.43    9.44    6.53 
2002 2	   7.00   20.22    6.67    6.61 
2002 3	   1.72   24.72   12.91    6.76 
2002 4	   4.35   29.72   20.43    5.63 
2002 5	  71.50   31.17   21.54    6.39 
2002 6	  44.65   33.49   23.24    4.53 
2002 7	  81.32   33.58   24.27    4.87 
2002 8	  67.30   35.26   24.07    3.77 
2002 9	 218.27   31.85   21.94    5.03 
2002 10	 258.50   28.22   19.55    5.22 
2002 11	  54.20   22.11   11.46    6.41 
2002 12	  77.05   19.92    9.35    6.94 
2003 1	  26.45   17.13    6.66    5.93 
2003 2	  38.60   18.74    9.16    6.62 
2003 3	  42.70   22.74   12.61    4.66 
2003 4	   4.20   27.36   17.72    5.71 
2003 5	   0.70   32.34   22.66    5.70 
2003 6	  72.03   33.26   23.26    4.17 
2003 7	 150.48   33.19   23.85    5.04 
2003 8	  49.40   34.94   23.32    3.58 
2003 9	 255.15   30.43   21.93    4.64 
2003 10	  88.10   28.23   18.11    5.48 
2003 11	  37.35   25.34   14.54    6.74 
2003 12	  13.58   21.69    7.87    6.45 
2004 1	  50.85   19.15   10.50    6.59 
2004 2	  59.30   19.49    9.18    6.48 
2004 3	  31.98   25.87   16.85    5.72 
2004 4	 220.08   26.24   17.25    6.40 
2004 5	 134.10   28.65   20.65    6.36 
2004 6	  95.23   32.44   23.52    5.41 
2004 7	  22.70   33.79   23.67    4.29 
2004 8	  33.65   34.86   23.60    4.07 
2004 9	 175.22   31.98   22.46    3.26 
2004 10	  36.80   31.93   21.16    5.69 
2004 11	  38.83   25.53   13.98    6.15 
2004 12	  13.50   20.25    7.26    6.53 
2005 1	  28.92   21.27   10.43    5.93 
2005 2	  84.93   20.89   12.87    6.26 
2005 3	  68.30   24.42   13.46    5.08 
2005 4	   5.07   28.42   16.42    5.54 
2005 5	  57.43   30.06   20.20    5.09 
2005 6	  34.03   32.93   22.99    4.87 
2005 7	  66.65   35.13   23.98    4.41 
2005 8	  11.43   36.57   24.44    4.11 
2005 9	  86.10   34.74   23.66    4.70 
2005 10	  73.90   29.11   17.55    5.97 
2005 11	 101.18   26.33   13.50    6.75 
2005 12	   6.95   20.67    8.48    6.79 
2006 1	   7.30   24.03   10.04    6.09 
2006 2	   2.68   23.34    9.22    6.58 
2006 3	  18.27   26.98   16.38    6.82 
2006 4	   7.33   30.51   19.90    5.91 
2006 5	  97.90   32.79   21.38    5.93 
2006 6	 197.40   33.05   22.91    3.52 
2006 7	 140.15   32.84   24.05    4.38 
2006 8	  20.73   35.43   24.44    3.93 
2006 9	 198.35   31.91   22.40    4.47 
2006 10	  53.75   29.43   19.36    5.67 
2006 11	   1.37   26.45   13.66    5.78 
2006 12	  53.67   19.94    9.63    6.52 
2007 1	 127.00   15.41    7.18    6.48 
2007 2	   1.33   20.13    9.42    6.18 
2007 3	  51.33   25.43   15.80    6.14 
2007 4	  39.62   25.19   16.20    5.62 
2007 5	  66.88   29.71   20.40    5.15 
2007 6	  81.88   32.01   23.19    5.27 
2007 7	 467.45   31.72   23.75    5.24 
2007 8	 131.52   33.42   24.49    4.11 
2007 9	 104.02   32.40   23.03    3.47 
2007 10	  12.87   29.82   17.86    5.83 
2007 11	  14.42   24.87   13.38    5.65 
2007 12	   8.95   22.84   10.82    5.31 
2008 1	  49.50   18.77    8.10    7.08 
2008 2	   6.28   24.99   11.81    6.48 
2008 3	  41.90   25.69   12.91    7.18 
2008 4	  50.45   28.57   16.85    6.37 
2008 5	  32.35   31.41   22.03    6.11 
2008 6	  18.52   33.76   23.62    5.31 
2008 7	 209.40   32.31   23.00    5.06 
2008 8	 161.05   33.29   23.92    4.13 
2008 9	  36.88   32.17   20.94    5.31 
2008 10	  51.85   29.14   16.29    5.68 
2008 11	  12.80   25.74   12.54    5.95 
2008 12	   8.28   21.57    8.58    7.27 
2009 1	   2.25   23.14    7.24    6.00 
2009 2	   1.80   25.48   11.69    6.87 
2009 3	  21.30   25.07   13.03    6.46 
2009 4	   2.48   29.38   17.86    6.49 
2009 5	  32.20   32.74   21.86    5.62 
2009 6	  18.00   35.06   23.74    4.38 
2009 7	   3.32   36.59   25.33    4.49 
2009 8	  15.28   36.72   24.88    3.24 
2009 9	 126.52   32.10   22.65    3.51 
2009 10	  69.35   29.52   18.97    6.80 
2009 11	  93.47   24.20   12.45    6.80 
2009 12	  88.17   16.04    7.23    6.66 
2010 1	  99.62   17.95    6.25    7.03 
2010 2	 109.38   17.00    7.47    6.62 
2010 3	  28.65   23.66   11.18    5.89 
2010 4	  61.15   26.91   17.87    5.76 
2010 5	   9.03   31.69   21.27    5.20 
2010 6	 180.90   33.35   23.96    5.45 
2010 7	 173.35   33.04   24.51    5.28 
2010 8	  24.62   35.83   24.54    3.46 
2010 9	 368.07   31.74   23.01    5.37 
2010 10	   2.97   29.80   15.93    5.75 
2010 11	  21.65   25.16   11.80    6.77 
2010 12	  16.95   22.24    8.72    6.82 
