1949 1	  97.88    7.55   -3.75    3.56 
1949 2	  40.25   14.94    1.45    2.62 
1949 3	  16.33   20.70    5.16    2.99 
1949 4	  63.55   23.59    9.32    2.79 
1949 5	  93.75   29.59   16.30    2.83 
1949 6	 124.67   33.54   19.98    2.97 
1949 7	  26.58   37.14   22.60    2.42 
1949 8	  80.90   34.70   20.34    2.14 
1949 9	 122.72   30.06   16.83    2.13 
1949 10	  55.75   25.47   10.90    3.05 
1949 11	   0.00   24.32    4.62    2.60 
1949 12	  25.52   16.10    1.83    3.14 
1950 1	  23.35   15.94   -0.23    3.53 
1950 2	  11.00   19.02    3.19    3.31 
1950 3	   0.00   22.74    3.35    3.73 
1950 4	 103.65   26.27    9.73    3.82 
1950 5	 158.70   28.71   15.20    2.74 
1950 6	 109.85   32.83   19.51    3.03 
1950 7	 110.28   32.98   20.90    2.87 
1950 8	  67.60   34.18   18.98    2.65 
1950 9	 114.35   29.75   16.65    2.46 
1950 10	  13.62   30.28   12.74    2.84 
1950 11	   0.00   21.84    2.56    3.39 
1950 12	   2.47   15.92   -1.78    2.88 
1951 1	   2.70   16.17   -1.63    3.63 
1951 2	  15.03   18.69    0.82    3.74 
1951 3	  18.25   22.20    3.49    3.66 
1951 4	  29.18   26.41    9.13    3.45 
1951 5	  98.35   30.46   15.47    2.98 
1951 6	  96.42   33.27   19.99    3.31 
1951 7	  34.08   37.49   23.03    2.69 
1951 8	  46.38   38.50   23.12    2.60 
1951 9	  64.97   33.18   17.39    2.55 
1951 10	  27.35   28.30   11.84    2.90 
1951 11	   5.70   17.89    2.61    3.30 
1951 12	   0.28   17.81    0.04    3.52 
1952 1	   3.55   18.59    2.36    3.52 
1952 2	  15.90   19.30    3.18    3.77 
1952 3	  12.95   20.93    4.23    3.45 
1952 4	  69.85   25.71    9.25    3.28 
1952 5	  89.25   30.84   15.07    3.26 
1952 6	   6.95   37.16   22.68    3.18 
1952 7	  33.22   37.24   21.97    2.64 
1952 8	   3.65   40.73   24.65    2.99 
1952 9	  24.90   33.12   16.62    1.93 
1952 10	   0.00   27.58    8.03    2.56 
1952 11	  47.25   19.05    4.55    3.04 
1952 12	  27.97   15.34    0.07    2.64 
1953 1	   1.95   19.82    1.95    4.02 
1953 2	  40.02   17.76    1.39    2.94 
1953 3	  54.35   24.26    7.78    2.78 
1953 4	  38.32   26.98    8.45    3.12 
1953 5	  30.60   30.77   14.73    3.45 
1953 6	  36.20   39.45   23.47    3.12 
1953 7	 143.60   35.23   22.61    2.60 
1953 8	 130.32   34.69   20.78    2.13 
1953 9	   6.55   34.97   15.84    1.85 
1953 10	 119.05   26.19   12.24    2.40 
1953 11	  20.33   18.58    4.43    2.29 
1953 12	   4.65   14.69   -0.28    3.48 
1954 1	  14.35   14.85   -0.33    3.32 
1954 2	   2.30   23.30    4.05    3.57 
1954 3	   0.20   20.56    4.07    3.45 
1954 4	  96.73   28.44   13.45    3.83 
1954 5	 169.18   26.23   13.33    2.83 
1954 6	  17.80   35.31   21.21    3.16 
1954 7	   1.70   40.10   23.49    2.60 
1954 8	  24.88   38.52   23.35    3.01 
1954 9	   8.70   36.75   19.12    2.33 
1954 10	  11.90   27.95   12.76    2.47 
1954 11	  48.20   21.47    5.19    2.55 
1954 12	  52.02   16.82    1.26    3.19 
1955 1	  24.37   13.17    0.53    3.23 
1955 2	  23.68   16.05   -0.02    3.68 
1955 3	  35.00   22.90    4.79    3.42 
1955 4	  17.90   29.01   12.27    3.65 
1955 5	 135.93   31.59   16.78    2.98 
1955 6	  80.10   33.15   18.92    2.92 
1955 7	  20.35   36.87   22.71    2.52 
1955 8	   7.62   37.42   21.62    1.87 
1955 9	 120.73   33.45   19.24    2.03 
1955 10	  59.95   27.22   11.38    2.67 
1955 11	   4.93   20.76    3.11    3.26 
1955 12	   0.00   15.89   -0.28    2.87 
1956 1	   9.08   13.52   -1.21    3.49 
1956 2	  23.08   15.58    1.07    3.24 
1956 3	   4.22   23.55    4.79    3.60 
1956 4	  21.02   26.85    9.41    3.39 
1956 5	  45.60   33.06   18.23    3.22 
1956 6	   1.50   37.65   22.46    2.92 
1956 7	  11.50   38.90   23.53    3.15 
1956 8	  28.20   38.32   22.11    3.13 
1956 9	   7.15   35.47   17.90    2.40 
1956 10	  52.70   29.02   13.63    2.13 
1956 11	   5.40   19.17    3.19    2.94 
1956 12	  32.15   17.15    2.06    3.15 
1957 1	  18.80   13.08   -0.59    3.26 
1957 2	  52.97   16.13    5.75    2.95 
1957 3	  38.60   18.46    5.03    3.27 
1957 4	 130.10   23.02    9.82    3.24 
1957 5	 183.05   26.14   15.25    2.77 
1957 6	  56.88   32.19   19.44    2.53 
1957 7	  11.80   38.37   23.17    2.10 
1957 8	  24.53   37.19   21.85    2.46 
1957 9	  37.65   31.51   15.70    2.56 
1957 10	  97.00   23.05   10.49    2.66 
1957 11	 115.20   14.77    4.00    3.00 
1957 12	   5.63   17.30    1.80    3.58 
1958 1	  34.05   13.67   -0.26    3.11 
1958 2	  19.62   11.48    0.19    3.62 
1958 3	  43.27   13.66    2.15    2.83 
1958 4	  59.80   23.01    9.23    3.03 
1958 5	  96.85   29.54   15.56    2.41 
1958 6	  49.85   35.43   20.96    2.67 
1958 7	  81.28   35.75   22.62    3.37 
1958 8	  19.35   37.57   21.90    2.23 
1958 9	  82.18   30.96   19.08    2.27 
1958 10	  37.72   24.03   12.36    2.36 
1958 11	  28.45   20.56    5.44    2.46 
1958 12	   3.38   14.28   -1.41    3.10 
1959 1	   1.98   13.25   -2.44    3.84 
1959 2	   5.40   16.03    1.24    3.21 
1959 3	  15.95   22.81    3.59    3.79 
1959 4	  40.70   26.27   10.20    3.58 
1959 5	  79.72   30.85   17.43    3.24 
1959 6	 143.40   33.41   20.16    2.47 
1959 7	  71.73   33.73   20.97    2.02 
1959 8	  11.00   37.01   22.03    2.41 
1959 9	  16.58   34.11   18.58    2.93 
1959 10	 129.10   24.81   10.00    2.38 
1959 11	  16.77   16.28    1.33    2.87 
1959 12	  57.77   15.37    2.79    3.04 
1960 1	  37.27   12.17    0.05    3.03 
1960 2	  42.47   12.64   -1.45    3.90 
1960 3	   7.43   15.99    1.49    3.01 
1960 4	  20.40   28.06   11.39    3.88 
1960 5	  35.97   31.17   14.15    3.33 
1960 6	  48.68   36.53   20.96    2.81 
1960 7	 157.60   35.23   22.01    2.25 
1960 8	  21.98   36.07   21.87    2.32 
1960 9	  55.30   33.76   18.12    2.23 
1960 10	 181.40   26.83   13.12    2.60 
1960 11	   0.05   21.43    6.08    2.88 
1960 12	  71.55   10.84   -0.25    3.19 
1961 1	  21.80   12.50   -2.43    3.10 
1961 2	  37.27   15.30    1.32    3.52 
1961 3	  35.80   22.03    6.31    3.62 
1961 4	   0.38   27.78   10.06    3.93 
1961 5	  48.17   31.28   15.64    3.35 
1961 6	 131.88   31.73   18.73    2.69 
1961 7	 149.83   33.26   20.67    2.65 
1961 8	  26.07   34.93   19.70    2.17 
1961 9	  71.15   30.35   17.35    3.32 
1961 10	  29.00   26.91   11.19    2.98 
1961 11	  82.50   16.65    4.07    3.08 
1961 12	  17.48   12.93    0.53    3.23 
1962 1	   3.60   11.83   -4.08    3.35 
1962 2	   4.45   21.70    1.97    3.48 
1962 3	  19.67   20.19    3.51    3.62 
1962 4	  49.62   24.85   10.67    3.36 
1962 5	  58.43   33.17   18.06    4.46 
1962 6	 176.88   32.26   18.80    2.19 
1962 7	  65.65   36.11   22.30    2.67 
1962 8	  56.58   38.05   21.39    2.49 
1962 9	 226.30   29.91   18.19    2.14 
1962 10	  81.05   27.72   14.03    2.98 
1962 11	  70.90   19.22    6.44    2.66 
1962 12	  25.00   14.78    1.48    2.74 
1963 1	   0.62   12.11   -5.20    3.27 
1963 2	   6.35   17.60   -0.29    3.29 
1963 3	  54.53   24.22    6.15    3.73 
1963 4	  41.90   28.77   13.91    3.89 
1963 5	 147.43   30.68   16.92    3.18 
1963 6	  49.67   33.64   20.54    2.78 
1963 7	  59.03   37.75   23.24    3.03 
1963 8	  25.65   37.80   21.98    2.30 
1963 9	  44.78   33.18   18.59    2.07 
1963 10	  37.12   31.24   14.24    2.08 
1963 11	  75.13   20.70    6.30    2.96 
1963 12	  20.60   10.32   -1.85    2.73 
1964 1	  21.20   16.03   -1.43    3.55 
1964 2	  61.90   13.89   -1.02    3.44 
1964 3	  24.45   21.78    3.44    3.42 
1964 4	  11.62   28.63   11.54    3.92 
1964 5	  83.35   31.82   16.90    3.27 
1964 6	 119.00   33.97   19.82    3.31 
1964 7	  14.77   38.86   22.61    2.61 
1964 8	  52.12   37.11   22.57    3.11 
1964 9	 180.40   30.36   18.02    2.14 
1964 10	  14.75   25.94   10.65    2.34 
1964 11	  44.62   20.34    6.34    2.90 
1964 12	  13.88   15.43    0.42    3.24 
1965 1	  26.05   16.52    1.07    3.40 
1965 2	  27.12   15.40   -0.09    3.47 
1965 3	   8.18   15.27    0.62    3.59 
1965 4	  88.92   27.81   12.59    3.22 
1965 5	 109.15   28.83   16.94    3.24 
1965 6	  57.50   32.84   20.04    2.80 
1965 7	  15.58   37.90   22.31    2.28 
1965 8	  62.38   36.13   20.86    2.49 
1965 9	  33.03   33.88   18.04    2.71 
1965 10	 102.53   25.60   11.12    2.43 
1965 11	   1.58   22.41    8.19    2.12 
1965 12	  19.75   16.38    3.43    3.18 
1966 1	  37.50    9.10   -4.18    3.03 
1966 2	  21.83   13.10   -1.26    3.41 
1966 3	  20.45   22.75    5.95    3.66 
1966 4	 159.23   25.40    9.61    3.43 
1966 5	   8.88   29.47   14.43    2.75 
1966 6	  22.32   34.33   19.74    2.65 
1966 7	  25.40   37.96   23.45    2.57 
1966 8	 175.35   33.34   19.79    2.34 
1966 9	 157.13   28.86   16.77    1.82 
1966 10	  22.12   24.89    9.03    2.43 
1966 11	   3.25   22.43    6.25    3.35 
1966 12	   1.78   14.05   -2.65    2.80 
1967 1	   0.10   17.54   -2.03    3.66 
1967 2	   5.97   16.83   -0.76    3.69 
1967 3	  18.35   26.16    7.65    4.33 
1967 4	 114.02   28.36   13.95    4.27 
1967 5	  41.55   30.13   13.22    3.37 
1967 6	  47.55   34.21   20.60    2.97 
1967 7	 153.23   34.84   20.93    2.73 
1967 8	   6.73   35.30   19.57    2.28 
1967 9	  85.53   28.77   16.31    2.46 
1967 10	  46.33   27.08    9.62    3.05 
1967 11	  18.83   18.69    5.23    2.46 
1967 12	  21.80   13.24   -0.65    2.96 
1968 1	 134.88   11.42   -0.01    3.46 
1968 2	  47.20   12.65   -0.98    2.56 
1968 3	  82.15   18.25    5.42    4.27 
1968 4	  31.53   24.03    9.06    3.45 
1968 5	 119.85   28.51   14.79    3.34 
1968 6	  32.23   32.71   19.11    2.83 
1968 7	  59.45   34.21   20.74    2.64 
1968 8	  77.07   35.24   21.01    2.95 
1968 9	  18.32   31.76   14.81    2.32 
1968 10	  27.08   28.75   11.29    3.01 
1968 11	  80.82   18.51    3.90    3.31 
1968 12	  13.75   14.58   -1.04    3.63 
1969 1	  10.03   15.57    0.08    3.37 
1969 2	  44.65   15.19    1.46    3.26 
1969 3	  64.80   14.58    0.80    3.48 
1969 4	  39.55   26.47   10.85    3.54 
1969 5	 168.40   28.70   14.88    2.36 
1969 6	  58.55   33.57   19.14    3.45 
1969 7	   3.37   39.25   23.27    2.51 
1969 8	  79.00   37.54   21.43    2.33 
1969 9	 193.90   30.04   17.58    1.88 
1969 10	  94.22   22.18   10.09    3.27 
1969 11	  22.27   19.47    3.74    2.67 
1969 12	  40.10   15.18    0.90    3.05 
1970 1	   0.73   11.75   -2.99    2.87 
1970 2	  40.02   16.75    1.70    3.35 
1970 3	  80.42   16.80    3.00    3.34 
1970 4	  25.40   25.87   10.34    3.39 
1970 5	  46.85   29.71   14.25    2.82 
1970 6	   9.88   34.33   19.00    2.97 
1970 7	   0.03   37.77   21.83    2.61 
1970 8	  41.20   37.18   20.98    2.58 
1970 9	  83.65   31.80   18.32    2.66 
1970 10	  68.85   24.52    9.11    2.44 
1970 11	   2.97   18.94    1.87    3.35 
1970 12	   8.82   18.59    1.17    2.90 
1971 1	   0.28   16.16   -2.84    3.36 
1971 2	  19.27   17.21   -0.78    3.92 
1971 3	   1.20   22.51    2.79    3.85 
1971 4	  24.90   27.31    9.48    3.28 
1971 5	 103.20   32.03   13.95    3.35 
1971 6	  19.40   35.06   20.52    3.11 
1971 7	  68.10   36.93   21.38    2.52 
1971 8	 193.17   30.95   19.04    1.97 
1971 9	  84.40   29.43   16.40    2.57 
1971 10	 127.05   25.64   12.49    2.54 
1971 11	  13.43   19.29    5.60    3.04 
1971 12	  46.10   14.85    1.97    3.43 
1972 1	   3.95   13.85   -2.50    3.23 
1972 2	   8.62   18.31   -0.15    3.23 
1972 3	  11.75   24.90    6.76    3.66 
1972 4	  29.08   29.41   12.06    3.94 
1972 5	 102.72   28.63   14.65    2.16 
1972 6	  63.83   35.23   19.46    2.48 
1972 7	  38.70   35.00   20.56    2.87 
1972 8	 137.02   34.21   19.90    2.41 
1972 9	 100.65   30.94   17.80    2.31 
1972 10	 192.88   24.85   10.80    2.56 
1972 11	  32.35   13.75    1.79    2.42 
1972 12	   2.02   12.36   -2.36    3.37 
1973 1	  68.70    8.94   -2.63    3.70 
1973 2	  47.97   13.95    0.08    3.25 
1973 3	  80.60   21.12    6.80    3.77 
1973 4	  62.15   21.34    7.97    3.31 
1973 5	  34.17   30.30   13.62    3.24 
1973 6	  88.18   33.29   17.93    2.98 
1973 7	  41.48   35.26   21.63    2.34 
1973 8	  25.75   35.64   20.64    2.49 
1973 9	 140.57   29.82   17.05    2.73 
1973 10	  35.85   26.80   12.11    2.67 
1973 11	  15.23   21.49    6.90    3.62 
1973 12	   0.15   16.97   -1.64    3.68 
1974 1	   6.25   12.54   -3.57    3.19 
1974 2	   9.05   19.41   -0.37    4.14 
1974 3	  34.47   24.35    7.34    4.55 
1974 4	  66.57   27.26   10.47    3.99 
1974 5	  22.98   31.80   17.19    3.34 
1974 6	  82.52   34.13   18.79    3.15 
1974 7	  12.52   37.35   21.80    2.52 
1974 8	  45.88   34.18   20.50    2.63 
1974 9	 159.50   26.00   14.33    2.52 
1974 10	 113.12   24.73   12.01    2.76 
1974 11	   9.10   18.36    4.47    2.85 
1974 12	  43.25   12.25   -0.65    2.62 
1975 1	  27.77   13.39   -0.70    3.72 
1975 2	  38.92   12.21   -1.61    3.54 
1975 3	  21.83   18.16    2.61    3.81 
1975 4	  27.90   23.83    8.65    4.04 
1975 5	 145.60   29.20   14.63    2.89 
1975 6	  55.70   32.74   19.05    3.10 
1975 7	 112.42   33.04   20.75    2.03 
1975 8	  44.55   34.09   20.56    2.58 
1975 9	 107.85   28.50   14.24    2.64 
1975 10	  14.72   26.67   10.12    3.11 
1975 11	  48.83   20.30    4.83    3.78 
1975 12	  35.90   15.09   -0.62    3.31 
1976 1	   0.10   14.57   -2.93    3.41 
1976 2	   0.68   21.65    2.84    4.40 
1976 3	  36.20   21.49    4.69    4.11 
1976 4	  90.10   25.37   10.87    3.55 
1976 5	  31.00   27.34   12.28    2.91 
1976 6	  23.40   33.77   18.98    2.85 
1976 7	  90.00   32.47   20.19    2.32 
1976 8	  35.55   36.10   20.65    1.90 
1976 9	 104.08   29.22   16.99    1.92 
1976 10	 171.30   20.39    6.94    2.73 
1976 11	  10.45   14.30    0.78    2.67 
1976 12	   4.35   14.31   -2.22    3.09 
1977 1	  37.25    9.10   -5.54    2.69 
1977 2	  22.12   18.00    1.46    3.34 
1977 3	  39.15   21.74    4.60    3.63 
1977 4	  85.72   24.49   10.06    3.31 
1977 5	  79.42   29.38   17.04    3.23 
1977 6	  25.05   35.10   20.63    2.86 
1977 7	  54.60   36.93   22.30    2.47 
1977 8	  32.95   36.28   22.32    2.69 
1977 9	  13.95   36.78   19.74    2.81 
1977 10	  18.15   28.16   11.10    2.47 
1977 11	  11.40   21.72    4.97    3.11 
1977 12	   1.45   18.10    0.16    3.32 
1978 1	  15.15    7.98   -5.35    3.06 
1978 2	  54.77    7.80   -3.53    3.10 
1978 3	  20.27   21.32    3.12    3.58 
1978 4	  11.12   29.57   12.13    4.17 
1978 5	  45.20   31.32   15.92    3.27 
1978 6	  55.20   35.53   21.18    2.64 
1978 7	  16.90   39.52   23.82    2.56 
1978 8	 264.32   34.06   20.63    2.71 
1978 9	 110.02   30.90   18.98    2.42 
1978 10	  30.60   26.41   10.70    2.25 
1978 11	  41.67   18.72    5.85    2.56 
1978 12	  16.27   13.31   -2.02    3.38 
1979 1	  34.08    5.90   -5.28    3.39 
1979 2	  24.47   13.16   -2.42    3.20 
1979 3	  64.67   20.44    5.20    3.78 
1979 4	  32.60   24.80   10.11    3.07 
1979 5	  62.45   28.15   13.92    3.37 
1979 6	 102.82   32.56   18.77    2.73 
1979 7	  77.47   35.29   22.17    2.27 
1979 8	  78.35   34.04   20.21    2.10 
1979 9	   4.80   33.45   16.51    2.01 
1979 10	  12.93   30.91   11.45    2.97 
1979 11	  29.83   17.63    2.32    2.57 
1979 12	  53.20   14.79    0.54    3.26 
1980 1	   9.62   12.43   -0.42    3.52 
1980 2	  25.18   15.47   -1.32    3.32 
1980 3	  14.05   20.90    2.33    3.64 
1980 4	   6.75   26.77    8.04    3.47 
1980 5	 185.42   29.66   14.75    2.85 
1980 6	  16.05   36.73   22.11    3.37 
1980 7	   2.67   40.27   24.14    2.68 
1980 8	  32.12   37.72   23.11    3.20 
1980 9	 210.32   31.58   18.72    2.55 
1980 10	  34.90   25.81   10.25    2.51 
1980 11	  56.07   17.61    4.22    2.66 
1980 12	  33.30   16.53    1.33    3.40 
1981 1	   3.00   14.24   -0.68    2.52 
1981 2	  69.60   16.25    0.96    3.19 
1981 3	  27.85   19.24    5.65    3.37 
1981 4	  77.87   26.96   12.32    3.61 
1981 5	  75.25   29.27   13.86    3.28 
1981 6	  61.23   33.27   19.69    2.74 
1981 7	  19.33   37.16   22.96    2.63 
1981 8	  52.20   35.46   21.06    2.22 
1981 9	  15.95   33.03   17.55    2.31 
1981 10	 144.75   24.66   12.56    3.05 
1981 11	   9.68   21.47    5.16    2.53 
1981 12	   8.60   15.93    0.45    3.13 
1982 1	  41.95   15.46   -2.95    3.66 
1982 2	  21.58   13.55   -1.14    3.21 
1982 3	  16.35   21.83    5.35    3.83 
1982 4	  38.98   24.27    9.20    3.61 
1982 5	 253.50   27.72   14.94    3.07 
1982 6	 258.17   31.40   18.02    2.66 
1982 7	  18.03   34.65   21.96    2.73 
1982 8	  25.80   36.49   22.10    2.64 
1982 9	  39.77   32.52   17.47    2.52 
1982 10	  21.35   26.56   10.22    2.65 
1982 11	  55.85   19.15    5.02    3.23 
1982 12	  45.08   13.45    1.09    3.75 
1983 1	  67.30   11.98   -1.21    2.63 
1983 2	   4.50   14.33    0.78    3.08 
1983 3	  59.12   18.78    4.72    3.86 
1983 4	  28.33   23.39    7.22    4.24 
1983 5	 119.20   28.57   12.90    3.10 
1983 6	  83.15   31.30   16.87    2.59 
1983 7	  16.48   36.28   21.73    2.55 
1983 8	   9.10   38.27   22.51    1.75 
1983 9	  30.50   33.88   18.06    2.44 
1983 10	 149.32   26.54   12.93    2.87 
1983 11	  51.83   20.40    6.54    3.12 
1983 12	  19.78    6.28   -5.98    3.01 
1984 1	   6.10   11.47   -3.55    2.59 
1984 2	  34.50   19.14   -0.20    3.65 
1984 3	  20.02   20.21    3.66    3.80 
1984 4	   9.98   25.76    7.63    3.31 
1984 5	   9.00   32.64   15.00    3.40 
1984 6	  48.03   36.47   20.94    3.09 
1984 7	  23.18   37.03   21.85    2.34 
1984 8	  52.45   36.27   21.65    2.15 
1984 9	  44.10   30.42   16.15    2.89 
1984 10	 107.85   23.30   11.12    2.74 
1984 11	  59.00   17.72    5.29    3.06 
1984 12	  98.70   14.08    2.57    3.39 
1985 1	  11.75   10.27   -3.82    3.17 
1985 2	  81.25   11.67   -1.01    3.43 
1985 3	  59.88   20.12    7.20    3.79 
1985 4	 127.93   26.20   11.37    3.32 
1985 5	  49.97   30.46   16.02    3.01 
1985 6	 123.85   32.74   18.85    2.51 
1985 7	  47.70   35.52   20.79    2.20 
1985 8	  20.65   37.46   21.83    2.30 
1985 9	  68.48   31.54   17.26    2.65 
1985 10	  80.30   24.47   11.69    3.31 
1985 11	  12.00   17.70    4.58    3.11 
1985 12	   2.80   13.70   -3.45    2.98 
1986 1	   0.00   18.11   -1.64    3.08 
1986 2	  20.95   17.91    2.56    3.40 
1986 3	  33.72   23.83    5.91    3.59 
1986 4	  66.53   27.48   11.68    3.63 
1986 5	  88.50   30.23   15.24    3.43 
1986 6	  91.40   32.76   19.97    1.92 
1986 7	  70.15   36.54   21.91    2.87 
1986 8	  71.62   35.35   21.02    2.53 
1986 9	 109.70   30.34   19.35    2.73 
1986 10	 174.53   23.41   11.47    2.47 
1986 11	  52.67   17.41    3.73    3.01 
1986 12	  33.80   12.19    1.42    2.63 
1987 1	  37.12   12.32   -2.10    3.15 
1987 2	  84.98   15.15    3.21    3.67 
1987 3	  41.20   18.32    2.93    3.36 
1987 4	  13.35   26.00    7.57    2.92 
1987 5	 190.30   29.46   15.39    2.55 
1987 6	 122.53   31.53   18.97    2.29 
1987 7	  44.68   33.63   20.69    2.65 
1987 8	  45.40   36.07   21.79    2.57 
1987 9	  49.05   31.07   15.91    2.09 
1987 10	   2.70   27.10    9.75    2.82 
1987 11	   7.53   20.65    3.81    3.02 
1987 12	  81.90   13.92   -1.01    3.00 
1988 1	   9.18   11.34   -2.99    3.32 
1988 2	  30.25   15.72   -0.88    3.49 
1988 3	  23.77   22.75    3.54    3.78 
1988 4	  38.38   26.97    8.10    3.07 
1988 5	  45.55   29.99   14.34    3.27 
1988 6	  79.48   33.57   18.84    2.20 
1988 7	  88.50   34.94   21.31    2.29 
1988 8	  22.60   36.94   21.37    2.11 
1988 9	 181.60   32.01   16.83    2.31 
1988 10	   8.20   26.57   10.56    2.43 
1988 11	  13.95   22.49    4.37    3.01 
1988 12	  36.22   15.93   -0.33    2.88 
1989 1	  13.98   17.15    0.53    3.24 
1989 2	  80.40    9.70   -1.74    3.84 
1989 3	  31.77   23.36    4.67    3.78 
1989 4	  12.65   26.99   10.70    3.63 
1989 5	 119.60   30.94   15.44    3.82 
1989 6	 131.25   31.19   17.73    3.05 
1989 7	  14.22   36.21   20.64    2.18 
1989 8	  50.02   34.84   20.88    2.77 
1989 9	 126.58   30.68   14.97    2.42 
1989 10	  12.20   28.84   10.37    3.12 
1989 11	   0.68   22.57    3.38    2.88 
1989 12	   6.90   11.76   -5.55    3.42 
1990 1	  36.92   17.73    0.53    3.28 
1990 2	  71.80   18.82    2.39    3.27 
1990 3	  89.50   19.59    5.95    3.85 
1990 4	 172.93   23.77    9.82    3.43 
1990 5	 159.88   28.78   15.73    3.55 
1990 6	  39.95   35.88   22.42    3.30 
1990 7	  62.73   33.70   20.36    2.38 
1990 8	  74.00   34.16   21.21    2.47 
1990 9	 111.05   32.39   19.37    1.78 
1990 10	  30.18   26.39   11.23    2.71 
1990 11	  53.40   21.98    9.14    3.22 
1990 12	  24.02   13.21    0.04    3.13 
1991 1	  81.35   10.85   -0.63    2.93 
1991 2	   1.97   19.42    3.89    2.98 
1991 3	   8.73   23.49    8.08    3.72 
1991 4	  22.15   27.68   11.69    3.22 
1991 5	 124.65   30.57   17.83    2.79 
1991 6	 144.30   32.65   20.53    2.39 
1991 7	  23.85   35.53   22.08    2.23 
1991 8	  85.10   33.24   21.09    2.12 
1991 9	  95.93   27.72   17.15    2.05 
1991 10	  46.88   27.35   11.11    2.97 
1991 11	   5.22   16.58    3.15    3.22 
1991 12	 104.40   14.10    3.47    3.34 
1992 1	  49.15   12.37    0.99    2.61 
1992 2	 108.28   18.05    4.42    3.35 
1992 3	  45.85   22.77    6.96    3.30 
1992 4	  36.78   26.38   11.91    2.82 
1992 5	 122.22   27.63   15.44    2.48 
1992 6	 173.10   31.24   19.15    2.15 
1992 7	  65.58   34.46   21.55    3.18 
1992 8	  67.78   32.40   19.15    2.32 
1992 9	   7.95   31.31   17.22    2.96 
1992 10	   1.92   28.44   10.90    2.50 
1992 11	  99.50   17.53    3.84    3.06 
1992 12	  34.38   14.37    1.14    3.13 
1993 1	  19.80   11.06   -0.88    2.69 
1993 2	 116.52   13.74    0.57    3.21 
1993 3	  15.85   20.47    5.06    3.61 
1993 4	  38.97   26.27    9.33    3.73 
1993 5	  63.05   28.87   14.58    3.14 
1993 6	 101.28   33.78   20.19    3.02 
1993 7	  10.60   37.56   24.19    3.81 
1993 8	  74.28   36.60   22.32    2.49 
1993 9	  46.47   31.69   16.28    2.16 
1993 10	  54.97   25.92    9.89    2.74 
1993 11	  13.42   18.10    2.07    3.04 
1993 12	  34.12   15.82    1.33    3.36 
1994 1	  13.20   14.12   -0.56    3.36 
1994 2	  48.05   15.84   -0.73    3.31 
1994 3	  10.40   22.82    5.94    3.39 
1994 4	  34.45   27.47    9.18    3.48 
1994 5	 123.35   27.93   15.40    2.45 
1994 6	   4.65   36.97   21.87    2.62 
1994 7	  20.75   36.83   22.34    2.85 
1994 8	  62.75   36.90   21.86    2.38 
1994 9	  34.08   31.49   16.76    2.06 
1994 10	  73.42   26.17   12.87    2.58 
1994 11	  38.78   19.58    6.39    2.86 
1994 12	  37.00   15.52    2.43    2.41 
1995 1	  26.62   15.07    1.03    3.30 
1995 2	   5.97   18.40    2.32    3.25 
1995 3	  38.65   18.68    5.57    3.45 
1995 4	  29.15   25.75    9.85    3.66 
1995 5	 153.57   28.82   14.58    3.17 
1995 6	  80.95   32.82   18.43    2.68 
1995 7	  98.93   36.94   21.80    2.46 
1995 8	  36.05   34.35   22.34    1.79 
1995 9	 121.65   30.12   17.51    2.15 
1995 10	  63.25   27.84   10.53    2.45 
1995 11	   0.05   21.04    5.42    2.86 
1995 12	  15.20   15.06    0.56    3.10 
1996 1	   6.62   14.43   -3.36    3.58 
1996 2	   3.85   19.15    1.13    3.88 
1996 3	  47.77   19.46    1.98    4.05 
1996 4	  18.60   26.53    8.48    3.88 
1996 5	   9.88   33.99   18.57    4.64 
1996 6	  60.57   35.26   20.96    2.43 
1996 7	  59.15   36.77   23.07    2.52 
1996 8	 134.25   33.43   21.31    2.46 
1996 9	 109.10   29.38   16.45    1.69 
1996 10	  27.15   25.61   10.22    2.87 
1996 11	  91.70   18.51    4.57    3.33 
1996 12	   0.00   17.24    0.19    3.28 
1997 1	  10.92   13.27   -0.70    3.52 
1997 2	  99.05   14.08    2.48    3.28 
1997 3	   7.53   21.70    6.58    3.09 
1997 4	 107.80   21.85    8.33    3.21 
1997 5	  71.40   28.07   13.96    2.70 
1997 6	 154.43   31.84   19.50    2.20 
1997 7	  36.80   35.89   22.12    2.18 
1997 8	  88.83   35.12   21.17    2.45 
1997 9	  83.33   33.19   18.73    2.16 
1997 10	  73.50   26.19   12.12    2.74 
1997 11	  28.72   17.27    3.33    2.66 
1997 12	  76.95   11.74   -0.49    3.36 
1998 1	  27.80   14.89    0.77    3.35 
1998 2	  52.37   14.66    2.65    2.80 
1998 3	  71.35   17.63    3.77    4.12 
1998 4	  11.07   25.14    7.82    3.32 
1998 5	  21.80   34.19   17.59    3.50 
1998 6	  42.72   37.13   22.02    3.83 
1998 7	  38.27   38.68   24.85    2.86 
1998 8	  17.50   35.99   22.13    1.49 
1998 9	  13.30   35.14   20.46    1.96 
1998 10	  79.40   27.54   13.99    3.10 
1998 11	  13.40   19.69    7.31    2.69 
1998 12	   8.52   13.67   -0.20    3.21 
1999 1	  67.97   15.66   -0.77    3.97 
1999 2	   0.08   20.66    3.53    3.28 
1999 3	 111.42   18.05    5.08    3.69 
1999 4	  58.05   26.00   10.76    3.48 
1999 5	  86.93   29.29   15.35    3.02 
1999 6	 128.43   32.31   20.32    2.84 
1999 7	  10.95   36.16   22.66    2.46 
1999 8	  41.70   38.44   22.96    2.06 
1999 9	  20.65   31.56   16.89    2.74 
1999 10	  45.08   26.84   10.12    2.57 
1999 11	   0.00   23.07    6.92    2.69 
1999 12	  17.38   16.16   -0.24    3.48 
2000 1	  14.82   15.56   -0.35    3.62 
2000 2	  16.92   20.14    2.62    3.44 
2000 3	  94.45   22.03    6.13    3.47 
2000 4	  49.48   25.42   10.36    3.50 
2000 5	  33.10   33.04   17.75    3.75 
2000 6	 150.77   31.19   20.36    2.74 
2000 7	   8.43   37.17   23.05    2.48 
2000 8	   0.00   38.44   23.24    2.49 
2000 9	   2.00   34.94   17.51    2.25 
2000 10	 119.22   25.15   13.76    3.27 
2000 11	  83.88   13.87    2.56    2.84 
2000 12	  24.45    8.86   -2.19    2.88 
2001 1	  49.20   10.62   -1.16    2.93 
2001 2	  88.38   15.07    0.82    3.58 
2001 3	  94.38   14.76    4.34    2.80 
2001 4	  12.70   25.86   11.32    3.82 
2001 5	  90.95   29.98   16.49    3.06 
2001 6	  18.53   35.34   20.89    2.89 
2001 7	   2.55   38.95   24.31    2.55 
2001 8	  44.78   35.86   22.02    2.41 
2001 9	  77.13   30.95   16.35    1.86 
2001 10	  28.50   25.78    9.83    2.89 
2001 11	 105.90   19.85    8.45    3.11 
2001 12	  27.52   14.51    1.26    3.15 
2002 1	  16.40   14.86    0.08    3.42 
2002 2	  29.23   14.49   -0.92    3.17 
2002 3	  70.45   18.93    1.85    4.15 
2002 4	  85.88   24.43   12.09    3.90 
2002 5	  22.72   29.00   14.78    3.49 
2002 6	  91.30   32.40   20.25    2.19 
2002 7	 135.45   32.90   21.61    2.18 
2002 8	  33.38   35.38   21.93    2.29 
2002 9	  32.58   32.02   17.24    2.25 
2002 10	 137.57   21.03   10.57    2.28 
2002 11	  17.70   17.17    3.54    3.20 
2002 12	  60.75   13.37    0.49    3.37 
2003 1	   4.73   12.59   -1.73    3.05 
2003 2	  23.75   13.38   -0.43    3.35 
2003 3	  25.52   20.24    3.43    3.21 
2003 4	  31.35   26.96    9.78    3.87 
2003 5	  46.82   31.10   15.60    3.06 
2003 6	 202.85   31.82   18.72    2.24 
2003 7	   0.20   36.77   22.58    2.26 
2003 8	  61.83   36.91   22.10    1.88 
2003 9	  31.90   29.37   16.69    1.93 
2003 10	   6.72   27.75   11.82    2.37 
2003 11	  43.40   19.16    5.77    3.36 
2003 12	   1.35   17.25    0.26    3.86 
2004 1	  30.68   14.28   -0.46    3.33 
2004 2	  93.70   12.10   -0.29    3.57 
2004 3	  44.15   20.83    8.32    3.40 
2004 4	  86.07   24.38   10.48    3.42 
2004 5	  21.20   30.44   15.85    3.46 
2004 6	 164.80   31.88   19.16    2.33 
2004 7	 121.60   34.32   21.26    2.34 
2004 8	  57.77   32.41   19.98    2.13 
2004 9	  55.93   31.49   17.20    1.98 
2004 10	  80.78   25.09   12.37    2.73 
2004 11	 147.95   16.18    6.61    3.08 
2004 12	  14.65   14.27   -1.02    3.23 
2005 1	  26.55   13.57    0.12    3.46 
2005 2	  41.57   13.52    2.59    2.89 
2005 3	  40.70   18.67    3.81    3.19 
2005 4	   3.00   24.99    9.10    3.80 
2005 5	  95.75   26.86   15.29    2.81 
2005 6	  69.47   33.39   20.18    2.52 
2005 7	  92.95   35.05   21.38    1.97 
2005 8	 259.90   33.17   21.02    1.98 
2005 9	  55.35   33.33   18.48    2.06 
2005 10	  40.88   25.14   11.31    2.53 
2005 11	   0.00   21.37    4.01    2.83 
2005 12	   1.33   14.00   -2.26    2.89 
2006 1	  11.43   19.09    1.00    3.97 
2006 2	  15.88   14.61   -0.40    3.43 
2006 3	  45.45   21.40    6.72    3.83 
2006 4	  41.72   28.56   11.98    3.60 
2006 5	 112.78   31.53   16.77    3.26 
2006 6	  14.80   35.04   20.15    2.24 
2006 7	  21.35   37.56   23.07    2.45 
2006 8	  37.43   37.09   23.32    2.54 
2006 9	  90.10   28.89   15.41    2.36 
2006 10	 113.05   25.29   11.33    2.46 
2006 11	   7.30   20.58    5.51    3.34 
2006 12	  35.62   13.71   -0.10    3.29 
2007 1	  40.30    8.68   -2.03    3.20 
2007 2	   9.50   13.75   -0.83    3.61 
2007 3	 127.80   22.08    8.51    3.65 
2007 4	  76.47   21.59    8.16    3.21 
2007 5	 113.02   26.16   15.65    2.55 
2007 6	 177.10   30.31   18.94    2.23 
2007 7	  37.25   31.92   20.53    1.59 
2007 8	  98.82   34.28   22.04    1.99 
2007 9	  41.60   31.48   18.83    1.87 
2007 10	   8.45   28.43   11.74    2.52 
2007 11	  13.22   19.94    4.99    2.99 
2007 12	  30.43   13.47   -0.88    3.03 
2008 1	   0.00   13.50   -1.96    3.18 
2008 2	  18.10   17.39   -0.24    3.55 
2008 3	  48.23   20.42    3.92    4.08 
2008 4	  42.53   25.42    8.95    3.77 
2008 5	  68.12   30.39   15.21    3.35 
2008 6	  66.78   35.64   21.59    3.58 
2008 7	  31.25   35.57   21.83    2.98 
2008 8	  86.25   33.98   20.98    1.91 
2008 9	  86.55   29.35   15.83    2.04 
2008 10	  56.15   25.63   10.09    2.63 
2008 11	   1.25   20.96    4.74    2.82 
2008 12	   0.00   14.70   -1.14    3.63 
2009 1	   2.75   14.57   -2.82    3.47 
2009 2	   8.82   19.77    1.96    4.14 
2009 3	  23.85   22.25    6.32    4.20 
2009 4	  61.12   25.67    9.40    3.98 
2009 5	  63.80   28.08   14.71    2.48 
2009 6	 114.48   34.81   20.99    2.99 
2009 7	 104.00   35.19   21.70    2.33 
2009 8	   8.47   36.28   22.09    2.68 
2009 9	 136.03   28.72   16.69    2.12 
2009 10	  73.78   21.32    8.85    2.96 
2009 11	   0.03   21.20    5.62    2.60 
2009 12	  45.23   10.34   -2.76    2.94 
2010 1	  64.98   11.66   -2.18    3.39 
2010 2	  89.65    8.96   -1.00    3.19 
2010 3	  32.28   18.04    4.13    3.98 
2010 4	 127.57   23.96   10.51    3.63 
2010 5	  61.60   27.93   15.07    2.88 
2010 6	  61.53   34.93   22.07    2.93 
2010 7	 133.98   32.96   22.12    2.46 
2010 8	  26.87   36.93   22.71    2.40 
2010 9	 126.38   31.60   18.60    2.31 
2010 10	  18.42   26.83   10.80    2.42 
2010 11	   4.95   20.77    3.90    3.44 
2010 12	  17.00   15.33   -0.24    3.39 
