1949 1	  82.83   11.08    0.18    4.02 
1949 2	  46.45   16.03    5.18    3.56 
1949 3	  62.40   20.55    8.48    3.95 
1949 4	  87.00   22.73   12.05    3.57 
1949 5	  36.73   30.81   19.27    3.32 
1949 6	 125.47   33.38   21.69    2.71 
1949 7	  52.05   35.20   23.57    2.32 
1949 8	  30.23   34.80   21.74    2.22 
1949 9	  16.90   32.33   19.71    2.57 
1949 10	 108.82   25.77   14.27    3.62 
1949 11	   1.90   24.31    7.40    3.20 
1949 12	  34.95   16.81    5.26    4.38 
1950 1	  37.10   16.32    5.77    4.38 
1950 2	 101.15   18.40    6.72    3.33 
1950 3	   1.97   20.98    7.19    4.34 
1950 4	  83.58   24.16   12.37    4.01 
1950 5	 102.20   29.30   18.46    3.26 
1950 6	  67.80   32.23   21.48    2.99 
1950 7	  62.90   33.85   22.92    2.92 
1950 8	  22.42   35.27   22.71    2.38 
1950 9	 125.53   30.68   19.38    2.57 
1950 10	  44.42   29.40   15.28    3.06 
1950 11	  12.27   21.13    5.88    4.00 
1950 12	   4.60   16.61    1.71    3.53 
1951 1	  31.38   16.13    1.30    4.47 
1951 2	  55.20   17.31    3.94    4.43 
1951 3	  47.33   22.75    8.58    4.20 
1951 4	  61.80   26.05   11.75    4.05 
1951 5	  79.70   29.20   17.18    3.45 
1951 6	  73.85   33.16   21.94    3.73 
1951 7	   8.65   37.49   24.82    2.51 
1951 8	  10.40   39.01   25.26    2.48 
1951 9	 108.20   32.61   20.42    2.60 
1951 10	  20.47   28.24   14.39    2.97 
1951 11	  13.98   18.71    5.53    4.20 
1951 12	  10.02   18.20    3.23    4.37 
1952 1	  12.45   19.87    7.42    4.29 
1952 2	  47.53   20.09    6.20    4.34 
1952 3	  58.97   20.08    7.31    3.92 
1952 4	 138.52   23.59   10.92    3.63 
1952 5	 115.42   28.74   16.07    2.81 
1952 6	  12.18   34.29   22.20    2.83 
1952 7	  35.65   35.19   23.22    2.06 
1952 8	   2.62   38.45   24.63    2.93 
1952 9	  30.57   33.18   18.92    2.74 
1952 10	   0.00   26.52    9.03    2.84 
1952 11	 159.97   18.89    7.71    3.88 
1952 12	 105.40   13.96    3.30    3.38 
1953 1	  14.05   19.09    4.55    4.70 
1953 2	  52.83   16.97    4.26    3.61 
1953 3	  89.42   23.13   10.76    3.59 
1953 4	  60.60   24.85   10.92    3.47 
1953 5	 232.32   28.68   16.96    3.12 
1953 6	  10.95   36.25   23.28    2.57 
1953 7	  43.18   35.03   23.58    2.31 
1953 8	  54.90   34.64   22.88    2.05 
1953 9	  51.95   33.46   18.19    2.09 
1953 10	  83.58   27.48   14.53    2.73 
1953 11	  20.10   18.94    7.02    3.17 
1953 12	  79.12   13.74    2.55    3.87 
1954 1	  21.58   15.25    3.11    3.98 
1954 2	   9.43   22.02    5.39    3.81 
1954 3	  24.35   20.66    7.10    4.27 
1954 4	  68.67   28.37   15.94    3.95 
1954 5	  91.40   27.17   16.31    3.19 
1954 6	  16.02   34.75   22.06    3.00 
1954 7	  18.12   38.16   25.18    2.72 
1954 8	   7.23   37.51   24.43    2.91 
1954 9	  29.02   35.04   20.90    2.62 
1954 10	  52.25   27.96   15.93    3.04 
1954 11	  54.57   20.87    6.91    3.35 
1954 12	   4.03   18.43    3.80    3.63 
1955 1	  42.10   14.35    3.83    3.36 
1955 2	  85.37   16.17    4.82    4.52 
1955 3	  72.72   22.10    8.82    4.45 
1955 4	  46.90   27.43   15.16    3.72 
1955 5	 175.50   30.83   18.22    3.36 
1955 6	  54.25   31.99   19.79    2.53 
1955 7	  46.40   35.31   23.26    2.50 
1955 8	  91.47   34.20   22.44    1.95 
1955 9	  72.32   33.00   21.14    2.43 
1955 10	  49.50   28.33   12.53    3.19 
1955 11	  18.60   21.09    6.82    4.53 
1955 12	  19.60   16.13    3.33    3.87 
1956 1	  79.75   14.92    2.04    4.06 
1956 2	  31.55   17.29    5.13    3.91 
1956 3	   3.05   22.96    7.63    3.55 
1956 4	  21.48   25.70   12.52    3.74 
1956 5	 125.70   31.97   19.25    3.16 
1956 6	  11.48   35.19   22.27    2.74 
1956 7	   6.32   37.73   24.05    3.24 
1956 8	   7.15   37.45   23.66    2.85 
1956 9	   3.20   34.79   20.09    2.72 
1956 10	  44.48   29.60   15.42    2.62 
1956 11	  46.50   19.55    5.69    3.63 
1956 12	  50.42   18.74    4.44    3.63 
1957 1	  44.47   13.15    2.98    3.76 
1957 2	  58.95   18.60    9.17    3.28 
1957 3	 138.62   18.98    7.83    3.45 
1957 4	 271.98   22.92   12.65    4.01 
1957 5	 181.80   27.86   18.18    3.55 
1957 6	  34.53   32.64   21.84    2.58 
1957 7	  16.25   37.10   24.32    1.89 
1957 8	   4.88   36.72   23.67    2.62 
1957 9	 124.48   30.99   18.58    2.93 
1957 10	 142.85   23.56   12.29    3.40 
1957 11	 117.55   17.19    7.19    3.96 
1957 12	  11.70   18.72    5.69    3.94 
1958 1	  43.12   14.33    0.51    4.49 
1958 2	  76.18   12.75    1.22    4.52 
1958 3	  39.85   16.25    4.88    3.72 
1958 4	 110.90   23.19   11.48    3.39 
1958 5	 108.78   29.59   16.78    2.65 
1958 6	  56.80   34.42   21.47    2.74 
1958 7	  18.23   36.21   23.19    3.10 
1958 8	 152.02   36.46   22.30    2.33 
1958 9	 125.40   30.74   20.60    2.75 
1958 10	  91.62   25.01   14.25    3.61 
1958 11	  65.08   21.49    7.83    3.20 
1958 12	  17.40   14.63    0.54    3.70 
1959 1	  19.77   13.42   -0.24    4.20 
1959 2	  81.20   14.85    4.14    4.01 
1959 3	  19.77   21.93    5.66    4.03 
1959 4	  73.55   23.45   11.21    3.99 
1959 5	  93.33   29.62   18.63    3.43 
1959 6	 117.50   32.65   20.79    2.75 
1959 7	 138.43   34.02   21.88    1.72 
1959 8	  40.50   35.13   22.22    2.24 
1959 9	  83.25   32.26   20.37    3.16 
1959 10	 208.12   25.90   13.13    3.10 
1959 11	  31.48   17.13    3.60    3.89 
1959 12	 113.27   16.77    4.73    3.95 
1960 1	  64.58   13.10    2.53    3.88 
1960 2	  50.85   13.47    0.96    4.46 
1960 3	  19.53   16.88    5.54    3.74 
1960 4	  57.80   26.96   14.28    4.15 
1960 5	  57.77   28.99   16.68    3.58 
1960 6	  75.62   34.16   21.95    2.95 
1960 7	  34.45   35.10   23.54    1.99 
1960 8	  82.58   34.58   23.25    2.36 
1960 9	  36.07   33.25   19.76    2.09 
1960 10	 143.95   27.47   16.03    2.63 
1960 11	  28.55   20.93    9.29    3.51 
1960 12	 188.90   12.56    2.73    3.66 
1961 1	 164.20   11.84    0.45    3.87 
1961 2	  99.60   17.77    5.54    3.92 
1961 3	  44.35   22.59   10.12    4.04 
1961 4	  22.43   25.79   11.86    4.22 
1961 5	  53.70   30.06   17.65    3.94 
1961 6	 286.07   31.08   20.37    2.74 
1961 7	 147.52   32.58   22.36    2.36 
1961 8	  27.10   34.25   21.68    1.89 
1961 9	  77.60   31.23   19.93    3.95 
1961 10	  60.02   26.40   14.09    3.27 
1961 11	  90.50   17.99    6.90    3.98 
1961 12	  34.45   14.83    3.93    3.52 
1962 1	  16.15   12.78   -1.18    4.33 
1962 2	  51.88   21.01    6.79    4.10 
1962 3	  24.18   19.59    6.81    3.96 
1962 4	  70.65   24.84   13.13    3.97 
1962 5	  58.25   30.99   19.03    4.26 
1962 6	 119.75   31.97   21.24    2.13 
1962 7	   0.68   35.90   23.87    2.29 
1962 8	  17.10   38.03   24.16    2.24 
1962 9	  92.30   32.83   20.88    2.31 
1962 10	  54.32   28.10   16.78    3.15 
1962 11	  51.85   19.86    8.55    3.89 
1962 12	  33.88   15.03    3.85    3.32 
1963 1	  16.50   10.89   -1.60    3.83 
1963 2	  15.15   16.92    1.47    4.37 
1963 3	  13.75   24.32    9.93    4.07 
1963 4	  75.35   28.34   16.03    4.72 
1963 5	 106.00   30.09   18.80    3.37 
1963 6	  49.85   34.65   22.78    2.59 
1963 7	   0.70   37.13   24.56    3.05 
1963 8	  58.00   37.28   24.46    2.29 
1963 9	  23.67   33.24   21.06    2.39 
1963 10	  14.20   31.12   16.38    1.92 
1963 11	 105.10   21.53    8.96    4.07 
1963 12	  33.58   10.82   -0.66    4.20 
1964 1	  69.30   15.30    0.64    3.87 
1964 2	  34.88   13.48    1.41    3.67 
1964 3	  72.10   20.65    7.29    3.86 
1964 4	  55.97   25.56   15.14    4.50 
1964 5	  31.20   29.30   18.96    3.38 
1964 6	  91.40   34.31   21.60    3.06 
1964 7	   5.90   37.75   24.18    2.46 
1964 8	  57.12   36.29   24.51    2.85 
1964 9	 122.93   31.32   20.48    2.43 
1964 10	  19.70   25.99   11.58    3.29 
1964 11	  81.15   22.14    9.76    3.47 
1964 12	  23.42   16.87    3.14    4.26 
1965 1	  76.75   17.12    4.01    3.82 
1965 2	 115.68   14.54    2.82    4.39 
1965 3	  70.10   16.31    4.10    4.18 
1965 4	  30.92   27.21   15.69    3.80 
1965 5	 395.35   27.80   19.46    4.03 
1965 6	  21.80   32.69   22.44    2.87 
1965 7	   2.38   36.25   24.27    2.15 
1965 8	  56.05   36.03   23.08    2.12 
1965 9	  99.97   32.28   20.70    3.22 
1965 10	  70.55   25.16   12.60    3.17 
1965 11	 121.78   22.93   11.55    3.16 
1965 12	  61.93   16.50    5.64    3.70 
1966 1	  30.10   10.78    0.44    4.24 
1966 2	  54.55   13.74    1.68    4.15 
1966 3	  26.80   20.07    6.84    3.81 
1966 4	 234.75   24.72   12.61    4.22 
1966 5	  75.55   27.62   17.67    3.09 
1966 6	  47.32   32.34   21.26    2.35 
1966 7	  22.02   36.39   24.94    2.28 
1966 8	 117.15   33.76   23.03    2.21 
1966 9	 112.47   30.62   19.76    1.86 
1966 10	   1.75   26.57   12.15    3.24 
1966 11	   3.12   23.73    9.85    3.64 
1966 12	  17.48   15.26    1.77    3.95 
1967 1	   8.88   15.59    2.07    4.16 
1967 2	  21.33   16.26    1.69    3.87 
1967 3	  53.50   25.39   10.85    4.16 
1967 4	 186.75   28.19   17.60    4.77 
1967 5	  98.85   28.51   16.79    4.14 
1967 6	  35.22   34.13   23.05    3.25 
1967 7	  41.40   35.55   23.68    3.16 
1967 8	  19.42   35.64   22.34    2.06 
1967 9	 114.15   29.69   18.77    2.98 
1967 10	 119.63   26.30   12.93    3.15 
1967 11	 103.00   19.90    8.45    3.31 
1967 12	  81.47   14.31    3.44    3.65 
1968 1	  90.88   11.42    3.75    4.18 
1968 2	  47.55   13.50    2.48    3.50 
1968 3	  67.07   18.56    7.43    4.18 
1968 4	  88.72   23.65   13.17    4.19 
1968 5	 226.77   27.81   17.59    3.60 
1968 6	 137.50   31.04   21.62    2.67 
1968 7	  25.07   32.98   22.58    2.30 
1968 8	  18.60   35.35   23.26    2.65 
1968 9	 114.40   30.44   18.06    2.72 
1968 10	  49.62   27.45   14.69    2.83 
1968 11	 133.10   19.04    6.88    3.91 
1968 12	  12.60   16.01    2.63    4.41 
1969 1	  16.32   15.76    4.20    4.20 
1969 2	  61.20   15.44    4.81    4.11 
1969 3	  95.18   15.73    5.16    4.03 
1969 4	  89.87   25.24   13.76    3.50 
1969 5	  92.45   28.79   17.77    2.50 
1969 6	  10.85   33.70   21.76    3.41 
1969 7	   1.30   38.46   25.36    2.60 
1969 8	  57.83   36.89   24.32    2.39 
1969 9	  89.90   32.45   20.27    2.38 
1969 10	 141.08   25.88   14.07    4.16 
1969 11	  54.05   19.73    7.00    3.25 
1969 12	  71.35   16.10    4.62    3.00 
1970 1	  26.57   10.80   -0.19    3.68 
1970 2	  93.18   15.43    4.28    4.05 
1970 3	 125.58   16.64    6.27    3.87 
1970 4	  42.78   25.32   14.37    4.24 
1970 5	  62.25   28.34   16.33    3.45 
1970 6	  15.75   32.55   21.14    2.58 
1970 7	   8.25   35.41   23.10    2.20 
1970 8	  53.97   37.08   24.10    2.45 
1970 9	 191.10   30.81   21.20    3.13 
1970 10	  90.48   24.24   13.04    3.32 
1970 11	   2.83   19.95    5.70    4.22 
1970 12	  26.17   19.68    6.51    3.74 
1971 1	   1.42   18.20    2.95    4.30 
1971 2	  33.80   17.77    4.06    4.70 
1971 3	  12.82   22.70    7.32    4.14 
1971 4	  79.12   25.61   13.10    3.88 
1971 5	  21.47   29.48   17.51    3.74 
1971 6	  20.27   34.61   22.82    3.12 
1971 7	 209.00   35.59   23.83    2.71 
1971 8	  46.17   31.68   21.88    1.87 
1971 9	  27.35   31.17   20.65    2.94 
1971 10	  95.72   27.32   15.81    2.74 
1971 11	  55.08   20.50    8.61    3.52 
1971 12	 104.45   16.31    6.82    3.67 
1972 1	  80.47   14.25    2.11    4.37 
1972 2	   5.93   18.17    4.07    4.09 
1972 3	   3.20   24.58    9.96    3.97 
1972 4	  47.70   28.00   14.85    4.39 
1972 5	  72.45   28.84   17.28    2.28 
1972 6	  61.52   33.94   22.11    3.03 
1972 7	 106.00   33.22   22.42    2.94 
1972 8	  45.60   35.18   22.68    2.30 
1972 9	  64.05   33.16   21.92    2.15 
1972 10	 160.90   25.74   13.58    3.10 
1972 11	  60.27   15.07    5.53    4.06 
1972 12	  25.40   12.60    0.68    3.92 
1973 1	  90.55   10.57    0.08    4.78 
1973 2	  43.83   13.85    3.06    3.89 
1973 3	  98.38   22.10    9.66    3.88 
1973 4	 142.10   20.90   11.53    4.18 
1973 5	  99.95   28.35   15.60    4.00 
1973 6	 210.95   30.39   20.48    3.03 
1973 7	 116.68   34.10   23.30    2.43 
1973 8	   8.82   35.14   22.08    2.25 
1973 9	 123.47   31.33   20.52    2.56 
1973 10	 241.02   26.22   15.76    2.93 
1973 11	  19.40   22.84   11.40    4.00 
1973 12	  21.95   17.03    2.73    4.07 
1974 1	  38.83   12.60    1.49    3.60 
1974 2	  30.58   19.07    3.78    4.65 
1974 3	  19.55   23.81   11.81    4.91 
1974 4	  95.27   26.08   12.94    4.77 
1974 5	  49.45   30.29   19.42    3.78 
1974 6	  29.10   33.06   20.29    3.04 
1974 7	  21.77   36.87   23.32    2.16 
1974 8	 200.27   34.26   22.92    2.65 
1974 9	 183.03   26.50   17.02    3.58 
1974 10	 159.58   26.92   14.04    3.45 
1974 11	  70.25   18.54    8.01    3.69 
1974 12	  52.35   13.91    2.32    3.48 
1975 1	  41.00   14.97    3.47    4.00 
1975 2	  75.52   14.83    2.00    3.71 
1975 3	  27.73   19.11    5.86    4.53 
1975 4	 119.73   23.21   12.32    4.70 
1975 5	 262.95   27.44   17.20    3.39 
1975 6	  58.65   31.70   21.39    3.04 
1975 7	  52.72   33.71   22.06    2.04 
1975 8	  40.05   34.99   22.85    2.32 
1975 9	  81.78   31.13   17.75    2.62 
1975 10	  52.75   27.61   13.21    3.16 
1975 11	  12.03   22.09    7.65    3.63 
1975 12	  46.03   16.49    2.58    3.99 
1976 1	  32.50   15.74   -0.33    4.18 
1976 2	  10.52   21.87    6.68    4.56 
1976 3	  46.50   21.90    8.99    4.58 
1976 4	 166.00   24.33   12.98    3.98 
1976 5	 131.50   26.78   15.25    2.87 
1976 6	  76.00   32.20   20.34    2.99 
1976 7	 207.30   32.14   22.53    2.12 
1976 8	   7.90   36.03   22.02    1.85 
1976 9	 146.42   31.18   18.55    2.13 
1976 10	 133.25   21.73    9.10    3.31 
1976 11	  26.05   15.87    3.59    3.73 
1976 12	  71.25   14.62    0.25    3.47 
1977 1	  43.85    9.08   -3.17    4.01 
1977 2	  87.68   18.32    3.41    3.94 
1977 3	  75.85   21.63    8.23    4.05 
1977 4	 184.12   25.08   13.38    3.50 
1977 5	  43.65   29.42   19.09    3.15 
1977 6	  23.17   34.65   22.55    2.93 
1977 7	  15.40   37.40   24.68    2.41 
1977 8	  43.23   36.59   24.43    2.72 
1977 9	  11.85   35.86   22.46    2.98 
1977 10	  35.65   28.38   14.52    2.79 
1977 11	  63.22   21.32    9.54    3.20 
1977 12	   4.02   17.57    3.49    4.58 
1978 1	  26.75    7.91   -2.15    4.90 
1978 2	  71.72    9.79    0.02    4.34 
1978 3	  72.93   20.03    6.19    3.64 
1978 4	  60.20   26.77   14.68    4.12 
1978 5	  73.30   30.21   18.53    3.46 
1978 6	  35.38   34.20   22.36    2.42 
1978 7	  10.65   38.06   24.91    2.62 
1978 8	  37.03   36.00   23.42    2.48 
1978 9	  15.77   32.47   21.44    3.00 
1978 10	  46.72   28.16   13.15    2.68 
1978 11	 119.78   19.92    8.51    3.22 
1978 12	  45.35   14.26    1.74    4.11 
1979 1	  50.62    6.64   -1.96    4.66 
1979 2	  52.47   11.81    1.23    4.33 
1979 3	 116.75   20.54    8.73    4.18 
1979 4	  38.60   23.65   12.76    3.28 
1979 5	 233.15   26.09   15.49    3.58 
1979 6	 110.55   31.39   20.67    2.68 
1979 7	 119.02   32.98   23.08    2.52 
1979 8	 109.62   33.25   21.72    1.92 
1979 9	  61.73   30.62   17.31    2.94 
1979 10	  52.75   28.83   13.72    3.32 
1979 11	   9.33   18.50    4.21    4.10 
1979 12	 101.35   16.06    2.69    3.78 
1980 1	  55.33   13.24    2.79    3.41 
1980 2	  48.93   15.93    1.74    4.01 
1980 3	  58.38   20.35    5.52    3.86 
1980 4	  96.78   24.01    9.96    3.66 
1980 5	 116.05   28.53   17.43    2.92 
1980 6	  13.57   35.58   23.07    3.55 
1980 7	   1.12   38.65   24.44    2.22 
1980 8	   5.15   37.25   23.80    3.33 
1980 9	  60.05   33.22   21.31    2.55 
1980 10	  19.97   26.42   11.08    3.14 
1980 11	  59.22   20.03    6.36    3.59 
1980 12	  68.48   16.67    4.44    3.64 
1981 1	  22.85   14.95    1.25    3.47 
1981 2	  49.67   16.19    3.62    3.89 
1981 3	  73.78   19.35    7.28    3.74 
1981 4	  31.55   26.84   15.06    3.89 
1981 5	  94.55   28.70   16.08    3.77 
1981 6	 194.57   32.10   22.02    2.97 
1981 7	  12.28   35.47   23.72    2.44 
1981 8	  38.90   35.17   22.15    2.26 
1981 9	  98.20   31.42   18.25    2.53 
1981 10	 191.57   25.56   14.80    3.27 
1981 11	  26.73   21.92    7.86    3.19 
1981 12	  13.38   15.70    2.76    4.00 
1982 1	  38.73   15.18    0.58    4.69 
1982 2	  35.77   14.61    1.77    4.14 
1982 3	  91.53   21.28   11.11    4.81 
1982 4	  59.20   23.15   12.21    4.02 
1982 5	 147.60   28.58   18.27    3.63 
1982 6	 100.25   32.52   20.79    2.74 
1982 7	  66.38   35.61   24.03    2.86 
1982 8	   5.02   37.13   24.26    2.49 
1982 9	   4.77   34.06   18.86    2.96 
1982 10	  38.55   26.76   13.11    3.54 
1982 11	  93.48   19.35    8.51    3.57 
1982 12	  56.75   15.88    4.03    4.43 
1983 1	  31.28   13.14    1.24    3.49 
1983 2	  74.55   15.06    3.30    4.12 
1983 3	  92.45   19.00    6.78    4.02 
1983 4	   2.98   23.47    9.66    4.57 
1983 5	 109.50   28.49   15.29    3.51 
1983 6	  26.72   31.39   19.89    2.58 
1983 7	  81.28   34.59   22.88    2.70 
1983 8	  65.17   35.55   23.25    1.63 
1983 9	  18.22   31.82   18.46    2.83 
1983 10	  41.85   27.66   13.83    2.81 
1983 11	  69.72   21.46    8.62    3.85 
1983 12	  15.22    8.90   -2.35    4.45 
1984 1	  21.50   11.55   -1.39    4.00 
1984 2	  27.42   18.91    2.76    4.18 
1984 3	  88.95   21.47    8.22    4.10 
1984 4	  15.03   26.93   10.84    4.05 
1984 5	  88.25   31.05   17.41    3.94 
1984 6	  40.80   33.53   21.95    3.11 
1984 7	  42.75   36.47   22.92    2.36 
1984 8	  39.35   36.91   23.05    2.41 
1984 9	  32.27   31.14   18.18    3.70 
1984 10	 254.20   25.14   15.01    3.18 
1984 11	  77.55   19.11    7.38    3.91 
1984 12	 134.55   17.94    7.25    4.41 
1985 1	  22.45   10.70   -1.58    3.99 
1985 2	  52.35   12.87    2.33    4.24 
1985 3	  74.20   21.51   10.95    4.29 
1985 4	  75.03   26.45   13.89    4.02 
1985 5	  48.50   30.39   18.01    3.21 
1985 6	 138.17   33.43   20.90    3.13 
1985 7	  23.33   35.85   22.58    2.39 
1985 8	  20.77   38.01   23.52    2.30 
1985 9	 164.90   32.09   18.98    3.42 
1985 10	  95.12   25.35   15.29    4.24 
1985 11	  91.82   20.57    9.69    4.12 
1985 12	  57.60   14.09   -0.06    3.59 
1986 1	   1.73   17.78    2.11    3.94 
1986 2	 111.38   18.55    5.32    4.04 
1986 3	  12.40   23.50    8.22    3.49 
1986 4	  89.82   26.39   14.28    3.99 
1986 5	 156.70   28.45   17.02    3.54 
1986 6	 109.38   32.67   21.83    1.99 
1986 7	  10.25   37.13   24.01    2.61 
1986 8	  19.25   35.35   22.81    2.26 
1986 9	  91.53   33.17   22.75    2.69 
1986 10	 134.02   25.10   13.82    3.02 
1986 11	  87.83   18.06    7.33    3.75 
1986 12	  96.72   12.78    3.79    3.58 
1987 1	  34.00   13.80    1.27    3.70 
1987 2	  67.10   16.35    5.68    4.29 
1987 3	  44.20   19.80    5.80    3.50 
1987 4	  37.62   26.22    9.86    2.78 
1987 5	 139.07   29.29   18.40    2.87 
1987 6	 152.88   32.24   20.78    2.77 
1987 7	  36.33   34.91   22.57    2.53 
1987 8	  20.75   36.52   24.42    2.62 
1987 9	 141.32   31.75   18.27    2.57 
1987 10	  27.05   26.81   11.91    3.19 
1987 11	 112.85   20.13    7.42    3.59 
1987 12	  76.85   15.36    3.64    3.80 
1988 1	  11.82   12.67   -0.02    4.27 
1988 2	  44.53   15.85    2.95    3.96 
1988 3	  79.78   21.07    7.26    4.14 
1988 4	  31.20   26.40   11.11    3.26 
1988 5	  37.95   29.37   16.32    3.10 
1988 6	 127.70   32.71   20.03    2.46 
1988 7	  25.38   36.18   23.11    2.62 
1988 8	  18.60   37.84   23.96    2.29 
1988 9	 133.35   33.57   19.53    3.11 
1988 10	  25.50   26.57   13.36    3.01 
1988 11	  43.02   23.02    8.23    4.18 
1988 12	  56.92   16.57    3.82    3.64 
1989 1	  69.70   16.31    4.55    3.79 
1989 2	  64.07   11.43    2.10    5.20 
1989 3	  67.73   20.52    7.55    4.50 
1989 4	  40.25   25.87   13.32    3.89 
1989 5	 231.32   29.68   19.01    4.00 
1989 6	 116.12   31.39   20.20    3.30 
1989 7	  56.75   34.74   22.43    2.39 
1989 8	  63.23   34.10   22.59    2.44 
1989 9	  11.23   31.30   16.79    3.03 
1989 10	  29.15   28.40   13.63    3.37 
1989 11	   8.82   21.81    8.30    3.80 
1989 12	  12.67   11.63   -3.03    4.20 
1990 1	  84.88   18.53    4.92    3.90 
1990 2	  63.15   19.25    5.55    4.44 
1990 3	 135.35   19.96   10.08    4.40 
1990 4	  85.50   24.62   13.11    4.09 
1990 5	 146.80   29.59   17.97    4.11 
1990 6	  24.98   36.14   23.28    3.26 
1990 7	  27.35   35.28   22.46    2.48 
1990 8	  29.30   36.92   23.10    2.37 
1990 9	 153.63   32.73   20.71    1.86 
1990 10	 119.60   26.69   11.94    3.13 
1990 11	  92.72   22.00   10.18    3.71 
1990 12	  38.20   14.31    1.48    3.88 
1991 1	  93.83   11.07    1.67    3.93 
1991 2	  38.78   18.46    5.33    3.68 
1991 3	  19.75   22.61    8.75    4.32 
1991 4	  66.38   26.37   14.42    3.95 
1991 5	 140.20   29.23   18.64    3.63 
1991 6	  85.85   32.90   21.06    2.56 
1991 7	  88.65   35.45   22.80    2.16 
1991 8	 162.10   34.17   22.42    1.92 
1991 9	  91.85   30.16   18.58    2.71 
1991 10	  93.00   27.97   13.52    2.98 
1991 11	  43.18   17.78    5.63    4.30 
1991 12	 198.40   15.53    5.94    4.08 
1992 1	 107.55   13.48    3.71    3.23 
1992 2	 150.18   18.20    6.47    3.73 
1992 3	  92.47   22.28    9.70    3.74 
1992 4	  32.42   25.09   13.26    3.08 
1992 5	 155.43   27.84   16.37    2.78 
1992 6	  68.88   32.66   21.17    2.26 
1992 7	  41.55   35.41   23.87    3.44 
1992 8	  17.83   34.07   20.15    2.30 
1992 9	  50.80   32.96   19.78    3.24 
1992 10	  41.25   29.11   13.10    3.02 
1992 11	 104.30   18.31    6.18    3.66 
1992 12	  87.62   15.32    4.98    3.45 
1993 1	  62.95   13.17    2.16    3.67 
1993 2	  91.73   15.66    4.32    4.02 
1993 3	 103.70   19.36    7.82    3.65 
1993 4	  88.25   23.21   11.04    4.25 
1993 5	  54.98   28.20   15.85    3.36 
1993 6	  54.60   32.81   22.13    3.63 
1993 7	   0.00   35.35   24.16    3.34 
1993 8	  11.75   36.86   24.35    2.50 
1993 9	 107.65   32.81   18.13    2.66 
1993 10	 131.28   24.29   12.26    3.49 
1993 11	  56.03   16.51    4.78    3.78 
1993 12	  39.15   15.52    3.85    3.99 
1994 1	  33.77   13.72    2.01    4.34 
1994 2	  82.20   16.02    2.94    3.90 
1994 3	  56.08   21.43    8.76    3.53 
1994 4	  59.78   25.42   12.27    3.92 
1994 5	 163.60   27.42   16.60    2.97 
1994 6	  45.12   33.91   22.65    2.68 
1994 7	   8.43   36.14   23.49    3.08 
1994 8	  34.67   35.67   22.64    1.96 
1994 9	  16.80   32.39   17.15    2.07 
1994 10	 127.38   26.49   13.83    3.28 
1994 11	  98.55   20.70    9.40    4.04 
1994 12	 122.67   15.49    5.09    3.50 
1995 1	  35.83   15.54    3.47    4.28 
1995 2	  17.43   18.17    4.52    3.59 
1995 3	  79.62   18.96    7.83    4.22 
1995 4	 165.65   24.21   11.73    4.11 
1995 5	 181.13   28.48   17.41    3.72 
1995 6	  56.95   31.70   19.48    2.65 
1995 7	  95.98   35.28   22.82    2.58 
1995 8	 130.90   34.78   23.13    1.83 
1995 9	  92.10   30.79   19.05    2.24 
1995 10	   8.77   28.12   11.26    3.63 
1995 11	  34.62   20.47    5.80    3.86 
1995 12	  26.77   15.91    4.37    4.15 
1996 1	  18.40   15.09   -0.88    4.42 
1996 2	   3.95   19.61    4.57    4.97 
1996 3	  24.60   19.77    4.33    4.39 
1996 4	  70.62   26.78   10.03    4.32 
1996 5	  41.10   32.40   20.93    4.45 
1996 6	  61.27   33.71   21.90    2.71 
1996 7	  63.45   36.60   24.57    2.73 
1996 8	 168.90   34.28   22.90    2.49 
1996 9	  55.33   29.83   17.96    1.95 
1996 10	  23.45   26.44   13.08    3.86 
1996 11	 112.05   20.48    7.87    4.10 
1996 12	  61.50   17.43    2.98    3.83 
1997 1	  58.50   13.16    0.90    4.59 
1997 2	 190.03   15.12    4.60    4.20 
1997 3	  89.42   21.27    7.97    3.50 
1997 4	 138.23   21.97    9.46    4.14 
1997 5	  85.07   27.82   15.16    3.03 
1997 6	  90.65   31.93   20.10    2.34 
1997 7	  17.27   35.83   22.38    1.80 
1997 8	  44.90   35.52   21.54    2.57 
1997 9	  22.80   34.63   19.10    2.38 
1997 10	  58.72   26.94   12.34    3.66 
1997 11	  54.12   17.72    4.67    3.67 
1997 12	 228.35   14.85    1.10    3.98 
1998 1	 128.22   16.56    4.20    3.92 
1998 2	  91.85   17.62    3.92    3.76 
1998 3	  54.93   19.83    5.91    4.60 
1998 4	  33.42   25.75   10.07    3.66 
1998 5	  12.62   32.81   18.98    3.49 
1998 6	  35.40   36.55   23.33    4.46 
1998 7	   8.98   39.05   25.34    3.06 
1998 8	  28.05   36.88   23.60    1.74 
1998 9	 122.88   33.54   22.13    3.34 
1998 10	 171.78   27.22   15.17    3.72 
1998 11	  79.20   20.01   10.24    3.41 
1998 12	 101.68   14.95    3.60    4.19 
1999 1	  58.75   18.18    3.39    4.72 
1999 2	   1.65   21.42    6.42    3.90 
1999 3	  75.85   20.67    7.93    4.10 
1999 4	  44.33   26.97   13.04    4.51 
1999 5	  69.02   29.37   16.24    3.01 
1999 6	  20.80   33.46   21.91    3.02 
1999 7	  93.55   35.10   22.52    2.11 
1999 8	   1.12   38.55   23.49    1.84 
1999 9	  19.17   32.90   18.41    2.84 
1999 10	  45.70   28.22   11.99    3.05 
1999 11	   7.10   24.32    9.18    3.01 
1999 12	  68.43   17.76    3.66    4.18 
2000 1	  52.83   17.39    4.20    4.48 
2000 2	  95.17   21.55    6.87    4.40 
2000 3	  54.15   22.88   10.43    3.65 
2000 4	  80.25   25.31   12.67    3.62 
2000 5	 119.77   30.07   19.18    3.83 
2000 6	 200.70   31.59   21.45    3.21 
2000 7	  16.17   36.89   23.26    2.44 
2000 8	   1.90   38.10   23.93    1.96 
2000 9	  28.95   34.64   18.88    3.05 
2000 10	 103.75   26.54   16.11    3.57 
2000 11	 187.68   16.80    6.36    3.95 
2000 12	  95.50   11.22    0.24    4.12 
2001 1	  56.47   12.72    1.85    3.78 
2001 2	  64.70   17.41    5.22    3.95 
2001 3	 112.95   17.05    6.43    3.34 
2001 4	  19.70   26.28   14.31    4.44 
2001 5	  88.70   30.09   18.43    3.21 
2001 6	  45.00   33.48   21.18    2.26 
2001 7	  12.30   37.19   24.74    2.25 
2001 8	 114.60   36.09   24.42    2.49 
2001 9	  55.20   30.56   18.68    2.86 
2001 10	  68.30   25.91   11.56    3.30 
2001 11	 129.58   21.66   10.22    3.03 
2001 12	  98.52   16.69    4.97    3.61 
2002 1	  24.05   16.59    2.41    3.64 
2002 2	  41.90   15.84    1.44    3.98 
2002 3	  66.98   19.54    7.10    4.51 
2002 4	  31.38   26.22   16.50    4.27 
2002 5	  80.78   29.81   17.57    4.19 
2002 6	  77.05   32.73   21.30    2.67 
2002 7	  69.05   33.64   23.49    2.56 
2002 8	  19.85   35.95   22.70    2.31 
2002 9	  72.47   33.00   19.62    3.40 
2002 10	 233.03   23.81   14.68    2.81 
2002 11	  33.15   19.67    6.28    3.75 
2002 12	 198.90   15.45    3.39    4.21 
2003 1	  13.00   13.40    1.81    3.83 
2003 2	  77.15   14.42    3.74    4.04 
2003 3	  35.33   20.10    7.86    3.01 
2003 4	  24.38   26.24   12.73    3.82 
2003 5	  64.52   30.38   19.06    3.61 
2003 6	 125.07   32.42   20.77    2.23 
2003 7	  62.72   35.76   23.29    2.28 
2003 8	  50.38   36.03   23.30    2.00 
2003 9	 100.73   30.61   18.15    2.38 
2003 10	  85.65   27.55   14.05    2.78 
2003 11	  38.35   21.67   10.32    3.96 
2003 12	  12.88   17.79    3.10    4.02 
2004 1	  90.77   16.46    4.41    4.17 
2004 2	 119.30   13.65    2.81    3.97 
2004 3	  57.65   23.24   11.37    3.62 
2004 4	 206.52   24.64   13.99    3.91 
2004 5	  63.00   28.98   18.78    3.78 
2004 6	 204.47   31.45   21.48    2.43 
2004 7	 105.67   33.95   22.74    1.96 
2004 8	  18.65   33.78   21.81    2.46 
2004 9	  19.68   32.55   18.61    2.37 
2004 10	 228.65   28.58   18.19    3.42 
2004 11	 223.40   19.84    9.74    3.69 
2004 12	  30.13   16.34    3.03    3.96 
2005 1	  78.28   16.33    5.39    4.11 
2005 2	  76.15   16.46    6.47    3.81 
2005 3	  32.97   20.38    7.91    3.49 
2005 4	  49.98   25.54   11.83    3.82 
2005 5	  97.38   28.53   16.87    2.97 
2005 6	  21.50   33.87   22.28    2.58 
2005 7	  24.75   35.80   23.18    2.20 
2005 8	 125.08   35.04   23.46    2.07 
2005 9	  14.05   34.88   21.29    2.70 
2005 10	  22.00   27.66   12.65    3.27 
2005 11	  11.73   23.94    8.78    3.77 
2005 12	   9.88   16.71    1.05    3.82 
2006 1	  47.45   20.87    4.50    4.27 
2006 2	  44.05   16.62    3.50    4.09 
2006 3	  91.83   22.76   10.60    4.33 
2006 4	  59.60   28.78   16.04    3.95 
2006 5	  61.22   30.50   17.93    3.20 
2006 6	  61.73   34.52   20.77    1.95 
2006 7	  11.05   36.49   23.81    2.03 
2006 8	   5.50   38.26   24.74    2.32 
2006 9	  39.65   32.98   18.53    2.56 
2006 10	  99.28   27.82   13.10    3.51 
2006 11	  22.80   21.75    7.54    3.70 
2006 12	  72.88   16.56    3.69    4.05 
2007 1	  98.70   10.94    1.17    4.20 
2007 2	  11.38   16.27    3.01    3.77 
2007 3	 246.95   23.00   11.52    3.82 
2007 4	  36.80   22.32   10.87    3.69 
2007 5	 323.20   28.14   17.91    3.35 
2007 6	 217.65   31.74   21.70    2.58 
2007 7	  66.27   32.14   22.50    2.33 
2007 8	   9.55   35.72   23.63    1.86 
2007 9	  92.07   32.67   20.55    2.02 
2007 10	  23.62   28.79   13.48    3.17 
2007 11	  46.62   22.02    9.85    3.35 
2007 12	  36.00   17.04    1.90    3.22 
2008 1	  17.23   14.11    1.26    4.28 
2008 2	  30.70   19.68    3.84    4.19 
2008 3	 119.88   21.64    7.75    4.74 
2008 4	 116.38   25.15   12.21    3.84 
2008 5	 112.02   29.64   18.17    3.92 
2008 6	   5.40   35.09   22.94    3.29 
2008 7	  14.70   37.02   23.13    2.66 
2008 8	 217.70   35.09   23.10    2.09 
2008 9	  15.55   31.39   17.03    3.24 
2008 10	  89.75   27.01   11.87    2.86 
2008 11	  12.57   21.84    7.64    3.12 
2008 12	  18.30   16.64    1.43    4.57 
2009 1	  16.42   16.89    0.93    3.81 
2009 2	  33.05   20.82    6.14    4.62 
2009 3	 133.30   22.11    9.10    4.06 
2009 4	 109.88   24.62   11.20    4.32 
2009 5	  39.05   29.39   17.52    3.11 
2009 6	  24.42   35.79   22.85    2.85 
2009 7	  69.85   36.37   24.30    2.35 
2009 8	   2.72   37.17   24.09    2.08 
2009 9	 213.15   30.07   19.82    2.17 
2009 10	 251.48   23.59   12.72    3.68 
2009 11	  40.30   21.72    8.76    3.18 
2009 12	  38.52   12.10    1.08    3.93 
2010 1	 115.38   12.88    0.83    3.98 
2010 2	  92.72   11.05    1.23    3.88 
2010 3	 105.25   19.74    6.33    3.50 
2010 4	  91.30   25.27   12.90    3.98 
2010 5	  26.62   31.23   18.30    3.17 
2010 6	 127.15   34.31   24.03    2.68 
2010 7	  90.25   34.73   24.52    2.53 
2010 8	   7.60   38.04   24.98    2.09 
2010 9	 242.50   32.30   20.72    2.70 
2010 10	  25.97   28.76   11.84    2.94 
2010 11	  28.10   21.71    8.46    4.25 
2010 12	  22.42   16.60    3.81    4.27 
