1949 1	 113.75   11.59   -0.98    3.88 
1949 2	  84.70   15.61    2.72    3.52 
1949 3	  63.58   19.71    6.25    4.00 
1949 4	  58.68   22.27   10.51    3.61 
1949 5	  88.20   29.57   17.64    3.40 
1949 6	  84.48   32.78   20.56    2.70 
1949 7	  83.20   35.13   21.95    2.39 
1949 8	  55.55   34.91   19.78    2.26 
1949 9	  16.95   33.11   16.66    2.68 
1949 10	 167.25   24.90   11.65    3.69 
1949 11	   6.97   23.05    4.57    3.26 
1949 12	  31.85   16.74    3.66    4.39 
1950 1	  71.43   15.94    4.89    4.19 
1950 2	 111.28   16.40    5.17    3.23 
1950 3	  40.90   19.92    4.91    4.28 
1950 4	 152.98   23.05   10.55    4.02 
1950 5	  75.58   27.92   16.99    3.28 
1950 6	  65.65   31.32   20.29    2.98 
1950 7	  53.08   33.17   21.74    2.88 
1950 8	  24.55   35.42   21.09    2.32 
1950 9	  40.98   30.17   18.07    2.64 
1950 10	  20.73   29.87   13.26    3.10 
1950 11	  29.15   20.57    3.41    3.99 
1950 12	  10.20   16.14    1.02    3.49 
1951 1	  70.52   15.76    0.60    4.42 
1951 2	  70.57   15.58    2.03    4.27 
1951 3	  37.78   22.05    7.02    4.15 
1951 4	  73.20   25.33   10.61    4.10 
1951 5	  58.03   29.09   15.93    3.44 
1951 6	 142.25   32.93   20.91    3.66 
1951 7	  22.95   37.81   23.62    2.39 
1951 8	  15.05   39.75   24.27    2.37 
1951 9	  81.72   33.14   19.12    2.65 
1951 10	  69.35   28.35   13.39    3.02 
1951 11	  20.25   18.71    4.17    4.21 
1951 12	  18.45   18.15    2.49    4.42 
1952 1	  18.92   19.00    6.13    4.13 
1952 2	  94.22   18.73    5.32    4.29 
1952 3	  86.63   19.84    5.44    3.91 
1952 4	 193.70   23.21    9.84    3.57 
1952 5	 149.07   28.70   15.20    2.80 
1952 6	   3.35   34.58   21.60    2.78 
1952 7	  29.38   35.66   22.50    2.08 
1952 8	   0.28   39.39   23.76    2.93 
1952 9	   6.85   34.47   17.95    2.89 
1952 10	   3.05   27.42    8.32    2.98 
1952 11	 239.37   19.63    6.46    3.90 
1952 12	 129.35   13.15    1.98    3.36 
1953 1	  21.12   17.85    3.45    4.66 
1953 2	  47.42   16.09    2.96    3.57 
1953 3	  83.53   22.59    9.65    3.51 
1953 4	  73.30   23.83    9.61    3.53 
1953 5	 157.53   28.12   16.48    3.09 
1953 6	  11.32   36.36   22.83    2.55 
1953 7	  31.88   35.13   22.89    2.29 
1953 8	 104.53   35.71   21.91    2.03 
1953 9	  67.43   33.78   16.92    2.19 
1953 10	 102.33   28.85   13.46    2.73 
1953 11	  49.67   18.30    5.68    3.30 
1953 12	  95.43   13.17    1.53    3.85 
1954 1	  51.65   14.40    2.08    3.91 
1954 2	  11.65   21.28    5.02    3.82 
1954 3	  17.83   19.86    5.73    4.19 
1954 4	  66.53   27.11   14.54    3.79 
1954 5	 108.93   26.29   14.79    3.15 
1954 6	   0.93   35.31   21.28    2.89 
1954 7	  18.18   39.49   24.34    2.77 
1954 8	  52.45   38.40   23.07    2.86 
1954 9	  79.35   36.16   19.24    2.68 
1954 10	  94.00   27.67   14.71    3.15 
1954 11	  67.97   20.00    5.26    3.44 
1954 12	  17.20   17.19    2.54    3.62 
1955 1	  43.80   13.68    2.28    3.24 
1955 2	  86.97   15.14    3.14    4.42 
1955 3	  77.20   20.80    7.42    4.35 
1955 4	  63.57   26.97   13.52    3.72 
1955 5	 107.70   30.72   17.77    3.29 
1955 6	  92.85   32.20   18.94    2.50 
1955 7	  39.85   36.35   22.62    2.48 
1955 8	 182.08   35.18   21.56    1.97 
1955 9	 103.05   33.94   19.91    2.44 
1955 10	  17.33   28.69   11.70    3.26 
1955 11	  34.90   21.21    4.39    4.53 
1955 12	   0.00   15.50    1.98    3.92 
1956 1	  83.95   14.29    1.02    4.03 
1956 2	  52.17   15.73    3.55    3.80 
1956 3	   4.12   21.53    6.59    3.51 
1956 4	  95.60   25.19   11.63    3.79 
1956 5	  76.55   31.55   18.74    3.15 
1956 6	  41.65   34.48   21.19    2.76 
1956 7	   1.00   38.48   23.55    3.24 
1956 8	  58.70   38.22   22.57    2.86 
1956 9	  18.55   34.79   18.25    2.85 
1956 10	  34.33   29.53   13.88    2.68 
1956 11	 100.65   18.59    4.05    3.66 
1956 12	  67.72   17.44    3.61    3.57 
1957 1	  80.45   12.11    1.68    3.67 
1957 2	  34.13   17.36    7.67    3.22 
1957 3	 104.25   18.23    5.96    3.41 
1957 4	 371.95   22.20   11.42    4.10 
1957 5	 257.17   27.60   16.96    3.58 
1957 6	  36.25   31.97   20.85    2.74 
1957 7	  13.68   37.61   23.42    1.85 
1957 8	  25.10   36.06   21.91    2.64 
1957 9	 115.12   31.03   16.97    3.01 
1957 10	 153.62   23.05   10.51    3.55 
1957 11	 148.65   16.71    6.18    4.01 
1957 12	  28.50   17.97    4.24    3.89 
1958 1	  56.75   12.93    0.76    4.53 
1958 2	  45.80   11.92    1.25    4.56 
1958 3	  59.25   15.24    4.70    3.76 
1958 4	 189.07   22.63   10.75    3.43 
1958 5	  99.55   29.50   16.38    2.69 
1958 6	  37.15   34.38   21.42    2.73 
1958 7	  71.65   35.96   23.06    3.15 
1958 8	 100.03   36.32   22.18    2.29 
1958 9	 105.05   30.63   20.05    2.90 
1958 10	  33.37   24.24   12.77    3.72 
1958 11	  60.55   21.28    6.82    3.27 
1958 12	  21.62   13.42   -0.35    3.72 
1959 1	   6.17   11.83   -1.18    4.17 
1959 2	  96.10   13.93    3.21    4.00 
1959 3	  53.03   20.69    4.51    4.07 
1959 4	  97.15   22.74   10.14    3.98 
1959 5	 191.00   28.88   18.28    3.44 
1959 6	 248.35   32.01   20.26    2.77 
1959 7	  58.98   34.02   21.76    1.72 
1959 8	  70.40   35.59   21.92    2.28 
1959 9	  98.68   32.90   19.88    3.23 
1959 10	 166.48   26.13   12.69    3.20 
1959 11	  19.58   17.47    3.07    3.97 
1959 12	 131.73   16.33    4.50    4.02 
1960 1	  72.92   12.13    2.26    3.87 
1960 2	  59.23   12.41    0.17    4.44 
1960 3	   9.78   15.56    3.83    3.72 
1960 4	  72.65   26.98   13.67    4.08 
1960 5	  71.05   28.49   15.32    3.63 
1960 6	 175.18   34.15   21.04    2.92 
1960 7	  23.35   35.78   23.08    1.99 
1960 8	 108.15   35.29   22.88    2.43 
1960 9	  29.27   33.74   19.35    2.13 
1960 10	 110.37   27.56   15.36    2.70 
1960 11	  35.70   20.91    7.68    3.59 
1960 12	 221.75   11.75    2.07    3.72 
1961 1	 145.85   11.32   -0.49    3.91 
1961 2	 110.20   17.00    5.23    3.80 
1961 3	  93.83   22.11    9.07    4.02 
1961 4	  22.75   24.55   10.74    4.25 
1961 5	  91.35   29.07   16.83    3.93 
1961 6	 162.45   30.56   20.11    2.79 
1961 7	  98.75   32.35   22.33    2.37 
1961 8	  31.00   34.71   21.18    1.95 
1961 9	 100.52   31.51   19.57    4.11 
1961 10	  62.00   26.19   12.72    3.34 
1961 11	 137.70   17.94    6.18    4.10 
1961 12	  59.35   13.75    2.63    3.54 
1962 1	  18.00   10.98   -2.50    4.32 
1962 2	  58.82   20.78    6.21    4.06 
1962 3	  35.85   18.32    5.18    3.99 
1962 4	 104.65   23.40   11.86    3.92 
1962 5	  60.25   30.09   18.08    4.23 
1962 6	 145.88   31.78   20.33    2.19 
1962 7	   3.53   35.07   22.69    2.24 
1962 8	  12.23   37.74   22.86    2.25 
1962 9	 135.25   32.27   19.85    2.37 
1962 10	 164.23   27.65   15.68    3.16 
1962 11	  63.17   19.09    6.81    3.97 
1962 12	  47.82   14.24    2.87    3.38 
1963 1	  18.27    9.21   -3.43    3.87 
1963 2	  15.68   15.59   -0.39    4.38 
1963 3	  14.12   23.28    7.83    4.05 
1963 4	 127.72   27.48   15.18    4.63 
1963 5	 105.85   29.20   17.36    3.34 
1963 6	  52.15   33.74   21.54    2.61 
1963 7	  18.80   36.41   23.35    3.06 
1963 8	  12.32   37.42   23.17    2.25 
1963 9	  40.53   33.17   19.63    2.55 
1963 10	   1.15   31.27   14.84    1.89 
1963 11	  95.60   22.37    7.42    4.13 
1963 12	  27.35   10.19   -1.30    4.27 
1964 1	  75.40   14.52   -0.37    3.85 
1964 2	  51.62   12.85    0.39    3.68 
1964 3	  70.88   19.77    5.94    3.83 
1964 4	  50.85   25.69   13.49    4.48 
1964 5	  64.35   29.77   17.72    3.29 
1964 6	  49.43   32.63   20.79    3.06 
1964 7	   9.38   37.30   23.16    2.52 
1964 8	  49.40   35.90   23.78    2.81 
1964 9	  90.38   31.56   20.02    2.45 
1964 10	  15.45   25.43   10.98    3.44 
1964 11	  80.48   21.75    7.96    3.49 
1964 12	  22.30   15.22    1.78    4.26 
1965 1	  75.57   15.90    2.30    3.81 
1965 2	 129.18   13.33    1.26    4.46 
1965 3	  59.00   15.74    3.09    4.15 
1965 4	  37.48   26.59   14.07    3.76 
1965 5	 265.40   27.41   18.25    4.08 
1965 6	  47.70   31.95   20.74    2.94 
1965 7	  10.20   35.98   22.72    2.17 
1965 8	  97.00   35.44   21.53    2.15 
1965 9	  87.30   31.83   19.65    3.40 
1965 10	  37.47   24.95   11.85    3.32 
1965 11	  88.62   23.23   10.83    3.24 
1965 12	  65.48   16.35    4.23    3.74 
1966 1	  45.65   10.74   -0.05    4.29 
1966 2	  66.18   13.46    1.16    4.10 
1966 3	  50.00   20.03    6.99    3.82 
1966 4	 343.35   24.17   12.34    4.23 
1966 5	  57.20   27.18   16.81    3.17 
1966 6	  43.03   31.61   20.04    2.43 
1966 7	  39.17   35.60   23.29    2.23 
1966 8	 135.38   32.81   21.23    2.21 
1966 9	  87.22   29.35   17.69    1.96 
1966 10	  11.35   25.67    9.93    3.39 
1966 11	   3.33   22.96    7.92    3.64 
1966 12	  38.40   14.48    0.72    3.94 
1967 1	   8.93   14.83    1.01    4.07 
1967 2	  24.95   15.26    0.48    3.77 
1967 3	  36.03   24.34    9.14    4.12 
1967 4	 111.25   27.22   15.68    4.70 
1967 5	  81.85   27.31   15.01    4.18 
1967 6	  64.88   32.08   21.06    3.26 
1967 7	  79.70   34.11   21.10    3.15 
1967 8	  18.45   34.96   20.67    2.07 
1967 9	 297.42   28.35   17.47    3.08 
1967 10	 237.38   25.39   11.30    3.23 
1967 11	 105.15   18.75    6.86    3.36 
1967 12	 112.90   13.20    2.03    3.65 
1968 1	 107.97   10.30    2.69    4.20 
1968 2	  53.25   12.56    1.13    3.56 
1968 3	  79.70   17.69    6.36    4.13 
1968 4	 120.37   23.41   12.20    4.18 
1968 5	 257.58   27.42   16.43    3.59 
1968 6	 139.58   30.72   20.51    2.70 
1968 7	  44.85   32.29   21.44    2.32 
1968 8	  35.08   34.34   21.78    2.62 
1968 9	  75.55   30.02   16.62    2.81 
1968 10	  33.88   26.60   12.41    2.87 
1968 11	 139.80   18.67    5.13    3.97 
1968 12	  31.57   15.57    1.60    4.37 
1969 1	  31.02   14.60    2.44    4.20 
1969 2	  68.17   14.57    3.42    4.14 
1969 3	 116.77   14.60    3.94    4.10 
1969 4	  94.23   24.09   12.47    3.48 
1969 5	 198.55   27.60   15.99    2.47 
1969 6	  13.85   32.43   20.37    3.39 
1969 7	  14.87   37.09   24.01    2.52 
1969 8	  77.62   35.71   22.59    2.39 
1969 9	  44.00   31.59   18.40    2.45 
1969 10	 146.68   25.39   12.15    4.22 
1969 11	  46.65   19.13    5.20    3.31 
1969 12	 108.28   15.87    3.17    3.05 
1970 1	  36.85   10.25   -1.30    3.72 
1970 2	  97.73   14.53    2.56    3.95 
1970 3	 131.45   15.95    5.55    3.89 
1970 4	  48.90   24.71   13.52    4.20 
1970 5	  58.23   27.55   15.51    3.45 
1970 6	  11.73   32.18   19.92    2.63 
1970 7	   6.77   34.86   21.51    2.27 
1970 8	  63.15   36.13   22.74    2.46 
1970 9	 172.25   30.56   19.56    3.22 
1970 10	 137.50   23.51   11.46    3.40 
1970 11	  10.38   18.75    4.26    4.26 
1970 12	  22.20   18.63    5.43    3.65 
1971 1	   4.72   16.92    1.35    4.23 
1971 2	  65.75   16.65    2.49    4.64 
1971 3	  11.70   20.69    5.36    4.08 
1971 4	  78.50   24.73   10.89    3.87 
1971 5	  59.63   28.00   15.74    3.64 
1971 6	  37.18   33.99   21.77    3.14 
1971 7	 126.47   34.83   22.79    2.72 
1971 8	  74.97   31.28   21.04    1.84 
1971 9	  44.80   31.20   19.36    2.98 
1971 10	 135.72   26.68   14.73    2.75 
1971 11	  65.70   20.20    7.28    3.60 
1971 12	 156.38   16.11    6.11    3.66 
1972 1	  58.45   13.49    0.92    4.35 
1972 2	   5.12   17.33    3.12    4.07 
1972 3	  19.50   23.72    9.03    3.94 
1972 4	  53.82   26.82   13.26    4.41 
1972 5	  57.20   28.87   16.09    2.22 
1972 6	  81.30   33.43   21.06    3.07 
1972 7	  41.00   33.14   21.40    2.98 
1972 8	  21.55   35.13   21.96    2.32 
1972 9	  28.85   33.03   21.03    2.19 
1972 10	 172.05   25.88   12.54    3.18 
1972 11	  62.35   14.88    4.34    4.17 
1972 12	  37.33   11.96   -0.23    3.86 
1973 1	 116.88   10.55   -0.33    4.73 
1973 2	  46.87   13.63    2.26    3.87 
1973 3	  99.65   21.28    9.13    4.00 
1973 4	 179.70   20.57   10.90    4.21 
1973 5	  59.80   27.80   15.24    4.00 
1973 6	 243.78   30.27   19.82    3.07 
1973 7	 106.23   33.31   22.61    2.36 
1973 8	  11.33   34.02   20.53    2.29 
1973 9	 129.82   30.64   19.23    2.67 
1973 10	 167.62   26.48   14.70    3.00 
1973 11	  32.00   22.18   10.45    4.05 
1973 12	  36.95   16.58    1.76    4.08 
1974 1	  53.28   11.49    0.80    3.55 
1974 2	  32.45   17.67    2.81    4.59 
1974 3	  24.25   22.65   10.55    4.80 
1974 4	  66.80   25.54   11.58    4.79 
1974 5	  46.53   29.38   18.76    3.81 
1974 6	  42.62   31.70   19.55    3.07 
1974 7	  35.62   35.88   22.23    2.10 
1974 8	 179.52   33.09   21.40    2.60 
1974 9	 198.75   25.44   16.01    3.67 
1974 10	 252.35   26.26   12.95    3.58 
1974 11	 135.77   17.94    6.82    3.80 
1974 12	  61.48   13.55    2.34    3.50 
1975 1	  55.22   15.17    3.36    3.97 
1975 2	  52.07   14.03    1.71    3.62 
1975 3	  64.60   18.04    5.49    4.51 
1975 4	 142.50   22.58   11.32    4.75 
1975 5	 244.28   27.43   16.87    3.41 
1975 6	  58.68   31.42   20.74    3.05 
1975 7	  44.75   33.61   21.50    2.03 
1975 8	  31.18   34.07   22.12    2.29 
1975 9	  60.35   29.57   16.71    2.73 
1975 10	  39.28   26.32   12.10    3.21 
1975 11	  34.47   21.08    6.53    3.67 
1975 12	  53.27   14.97    1.66    3.90 
1976 1	   9.62   14.81   -0.77    4.18 
1976 2	  16.77   20.82    6.31    4.37 
1976 3	 109.45   20.82    8.12    4.57 
1976 4	 149.30   23.73   12.29    3.94 
1976 5	 188.05   25.68   14.34    2.95 
1976 6	  63.58   30.71   19.30    2.95 
1976 7	 111.45   31.50   21.36    2.01 
1976 8	  27.15   34.60   20.67    1.85 
1976 9	 154.00   29.74   17.64    2.21 
1976 10	 114.10   21.30    8.77    3.44 
1976 11	  23.35   14.98    2.91    3.80 
1976 12	  73.75   13.66    0.32    3.53 
1977 1	  47.08    7.55   -4.05    4.03 
1977 2	  88.65   16.49    2.71    4.00 
1977 3	 104.35   20.42    7.42    4.07 
1977 4	 145.07   23.98   12.33    3.48 
1977 5	   9.48   28.63   17.96    3.17 
1977 6	  22.83   33.77   21.60    2.95 
1977 7	  25.55   36.05   23.32    2.35 
1977 8	  86.52   35.51   22.95    2.76 
1977 9	  77.27   33.29   21.03    3.08 
1977 10	  41.28   27.18   12.73    2.87 
1977 11	  72.85   20.74    8.93    3.25 
1977 12	  12.00   16.45    1.73    4.58 
1978 1	  54.08    6.97   -3.52    4.93 
1978 2	  95.50    8.12   -1.66    4.43 
1978 3	  81.53   18.95    5.04    3.61 
1978 4	  26.22   25.72   13.32    4.10 
1978 5	 112.90   29.13   17.04    3.44 
1978 6	   4.75   33.69   20.94    2.40 
1978 7	  14.05   37.22   23.98    2.55 
1978 8	  72.78   34.89   22.43    2.46 
1978 9	  47.15   31.54   20.52    3.10 
1978 10	  36.70   27.40   12.23    2.75 
1978 11	  92.03   20.20    8.90    3.19 
1978 12	  44.00   14.10    1.03    4.11 
1979 1	  64.40    6.26   -2.68    4.67 
1979 2	  66.07   10.92    0.65    4.26 
1979 3	 132.45   20.12    7.86    4.17 
1979 4	  66.88   23.43   12.09    3.29 
1979 5	 281.70   25.56   14.95    3.54 
1979 6	  47.72   30.85   20.08    2.73 
1979 7	 102.62   32.67   22.68    2.62 
1979 8	  84.48   32.48   20.94    1.89 
1979 9	 101.63   29.86   17.28    3.13 
1979 10	  75.85   28.12   12.85    3.38 
1979 11	  22.90   18.07    4.03    4.13 
1979 12	 118.25   15.68    2.43    3.78 
1980 1	  70.10   13.22    2.27    3.37 
1980 2	  47.40   14.72    0.77    3.99 
1980 3	  66.05   19.36    4.66    3.91 
1980 4	 144.55   23.48    9.46    3.60 
1980 5	 129.15   27.90   17.19    2.89 
1980 6	   4.62   34.42   22.24    3.54 
1980 7	  11.45   37.97   23.90    2.13 
1980 8	   3.38   36.96   23.50    3.30 
1980 9	  82.68   33.50   21.12    2.60 
1980 10	   9.88   25.77   10.80    3.23 
1980 11	  51.78   19.28    6.19    3.67 
1980 12	  70.85   15.63    3.64    3.64 
1981 1	  31.65   14.41    0.77    3.44 
1981 2	  43.92   15.77    3.05    3.73 
1981 3	  67.47   19.04    7.28    3.73 
1981 4	  31.52   26.90   14.61    3.75 
1981 5	 152.12   27.14   15.38    3.79 
1981 6	 270.67   30.99   21.16    3.09 
1981 7	  42.85   34.44   22.70    2.45 
1981 8	  26.50   34.44   21.28    2.26 
1981 9	  58.35   30.83   16.85    2.56 
1981 10	 203.15   25.06   13.41    3.29 
1981 11	  40.90   21.09    6.85    3.15 
1981 12	   7.45   14.61    1.49    4.01 
1982 1	  42.22   14.13   -0.63    4.62 
1982 2	  26.30   13.29    1.11    4.12 
1982 3	  72.45   20.37    9.63    4.69 
1982 4	  86.03   22.31   11.25    4.01 
1982 5	 158.88   27.55   17.11    3.61 
1982 6	 124.35   31.65   19.81    2.61 
1982 7	  34.12   34.58   23.01    2.69 
1982 8	  30.52   35.95   23.17    2.38 
1982 9	   6.75   32.80   17.75    3.04 
1982 10	  52.28   25.62   12.36    3.66 
1982 11	  93.20   18.55    7.51    3.65 
1982 12	  70.15   15.80    3.67    4.42 
1983 1	  28.98   11.72    0.61    3.54 
1983 2	 138.32   14.39    3.14    4.17 
1983 3	  77.55   18.14    5.96    4.05 
1983 4	   0.65   22.37    8.95    4.60 
1983 5	 160.62   27.47   14.50    3.44 
1983 6	  86.10   29.66   19.00    2.62 
1983 7	  69.50   33.17   21.76    2.75 
1983 8	  67.42   34.44   22.48    1.69 
1983 9	  46.67   31.30   17.51    2.95 
1983 10	  75.50   26.62   12.77    2.87 
1983 11	  66.18   20.92    7.69    3.89 
1983 12	  34.60    7.81   -3.23    4.47 
1984 1	  38.10   10.66   -2.40    4.01 
1984 2	  71.12   18.29    2.54    4.16 
1984 3	 113.57   20.36    7.46    3.98 
1984 4	  18.77   25.17   11.05    4.10 
1984 5	  80.50   29.65   16.62    3.92 
1984 6	  55.55   32.29   20.79    3.05 
1984 7	  13.10   35.34   22.04    2.33 
1984 8	  19.38   36.35   22.02    2.41 
1984 9	   9.20   30.53   17.54    3.83 
1984 10	 179.43   25.10   13.85    3.21 
1984 11	  83.22   18.76    6.55    4.01 
1984 12	 180.45   17.55    6.23    4.34 
1985 1	  25.12   10.11   -2.88    4.00 
1985 2	  65.25   12.33    1.30    4.18 
1985 3	  88.03   21.15   10.43    4.27 
1985 4	  49.88   25.21   12.77    3.94 
1985 5	  69.22   28.30   16.50    3.17 
1985 6	  70.75   32.05   19.64    3.17 
1985 7	  58.78   34.35   21.44    2.33 
1985 8	  11.05   36.92   22.30    2.27 
1985 9	 114.77   32.24   17.98    3.50 
1985 10	 284.80   24.80   13.84    4.31 
1985 11	 104.15   19.61    8.19    4.02 
1985 12	  93.60   12.83   -1.40    3.59 
1986 1	   1.58   16.52    1.23    3.97 
1986 2	  99.47   17.77    4.67    4.05 
1986 3	  15.70   22.34    7.51    3.40 
1986 4	 101.65   24.63   13.33    3.89 
1986 5	 233.52   27.03   16.44    3.49 
1986 6	 143.10   31.40   21.17    2.06 
1986 7	  59.72   35.16   22.65    2.54 
1986 8	  68.00   33.65   21.33    2.29 
1986 9	  84.17   31.59   20.80    2.71 
1986 10	 197.25   24.31   12.69    3.09 
1986 11	 115.08   17.25    5.95    3.81 
1986 12	  82.85   12.23    2.52    3.64 
1987 1	  46.88   13.18    0.60    3.69 
1987 2	 102.75   15.74    4.57    4.25 
1987 3	  43.23   18.98    5.38    3.59 
1987 4	  20.83   25.05    9.57    2.81 
1987 5	 194.60   28.72   17.48    2.78 
1987 6	 135.07   30.93   19.89    2.91 
1987 7	  25.98   33.42   21.33    2.58 
1987 8	   6.38   36.19   23.15    2.61 
1987 9	  62.35   31.08   17.12    2.60 
1987 10	  19.08   26.11   10.16    3.28 
1987 11	 126.22   19.78    6.41    3.70 
1987 12	 121.47   14.21    2.28    3.73 
1988 1	  15.53   11.24   -1.52    4.28 
1988 2	  71.55   15.02    1.40    3.89 
1988 3	  85.93   20.17    5.88    4.07 
1988 4	  33.00   25.12    9.33    3.31 
1988 5	  83.25   28.06   14.63    3.07 
1988 6	  43.70   31.50   18.45    2.49 
1988 7	  37.32   34.81   21.33    2.67 
1988 8	  19.37   36.84   22.25    2.26 
1988 9	 180.47   32.53   18.20    3.16 
1988 10	  19.52   24.95   11.01    3.07 
1988 11	  82.25   21.93    6.17    4.27 
1988 12	  69.47   16.02    2.11    3.64 
1989 1	  67.12   15.33    2.53    3.78 
1989 2	  73.70   10.95   -0.00    5.08 
1989 3	  82.67   19.27    6.03    4.50 
1989 4	  96.72   24.73   11.11    3.84 
1989 5	 249.68   28.02   16.89    3.95 
1989 6	 160.40   30.15   18.42    3.35 
1989 7	  55.68   32.58   20.66    2.48 
1989 8	  57.10   32.55   20.23    2.38 
1989 9	  48.72   29.78   15.29    3.11 
1989 10	  29.25   27.48   11.30    3.41 
1989 11	  22.57   21.13    6.61    3.83 
1989 12	  18.73   10.38   -4.92    4.20 
1990 1	 161.62   17.48    3.31    3.80 
1990 2	  92.12   18.45    4.95    4.42 
1990 3	 228.98   19.23    9.46    4.28 
1990 4	  82.43   23.18   11.92    4.02 
1990 5	 204.45   27.92   16.71    4.10 
1990 6	  29.75   33.51   21.96    3.17 
1990 7	  64.12   33.96   21.45    2.38 
1990 8	  36.17   35.08   21.98    2.28 
1990 9	  59.50   32.24   19.77    1.91 
1990 10	  74.00   26.10   10.61    3.19 
1990 11	  86.77   21.63    8.76    3.68 
1990 12	  38.98   13.83    0.21    3.83 
1991 1	 106.60   10.45    0.21    3.90 
1991 2	 126.35   17.97    4.18    3.67 
1991 3	  16.92   21.82    7.62    4.31 
1991 4	  84.70   25.24   13.17    3.86 
1991 5	  84.35   28.53   17.54    3.69 
1991 6	  92.70   32.12   20.00    2.58 
1991 7	  58.50   34.42   21.77    2.17 
1991 8	 163.45   32.90   20.83    1.82 
1991 9	 143.22   29.43   17.29    2.80 
1991 10	 115.55   27.12   11.94    3.02 
1991 11	  49.30   17.06    3.57    4.32 
1991 12	 241.87   14.98    3.98    4.02 
1992 1	  93.50   12.57    1.70    3.28 
1992 2	 134.40   17.72    4.52    3.75 
1992 3	 102.57   21.64    7.48    3.72 
1992 4	  54.53   24.23   10.80    3.07 
1992 5	 224.20   26.50   14.40    2.77 
1992 6	 109.65   31.19   19.08    2.35 
1992 7	  41.17   34.01   21.34    3.41 
1992 8	  50.65   32.46   18.01    2.35 
1992 9	  56.33   31.73   16.86    3.34 
1992 10	  57.67   27.81   10.12    3.05 
1992 11	 127.55   17.78    3.68    3.75 
1992 12	 112.98   14.30    2.15    3.37 
1993 1	  55.15   12.18    0.74    3.64 
1993 2	 115.28   15.23    3.25    4.02 
1993 3	  96.28   18.21    6.62    3.72 
1993 4	  90.20   22.29    9.91    4.19 
1993 5	  50.45   27.03   15.17    3.42 
1993 6	  84.30   31.71   20.88    3.72 
1993 7	   0.00   35.23   22.68    3.24 
1993 8	  21.12   36.89   23.00    2.43 
1993 9	 118.35   32.44   16.84    2.67 
1993 10	 284.42   24.03   11.24    3.53 
1993 11	  73.45   16.00    3.46    3.86 
1993 12	  36.95   15.49    2.97    3.97 
1994 1	  30.23   13.26    1.57    4.32 
1994 2	 176.28   15.09    1.52    3.78 
1994 3	  74.93   20.93    8.06    3.42 
1994 4	  71.65   25.25   11.07    3.80 
1994 5	 113.20   26.77   15.86    2.97 
1994 6	 107.22   33.27   21.55    2.87 
1994 7	  16.83   34.91   21.97    3.08 
1994 8	  58.15   35.21   21.16    1.99 
1994 9	  57.95   31.21   16.75    2.19 
1994 10	 178.18   25.66   12.90    3.41 
1994 11	  99.60   20.31    8.71    4.00 
1994 12	 167.35   15.14    3.74    3.50 
1995 1	  79.55   14.70    2.01    4.25 
1995 2	  32.53   17.91    3.36    3.61 
1995 3	  95.47   18.33    7.13    4.17 
1995 4	 135.35   23.47    9.95    4.08 
1995 5	 171.60   27.82   16.27    3.75 
1995 6	  84.80   31.85   18.34    2.63 
1995 7	 162.88   35.13   21.38    2.67 
1995 8	  34.02   34.65   21.92    1.86 
1995 9	  68.35   30.99   17.25    2.33 
1995 10	  10.65   27.94    9.42    3.72 
1995 11	   9.25   20.20    4.16    3.92 
1995 12	  58.53   15.22    1.95    4.17 
1996 1	  18.32   15.20   -2.72    4.36 
1996 2	  18.12   18.81    2.81    4.87 
1996 3	  36.28   19.02    2.58    4.39 
1996 4	  81.05   25.52    8.19    4.25 
1996 5	  35.28   31.48   18.80    4.42 
1996 6	  47.70   33.94   19.88    2.67 
1996 7	  68.12   36.31   22.66    2.68 
1996 8	 174.07   33.37   20.91    2.41 
1996 9	  68.03   29.73   16.13    2.10 
1996 10	  45.05   25.92   11.02    3.93 
1996 11	 102.95   18.65    5.85    4.11 
1996 12	  55.10   16.60    1.42    3.85 
1997 1	  55.53   12.39   -0.48    4.58 
1997 2	 179.58   14.90    3.06    4.18 
1997 3	 102.62   20.76    6.36    3.46 
1997 4	 178.97   21.37    8.48    4.21 
1997 5	  70.47   27.12   13.65    3.03 
1997 6	 137.27   31.17   18.51    2.43 
1997 7	  13.52   35.62   21.12    1.72 
1997 8	  82.75   34.62   19.97    2.49 
1997 9	   3.50   34.15   17.57    2.47 
1997 10	 128.92   26.26   11.36    3.79 
1997 11	  61.92   17.81    3.98    3.71 
1997 12	 171.85   14.09    0.14    3.98 
1998 1	 170.15   15.65    2.41    3.78 
1998 2	  72.62   16.78    2.18    3.71 
1998 3	  87.07   18.59    5.80    4.66 
1998 4	  28.70   24.60   10.19    3.74 
1998 5	   6.12   32.55   18.08    3.43 
1998 6	  21.85   36.21   22.77    4.55 
1998 7	  21.48   39.08   25.10    3.04 
1998 8	  85.18   36.45   23.47    1.72 
1998 9	 183.20   33.18   21.72    3.59 
1998 10	 241.48   26.61   14.86    3.77 
1998 11	 188.87   19.61    9.52    3.38 
1998 12	  97.85   15.08    3.85    4.13 
1999 1	  98.00   17.16    3.40    4.62 
1999 2	   4.72   21.07    5.74    3.81 
1999 3	  66.25   19.42    7.30    4.07 
1999 4	  59.25   26.19   13.57    4.50 
1999 5	 101.67   28.70   16.49    3.01 
1999 6	  77.07   32.70   21.61    3.11 
1999 7	  25.82   34.87   22.60    2.16 
1999 8	  12.18   38.53   23.50    1.92 
1999 9	  30.38   33.57   18.09    2.99 
1999 10	  60.65   28.23   11.61    3.11 
1999 11	  10.85   24.21    7.93    3.00 
1999 12	  84.45   17.47    2.20    4.18 
2000 1	  40.95   16.78    2.91    4.44 
2000 2	  66.28   20.90    5.57    4.24 
2000 3	  92.43   22.47    8.92    3.62 
2000 4	 107.45   24.28   10.89    3.56 
2000 5	 127.48   30.07   18.05    3.83 
2000 6	 220.80   31.37   21.44    3.21 
2000 7	   8.18   36.49   23.12    2.44 
2000 8	   0.80   38.30   23.04    1.97 
2000 9	  33.38   34.45   18.29    3.18 
2000 10	  94.77   26.87   15.35    3.60 
2000 11	 196.77   16.18    5.69    3.93 
2000 12	  97.43   10.79   -0.91    4.13 
2001 1	 100.57   11.77    0.20    3.77 
2001 2	 133.72   16.81    4.50    3.88 
2001 3	 159.07   16.17    5.66    3.38 
2001 4	  30.75   25.68   13.84    4.38 
2001 5	 100.55   29.66   17.58    3.21 
2001 6	  58.48   32.65   20.17    2.40 
2001 7	  19.52   36.32   23.47    2.23 
2001 8	  54.95   36.36   23.37    2.53 
2001 9	  78.78   30.48   17.42    2.97 
2001 10	  88.03   26.15    9.96    3.41 
2001 11	  90.10   21.60    9.29    3.02 
2001 12	 174.42   16.61    3.41    3.60 
2002 1	  26.10   15.83    1.04    3.64 
2002 2	  43.60   15.19    0.45    3.98 
2002 3	  67.10   18.55    4.57    4.44 
2002 4	  31.60   25.68   14.74    4.18 
2002 5	 113.02   29.27   16.25    4.19 
2002 6	  60.40   32.82   19.68    2.70 
2002 7	  97.18   33.65   22.09    2.50 
2002 8	  11.98   35.90   21.69    2.40 
2002 9	  67.18   32.84   18.43    3.57 
2002 10	 189.38   23.50   12.95    2.86 
2002 11	  27.17   19.15    4.74    3.80 
2002 12	 182.35   15.51    2.77    4.21 
2003 1	   9.40   13.34    0.04    3.84 
2003 2	 109.90   13.63    2.62    4.04 
2003 3	  25.60   19.07    6.22    3.01 
2003 4	  31.10   26.01   10.75    3.80 
2003 5	  64.35   30.09   18.04    3.66 
2003 6	 169.20   31.89   19.73    2.30 
2003 7	  14.43   35.75   22.02    2.41 
2003 8	  82.65   36.53   22.19    2.09 
2003 9	  58.28   30.09   16.83    2.53 
2003 10	  89.40   27.66   12.67    2.82 
2003 11	  27.48   21.32    8.76    3.99 
2003 12	  21.38   17.56    1.24    4.04 
2004 1	  59.10   16.17    2.87    4.09 
2004 2	 108.35   13.43    1.70    4.01 
2004 3	  33.10   23.18   10.12    3.59 
2004 4	 215.38   24.82   12.48    3.86 
2004 5	  35.82   28.81   17.70    3.82 
2004 6	 193.62   31.43   21.12    2.49 
2004 7	  34.88   34.00   21.86    2.06 
2004 8	  69.70   33.38   20.97    2.56 
2004 9	  11.68   32.57   17.73    2.61 
2004 10	 195.02   28.31   17.18    3.43 
2004 11	 193.83   19.57    9.70    3.73 
2004 12	  46.30   15.73    2.12    3.97 
2005 1	  87.60   16.23    4.69    4.05 
2005 2	  75.48   16.38    5.86    3.75 
2005 3	  68.43   20.09    6.40    3.47 
2005 4	  45.20   25.15   11.00    3.88 
2005 5	 101.97   28.41   16.24    2.93 
2005 6	   5.90   34.04   21.53    2.47 
2005 7	  48.72   35.25   22.28    2.21 
2005 8	  99.45   35.54   22.49    2.01 
2005 9	  45.25   35.31   20.13    2.76 
2005 10	  30.35   27.85   11.34    3.41 
2005 11	  12.92   23.85    7.40    3.83 
2005 12	  10.10   15.90   -0.37    3.83 
2006 1	  70.00   20.85    2.69    4.18 
2006 2	  59.12   16.13    2.15    4.02 
2006 3	  98.43   22.59    9.20    4.34 
2006 4	  84.90   28.38   15.07    3.93 
2006 5	  35.93   30.29   17.55    3.25 
2006 6	  88.47   34.18   20.25    1.97 
2006 7	  28.65   36.24   22.90    2.11 
2006 8	  15.30   38.40   23.87    2.31 
2006 9	  47.77   32.72   17.47    2.69 
2006 10	  89.88   27.60   10.89    3.56 
2006 11	  38.45   21.87    6.83    3.71 
2006 12	  91.97   16.36    3.12    4.07 
2007 1	 135.07   11.21   -0.04    4.19 
2007 2	  23.57   15.49    1.75    3.74 
2007 3	 261.88   23.25   10.80    3.72 
2007 4	  45.85   22.41    9.52    3.69 
2007 5	 246.78   27.87   17.71    3.38 
2007 6	 233.20   31.37   20.98    2.60 
2007 7	 132.55   31.91   22.27    2.39 
2007 8	  29.88   35.34   23.09    1.96 
2007 9	 150.23   32.30   19.97    2.13 
2007 10	  32.33   28.18   13.01    3.32 
2007 11	  47.70   22.14    8.06    3.37 
2007 12	  51.05   17.26    1.86    3.17 
2008 1	  24.42   14.02   -0.55    4.28 
2008 2	  48.08   19.11    2.31    4.06 
2008 3	 147.28   21.68    6.61    4.70 
2008 4	 121.78   25.12   11.34    3.82 
2008 5	 106.55   29.59   17.25    3.92 
2008 6	   9.45   34.93   22.51    3.33 
2008 7	  61.12   36.63   22.53    2.65 
2008 8	 100.37   34.59   22.13    2.20 
2008 9	  50.53   29.92   16.68    3.44 
2008 10	  52.98   26.02    9.98    2.91 
2008 11	  38.15   21.98    6.27    3.19 
2008 12	  28.67   16.34    0.09    4.56 
2009 1	  25.43   15.56   -0.72    3.77 
2009 2	  30.07   20.83    4.42    4.53 
2009 3	 175.15   21.27    7.64    4.00 
2009 4	 135.65   23.46   10.06    4.39 
2009 5	  62.62   28.22   16.90    3.16 
2009 6	  35.33   34.75   21.68    2.86 
2009 7	  83.45   35.57   23.26    2.31 
2009 8	  37.72   35.96   22.69    2.10 
2009 9	 193.08   29.35   19.00    2.25 
2009 10	 275.43   22.64   11.34    3.71 
2009 11	  45.50   21.53    8.08    3.26 
2009 12	  46.25   10.89    0.46    3.99 
2010 1	 106.88   11.96    0.25    3.95 
2010 2	  95.62    9.46    0.52    3.90 
2010 3	 103.33   18.16    5.65    3.55 
2010 4	  80.45   24.69   12.03    3.92 
2010 5	  41.40   30.12   18.11    3.12 
2010 6	 115.82   33.21   23.26    2.59 
2010 7	  50.12   34.05   23.92    2.59 
2010 8	  27.35   37.23   24.18    2.23 
2010 9	 175.20   31.29   20.23    2.77 
2010 10	  39.53   27.53   11.68    3.02 
2010 11	  64.07   20.69    7.99    4.19 
2010 12	  30.12   15.36    2.44    4.29 
