1949 1	  56.43    9.07   -3.70    3.27 
1949 2	  34.42   16.10    1.06    2.78 
1949 3	  20.67   20.92    4.59    2.97 
1949 4	  97.85   22.83    7.88    2.86 
1949 5	 131.75   28.27   15.44    3.11 
1949 6	  59.18   33.23   18.59    3.32 
1949 7	  12.60   36.48   20.45    2.64 
1949 8	  40.52   34.38   18.57    2.18 
1949 9	  71.75   30.61   15.66    2.34 
1949 10	  78.40   25.08    9.88    2.93 
1949 11	   0.00   24.02    3.43    2.34 
1949 12	  29.95   16.07    0.78    3.05 
1950 1	  15.28   17.22    1.61    3.24 
1950 2	   8.50   19.50    3.57    3.06 
1950 3	   0.10   23.10    3.61    3.56 
1950 4	  50.90   27.15    9.98    3.66 
1950 5	  91.15   29.89   14.96    2.89 
1950 6	   9.30   33.07   18.73    3.11 
1950 7	  79.40   34.17   20.20    3.34 
1950 8	  30.18   34.55   18.75    2.72 
1950 9	  94.50   29.99   16.61    2.57 
1950 10	   0.65   29.87   11.69    2.65 
1950 11	   0.00   22.90    1.92    3.07 
1950 12	   0.00   16.88   -2.92    2.46 
1951 1	   0.12   16.35   -2.57    3.20 
1951 2	  27.62   18.48    0.89    3.54 
1951 3	  25.70   22.64    4.45    3.55 
1951 4	  15.65   26.84    8.80    3.32 
1951 5	  77.32   31.29   15.61    3.05 
1951 6	 107.53   33.95   19.80    3.60 
1951 7	   8.55   37.30   22.30    3.02 
1951 8	  70.22   37.26   21.60    2.92 
1951 9	  44.75   33.30   17.09    2.65 
1951 10	  30.98   28.14   12.22    2.80 
1951 11	   2.78   18.53    2.85    3.14 
1951 12	   0.58   18.14    0.60    3.04 
1952 1	   8.75   19.36    2.52    3.22 
1952 2	   7.95   20.42    2.23    3.31 
1952 3	  16.05   20.84    3.99    3.40 
1952 4	  50.48   25.71    9.01    3.26 
1952 5	  51.75   30.33   13.98    3.12 
1952 6	  11.00   35.68   20.62    3.34 
1952 7	   9.32   36.25   20.79    2.83 
1952 8	   2.90   39.35   22.84    3.14 
1952 9	  54.38   30.97   15.68    1.93 
1952 10	   0.00   26.62    6.82    2.31 
1952 11	  61.53   18.06    3.76    2.81 
1952 12	  18.07   15.42   -0.88    2.35 
1953 1	   0.00   20.33    1.30    3.41 
1953 2	   4.10   17.50    0.15    2.80 
1953 3	  49.65   23.91    7.58    2.54 
1953 4	  13.70   27.01    8.32    2.89 
1953 5	  74.95   30.02   14.21    3.42 
1953 6	   3.95   38.08   21.88    3.24 
1953 7	  26.75   36.18   21.44    3.06 
1953 8	  91.45   34.84   20.21    2.28 
1953 9	  17.52   33.93   15.67    1.76 
1953 10	  99.30   25.64   11.62    2.43 
1953 11	   8.20   18.56    3.88    2.05 
1953 12	   1.70   14.16   -1.71    2.96 
1954 1	   6.93   16.25   -0.50    2.95 
1954 2	   1.05   22.53    2.73    3.08 
1954 3	  10.43   21.38    3.46    3.21 
1954 4	 136.35   28.47   12.91    3.75 
1954 5	 134.77   27.59   13.91    3.08 
1954 6	  23.23   34.21   20.30    3.49 
1954 7	   2.35   38.11   21.61    2.77 
1954 8	   6.32   36.91   22.03    3.20 
1954 9	   8.30   34.81   17.77    2.29 
1954 10	  14.12   27.65   12.22    2.43 
1954 11	  22.88   20.59    4.79    2.37 
1954 12	   8.40   18.00    1.35    2.83 
1955 1	  12.25   13.51    0.29    2.96 
1955 2	  33.22   15.63    1.00    3.33 
1955 3	   4.55   22.88    5.37    3.24 
1955 4	  14.35   29.17   12.55    3.37 
1955 5	 107.05   31.31   16.31    3.11 
1955 6	  46.80   33.40   18.71    3.25 
1955 7	  37.00   34.60   21.40    3.13 
1955 8	  25.33   35.08   20.45    1.96 
1955 9	  56.25   32.35   18.69    2.14 
1955 10	  32.67   27.54   10.59    2.44 
1955 11	   4.12   20.76    3.13    2.98 
1955 12	   1.58   17.30   -0.78    2.48 
1956 1	  18.30   14.59   -1.46    3.00 
1956 2	   3.85   16.24    0.18    3.19 
1956 3	   0.77   23.66    4.36    3.12 
1956 4	  43.38   26.04    9.54    3.18 
1956 5	  59.92   31.52   16.88    3.27 
1956 6	  12.12   36.36   20.90    3.05 
1956 7	   9.40   37.14   21.62    3.44 
1956 8	   6.78   37.07   20.84    3.15 
1956 9	  16.38   34.28   17.06    2.26 
1956 10	  93.60   28.41   12.53    2.10 
1956 11	   5.17   18.56    2.60    2.70 
1956 12	  23.55   17.09    0.94    2.77 
1957 1	  12.77   14.44   -0.44    2.85 
1957 2	  43.57   17.06    6.16    2.93 
1957 3	  14.25   20.38    5.46    3.28 
1957 4	  89.95   23.84    9.28    3.36 
1957 5	 190.20   25.70   14.53    2.98 
1957 6	  79.90   31.22   18.83    2.66 
1957 7	  32.15   36.70   21.27    2.60 
1957 8	   0.00   36.08   20.97    2.52 
1957 9	  58.38   30.41   15.25    2.58 
1957 10	 197.15   22.74    9.77    2.52 
1957 11	  44.97   15.35    3.00    2.74 
1957 12	  15.48   17.67    1.18    3.08 
1958 1	  37.92   13.06   -0.89    2.89 
1958 2	  72.55   12.04    0.83    3.44 
1958 3	  50.33   14.41    2.02    2.81 
1958 4	  65.50   22.98    8.71    3.08 
1958 5	  70.25   28.43   14.55    2.32 
1958 6	  20.57   34.66   19.82    2.90 
1958 7	  10.40   35.90   21.55    3.56 
1958 8	  53.08   36.15   20.62    2.34 
1958 9	 103.63   29.52   18.22    2.38 
1958 10	  53.90   22.61   11.06    2.36 
1958 11	  16.07   19.79    4.41    2.15 
1958 12	   0.85   14.76   -1.79    2.61 
1959 1	   0.10   14.76   -2.28    3.15 
1959 2	   9.60   15.22    1.15    2.95 
1959 3	   6.00   22.75    3.02    3.48 
1959 4	  30.32   25.34    9.75    3.34 
1959 5	  83.40   30.73   16.71    3.44 
1959 6	 116.90   32.54   19.44    2.74 
1959 7	  86.48   32.26   19.83    2.31 
1959 8	   5.35   34.81   20.61    2.57 
1959 9	  29.10   33.32   17.92    2.95 
1959 10	 110.38   24.58    9.58    2.39 
1959 11	   7.60   16.25    0.42    2.58 
1959 12	  45.95   15.48    2.13    2.94 
1960 1	  48.88   12.88    0.29    2.86 
1960 2	  21.35   14.37   -1.73    3.80 
1960 3	   6.40   17.41    2.27    2.95 
1960 4	  47.58   27.58   11.04    3.77 
1960 5	  44.88   30.31   13.75    3.38 
1960 6	  21.40   35.93   19.97    2.93 
1960 7	 101.93   35.48   21.19    2.45 
1960 8	  20.10   34.72   20.84    2.40 
1960 9	  33.48   32.62   16.60    2.15 
1960 10	 114.07   27.18   12.63    2.49 
1960 11	   1.82   20.53    6.21    2.58 
1960 12	  62.85   11.06   -0.79    2.79 
1961 1	  63.08   11.82   -2.75    2.61 
1961 2	  45.37   16.67    0.91    3.39 
1961 3	  16.27   22.05    5.20    3.33 
1961 4	   0.12   27.26    9.08    3.70 
1961 5	  75.12   30.99   15.58    3.43 
1961 6	 126.00   30.97   18.22    2.83 
1961 7	 115.55   31.92   19.27    2.81 
1961 8	   8.18   33.56   18.58    2.06 
1961 9	 150.53   29.66   16.84    3.24 
1961 10	  41.82   25.84   10.69    2.90 
1961 11	  71.60   16.35    3.58    2.79 
1961 12	   5.32   14.05    0.17    2.77 
1962 1	   0.00   12.58   -4.13    3.17 
1962 2	   1.10   22.09    2.25    3.21 
1962 3	  22.62   19.27    3.07    3.27 
1962 4	  43.85   24.99   10.60    3.30 
1962 5	   0.50   32.65   16.87    4.52 
1962 6	  47.22   32.73   18.38    2.53 
1962 7	 118.60   35.10   21.25    3.04 
1962 8	  21.88   37.24   20.64    2.42 
1962 9	  83.33   30.80   17.31    2.20 
1962 10	  96.90   27.50   13.65    2.91 
1962 11	  21.65   19.72    5.90    2.48 
1962 12	  23.97   14.91    0.94    2.44 
1963 1	   0.00   13.38   -5.45    2.82 
1963 2	  13.10   17.40   -0.86    2.95 
1963 3	   3.75   24.16    6.34    3.49 
1963 4	  45.15   29.18   13.19    3.78 
1963 5	 115.47   30.29   16.59    3.31 
1963 6	  59.47   32.58   19.49    3.18 
1963 7	   9.00   36.62   22.01    3.26 
1963 8	  66.55   35.62   20.91    2.34 
1963 9	  27.42   31.84   17.92    1.94 
1963 10	  17.75   29.47   13.07    1.96 
1963 11	  70.63   20.57    6.22    2.88 
1963 12	  12.40   11.45   -2.22    2.43 
1964 1	  48.90   16.14   -1.30    3.15 
1964 2	  40.33   14.95   -1.23    3.26 
1964 3	  28.30   22.51    4.13    3.33 
1964 4	  28.20   28.09   11.55    3.69 
1964 5	  49.55   31.19   16.33    3.35 
1964 6	  70.83   34.21   19.41    3.33 
1964 7	   3.88   37.42   21.72    2.66 
1964 8	 116.47   36.50   21.61    3.19 
1964 9	 119.40   29.88   17.72    2.23 
1964 10	  13.45   25.63    9.57    2.16 
1964 11	  43.90   20.63    5.89    2.70 
1964 12	   9.75   16.51    0.05    2.77 
1965 1	  23.47   17.10    1.08    2.90 
1965 2	  33.78   14.36   -0.00    3.16 
1965 3	  12.62   16.79    1.48    3.38 
1965 4	  43.20   28.08   11.96    3.17 
1965 5	 186.58   28.07   16.39    3.39 
1965 6	  91.78   32.31   19.56    3.13 
1965 7	   4.70   36.03   20.55    2.44 
1965 8	  59.55   34.75   20.16    2.58 
1965 9	  25.72   32.25   17.66    2.66 
1965 10	  49.77   25.44   10.02    2.14 
1965 11	  23.17   22.69    7.89    1.98 
1965 12	  28.40   16.19    4.04    2.97 
1966 1	  15.10   10.88   -2.71    2.80 
1966 2	  11.20   14.75   -1.63    3.11 
1966 3	   6.53   22.73    5.90    3.47 
1966 4	 166.60   25.63   10.06    3.28 
1966 5	   7.48   28.81   15.05    2.67 
1966 6	 133.77   32.86   18.96    2.77 
1966 7	   0.00   36.58   22.40    2.71 
1966 8	  76.80   33.00   19.61    2.42 
1966 9	  80.83   28.77   16.80    1.70 
1966 10	  88.52   24.66    8.59    2.21 
1966 11	   1.80   22.79    6.17    2.97 
1966 12	   0.00   15.47   -2.40    2.58 
1967 1	   0.00   17.52   -2.04    3.20 
1967 2	   5.62   17.73    0.41    3.28 
1967 3	  15.82   26.52    8.35    4.06 
1967 4	  23.62   29.10   14.45    4.29 
1967 5	  28.65   30.96   13.34    3.38 
1967 6	  52.97   34.23   20.21    3.39 
1967 7	  81.50   34.47   20.58    3.15 
1967 8	  16.90   33.70   18.96    2.23 
1967 9	  84.32   27.45   15.63    2.42 
1967 10	  30.32   25.60    9.28    2.82 
1967 11	  35.07   18.80    6.00    2.43 
1967 12	  33.92   13.22   -0.53    2.54 
1968 1	  75.83   12.35    0.67    3.09 
1968 2	  45.80   13.46   -0.57    2.56 
1968 3	  55.80   18.38    5.07    4.04 
1968 4	  92.93   23.42    9.07    3.27 
1968 5	 114.45   28.46   15.44    3.61 
1968 6	  24.12   31.46   18.40    2.99 
1968 7	  81.88   33.16   19.71    2.88 
1968 8	  62.55   34.08   19.69    3.10 
1968 9	  35.67   29.97   14.58    2.20 
1968 10	   0.90   27.94   11.07    2.90 
1968 11	 107.20   17.89    3.43    3.02 
1968 12	   1.90   15.89   -0.73    3.23 
1969 1	   5.25   17.28    0.95    2.98 
1969 2	  32.10   15.90    1.41    2.78 
1969 3	  52.75   15.82    1.43    3.39 
1969 4	  76.80   25.74   10.85    3.55 
1969 5	 216.12   27.79   14.02    2.42 
1969 6	 150.15   33.04   18.39    3.55 
1969 7	   6.62   36.75   21.84    2.85 
1969 8	  78.52   35.47   20.77    2.43 
1969 9	 124.97   29.02   16.85    1.95 
1969 10	  52.82   22.69   10.36    3.17 
1969 11	  39.92   18.74    3.72    2.39 
1969 12	  59.97   16.37    0.96    2.46 
1970 1	   9.02   12.45   -2.87    2.50 
1970 2	  32.55   16.10    1.98    3.01 
1970 3	  67.63   17.57    2.82    3.19 
1970 4	  46.52   25.85   10.53    3.34 
1970 5	 108.97   27.74   13.14    2.87 
1970 6	  17.52   32.08   17.84    2.98 
1970 7	   4.25   35.55   19.66    2.56 
1970 8	  46.50   35.44   19.64    2.51 
1970 9	  69.68   30.77   18.15    2.63 
1970 10	  25.15   24.06    8.69    2.20 
1970 11	   0.00   19.60    2.33    2.88 
1970 12	   8.80   19.23    2.52    2.60 
1971 1	   0.00   17.97   -0.97    2.97 
1971 2	   7.05   18.26    0.10    3.50 
1971 3	   0.00   22.92    3.43    3.40 
1971 4	  81.60   25.85   10.03    3.19 
1971 5	  21.45   30.76   14.61    3.47 
1971 6	  55.08   33.08   19.63    3.24 
1971 7	  52.88   34.69   20.25    2.66 
1971 8	 146.73   29.14   18.13    2.04 
1971 9	 207.67   28.46   15.88    2.51 
1971 10	  57.92   24.52   12.27    2.41 
1971 11	   7.03   18.98    5.64    2.85 
1971 12	  29.20   15.61    2.52    3.02 
1972 1	   0.47   14.84   -1.02    2.94 
1972 2	   2.90   18.85    0.31    2.86 
1972 3	   4.72   24.91    7.07    3.28 
1972 4	  49.72   29.15   12.36    3.69 
1972 5	 145.35   27.91   14.37    2.30 
1972 6	 114.38   33.38   18.98    2.55 
1972 7	  56.82   32.74   19.63    2.94 
1972 8	 133.10   31.98   19.11    2.59 
1972 9	 124.93   30.44   17.94    2.38 
1972 10	 120.78   25.04   10.50    2.45 
1972 11	  10.32   14.79    2.23    2.36 
1972 12	   0.00   14.07   -2.20    2.87 
1973 1	  46.55    9.17   -2.93    3.33 
1973 2	  39.35   14.22    0.26    2.97 
1973 3	  35.70   21.97    6.99    3.31 
1973 4	  49.67   22.59    8.59    3.25 
1973 5	  24.92   30.01   13.43    3.10 
1973 6	  64.70   31.29   17.68    3.08 
1973 7	  79.17   32.71   20.16    2.72 
1973 8	   5.97   33.58   19.11    2.35 
1973 9	 102.93   29.63   17.02    2.58 
1973 10	  40.88   26.27   11.93    2.52 
1973 11	   0.00   22.34    7.58    3.14 
1973 12	   6.05   17.68   -0.89    3.21 
1974 1	   3.23   14.85   -1.92    2.83 
1974 2	  26.38   20.80   -0.01    3.61 
1974 3	  16.83   25.74    8.68    4.10 
1974 4	  86.25   27.85   10.37    3.89 
1974 5	  40.18   31.47   16.84    3.32 
1974 6	  17.48   34.83   18.44    3.07 
1974 7	  12.20   36.12   20.37    2.75 
1974 8	 134.32   31.97   19.19    2.82 
1974 9	 291.30   25.41   13.38    2.62 
1974 10	 171.97   24.63   11.50    2.74 
1974 11	  35.75   17.93    5.06    2.63 
1974 12	  35.72   13.76    0.04    2.27 
1975 1	  23.85   15.47    0.17    3.28 
1975 2	  25.85   16.34   -0.20    3.22 
1975 3	   3.00   21.43    3.86    3.51 
1975 4	   9.52   24.58    9.44    3.94 
1975 5	 113.90   28.76   14.14    3.07 
1975 6	  19.40   32.57   18.57    3.37 
1975 7	  98.30   32.65   19.09    2.39 
1975 8	  91.15   33.88   19.41    2.60 
1975 9	  60.33   29.27   13.98    2.56 
1975 10	  38.33   26.66   10.29    2.96 
1975 11	  97.38   20.94    5.08    3.29 
1975 12	  17.50   17.02    0.50    2.95 
1976 1	   0.00   16.08   -2.13    2.93 
1976 2	   0.22   22.98    4.07    3.94 
1976 3	   5.67   23.09    6.08    3.69 
1976 4	  58.20   25.63   11.17    3.65 
1976 5	  15.05   27.81   12.81    2.89 
1976 6	  12.67   33.15   18.69    3.16 
1976 7	 105.95   30.38   19.26    2.58 
1976 8	  19.57   34.39   19.13    1.94 
1976 9	  88.18   29.36   16.66    1.88 
1976 10	 149.12   21.04    7.43    2.64 
1976 11	  14.28   14.33    1.29    2.34 
1976 12	   3.15   14.69   -2.23    2.67 
1977 1	  17.40    9.94   -4.05    2.50 
1977 2	   4.95   18.33    1.63    2.92 
1977 3	  53.60   22.01    4.42    3.39 
1977 4	  69.73   23.83    9.66    3.36 
1977 5	  31.08   28.71   17.17    3.69 
1977 6	 136.00   33.87   19.59    2.96 
1977 7	  21.42   35.00   20.87    2.77 
1977 8	  62.70   35.83   21.15    2.84 
1977 9	  16.20   35.38   19.09    2.66 
1977 10	  49.80   27.15   11.60    2.42 
1977 11	  20.60   21.16    4.97    2.55 
1977 12	   7.53   18.18    0.93    2.97 
1978 1	  10.60    8.44   -3.80    2.83 
1978 2	  40.00   10.32   -2.25    2.84 
1978 3	   2.58   22.01    3.42    3.45 
1978 4	  16.12   29.68   12.12    4.13 
1978 5	  61.10   30.98   16.06    3.38 
1978 6	  23.45   34.04   19.84    2.74 
1978 7	  21.07   37.68   22.05    2.83 
1978 8	  76.57   33.12   20.39    2.61 
1978 9	  53.05   29.66   18.34    2.39 
1978 10	  23.67   26.59   10.57    2.11 
1978 11	  49.50   18.62    6.48    2.67 
1978 12	  10.45   14.85   -1.05    2.75 
1979 1	  18.97    8.26   -3.89    3.13 
1979 2	  26.38   15.39   -0.65    2.92 
1979 3	 119.95   21.09    6.20    3.59 
1979 4	  68.72   25.50   10.78    2.86 
1979 5	  68.30   28.31   13.11    3.33 
1979 6	  68.00   32.45   18.06    2.73 
1979 7	 110.15   34.51   20.82    2.46 
1979 8	 112.77   33.38   19.35    2.42 
1979 9	   5.22   32.50   15.04    2.01 
1979 10	  14.67   30.96   10.94    2.72 
1979 11	   8.00   18.44    1.65    2.56 
1979 12	  64.23   15.74    0.67    2.87 
1980 1	  15.15   14.15    0.50    3.21 
1980 2	  12.22   17.25    0.34    2.94 
1980 3	  19.27   21.46    3.46    3.31 
1980 4	   9.65   26.42    8.04    3.36 
1980 5	  72.55   29.56   15.08    3.04 
1980 6	  91.00   35.21   21.34    3.52 
1980 7	   0.00   38.11   22.29    2.94 
1980 8	  49.90   35.84   21.45    3.37 
1980 9	 312.67   30.06   18.40    2.66 
1980 10	   6.67   25.26   10.12    2.24 
1980 11	  36.17   18.04    3.89    2.48 
1980 12	  40.72   16.64    1.90    3.01 
1981 1	  17.52   14.02    0.14    2.34 
1981 2	  25.27   16.55    1.73    3.15 
1981 3	  60.85   19.31    5.18    3.17 
1981 4	 124.33   26.61   12.47    3.54 
1981 5	  70.10   29.45   14.18    3.30 
1981 6	  55.47   32.20   19.13    2.86 
1981 7	  22.22   35.09   21.80    2.97 
1981 8	  19.77   34.16   20.22    2.35 
1981 9	  28.80   31.36   16.86    2.45 
1981 10	 341.38   24.88   12.66    2.92 
1981 11	   8.82   22.04    5.18    2.38 
1981 12	   2.17   17.15    1.07    2.74 
1982 1	  22.05   15.97   -1.63    3.23 
1982 2	  25.40   15.22    0.33    3.11 
1982 3	  14.52   22.53    6.73    3.66 
1982 4	  86.40   25.65   10.47    3.52 
1982 5	 129.40   28.26   14.56    3.31 
1982 6	 241.85   31.88   18.88    3.36 
1982 7	  28.45   34.07   20.91    3.25 
1982 8	   0.33   35.15   20.84    2.75 
1982 9	  28.05   32.32   16.85    2.47 
1982 10	  26.87   26.76   11.39    2.61 
1982 11	  28.78   19.38    5.56    2.97 
1982 12	  25.27   14.08    0.66    3.30 
1983 1	  45.70   13.19   -1.19    2.36 
1983 2	   3.83   16.25    1.72    2.86 
1983 3	  24.45   20.19    5.25    3.64 
1983 4	  11.75   25.02    7.18    3.84 
1983 5	  49.28   30.25   13.92    3.20 
1983 6	  48.80   32.21   17.70    2.90 
1983 7	  23.48   34.86   20.65    2.79 
1983 8	   4.78   36.00   21.05    1.79 
1983 9	  18.38   32.51   17.51    2.51 
1983 10	  92.75   27.52   13.32    2.83 
1983 11	  29.38   21.61    7.10    2.67 
1983 12	   3.38    8.89   -4.56    2.83 
1984 1	  45.05   11.35   -1.97    2.52 
1984 2	  14.52   19.43    0.60    3.23 
1984 3	  17.68   22.52    5.32    3.72 
1984 4	  10.88   27.83    8.40    3.06 
1984 5	  13.57   32.89   16.14    3.34 
1984 6	  43.92   34.98   20.90    3.33 
1984 7	  29.00   35.46   20.94    2.40 
1984 8	  13.10   35.16   20.51    2.48 
1984 9	  35.60   29.75   15.29    2.84 
1984 10	 133.15   23.31   12.29    2.54 
1984 11	  40.25   17.93    5.17    2.85 
1984 12	  72.62   16.19    3.40    3.09 
1985 1	   5.75   11.06   -3.44    2.93 
1985 2	  30.95   13.99    0.74    3.29 
1985 3	  38.17   21.61    8.37    3.68 
1985 4	  36.47   27.36   11.60    3.20 
1985 5	  54.05   31.12   16.37    3.02 
1985 6	  60.65   32.87   18.59    2.66 
1985 7	  69.85   33.86   19.93    2.52 
1985 8	   5.98   36.26   21.09    2.48 
1985 9	  73.00   30.86   17.09    2.71 
1985 10	 114.70   24.67   12.96    3.10 
1985 11	  13.88   20.42    6.46    2.89 
1985 12	   3.38   13.80   -2.75    2.50 
1986 1	   2.05   17.58    0.07    2.74 
1986 2	  68.90   18.43    3.82    2.92 
1986 3	   0.03   24.56    6.72    3.30 
1986 4	  24.57   28.60   12.34    3.61 
1986 5	 219.65   30.08   15.67    3.42 
1986 6	 161.05   31.27   19.38    2.14 
1986 7	  83.75   35.23   20.56    3.23 
1986 8	 210.83   33.44   20.68    2.59 
1986 9	  49.25   29.70   19.45    2.85 
1986 10	 166.97   23.27   11.54    2.44 
1986 11	  51.23   18.16    4.75    2.66 
1986 12	  52.18   12.31    1.68    2.50 
1987 1	  22.42   14.03   -0.93    2.88 
1987 2	  92.18   15.06    3.39    3.54 
1987 3	  24.57   18.44    3.01    3.14 
1987 4	  16.93   26.11    7.51    2.79 
1987 5	 112.07   28.25   15.03    2.69 
1987 6	  53.30   30.57   18.70    2.32 
1987 7	  10.73   33.44   19.93    2.76 
1987 8	  66.70   34.53   20.44    2.75 
1987 9	  51.45   29.91   15.57    2.21 
1987 10	   5.60   26.67   10.82    2.63 
1987 11	  21.35   20.30    4.43    2.69 
1987 12	  85.05   14.38   -0.03    2.70 
1988 1	   1.10   12.53   -1.93    3.00 
1988 2	   6.50   16.35   -0.16    3.02 
1988 3	  13.50   23.06    3.79    3.48 
1988 4	  46.43   28.01    8.39    2.83 
1988 5	  95.93   29.54   14.15    3.21 
1988 6	  78.38   32.86   18.32    2.33 
1988 7	  28.45   33.49   20.23    2.51 
1988 8	   2.88   35.54   20.41    2.28 
1988 9	 118.88   31.73   16.71    2.43 
1988 10	  16.48   27.31   10.86    2.29 
1988 11	   0.00   22.67    5.23    2.63 
1988 12	  19.25   15.50    0.41    2.62 
1989 1	  11.43   17.63    1.54    2.85 
1989 2	  65.05   11.63   -0.77    3.52 
1989 3	  44.28   23.46    5.18    3.41 
1989 4	   9.25   27.85   11.09    3.44 
1989 5	  45.78   32.16   16.94    3.95 
1989 6	 157.40   31.62   17.79    3.20 
1989 7	  10.65   35.42   20.47    2.36 
1989 8	   9.55   34.28   20.50    2.99 
1989 9	  59.55   29.97   14.83    2.54 
1989 10	  23.70   27.95   10.43    2.85 
1989 11	   7.55   21.58    5.21    2.49 
1989 12	   8.25   12.17   -4.36    2.91 
1990 1	  18.05   17.45    1.57    2.84 
1990 2	  59.47   19.14    3.33    3.12 
1990 3	  27.23   20.18    6.35    3.70 
1990 4	  94.03   24.80   10.55    3.50 
1990 5	  80.80   29.64   14.98    3.53 
1990 6	  89.55   36.16   21.39    3.63 
1990 7	  86.75   31.93   20.21    2.76 
1990 8	  76.32   33.01   20.60    2.78 
1990 9	 290.40   29.99   18.20    1.76 
1990 10	  53.95   25.57   10.59    2.50 
1990 11	  33.53   20.70    7.68    2.93 
1990 12	  17.35   13.81   -0.91    2.75 
1991 1	  66.60   10.67   -0.41    2.64 
1991 2	   3.85   17.90    3.47    2.68 
1991 3	   8.40   23.04    7.78    3.52 
1991 4	   5.85   28.36   10.77    2.94 
1991 5	  93.82   30.11   16.90    3.19 
1991 6	 184.18   31.58   19.02    2.83 
1991 7	  34.68   33.52   20.96    2.65 
1991 8	  43.93   31.83   20.60    2.34 
1991 9	 147.47   26.78   16.61    2.17 
1991 10	  65.77   26.33   12.00    2.65 
1991 11	   2.65   16.06    3.65    2.89 
1991 12	 143.30   13.55    3.63    3.05 
1992 1	  53.55   11.88    1.10    2.29 
1992 2	 115.65   17.34    5.05    3.09 
1992 3	  16.10   22.52    7.77    3.13 
1992 4	  39.22   25.84   10.98    2.91 
1992 5	 113.32   26.21   14.68    2.61 
1992 6	 149.10   31.44   19.14    2.57 
1992 7	  30.90   33.18   21.32    3.62 
1992 8	  74.28   31.23   19.34    2.27 
1992 9	  21.20   30.61   17.43    2.91 
1992 10	  26.75   27.95   12.24    2.32 
1992 11	  50.87   17.50    4.99    2.70 
1992 12	  15.42   14.74    2.82    2.78 
1993 1	  19.18   12.76    0.07    2.44 
1993 2	  37.85   15.08    2.37    2.98 
1993 3	  17.75   20.48    5.29    3.23 
1993 4	  18.07   26.33    9.33    3.56 
1993 5	  95.00   28.75   14.03    3.09 
1993 6	   6.60   32.56   20.23    3.16 
1993 7	  12.02   35.85   22.82    4.08 
1993 8	  38.67   35.13   21.66    2.76 
1993 9	  39.98   30.65   16.30    2.12 
1993 10	  45.47   25.58   10.86    2.60 
1993 11	   5.28   17.64    2.56    2.78 
1993 12	  15.93   16.14    2.16    2.99 
1994 1	  30.88   14.65    0.28    3.10 
1994 2	  47.65   17.01    0.62    3.13 
1994 3	   1.00   22.99    6.00    3.14 
1994 4	  54.22   27.09    9.18    3.35 
1994 5	 224.83   27.49   15.41    2.78 
1994 6	   0.17   35.10   21.10    2.74 
1994 7	  37.97   35.74   21.56    3.28 
1994 8	  12.95   34.80   20.93    2.49 
1994 9	  84.55   29.93   16.23    1.98 
1994 10	  56.10   25.07   12.32    2.42 
1994 11	  78.38   19.60    6.37    2.78 
1994 12	  24.05   15.74    3.23    2.28 
1995 1	   9.22   15.44    1.54    2.85 
1995 2	  15.20   18.07    3.02    2.84 
1995 3	  17.10   18.86    6.25    3.23 
1995 4	  65.23   26.59   10.46    3.35 
1995 5	 106.78   29.24   15.45    3.42 
1995 6	   9.93   31.38   18.20    3.02 
1995 7	  77.58   35.73   21.20    2.68 
1995 8	  98.10   33.69   21.23    1.94 
1995 9	  41.52   30.50   17.62    2.09 
1995 10	  46.85   27.59   11.04    2.29 
1995 11	  10.32   21.02    5.11    2.49 
1995 12	   0.00   15.85    1.14    2.68 
1996 1	   0.03   16.32   -1.69    3.04 
1996 2	   6.45   20.59    2.52    3.41 
1996 3	  17.02   20.40    3.21    3.58 
1996 4	  71.92   26.67    9.37    3.60 
1996 5	  53.20   33.63   18.86    4.70 
1996 6	  68.82   34.06   20.40    2.76 
1996 7	 104.30   35.83   22.41    2.83 
1996 8	 106.53   32.73   21.00    2.72 
1996 9	 158.05   28.57   16.82    1.67 
1996 10	  59.20   25.46   11.26    2.67 
1996 11	  56.88   19.96    5.93    3.11 
1996 12	   0.00   18.04    1.90    2.77 
1997 1	   0.00   13.60   -0.08    3.10 
1997 2	  97.13   14.58    3.35    3.07 
1997 3	  23.98   22.85    7.58    2.85 
1997 4	  75.23   21.86    8.55    3.17 
1997 5	  48.88   27.76   14.70    2.62 
1997 6	 163.85   31.01   18.78    2.49 
1997 7	  25.23   34.43   21.33    2.55 
1997 8	  22.60   34.30   20.75    2.70 
1997 9	  31.45   32.70   18.43    2.07 
1997 10	  63.68   26.69   12.02    2.66 
1997 11	  19.05   18.05    3.44    2.31 
1997 12	  44.42   13.75   -0.30    3.09 
1998 1	  10.35   17.98    2.16    2.84 
1998 2	  16.95   16.58    2.99    2.70 
1998 3	  77.15   19.21    4.36    3.62 
1998 4	   3.62   26.23    8.11    3.10 
1998 5	  21.50   34.30   16.92    3.56 
1998 6	  32.38   35.56   20.91    3.86 
1998 7	  25.15   37.33   23.03    3.19 
1998 8	  25.48   34.42   21.06    1.69 
1998 9	   0.10   33.62   19.33    1.91 
1998 10	  77.65   26.53   14.08    3.00 
1998 11	   3.23   20.32    7.74    2.40 
1998 12	   0.20   13.98    0.74    2.90 
1999 1	  22.85   17.97    0.43    3.41 
1999 2	   0.00   21.68    4.06    2.88 
1999 3	  44.45   19.66    6.48    3.51 
1999 4	  45.20   26.67   11.24    3.41 
1999 5	  49.80   29.62   15.80    3.14 
1999 6	  56.22   31.51   20.00    3.13 
1999 7	   0.12   34.61   21.21    2.68 
1999 8	  26.00   37.40   22.19    1.98 
1999 9	  29.73   32.38   16.99    2.67 
1999 10	  32.03   26.93   10.15    2.45 
1999 11	   0.00   22.92    6.39    2.38 
1999 12	   0.10   16.51    0.14    3.07 
2000 1	   0.00   17.25    1.02    3.21 
2000 2	   7.25   21.29    3.73    3.23 
2000 3	  36.17   24.11    7.42    3.22 
2000 4	   5.00   27.66   11.06    3.42 
2000 5	  34.58   34.33   18.68    3.63 
2000 6	  93.65   30.59   19.96    3.00 
2000 7	   1.00   36.53   22.24    2.69 
2000 8	   0.00   36.67   21.65    2.48 
2000 9	  14.20   33.71   17.18    2.21 
2000 10	 118.05   23.80   13.78    3.16 
2000 11	  47.70   13.82    3.41    2.69 
2000 12	  10.35   10.23   -1.62    2.62 
2001 1	  33.62   10.68   -1.46    2.88 
2001 2	  19.45   15.30    2.10    3.38 
2001 3	  33.77   15.37    4.25    2.72 
2001 4	   5.28   24.74   11.41    3.64 
2001 5	  67.28   29.63   15.86    3.18 
2001 6	   1.23   34.21   19.80    2.89 
2001 7	   0.10   37.03   22.72    2.87 
2001 8	  54.88   34.39   21.19    2.57 
2001 9	  76.15   29.90   16.12    2.00 
2001 10	  22.60   25.15    9.58    2.76 
2001 11	 105.42   19.42    7.72    2.83 
2001 12	   4.50   14.63    1.17    2.76 
2002 1	  11.35   14.84   -0.26    2.87 
2002 2	  39.45   14.35   -0.92    2.87 
2002 3	  53.90   19.18    2.85    3.71 
2002 4	  13.88   25.84   12.50    3.91 
2002 5	  49.03   29.49   15.33    3.76 
2002 6	  13.77   32.35   19.59    2.58 
2002 7	  53.88   31.80   20.39    2.64 
2002 8	  14.20   35.33   21.06    2.48 
2002 9	  21.05   31.03   16.55    2.16 
2002 10	 158.05   21.48   11.39    2.30 
2002 11	  17.33   16.45    3.71    2.78 
2002 12	  32.20   13.61    0.55    2.83 
2003 1	   0.45   13.47   -1.05    2.62 
2003 2	  26.70   13.67    0.52    3.03 
2003 3	  24.88   20.28    5.30    2.89 
2003 4	  38.55   27.07   10.32    3.64 
2003 5	  42.02   30.97   16.06    2.94 
2003 6	 205.03   31.17   18.09    2.42 
2003 7	   0.00   34.86   20.85    2.22 
2003 8	  72.85   35.71   20.83    1.88 
2003 9	 128.85   28.84   16.23    1.85 
2003 10	  81.92   25.22   11.65    2.13 
2003 11	  33.03   18.76    6.48    3.06 
2003 12	   0.00   16.81    0.07    3.31 
2004 1	  24.58   14.59    1.37    3.08 
2004 2	  59.60   13.25    0.50    3.23 
2004 3	  37.30   21.08    8.91    3.25 
2004 4	  93.48   23.39   10.44    3.40 
2004 5	  13.52   29.43   15.59    3.43 
2004 6	 116.10   31.90   18.97    2.71 
2004 7	  83.03   33.27   20.03    2.31 
2004 8	 131.20   31.53   19.31    2.11 
2004 9	  17.05   29.77   16.55    2.00 
2004 10	 166.52   25.15   13.41    2.59 
2004 11	 113.85   17.17    6.34    2.83 
2004 12	   2.88   14.08   -0.18    2.90 
2005 1	  16.75   15.60    2.01    3.15 
2005 2	  70.10   14.08    3.21    2.80 
2005 3	  54.40   19.26    5.31    2.88 
2005 4	   2.05   25.16    9.01    3.50 
2005 5	 154.48   27.01   14.93    2.98 
2005 6	  36.78   32.27   19.48    2.95 
2005 7	  54.55   34.53   20.98    2.27 
2005 8	 249.20   32.15   20.16    2.26 
2005 9	   0.73   32.82   18.26    1.97 
2005 10	 113.67   24.89   11.20    2.43 
2005 11	   0.00   21.70    5.29    2.54 
2005 12	   0.20   15.04   -1.15    2.47 
2006 1	   4.10   19.70    1.01    3.32 
2006 2	  17.42   16.31    0.99    3.08 
2006 3	  59.52   22.25    7.68    3.65 
2006 4	  27.98   28.42   12.51    3.45 
2006 5	  26.85   31.39   16.02    3.36 
2006 6	   1.23   34.37   19.24    2.35 
2006 7	   5.10   35.90   21.50    2.43 
2006 8	  28.48   36.12   22.10    2.67 
2006 9	 112.95   29.46   15.47    2.25 
2006 10	  33.17   25.81   10.72    2.33 
2006 11	   0.00   21.39    5.93    3.00 
2006 12	  29.50   15.15   -0.06    2.87 
2007 1	  48.28    9.32   -1.76    3.04 
2007 2	   0.03   15.48    0.22    2.95 
2007 3	 125.40   22.15    8.70    3.51 
2007 4	 106.65   22.44    8.56    3.26 
2007 5	 222.70   25.68   15.19    2.85 
2007 6	 141.05   30.49   18.88    2.45 
2007 7	  43.78   30.70   19.64    1.81 
2007 8	 232.32   32.86   20.97    2.15 
2007 9	   7.10   30.71   18.15    1.97 
2007 10	   7.57   27.92   11.64    2.40 
2007 11	  27.05   20.16    5.68    2.75 
2007 12	   7.80   15.37   -0.33    2.74 
2008 1	   9.60   13.23   -1.73    2.83 
2008 2	   0.05   18.98    0.61    3.11 
2008 3	  87.47   20.84    4.37    3.70 
2008 4	  32.95   26.18    9.03    3.45 
2008 5	  61.72   30.68   14.99    3.32 
2008 6	  56.57   35.33   20.98    3.71 
2008 7	  22.52   34.92   20.79    3.27 
2008 8	 131.88   33.17   20.51    2.01 
2008 9	  40.75   29.00   15.39    1.81 
2008 10	  37.58   25.91    9.74    2.53 
2008 11	   2.35   20.93    4.51    2.31 
2008 12	   0.12   15.50   -0.87    3.13 
2009 1	   1.75   15.69   -2.45    3.00 
2009 2	  11.58   20.72    2.20    3.71 
2009 3	  33.88   22.19    6.73    3.79 
2009 4	  34.37   25.50    9.48    3.86 
2009 5	  62.65   29.10   15.27    2.72 
2009 6	  77.77   34.99   20.66    3.16 
2009 7	 101.95   34.91   21.20    2.68 
2009 8	  22.80   35.33   20.83    2.75 
2009 9	  65.65   28.44   15.91    1.87 
2009 10	  58.80   22.66    9.67    2.77 
2009 11	   5.50   21.53    5.52    2.27 
2009 12	  46.25   11.71   -2.02    2.55 
2010 1	  52.20   12.59   -1.54    3.20 
2010 2	  93.73   10.50   -0.65    3.02 
2010 3	  41.23   18.84    3.86    3.62 
2010 4	  71.35   24.33   10.16    3.42 
2010 5	  70.40   28.49   15.51    3.15 
2010 6	  58.33   34.89   21.05    3.27 
2010 7	 100.80   32.56   21.34    2.68 
2010 8	   5.60   36.88   21.82    2.46 
2010 9	 145.90   31.48   18.31    2.30 
2010 10	  20.25   26.75   10.46    2.30 
2010 11	   0.32   21.03    3.87    3.19 
2010 12	  26.97   16.31    0.35    2.89 
