1949 1	  49.60    8.11   -3.42    3.34 
1949 2	  26.50   15.85    2.29    2.63 
1949 3	  17.62   20.06    6.23    2.88 
1949 4	  69.05   22.75    9.71    2.76 
1949 5	 139.85   28.72   16.68    2.84 
1949 6	  60.35   33.07   19.76    3.02 
1949 7	  31.18   36.04   21.82    2.45 
1949 8	  33.62   33.93   19.79    2.09 
1949 9	  78.03   30.44   16.74    2.18 
1949 10	  85.82   25.07   11.13    2.96 
1949 11	   0.00   24.04    5.40    2.43 
1949 12	  23.30   16.04    2.42    3.06 
1950 1	  23.40   16.07    1.85    3.31 
1950 2	   6.18   18.93    4.45    3.09 
1950 3	   0.75   21.72    4.61    3.57 
1950 4	  95.98   25.71   10.44    3.63 
1950 5	 166.00   29.21   16.05    2.72 
1950 6	  45.08   32.42   19.71    2.98 
1950 7	 114.08   33.59   21.20    3.03 
1950 8	  63.30   34.06   19.91    2.62 
1950 9	 108.45   30.06   17.54    2.46 
1950 10	   1.88   29.88   14.01    2.67 
1950 11	   0.00   21.76    3.12    3.15 
1950 12	   0.10   15.81   -1.27    2.62 
1951 1	   0.62   15.54   -0.84    3.36 
1951 2	  13.45   17.79    1.80    3.57 
1951 3	  17.35   21.69    5.35    3.51 
1951 4	  23.25   26.07    9.58    3.28 
1951 5	  99.65   30.31   15.93    2.90 
1951 6	 114.05   33.19   20.36    3.39 
1951 7	  56.88   36.91   22.72    2.77 
1951 8	   9.35   37.88   23.22    2.70 
1951 9	  11.15   33.48   17.91    2.51 
1951 10	  35.92   27.70   12.79    2.75 
1951 11	   3.67   17.56    3.38    3.18 
1951 12	   1.15   17.63    1.16    3.24 
1952 1	  14.05   18.54    3.64    3.33 
1952 2	  10.95   19.17    3.86    3.51 
1952 3	  25.25   20.29    4.60    3.36 
1952 4	  50.38   25.18    9.48    3.20 
1952 5	  53.22   29.97   14.88    3.08 
1952 6	   1.88   35.68   21.44    3.14 
1952 7	  16.97   36.45   21.71    2.63 
1952 8	   1.90   39.88   24.44    3.01 
1952 9	  86.45   31.79   16.66    1.89 
1952 10	   0.00   26.33    8.40    2.37 
1952 11	  89.53   17.73    5.42    2.88 
1952 12	  23.17   14.47    0.77    2.46 
1953 1	   1.25   19.52    2.84    3.67 
1953 2	  12.50   17.16    2.07    2.80 
1953 3	  29.77   23.45    8.84    2.59 
1953 4	  31.05   25.82    9.31    2.92 
1953 5	  72.02   29.55   15.07    3.31 
1953 6	  31.58   38.12   23.44    3.05 
1953 7	  95.12   35.21   22.50    2.74 
1953 8	  47.92   34.79   21.32    2.15 
1953 9	  14.18   33.88   17.25    1.71 
1953 10	  84.95   25.68   12.43    2.35 
1953 11	  13.00   18.12    4.86    2.10 
1953 12	   2.45   14.00    0.13    3.17 
1954 1	  13.00   14.90    1.03    3.10 
1954 2	   4.47   22.04    5.13    3.26 
1954 3	   1.15   20.66    5.39    3.27 
1954 4	  78.60   28.23   14.32    3.73 
1954 5	 140.85   26.84   13.97    2.86 
1954 6	  15.28   34.47   21.15    3.24 
1954 7	  10.25   38.40   23.57    2.60 
1954 8	   6.32   37.36   23.51    3.05 
1954 9	  22.80   35.12   18.97    2.23 
1954 10	  42.55   26.94   13.12    2.37 
1954 11	  50.92   20.37    5.75    2.42 
1954 12	  20.95   17.41    2.14    2.96 
1955 1	  24.08   13.71    1.46    3.04 
1955 2	  24.05   15.92    1.53    3.48 
1955 3	   7.02   22.58    6.02    3.26 
1955 4	  14.88   28.73   13.52    3.42 
1955 5	 143.30   31.09   16.84    3.00 
1955 6	 123.72   32.72   19.19    3.00 
1955 7	  46.70   35.32   22.64    2.75 
1955 8	  35.20   35.50   21.63    1.86 
1955 9	  84.75   32.76   19.66    2.03 
1955 10	  21.83   27.37   11.49    2.51 
1955 11	   3.45   20.34    3.87    3.09 
1955 12	   1.42   16.22    0.51    2.63 
1956 1	  11.90   13.67   -0.47    3.24 
1956 2	  18.27   15.63    1.95    3.17 
1956 3	   1.45   23.51    6.34    3.25 
1956 4	  51.60   25.57   10.63    3.18 
1956 5	  29.05   31.89   18.10    3.13 
1956 6	   7.47   36.52   22.27    2.88 
1956 7	  23.53   37.74   22.99    3.22 
1956 8	   8.38   37.19   22.23    3.07 
1956 9	   3.05   34.35   18.42    2.24 
1956 10	  50.62   28.41   13.74    2.06 
1956 11	   9.65   18.57    3.87    2.78 
1956 12	  33.07   16.80    2.73    2.91 
1957 1	  11.55   13.55    0.25    2.98 
1957 2	 128.85   16.90    6.85    2.85 
1957 3	  19.22   19.30    5.71    3.19 
1957 4	 131.05   23.43   10.13    3.21 
1957 5	 286.85   25.94   14.84    2.81 
1957 6	  73.48   31.69   19.32    2.49 
1957 7	   6.80   36.98   22.65    2.27 
1957 8	  22.15   36.19   22.11    2.43 
1957 9	  56.60   30.20   16.19    2.52 
1957 10	  68.23   22.85   10.97    2.57 
1957 11	  69.77   15.15    4.07    2.85 
1957 12	   9.75   17.32    2.71    3.28 
1958 1	  32.20   13.20    0.25    2.99 
1958 2	  41.45   11.81    1.22    3.48 
1958 3	  51.95   14.46    2.63    2.75 
1958 4	  78.05   22.71    9.99    2.96 
1958 5	  77.42   28.72   15.62    2.31 
1958 6	  60.33   34.18   20.58    2.71 
1958 7	  77.05   35.55   22.50    3.37 
1958 8	  60.30   35.98   21.67    2.23 
1958 9	 145.05   29.87   18.90    2.26 
1958 10	  54.30   23.01   11.94    2.34 
1958 11	  14.00   19.89    5.66    2.24 
1958 12	   5.12   13.89   -1.47    2.78 
1959 1	   0.30   13.50   -1.53    3.39 
1959 2	  15.70   14.97    1.99    3.01 
1959 3	  10.57   22.72    4.19    3.55 
1959 4	  26.77   24.99   10.13    3.36 
1959 5	 181.05   30.56   17.19    3.23 
1959 6	 130.40   32.47   19.97    2.53 
1959 7	  96.12   32.66   20.62    2.10 
1959 8	  27.00   34.86   21.30    2.45 
1959 9	  26.85   33.23   18.57    2.89 
1959 10	 151.53   24.33   10.44    2.34 
1959 11	   6.92   16.13    1.54    2.68 
1959 12	  58.38   15.60    2.85    2.97 
1960 1	  44.50   12.71    1.01    2.91 
1960 2	  49.85   12.85   -0.52    3.78 
1960 3	   6.90   17.00    2.81    2.92 
1960 4	  35.33   26.61   11.72    3.74 
1960 5	  59.32   29.81   14.83    3.27 
1960 6	  18.95   35.77   20.87    2.76 
1960 7	  90.08   35.20   22.31    2.25 
1960 8	  41.15   34.88   22.09    2.30 
1960 9	  29.35   32.57   18.16    2.13 
1960 10	  91.10   26.68   13.68    2.48 
1960 11	   0.20   20.68    7.10    2.66 
1960 12	  69.48   10.65   -0.24    2.91 
1961 1	  69.55   11.69   -1.82    2.77 
1961 2	  38.32   15.73    2.16    3.43 
1961 3	  20.25   21.75    7.13    3.41 
1961 4	   0.00   26.66   10.34    3.74 
1961 5	  66.15   30.46   16.27    3.31 
1961 6	 265.00   30.78   18.43    2.67 
1961 7	 147.95   32.24   20.34    2.65 
1961 8	  22.80   33.84   19.41    2.06 
1961 9	 124.93   29.17   16.81    3.19 
1961 10	  34.40   25.38   11.69    2.86 
1961 11	 108.02   15.83    4.55    2.88 
1961 12	  14.62   13.36    1.19    2.93 
1962 1	   0.40   12.06   -3.39    3.22 
1962 2	   3.05   21.17    3.92    3.28 
1962 3	  41.95   18.96    4.21    3.36 
1962 4	  41.95   24.36   10.95    3.27 
1962 5	  14.18   32.31   17.87    4.37 
1962 6	 193.62   32.00   18.66    2.24 
1962 7	  72.05   34.82   21.73    2.78 
1962 8	  13.33   36.84   21.36    2.40 
1962 9	 195.45   30.28   18.05    2.12 
1962 10	  72.40   27.07   14.33    2.88 
1962 11	  11.03   19.11    6.50    2.56 
1962 12	  22.48   14.70    1.71    2.54 
1963 1	   0.90   12.37   -4.71    2.98 
1963 2	   5.75   16.89    0.06    3.08 
1963 3	   4.53   24.04    7.39    3.53 
1963 4	  47.88   28.83   14.13    3.81 
1963 5	 171.15   30.23   17.33    3.16 
1963 6	  56.72   32.64   20.26    2.87 
1963 7	  23.17   37.03   23.01    3.07 
1963 8	  50.38   36.93   22.28    2.26 
1963 9	  27.02   32.53   19.08    1.98 
1963 10	  10.47   30.53   14.45    1.94 
1963 11	  58.88   20.94    6.89    2.91 
1963 12	  15.07   11.53   -1.10    2.54 
1964 1	  48.10   15.71    0.18    3.31 
1964 2	  47.62   14.48    0.03    3.27 
1964 3	  23.33   21.85    5.78    3.30 
1964 4	  39.53   27.52   13.08    3.74 
1964 5	  65.98   30.63   17.34    3.23 
1964 6	  38.43   34.09   20.41    3.22 
1964 7	  23.65   37.60   23.51    2.55 
1964 8	 128.10   35.82   23.44    3.07 
1964 9	  53.75   29.68   19.19    2.14 
1964 10	  16.35   25.60   11.69    2.21 
1964 11	  52.52   19.98    7.36    2.75 
1964 12	   8.80   16.14    1.98    2.95 
1965 1	  33.12   16.21    2.01    3.06 
1965 2	  35.97   14.49    0.78    3.26 
1965 3	   6.77   15.48    2.29    3.38 
1965 4	  78.12   26.95   13.31    3.13 
1965 5	 174.48   27.34   17.45    3.23 
1965 6	  57.50   31.95   20.66    2.86 
1965 7	  20.83   36.57   22.85    2.29 
1965 8	  20.38   35.88   22.09    2.47 
1965 9	 121.68   32.85   19.36    2.60 
1965 10	  95.85   25.56   12.02    2.23 
1965 11	  27.45   23.16    9.91    2.03 
1965 12	  27.37   15.92    5.34    3.02 
1966 1	  23.95   10.28   -1.89    2.88 
1966 2	  11.45   14.11   -0.16    3.22 
1966 3	  11.57   21.72    6.60    3.48 
1966 4	 171.18   24.71   10.60    3.30 
1966 5	  11.90   28.20   15.10    2.63 
1966 6	  28.53   32.75   20.16    2.60 
1966 7	  11.38   36.69   24.14    2.58 
1966 8	 126.00   33.01   20.78    2.31 
1966 9	 129.05   28.95   18.20    1.71 
1966 10	  31.85   24.80   10.46    2.26 
1966 11	   9.32   22.08    8.23    3.10 
1966 12	   4.67   14.93   -0.84    2.67 
1967 1	   0.00   17.67    0.06    3.41 
1967 2	   7.28   16.34    0.71    3.39 
1967 3	  17.40   25.61    9.45    4.09 
1967 4	  32.88   29.15   15.24    4.19 
1967 5	  82.30   30.10   14.60    3.31 
1967 6	  53.33   33.52   21.59    3.09 
1967 7	  66.72   34.47   21.91    2.90 
1967 8	  10.45   33.84   20.09    2.19 
1967 9	 133.60   27.06   16.61    2.39 
1967 10	  49.60   24.52   10.80    2.83 
1967 11	  59.17   18.14    6.55    2.40 
1967 12	  31.85   12.60    0.68    2.66 
1968 1	  97.20   11.45    1.39    3.21 
1968 2	  57.78   12.48    0.29    2.47 
1968 3	  62.97   17.55    6.00    4.06 
1968 4	  62.95   22.73   10.32    3.29 
1968 5	  65.25   27.69   15.92    3.37 
1968 6	  40.15   31.56   20.16    2.81 
1968 7	  85.65   32.69   21.29    2.67 
1968 8	   9.12   34.23   21.87    2.96 
1968 9	  16.45   30.46   16.39    2.18 
1968 10	   5.22   28.30   13.27    2.85 
1968 11	 114.22   18.06    4.87    3.10 
1968 12	   9.97   15.32    0.18    3.38 
1969 1	  12.10   15.83    2.14    3.14 
1969 2	  51.88   15.18    2.83    2.96 
1969 3	  49.88   15.06    2.57    3.35 
1969 4	  47.82   25.33   12.21    3.43 
1969 5	 162.30   27.61   15.40    2.31 
1969 6	  72.30   32.17   19.56    3.41 
1969 7	   8.48   37.34   23.90    2.62 
1969 8	  80.45   36.03   23.10    2.32 
1969 9	 141.80   29.63   18.87    1.86 
1969 10	  46.90   22.29   11.43    3.18 
1969 11	  34.72   19.03    5.08    2.48 
1969 12	  60.30   15.73    2.18    2.67 
1970 1	   0.62   12.13   -2.11    2.62 
1970 2	  41.45   15.85    3.28    3.14 
1970 3	  47.75   17.37    4.33    3.21 
1970 4	  48.88   25.54   11.68    3.33 
1970 5	  74.00   27.82   14.68    2.75 
1970 6	  15.45   32.71   19.51    2.88 
1970 7	   0.05   36.10   21.99    2.48 
1970 8	  13.22   35.83   21.67    2.47 
1970 9	  95.10   31.50   19.48    2.56 
1970 10	  35.38   24.35   10.62    2.26 
1970 11	   3.05   19.18    2.96    3.08 
1970 12	   7.23   18.81    3.51    2.72 
1971 1	   0.10   17.06   -0.33    3.13 
1971 2	  15.60   17.51    1.29    3.66 
1971 3	   0.38   21.89    4.42    3.55 
1971 4	  71.72   25.66   10.82    3.17 
1971 5	 115.62   30.37   15.11    3.34 
1971 6	  53.80   33.20   20.87    3.07 
1971 7	  72.12   35.53   22.36    2.53 
1971 8	 243.22   30.10   19.83    1.97 
1971 9	 142.42   29.02   17.21    2.49 
1971 10	  64.50   24.83   13.24    2.42 
1971 11	  10.80   18.99    6.83    2.89 
1971 12	  36.07   15.25    3.84    3.15 
1972 1	   3.02   14.01   -0.58    3.05 
1972 2	   6.12   18.00    1.32    2.98 
1972 3	   7.30   23.87    7.37    3.38 
1972 4	  32.03   28.54   13.06    3.70 
1972 5	  54.28   27.93   15.07    2.14 
1972 6	  61.90   34.03   20.20    2.46 
1972 7	  27.88   33.65   20.65    2.80 
1972 8	 154.32   32.57   20.09    2.42 
1972 9	  92.80   30.32   18.66    2.26 
1972 10	 120.25   24.69   11.48    2.42 
1972 11	  25.43   14.27    2.32    2.37 
1972 12	   1.35   13.37   -1.40    3.04 
1973 1	  76.45    8.90   -2.15    3.50 
1973 2	  50.20   13.61    0.72    3.03 
1973 3	  73.20   21.28    7.10    3.43 
1973 4	  27.73   21.45    8.44    3.21 
1973 5	  24.27   29.30   14.01    3.10 
1973 6	  46.80   31.99   18.61    2.93 
1973 7	  41.78   33.68   21.19    2.47 
1973 8	  24.33   35.09   20.67    2.34 
1973 9	 130.30   29.55   17.66    2.58 
1973 10	  49.08   25.86   12.90    2.53 
1973 11	   5.05   21.27    8.64    3.33 
1973 12	   0.05   16.69    0.32    3.38 
1974 1	   6.03   13.81   -1.28    2.97 
1974 2	  19.85   19.88    2.14    3.81 
1974 3	  26.75   24.94    9.52    4.26 
1974 4	  49.78   26.67   11.55    3.85 
1974 5	  16.40   31.33   17.63    3.23 
1974 6	  36.30   34.89   19.18    3.02 
1974 7	  28.05   36.46   21.86    2.54 
1974 8	 115.40   32.06   20.17    2.69 
1974 9	 218.22   24.74   13.85    2.55 
1974 10	 164.22   24.44   12.21    2.69 
1974 11	  33.33   17.41    5.51    2.70 
1974 12	  37.47   13.30    1.08    2.39 
1975 1	  27.17   14.20    0.84    3.43 
1975 2	  32.05   15.00    0.36    3.33 
1975 3	  21.50   20.07    5.08    3.56 
1975 4	  11.15   23.51   10.86    3.89 
1975 5	  89.38   28.12   14.78    2.92 
1975 6	  29.80   32.09   19.59    3.12 
1975 7	 147.32   32.87   20.37    2.13 
1975 8	  60.07   34.12   20.60    2.51 
1975 9	  91.27   28.60   14.70    2.52 
1975 10	  21.60   26.31   11.05    2.97 
1975 11	  68.22   20.03    5.73    3.45 
1975 12	  29.18   15.79    0.89    3.10 
1976 1	   0.08   14.62   -1.88    3.11 
1976 2	   0.57   22.08    5.01    4.15 
1976 3	  17.25   22.18    5.98    3.81 
1976 4	 118.80   25.11   11.70    3.52 
1976 5	  44.43   27.27   13.26    2.79 
1976 6	  16.92   33.29   18.95    2.93 
1976 7	  97.03   31.17   20.09    2.38 
1976 8	  43.18   34.61   20.60    1.88 
1976 9	 109.55   29.33   17.13    1.83 
1976 10	 156.27   20.38    7.69    2.63 
1976 11	  15.73   14.02    1.59    2.47 
1976 12	   1.33   13.91   -1.58    2.82 
1977 1	  41.85    9.05   -4.35    2.54 
1977 2	   6.80   18.01    3.30    3.03 
1977 3	  63.37   21.74    6.05    3.40 
1977 4	  83.72   23.65   10.54    3.26 
1977 5	  41.58   28.68   17.43    3.33 
1977 6	  50.52   34.39   20.61    2.81 
1977 7	  44.40   35.83   22.04    2.57 
1977 8	  65.45   35.46   22.11    2.70 
1977 9	  10.02   35.51   20.57    2.68 
1977 10	  36.70   26.88   12.38    2.39 
1977 11	  13.33   20.29    5.76    2.76 
1977 12	   3.73   17.21    2.10    3.11 
1978 1	  17.35    7.26   -3.58    2.93 
1978 2	  42.30    9.15   -1.58    2.91 
1978 3	   1.90   21.00    4.85    3.44 
1978 4	  13.70   29.26   13.42    4.04 
1978 5	  52.42   31.72   17.16    3.24 
1978 6	  41.55   35.08   21.17    2.59 
1978 7	  27.68   38.83   24.03    2.65 
1978 8	 183.43   33.79   21.65    2.61 
1978 9	 102.52   30.44   19.54    2.37 
1978 10	  31.93   26.38   12.33    2.10 
1978 11	  29.42   18.68    7.47    2.56 
1978 12	   6.05   13.59   -0.13    2.97 
1979 1	  42.38    7.32   -3.54    3.20 
1979 2	  31.10   14.23    0.02    3.03 
1979 3	  97.12   20.23    7.28    3.62 
1979 4	  81.00   24.47   11.47    2.86 
1979 5	  39.75   27.55   14.19    3.27 
1979 6	 101.52   32.41   19.31    2.63 
1979 7	  36.88   35.06   22.07    2.27 
1979 8	  47.23   34.31   20.56    2.18 
1979 9	   1.22   33.32   16.72    2.00 
1979 10	  13.00   30.40   13.59    2.77 
1979 11	   9.55   17.82    3.25    2.53 
1979 12	  71.07   15.31    2.35    3.02 
1980 1	  16.52   13.41    2.10    3.29 
1980 2	  17.65   16.29    1.73    3.05 
1980 3	  19.25   20.29    4.96    3.37 
1980 4	   5.10   25.84    9.49    3.34 
1980 5	 148.75   28.76   15.67    2.83 
1980 6	  53.82   35.26   22.62    3.34 
1980 7	   4.65   38.74   24.25    2.74 
1980 8	  22.95   36.57   23.01    3.21 
1980 9	 236.68   30.78   19.72    2.52 
1980 10	  15.05   25.17   11.53    2.31 
1980 11	  24.15   17.75    5.25    2.53 
1980 12	  20.75   16.27    3.55    3.15 
1981 1	  15.05   13.48    1.41    2.40 
1981 2	  37.80   16.26    3.65    3.11 
1981 3	  46.40   18.86    7.55    3.21 
1981 4	 155.63   26.29   14.39    3.49 
1981 5	  37.18   28.57   15.52    3.23 
1981 6	 100.62   32.66   20.54    2.68 
1981 7	  40.47   36.24   23.14    2.72 
1981 8	  30.85   34.95   21.67    2.21 
1981 9	  19.85   31.81   18.82    2.31 
1981 10	 181.30   24.57   13.62    2.91 
1981 11	   8.07   21.62    6.60    2.42 
1981 12	   7.40   16.17    2.56    2.90 
1982 1	  20.08   15.25   -0.51    3.43 
1982 2	  23.20   14.17    0.65    3.10 
1982 3	  11.70   21.45    7.95    3.70 
1982 4	  13.72   23.92   10.80    3.47 
1982 5	 219.82   28.16   16.24    3.11 
1982 6	 129.35   31.97   19.69    2.90 
1982 7	  67.43   34.73   22.75    2.96 
1982 8	  65.15   36.20   23.03    2.65 
1982 9	  34.95   32.23   18.43    2.43 
1982 10	  21.88   25.90   12.22    2.59 
1982 11	  41.05   18.80    6.50    3.03 
1982 12	  42.75   13.65    2.39    3.51 
1983 1	  50.42   12.43   -0.00    2.42 
1983 2	   8.73   14.93    2.22    2.93 
1983 3	  46.20   19.20    6.45    3.65 
1983 4	  18.17   23.42    8.79    3.96 
1983 5	  48.45   28.66   14.44    3.08 
1983 6	  63.22   31.08   18.39    2.64 
1983 7	  35.95   34.47   21.91    2.59 
1983 8	   1.95   36.17   22.86    1.69 
1983 9	  12.85   32.39   18.65    2.38 
1983 10	 115.88   26.91   14.43    2.75 
1983 11	  72.58   20.75    7.71    2.84 
1983 12	   9.68    7.34   -4.42    2.90 
1984 1	  22.12   10.92   -1.71    2.54 
1984 2	   5.20   18.31    2.22    3.40 
1984 3	  19.33   20.88    5.77    3.69 
1984 4	   3.00   26.27    9.46    3.12 
1984 5	  28.05   32.05   16.82    3.31 
1984 6	  30.95   35.25   21.75    3.11 
1984 7	  27.10   35.49   22.12    2.30 
1984 8	  53.52   35.17   21.68    2.27 
1984 9	  65.50   29.51   16.36    2.82 
1984 10	 132.48   23.19   12.39    2.58 
1984 11	  33.08   17.65    6.14    2.91 
1984 12	  81.47   15.10    4.16    3.21 
1985 1	   7.95    9.57   -3.16    3.01 
1985 2	  37.88   12.90    1.44    3.31 
1985 3	  52.47   20.44    8.72    3.64 
1985 4	  44.28   26.18   12.99    3.20 
1985 5	  77.38   30.07   16.70    2.93 
1985 6	  97.55   32.26   19.26    2.50 
1985 7	  80.35   34.20   21.14    2.31 
1985 8	  34.80   36.47   22.66    2.34 
1985 9	  49.67   30.47   18.36    2.64 
1985 10	 108.60   24.55   13.39    3.18 
1985 11	  25.97   19.42    6.55    3.00 
1985 12	   1.48   12.85   -1.57    2.68 
1986 1	   0.03   17.28    1.33    2.88 
1986 2	  46.05   17.65    4.33    3.09 
1986 3	  22.80   24.15    8.06    3.36 
1986 4	  31.70   27.54   13.09    3.54 
1986 5	 106.40   29.78   16.73    3.34 
1986 6	 114.33   31.87   20.34    1.96 
1986 7	  58.67   35.56   22.58    2.97 
1986 8	  86.70   33.81   21.77    2.48 
1986 9	  55.05   30.40   20.37    2.72 
1986 10	 172.85   23.19   12.38    2.41 
1986 11	  74.78   17.32    4.97    2.79 
1986 12	  54.58   11.46    2.22    2.52 
1987 1	  22.70   13.28    0.10    2.97 
1987 2	  88.98   15.06    4.68    3.56 
1987 3	  37.55   18.09    4.68    3.17 
1987 4	  25.83   25.52    9.26    2.77 
1987 5	 208.85   28.35   16.08    2.58 
1987 6	  78.55   31.24   19.39    2.25 
1987 7	  24.80   33.54   21.33    2.61 
1987 8	  63.28   35.15   22.00    2.61 
1987 9	  56.22   30.24   16.50    2.12 
1987 10	   3.50   26.63   12.26    2.66 
1987 11	  15.73   19.26    5.57    2.78 
1987 12	 112.10   13.89    0.88    2.79 
1988 1	   1.58   11.91   -0.48    3.13 
1988 2	  12.40   15.20    0.52    3.18 
1988 3	  17.52   21.87    5.07    3.54 
1988 4	  41.65   26.44    9.68    2.85 
1988 5	  64.48   28.90   14.82    3.14 
1988 6	 102.20   32.57   19.47    2.19 
1988 7	  61.42   33.82   21.59    2.34 
1988 8	  21.18   35.72   22.06    2.13 
1988 9	  88.50   31.71   18.06    2.34 
1988 10	  30.67   26.90   11.95    2.30 
1988 11	   0.00   22.41    6.91    2.79 
1988 12	  28.45   15.56    2.02    2.74 
1989 1	  17.02   16.80    3.13    2.97 
1989 2	  83.50   10.29   -0.60    3.64 
1989 3	  31.90   22.01    5.97    3.54 
1989 4	  28.28   26.38   12.16    3.43 
1989 5	  47.03   31.04   17.70    3.79 
1989 6	 179.32   30.70   18.37    3.03 
1989 7	  14.85   34.79   21.58    2.19 
1989 8	  51.28   33.87   21.69    2.81 
1989 9	 101.62   29.72   15.68    2.44 
1989 10	  13.13   27.39   12.87    2.91 
1989 11	   3.00   21.25    6.57    2.63 
1989 12	   7.35   11.26   -3.32    3.12 
1990 1	  43.30   17.49    3.28    3.00 
1990 2	  60.50   18.61    5.16    3.16 
1990 3	  86.40   19.98    7.60    3.70 
1990 4	  98.20   23.70   11.12    3.39 
1990 5	 103.48   28.72   16.10    3.45 
1990 6	   6.65   35.71   22.91    3.37 
1990 7	  67.50   32.22   21.05    2.50 
1990 8	  73.68   33.82   21.49    2.58 
1990 9	 127.12   30.51   19.21    1.70 
1990 10	  34.98   25.37   11.09    2.55 
1990 11	  59.98   20.62    8.17    3.00 
1990 12	  21.05   13.16   -0.24    2.90 
1991 1	  72.85   11.47    0.17    2.73 
1991 2	   3.65   18.33    4.57    2.77 
1991 3	  19.95   22.36    8.11    3.54 
1991 4	  24.60   27.55   12.63    3.01 
1991 5	  38.97   30.05   17.80    2.90 
1991 6	 203.68   31.77   19.67    2.52 
1991 7	  94.25   34.26   21.61    2.37 
1991 8	  62.38   31.98   20.83    2.17 
1991 9	 149.48   27.17   16.64    2.08 
1991 10	 104.95   26.14   12.29    2.71 
1991 11	   3.10   16.44    4.04    2.98 
1991 12	 179.83   13.58    3.80    3.13 
1992 1	  38.83   12.14    1.38    2.40 
1992 2	  94.70   16.83    4.86    3.15 
1992 3	   9.50   22.10    8.08    3.16 
1992 4	  49.85   24.84   11.91    2.78 
1992 5	 106.33   26.37   15.26    2.46 
1992 6	 143.40   31.82   19.50    2.25 
1992 7	 122.60   33.13   21.52    3.34 
1992 8	  92.60   31.82   19.38    2.23 
1992 9	  43.00   31.04   17.81    2.88 
1992 10	   7.80   28.06   12.84    2.36 
1992 11	  93.35   17.40    4.81    2.81 
1992 12	  19.32   15.10    2.96    2.87 
1993 1	  15.95   12.19    0.36    2.51 
1993 2	  66.05   14.51    2.53    3.04 
1993 3	  27.90   19.92    5.96    3.32 
1993 4	  50.47   25.23   10.23    3.59 
1993 5	  61.35   28.42   14.37    3.02 
1993 6	  88.23   32.66   20.52    3.00 
1993 7	   1.65   36.31   23.41    3.85 
1993 8	  25.15   35.51   22.46    2.58 
1993 9	  86.88   30.75   16.46    2.07 
1993 10	  94.40   24.35   10.55    2.64 
1993 11	   4.18   16.98    3.58    2.85 
1993 12	   6.20   15.64    2.80    3.11 
1994 1	  26.20   13.34    1.12    3.18 
1994 2	  18.48   16.10    1.36    3.15 
1994 3	   0.52   22.55    6.82    3.19 
1994 4	  57.20   26.04   10.31    3.37 
1994 5	 195.75   27.15   15.70    2.52 
1994 6	   0.35   35.00   21.66    2.57 
1994 7	   8.47   35.24   22.10    3.00 
1994 8	  88.07   34.85   21.76    2.34 
1994 9	  76.43   29.47   16.62    1.93 
1994 10	  76.22   25.17   13.04    2.43 
1994 11	  75.05   19.13    7.33    2.80 
1994 12	  33.35   14.83    3.40    2.30 
1995 1	  26.12   14.97    2.21    3.02 
1995 2	  17.72   17.29    3.71    2.97 
1995 3	  37.62   18.06    6.50    3.29 
1995 4	  35.55   25.10   10.67    3.40 
1995 5	 153.53   27.76   15.49    3.18 
1995 6	  56.85   31.11   18.44    2.76 
1995 7	  80.30   35.53   21.71    2.50 
1995 8	 117.83   33.32   21.59    1.79 
1995 9	  87.35   29.51   18.08    2.04 
1995 10	  29.23   26.98   11.51    2.31 
1995 11	   9.65   20.24    5.67    2.61 
1995 12	  10.40   14.97    2.05    2.86 
1996 1	  11.35   14.64   -1.27    3.25 
1996 2	   1.28   19.41    3.32    3.64 
1996 3	  29.33   19.54    3.64    3.72 
1996 4	  80.43   25.85    9.48    3.67 
1996 5	  52.02   32.83   19.07    4.53 
1996 6	  67.85   33.25   20.56    2.52 
1996 7	  43.88   35.42   23.02    2.63 
1996 8	 165.93   32.31   21.28    2.52 
1996 9	 143.93   28.55   16.77    1.61 
1996 10	  48.17   25.35   11.43    2.75 
1996 11	  68.75   18.85    5.79    3.17 
1996 12	   0.00   17.44    2.34    2.96 
1997 1	   2.53   13.08    0.16    3.30 
1997 2	 118.60   13.91    3.26    3.12 
1997 3	  20.12   21.75    7.60    2.90 
1997 4	  85.90   21.38    8.89    3.12 
1997 5	  57.65   27.12   14.59    2.58 
1997 6	 195.20   30.81   19.20    2.25 
1997 7	  18.78   34.33   21.97    2.29 
1997 8	  78.77   34.25   21.24    2.52 
1997 9	   9.90   32.88   19.27    2.06 
1997 10	  66.15   26.39   12.42    2.66 
1997 11	  27.70   17.62    3.96    2.44 
1997 12	  75.10   12.64    0.34    3.18 
1998 1	  25.15   16.73    2.44    3.03 
1998 2	  19.55   15.56    3.77    2.70 
1998 3	  74.05   18.64    4.95    3.78 
1998 4	   5.28   25.36    8.50    3.14 
1998 5	  23.45   34.00   17.83    3.44 
1998 6	  49.12   35.37   21.93    3.75 
1998 7	  25.35   37.61   24.04    2.96 
1998 8	  25.80   35.41   22.06    1.55 
1998 9	   2.85   34.35   20.28    1.86 
1998 10	  54.38   27.03   14.40    2.97 
1998 11	  16.52   20.01    7.98    2.50 
1998 12	  29.17   13.87    0.94    3.05 
1999 1	  47.62   16.66    1.29    3.67 
1999 2	   0.00   21.39    4.83    3.03 
1999 3	  64.45   18.84    6.48    3.53 
1999 4	  55.57   25.93   11.53    3.40 
1999 5	  51.85   29.02   15.94    2.95 
1999 6	 119.40   31.60   20.43    2.88 
1999 7	   8.80   34.84   22.21    2.46 
1999 8	  13.32   38.12   23.05    1.94 
1999 9	  46.73   31.84   17.53    2.64 
1999 10	  40.15   26.65   11.14    2.45 
1999 11	   0.00   22.87    7.89    2.48 
1999 12	   7.18   16.75    0.88    3.23 
2000 1	   3.60   16.69    2.30    3.38 
2000 2	  13.77   21.16    4.88    3.32 
2000 3	  28.65   23.53    8.02    3.24 
2000 4	  11.55   27.40   11.70    3.37 
2000 5	  68.15   33.67   18.80    3.60 
2000 6	 127.93   30.86   20.73    2.81 
2000 7	   0.57   36.58   23.09    2.51 
2000 8	   0.00   37.68   23.23    2.39 
2000 9	  25.28   33.85   17.88    2.21 
2000 10	 139.93   24.25   14.74    3.13 
2000 11	  69.27   14.21    3.75    2.75 
2000 12	  22.67    9.86   -1.05    2.71 
2001 1	  30.88   11.20   -0.44    2.86 
2001 2	  63.55   15.52    2.65    3.42 
2001 3	  51.03   15.98    5.15    2.71 
2001 4	  16.35   24.09   11.99    3.64 
2001 5	 100.32   29.61   16.84    3.03 
2001 6	  26.72   34.37   20.74    2.75 
2001 7	   4.30   37.73   24.03    2.63 
2001 8	  83.05   35.16   22.28    2.43 
2001 9	  85.92   30.13   16.85    1.89 
2001 10	  30.90   25.62   11.03    2.74 
2001 11	  96.32   20.17    9.04    2.88 
2001 12	  27.35   15.21    2.47    2.90 
2002 1	  10.32   15.79    1.71    3.07 
2002 2	  31.55   14.84    0.46    2.97 
2002 3	  95.68   19.83    4.55    3.88 
2002 4	  17.95   26.01   13.23    3.84 
2002 5	  93.85   29.31   15.52    3.55 
2002 6	  25.72   32.33   20.21    2.30 
2002 7	 178.18   31.81   21.29    2.37 
2002 8	  26.37   35.15   22.08    2.32 
2002 9	  45.60   31.30   17.46    2.20 
2002 10	 130.42   21.04   11.65    2.23 
2002 11	  19.50   17.18    4.47    2.95 
2002 12	  43.27   14.26    1.83    3.04 
2003 1	   4.48   13.59    0.12    2.77 
2003 2	  26.12   14.14    1.54    3.11 
2003 3	  11.88   20.69    6.02    2.94 
2003 4	  18.60   27.14   11.32    3.66 
2003 5	  54.25   30.99   16.55    2.96 
2003 6	 183.05   31.08   18.72    2.24 
2003 7	   3.12   35.06   21.93    2.13 
2003 8	  47.20   35.56   21.72    1.82 
2003 9	  26.62   29.13   16.93    1.82 
2003 10	  40.38   25.98   12.69    2.17 
2003 11	  51.58   19.47    7.73    3.16 
2003 12	   0.08   17.22    1.78    3.51 
2004 1	  40.30   15.35    2.50    3.14 
2004 2	  77.38   13.53    0.98    3.33 
2004 3	  30.88   21.54    9.55    3.24 
2004 4	 101.90   23.75   11.19    3.35 
2004 5	  57.03   28.59   16.17    3.36 
2004 6	 120.30   31.23   19.15    2.41 
2004 7	  48.05   33.37   20.98    2.21 
2004 8	 104.82   31.74   19.68    2.03 
2004 9	  11.15   30.16   16.93    1.92 
2004 10	 160.43   25.37   13.99    2.65 
2004 11	 125.93   17.17    6.94    2.92 
2004 12	  17.58   15.08    1.61    3.02 
2005 1	  20.42   15.63    3.08    3.27 
2005 2	  48.15   15.38    4.27    2.80 
2005 3	  52.08   19.91    5.91    2.95 
2005 4	   0.47   25.44   10.19    3.56 
2005 5	 112.58   27.51   15.66    2.80 
2005 6	  39.95   33.09   20.14    2.65 
2005 7	  65.85   34.80   21.35    2.02 
2005 8	 138.43   32.74   21.15    2.08 
2005 9	   8.30   33.56   19.24    1.95 
2005 10	  71.70   25.78   11.76    2.42 
2005 11	   0.00   22.56    5.93    2.65 
2005 12	   1.23   15.23   -0.43    2.63 
2006 1	   8.70   19.60    3.04    3.61 
2006 2	  30.68   16.73    1.50    3.22 
2006 3	  48.20   22.48    8.84    3.66 
2006 4	  79.03   28.77   13.51    3.44 
2006 5	  86.98   31.03   16.69    3.18 
2006 6	  50.40   34.33   19.26    2.21 
2006 7	   5.15   36.19   22.33    2.34 
2006 8	  37.38   36.80   23.20    2.56 
2006 9	  81.80   29.56   16.44    2.26 
2006 10	  41.95   25.87   12.12    2.35 
2006 11	   5.97   21.23    6.77    3.12 
2006 12	  32.60   15.68    1.50    3.04 
2007 1	  38.85   10.15   -1.07    3.10 
2007 2	   7.32   15.99    1.75    3.19 
2007 3	 109.35   22.68    9.82    3.50 
2007 4	  78.70   22.65    9.34    3.12 
2007 5	 121.25   26.39   16.31    2.64 
2007 6	 182.25   30.46   19.71    2.25 
2007 7	  56.37   31.30   20.47    1.63 
2007 8	 168.90   33.35   21.77    1.99 
2007 9	  23.45   31.33   19.07    1.85 
2007 10	  28.22   28.14   12.72    2.42 
2007 11	  23.75   20.43    7.16    2.81 
2007 12	  13.55   15.25    0.60    2.81 
2008 1	   1.80   14.07   -0.37    2.93 
2008 2	  21.08   19.45    2.38    3.28 
2008 3	  89.32   21.41    6.12    3.83 
2008 4	  58.08   26.17   10.25    3.50 
2008 5	  83.80   30.44   16.17    3.27 
2008 6	  73.50   35.08   21.63    3.52 
2008 7	   9.15   35.53   21.55    3.01 
2008 8	 110.57   33.30   20.90    1.89 
2008 9	  59.17   29.56   16.00    1.91 
2008 10	  66.95   25.99   10.50    2.49 
2008 11	   4.10   20.78    5.46    2.47 
2008 12	   0.10   15.88    0.26    3.34 
2009 1	   3.40   16.22   -0.77    3.16 
2009 2	   8.98   20.73    4.21    3.87 
2009 3	  35.00   22.41    8.15    3.90 
2009 4	  50.88   25.90   10.92    3.82 
2009 5	  81.50   29.14   15.58    2.50 
2009 6	  77.32   34.89   21.51    2.97 
2009 7	  78.50   35.43   22.37    2.42 
2009 8	  27.48   36.11   21.91    2.63 
2009 9	  93.60   28.87   16.65    1.90 
2009 10	  80.95   22.38   10.03    2.81 
2009 11	   0.25   21.45    6.42    2.36 
2009 12	  47.65   11.04   -1.16    2.69 
2010 1	  73.95   12.42   -0.32    3.23 
2010 2	  65.15   10.37    0.19    3.04 
2010 3	  44.05   19.58    5.23    3.68 
2010 4	  68.80   24.40   11.81    3.40 
2010 5	  83.85   28.75   16.57    2.93 
2010 6	  79.45   34.61   22.08    2.99 
2010 7	 123.13   33.28   22.73    2.47 
2010 8	  14.90   37.11   23.51    2.34 
2010 9	  66.48   31.60   19.39    2.24 
2010 10	  29.58   27.09   11.95    2.32 
2010 11	   5.05   21.09    5.88    3.29 
2010 12	  27.55   16.74    1.87    3.11 
