1949 1	  46.58   15.49    5.77    6.83 
1949 2	 142.25   19.33   11.05    6.05 
1949 3	  45.08   22.54   12.67    6.46 
1949 4	 195.07   23.59   15.08    6.30 
1949 5	  18.10   30.03   21.90    5.30 
1949 6	  33.85   32.69   23.63    4.96 
1949 7	 110.93   33.35   23.95    4.19 
1949 8	  63.40   33.32   22.37    3.57 
1949 9	  95.80   32.06   22.34    4.24 
1949 10	 360.03   27.41   18.12    5.84 
1949 11	  17.90   24.32   11.10    5.44 
1949 12	 107.28   20.04   11.64    7.06 
1950 1	  29.90   21.82   12.78    7.25 
1950 2	  41.50   21.89   11.20    5.65 
1950 3	  16.05   22.19   11.27    6.31 
1950 4	  90.33   25.22   17.02    6.78 
1950 5	  44.17   30.03   21.74    5.83 
1950 6	  31.45   32.06   23.06    4.70 
1950 7	  34.85   33.76   24.22    5.34 
1950 8	  74.38   33.71   22.95    3.90 
1950 9	  47.45   32.46   22.27    3.67 
1950 10	   0.88   30.69   17.56    5.66 
1950 11	   1.75   23.82   10.77    6.58 
1950 12	  27.40   21.21    7.30    6.02 
1951 1	  28.42   20.18    5.60    7.23 
1951 2	  19.12   19.53    8.28    7.52 
1951 3	 105.97   23.27   13.05    6.31 
1951 4	  30.05   25.90   14.82    5.82 
1951 5	 135.57   28.76   20.25    5.21 
1951 6	  29.98   32.04   24.23    6.18 
1951 7	  38.92   34.29   24.42    4.43 
1951 8	  12.25   35.71   24.17    4.07 
1951 9	 270.88   31.66   22.53    4.97 
1951 10	  93.35   28.55   18.45    5.29 
1951 11	  48.62   21.44   10.98    7.03 
1951 12	  24.75   20.95    9.60    7.27 
1952 1	  16.85   22.45   12.12    6.84 
1952 2	 129.25   21.25    9.94    6.42 
1952 3	  18.20   22.36   11.73    6.49 
1952 4	  97.40   24.23   14.66    5.78 
1952 5	 137.07   28.35   18.54    4.70 
1952 6	  34.13   31.89   23.02    4.73 
1952 7	  62.13   33.72   23.63    4.03 
1952 8	  74.00   34.94   24.12    3.83 
1952 9	 180.00   31.21   20.18    5.53 
1952 10	   0.00   26.74   11.28    5.77 
1952 11	 148.90   21.38   11.43    6.81 
1952 12	  57.58   18.23    6.83    5.86 
1953 1	   3.92   21.68    7.48    6.67 
1953 2	 108.18   18.73    9.08    6.54 
1953 3	  13.73   25.14   16.48    5.94 
1953 4	  11.70   27.04   16.64    6.21 
1953 5	 190.82   29.61   20.41    5.65 
1953 6	 102.88   34.08   23.67    4.22 
1953 7	  25.77   33.88   24.59    4.16 
1953 8	 235.23   33.46   23.57    2.83 
1953 9	  18.00   32.16   20.10    5.01 
1953 10	 117.88   28.55   17.46    5.69 
1953 11	  29.45   22.64   10.86    5.54 
1953 12	  57.52   16.92    5.94    6.90 
1954 1	  16.50   19.42    7.27    5.92 
1954 2	   3.50   23.92    8.52    5.91 
1954 3	   9.27   22.17   11.17    6.83 
1954 4	  67.85   27.40   18.54    6.05 
1954 5	  64.38   28.53   18.82    5.57 
1954 6	  23.42   33.08   23.33    5.45 
1954 7	  11.92   35.50   23.99    4.20 
1954 8	  41.42   35.19   24.74    4.70 
1954 9	  70.60   34.25   22.79    5.30 
1954 10	 112.75   29.12   18.75    6.10 
1954 11	  38.70   23.19   10.39    6.02 
1954 12	  34.85   21.63    8.87    5.77 
1955 1	  62.70   18.28    8.04    6.15 
1955 2	  78.97   19.39    9.34    6.94 
1955 3	   6.12   22.92   13.31    6.86 
1955 4	  27.57   27.39   18.09    5.90 
1955 5	  98.75   30.43   21.28    5.99 
1955 6	  39.90   32.39   21.82    5.05 
1955 7	  37.65   34.31   24.27    5.04 
1955 8	 106.42   34.19   23.74    3.45 
1955 9	 172.28   31.43   23.38    5.62 
1955 10	   9.95   29.12   16.07    5.80 
1955 11	  16.70   22.65   12.04    7.16 
1955 12	  34.00   19.43    7.76    6.06 
1956 1	  79.05   18.87    6.08    5.85 
1956 2	  23.72   20.28   10.18    6.88 
1956 3	  29.65   22.31   11.77    5.69 
1956 4	  52.75   26.32   16.12    6.41 
1956 5	  29.93   30.62   20.69    5.35 
1956 6	  75.00   33.41   23.10    4.51 
1956 7	  43.65   34.71   23.69    4.65 
1956 8	  45.30   34.81   23.76    4.00 
1956 9	   4.15   34.03   21.58    5.02 
1956 10	  33.95   31.19   18.57    4.56 
1956 11	  42.02   22.94    9.28    6.42 
1956 12	  89.18   21.87    9.30    5.73 
1957 1	  12.65   18.90    9.06    6.01 
1957 2	  72.97   22.59   14.02    4.68 
1957 3	 117.18   22.27   12.17    5.49 
1957 4	 217.77   24.95   16.11    6.86 
1957 5	 138.40   29.00   21.12    6.50 
1957 6	 167.10   31.94   23.50    5.35 
1957 7	   9.40   34.95   24.39    3.56 
1957 8	  40.50   35.29   23.72    4.46 
1957 9	 205.73   31.89   20.59    4.63 
1957 10	 111.95   26.11   15.60    6.00 
1957 11	 103.50   21.97   11.38    7.07 
1957 12	   7.58   21.09    8.95    6.71 
1958 1	 153.05   16.77    5.74    7.24 
1958 2	  99.75   17.02    6.87    6.45 
1958 3	  45.05   19.95    9.95    6.31 
1958 4	  26.88   26.70   16.58    5.37 
1958 5	  17.30   30.55   20.26    3.98 
1958 6	  71.67   33.76   24.55    5.15 
1958 7	  35.12   34.41   25.33    4.67 
1958 8	  55.30   35.29   24.72    3.36 
1958 9	 328.40   31.04   23.33    4.72 
1958 10	 105.75   26.04   17.71    6.11 
1958 11	  41.60   23.12   13.69    5.39 
1958 12	 109.50   17.42    6.95    5.98 
1959 1	  13.38   16.08    5.38    6.73 
1959 2	 165.90   17.68    9.43    6.07 
1959 3	  18.73   21.89   10.87    6.44 
1959 4	  78.55   23.55   14.83    5.87 
1959 5	  43.50   29.89   21.32    5.33 
1959 6	 121.55   32.75   23.92    4.55 
1959 7	  28.67   33.57   24.07    3.16 
1959 8	 307.28   33.19   24.05    3.59 
1959 9	 107.65   31.45   22.52    4.92 
1959 10	 296.45   27.92   17.81    5.10 
1959 11	  31.80   20.90    7.82    6.81 
1959 12	  69.82   19.43    8.52    6.22 
1960 1	  38.83   17.00    6.86    6.20 
1960 2	  85.20   17.22    5.69    6.76 
1960 3	  54.70   19.06    9.16    5.87 
1960 4	  44.55   26.10   17.48    6.06 
1960 5	  63.12   27.61   18.87    5.78 
1960 6	 660.97   32.42   23.35    4.30 
1960 7	  42.23   33.62   24.70    3.13 
1960 8	 187.45   32.39   24.59    4.49 
1960 9	  39.45   31.38   20.87    4.35 
1960 10	 272.20   28.48   19.05    4.99 
1960 11	 121.70   23.79   13.61    5.83 
1960 12	 249.23   16.41    6.99    6.12 
1961 1	  75.53   14.74    4.98    6.32 
1961 2	 103.88   19.57    8.92    5.61 
1961 3	   9.75   23.76   13.71    6.60 
1961 4	  89.97   25.53   15.06    5.90 
1961 5	  31.95   29.50   20.51    6.07 
1961 6	 171.68   31.29   22.96    4.89 
1961 7	 183.55   32.29   23.97    4.54 
1961 8	 134.62   32.68   22.49    3.07 
1961 9	 203.28   30.53   22.18    6.56 
1961 10	   9.78   28.10   16.56    6.07 
1961 11	 130.55   21.54   11.12    6.57 
1961 12	  24.83   19.82    8.26    5.70 
1962 1	  22.12   16.24    2.71    7.02 
1962 2	   7.33   23.85   12.79    6.13 
1962 3	  10.27   22.02    9.69    6.31 
1962 4	 151.57   25.78   16.41    6.58 
1962 5	  39.60   29.51   20.69    6.30 
1962 6	 146.95   31.89   23.14    4.19 
1962 7	  10.75   34.46   24.78    3.13 
1962 8	  19.45   35.96   24.82    3.00 
1962 9	  90.73   32.95   23.23    4.18 
1962 10	 103.98   30.31   19.72    5.47 
1962 11	  35.42   22.77   11.00    6.52 
1962 12	  88.57   17.92    8.30    5.54 
1963 1	  10.70   14.64    3.73    6.66 
1963 2	  44.90   18.85    5.87    6.73 
1963 3	   6.62   24.77   13.79    6.07 
1963 4	  11.52   28.68   19.90    6.54 
1963 5	  14.82   30.52   21.20    5.15 
1963 6	 154.25   32.74   23.83    4.77 
1963 7	  28.88   33.33   25.20    4.63 
1963 8	  35.43   34.58   24.34    3.29 
1963 9	  47.45   32.69   22.36    4.40 
1963 10	  10.00   29.83   19.08    5.57 
1963 11	 164.33   24.45   14.19    6.55 
1963 12	  62.47   15.44    4.24    7.07 
1964 1	  91.53   17.60    6.57    5.98 
1964 2	  61.75   16.69    6.03    5.73 
1964 3	  65.25   21.63   11.17    6.38 
1964 4	   3.90   26.31   18.28    6.70 
1964 5	  52.75   30.10   21.73    5.32 
1964 6	 161.98   32.34   23.07    4.88 
1964 7	  36.05   33.69   24.71    4.24 
1964 8	 126.38   34.11   25.13    4.11 
1964 9	 182.75   31.70   22.34    4.51 
1964 10	  22.67   27.07   14.59    6.43 
1964 11	  48.67   24.57   14.47    6.40 
1964 12	  79.98   19.31    7.77    6.94 
1965 1	  53.47   20.00    8.72    6.12 
1965 2	  89.28   18.22    7.19    7.24 
1965 3	  35.80   20.66    9.28    7.29 
1965 4	  11.70   26.76   18.05    6.39 
1965 5	  68.05   29.16   21.62    6.82 
1965 6	  89.40   32.60   23.94    4.93 
1965 7	  12.23   34.69   24.49    3.14 
1965 8	  56.08   33.87   24.01    3.40 
1965 9	  59.80   33.22   22.80    5.33 
1965 10	  67.60   27.24   15.71    5.64 
1965 11	  56.27   25.66   16.88    4.94 
1965 12	 140.05   20.21   11.03    6.56 
1966 1	 105.33   14.76    5.27    7.08 
1966 2	  75.03   16.38    6.77    6.28 
1966 3	  15.22   22.00   12.21    5.90 
1966 4	 111.90   25.94   17.52    6.26 
1966 5	 175.88   27.85   20.44    4.69 
1966 6	 126.25   31.71   22.35    4.37 
1966 7	  96.72   33.19   24.45    3.43 
1966 8	  61.68   33.09   24.28    4.15 
1966 9	  84.33   31.58   21.41    3.04 
1966 10	  41.75   27.66   16.02    5.91 
1966 11	  13.40   24.72   13.35    6.37 
1966 12	  45.22   19.34    7.56    6.40 
1967 1	  64.62   17.43    6.98    6.44 
1967 2	  35.83   18.95    7.38    6.69 
1967 3	  14.70   24.63   14.56    5.77 
1967 4	  12.45   28.87   20.74    7.15 
1967 5	 113.28   29.66   20.15    6.99 
1967 6	   0.03   33.25   23.75    5.55 
1967 7	 107.30   33.74   24.09    4.70 
1967 8	 168.25   31.73   22.95    4.03 
1967 9	 438.35   29.77   21.23    5.88 
1967 10	 183.97   27.22   16.32    5.79 
1967 11	  34.97   23.57   13.90    5.60 
1967 12	  19.77   18.17    8.34    6.26 
1968 1	  92.30   15.34    7.06    6.53 
1968 2	  70.72   15.98    6.12    5.79 
1968 3	  46.15   19.85   10.79    6.79 
1968 4	  30.23   25.53   17.51    6.91 
1968 5	 244.45   29.08   21.17    5.99 
1968 6	 423.42   30.75   23.43    4.87 
1968 7	  74.82   32.17   24.31    4.49 
1968 8	  29.10   33.78   24.41    4.40 
1968 9	 120.25   30.67   20.84    5.23 
1968 10	  53.62   28.42   18.63    5.71 
1968 11	  64.78   22.25   10.86    7.00 
1968 12	  41.12   19.08    8.05    7.10 
1969 1	  18.67   17.52    9.05    6.45 
1969 2	 134.00   18.51   10.45    6.67 
1969 3	  60.58   18.90    9.79    6.72 
1969 4	 107.65   25.94   17.43    5.93 
1969 5	  79.18   28.37   19.59    5.55 
1969 6	  48.35   31.96   24.07    5.64 
1969 7	  65.50   35.31   26.01    4.53 
1969 8	 105.30   34.31   25.25    4.16 
1969 9	 147.38   31.90   23.18    5.09 
1969 10	 141.73   27.52   18.84    7.69 
1969 11	  83.53   21.92   12.50    6.77 
1969 12	  98.60   20.13   11.16    5.55 
1970 1	  56.10   14.23    5.84    6.89 
1970 2	  49.27   18.97    9.59    6.73 
1970 3	 107.85   20.54   10.93    6.16 
1970 4	 121.50   26.19   17.40    6.74 
1970 5	 198.63   27.70   18.85    6.53 
1970 6	 105.65   30.87   23.45    4.87 
1970 7	 106.60   32.55   24.81    4.06 
1970 8	  38.40   33.73   25.08    4.14 
1970 9	 271.53   30.49   23.23    6.43 
1970 10	 125.07   26.57   15.87    6.69 
1970 11	   7.32   22.74   10.30    6.68 
1970 12	  22.07   21.84   12.58    6.04 
1971 1	   4.52   20.31   10.61    6.68 
1971 2	  41.45   21.58   10.01    7.14 
1971 3	   6.22   24.75   12.02    6.58 
1971 4	  38.72   25.93   16.39    6.40 
1971 5	  23.15   29.19   21.40    6.30 
1971 6	  85.10   32.76   24.48    5.54 
1971 7	  20.67   34.43   25.24    4.54 
1971 8	 200.58   32.91   23.89    3.82 
1971 9	 345.58   30.75   22.28    4.89 
1971 10	 160.93   28.71   18.52    5.57 
1971 11	  43.08   24.92   13.51    6.37 
1971 12	 127.48   21.68   12.53    5.82 
1972 1	  96.65   20.71    9.39    6.61 
1972 2	  29.65   20.81    9.61    6.35 
1972 3	  22.22   25.97   14.37    6.04 
1972 4	  64.00   28.61   18.33    6.57 
1972 5	 241.90   29.36   18.88    4.51 
1972 6	  73.60   32.21   22.35    5.78 
1972 7	 152.55   32.86   23.74    5.28 
1972 8	 102.15   33.52   24.51    4.70 
1972 9	 155.92   33.12   24.08    4.38 
1972 10	 246.40   28.94   18.29    6.26 
1972 11	  85.07   20.48   10.07    7.00 
1972 12	   8.22   18.58    5.47    6.67 
1973 1	  74.15   15.91    4.90    6.83 
1973 2	  75.95   18.05    6.59    6.82 
1973 3	  20.72   24.92   14.66    5.98 
1973 4	 174.92   23.63   15.02    7.27 
1973 5	  25.92   29.22   19.87    6.25 
1973 6	 233.07   30.88   23.20    5.62 
1973 7	  17.12   34.04   25.07    4.26 
1973 8	 142.62   32.69   23.56    4.34 
1973 9	 323.45   31.69   22.47    4.54 
1973 10	 170.60   29.23   18.56    6.03 
1973 11	  13.38   27.20   16.37    6.88 
1973 12	  20.35   21.27    8.42    7.09 
1974 1	 102.25   18.01    7.86    5.25 
1974 2	  14.55   21.53    9.40    6.73 
1974 3	  67.52   24.45   15.74    6.35 
1974 4	 126.20   26.06   16.70    7.39 
1974 5	 272.55   29.54   21.45    5.62 
1974 6	 101.72   28.88   21.83    5.63 
1974 7	  16.62   32.59   23.37    3.62 
1974 8	 155.75   32.11   23.56    4.11 
1974 9	 131.80   29.34   17.95    6.62 
1974 10	  34.90   27.79   16.70    7.05 
1974 11	 211.63   21.69   10.83    6.21 
1974 12	  97.12   18.89    7.69    5.79 
1975 1	  37.22   18.22    8.42    5.95 
1975 2	  22.98   20.58    8.89    5.55 
1975 3	   6.48   24.08   12.68    6.23 
1975 4	  35.90   25.68   16.63    7.03 
1975 5	 162.95   29.23   21.16    5.62 
1975 6	 119.65   31.40   23.54    5.53 
1975 7	  44.88   33.08   24.16    3.95 
1975 8	 122.82   32.32   23.69    4.42 
1975 9	 107.60   30.20   19.81    5.00 
1975 10	  56.00   28.34   16.66    6.12 
1975 11	  32.62   23.90   12.04    6.49 
1975 12	  90.13   18.63    7.65    6.47 
1976 1	  29.95   19.43    5.92    6.81 
1976 2	   3.67   22.99   12.01    6.38 
1976 3	  25.18   23.65   14.13    7.07 
1976 4	 141.73   25.67   17.13    6.56 
1976 5	  91.00   27.89   18.26    5.01 
1976 6	  73.45   31.89   22.60    5.36 
1976 7	 307.65   31.50   23.50    4.71 
1976 8	  37.78   33.73   23.36    3.39 
1976 9	 104.03   31.19   21.57    4.11 
1976 10	 119.85   24.14   12.76    6.17 
1976 11	 105.97   18.48    8.38    7.42 
1976 12	 144.00   16.61    6.99    6.60 
1977 1	  61.83   13.37    3.39    6.28 
1977 2	  36.15   19.28    8.43    6.48 
1977 3	  27.75   23.47   13.65    6.26 
1977 4	 155.70   26.16   16.49    5.70 
1977 5	  89.22   28.67   21.09    5.17 
1977 6	 191.20   32.38   23.12    5.00 
1977 7	  34.10   32.85   24.90    4.10 
1977 8	  83.17   34.02   25.01    4.28 
1977 9	 142.53   33.28   23.87    4.60 
1977 10	 121.47   29.10   18.03    5.09 
1977 11	 192.75   24.75   13.45    5.91 
1977 12	  16.67   21.40    8.75    6.72 
1978 1	  75.88   12.98    3.94    7.40 
1978 2	  83.02   14.43    4.57    6.46 
1978 3	   8.45   22.87   10.65    5.62 
1978 4	  49.78   25.31   16.02    5.97 
1978 5	  12.57   30.44   21.57    5.38 
1978 6	 128.85   32.95   23.90    4.43 
1978 7	  75.83   34.08   25.43    3.93 
1978 8	  28.68   33.99   25.43    4.52 
1978 9	 270.40   31.34   22.07    5.72 
1978 10	  55.72   28.42   16.43    5.76 
1978 11	  92.07   24.29   14.43    6.01 
1978 12	  80.25   19.47    7.95    6.92 
1979 1	 163.13   13.60    3.93    7.44 
1979 2	  83.87   17.54    6.85    6.22 
1979 3	  56.42   23.79   12.93    6.54 
1979 4	  95.95   26.50   17.44    5.40 
1979 5	 136.92   28.17   18.77    5.90 
1979 6	  55.75   31.84   23.14    4.97 
1979 7	 252.95   33.05   24.11    4.85 
1979 8	 101.25   32.75   24.02    3.93 
1979 9	 403.05   29.97   20.63    6.24 
1979 10	  33.45   29.43   17.72    5.21 
1979 11	  18.17   22.66    9.70    7.68 
1979 12	  69.10   19.18    7.83    6.54 
1980 1	  99.23   19.81   10.96    5.71 
1980 2	  33.30   18.78    7.44    6.40 
1980 3	  76.70   23.09   11.61    6.11 
1980 4	  13.45   26.42   13.63    5.96 
1980 5	 153.62   29.68   20.06    5.05 
1980 6	   0.25   33.79   24.73    5.29 
1980 7	  36.80   35.35   25.18    3.05 
1980 8	 111.83   33.44   24.44    5.48 
1980 9	 164.58   33.38   23.69    4.46 
1980 10	  33.42   27.26   16.08    6.31 
1980 11	  39.90   21.22    9.94    6.23 
1980 12	  15.38   19.82    8.68    5.72 
1981 1	  83.60   17.81    7.36    5.79 
1981 2	  35.60   19.10    8.18    6.15 
1981 3	  30.02   22.47   11.42    5.98 
1981 4	  53.65   27.07   18.93    5.98 
1981 5	 353.92   29.00   19.62    5.52 
1981 6	 237.60   31.93   22.88    5.66 
1981 7	  96.22   33.45   25.61    4.42 
1981 8	 126.57   34.01   24.76    3.76 
1981 9	  34.15   31.44   21.53    5.02 
1981 10	 251.83   27.54   18.58    5.89 
1981 11	  18.85   24.18   13.85    5.95 
1981 12	  88.88   20.82    8.79    6.38 
1982 1	  10.10   18.48    6.50    7.16 
1982 2	 218.68   19.45    8.83    6.40 
1982 3	  10.85   23.09   13.85    6.56 
1982 4	  51.23   26.52   16.49    6.37 
1982 5	 181.13   28.48   20.56    6.10 
1982 6	  35.83   33.31   23.82    4.59 
1982 7	  24.72   34.74   24.97    4.15 
1982 8	  54.40   34.72   24.91    3.83 
1982 9	  70.63   33.58   21.91    5.20 
1982 10	  79.92   27.91   17.42    6.14 
1982 11	 208.45   22.55   12.90    6.01 
1982 12	  33.63   20.59    8.88    6.77 
1983 1	  69.85   18.12    6.65    5.52 
1983 2	 123.45   19.83    8.21    6.56 
1983 3	  93.05   22.66   11.56    5.61 
1983 4	   3.00   25.44   13.96    6.81 
1983 5	  28.00   28.32   19.50    6.08 
1983 6	  88.95   31.91   22.60    4.58 
1983 7	 323.55   32.59   24.52    4.81 
1983 8	  66.88   33.67   24.83    3.23 
1983 9	 138.25   30.25   21.61    5.63 
1983 10	  88.75   27.97   18.46    5.21 
1983 11	 126.85   24.94   14.38    6.37 
1983 12	  17.07   14.71    4.22    7.38 
1984 1	 113.15   14.27    5.23    6.45 
1984 2	  24.50   19.77    8.54    6.47 
1984 3	  70.67   23.08   12.88    5.95 
1984 4	   0.00   27.24   15.84    6.38 
1984 5	 103.63   29.57   20.31    6.82 
1984 6	  20.08   31.92   23.69    5.50 
1984 7	  54.00   34.04   23.89    4.08 
1984 8	  85.85   33.36   24.23    4.11 
1984 9	  94.40   29.92   21.35    6.70 
1984 10	 248.62   28.02   20.53    6.17 
1984 11	  79.62   23.40   13.21    6.75 
1984 12	  53.90   22.96   13.52    6.63 
1985 1	  99.50   14.56    3.71    6.13 
1985 2	  65.00   16.11    6.55    6.64 
1985 3	 201.18   22.73   15.54    6.44 
1985 4	 133.58   25.57   17.93    6.59 
1985 5	  26.95   30.14   21.34    4.56 
1985 6	  73.25   31.87   23.56    5.41 
1985 7	  40.00   33.00   23.95    4.05 
1985 8	  18.40   34.97   24.99    3.54 
1985 9	 140.03   32.38   22.76    5.80 
1985 10	  85.00   28.43   19.60    7.38 
1985 11	  39.12   24.57   15.67    6.16 
1985 12	  59.38   17.53    7.06    6.44 
1986 1	  45.60   19.68    8.75    6.07 
1986 2	  15.75   21.67   11.05    6.19 
1986 3	  14.45   24.36   12.62    5.70 
1986 4	  16.20   26.95   18.80    6.00 
1986 5	 144.42   28.74   20.63    5.82 
1986 6	 171.95   31.41   23.82    4.15 
1986 7	   4.60   34.12   25.02    4.29 
1986 8	  42.52   34.34   24.45    3.67 
1986 9	 102.80   32.19   24.70    5.18 
1986 10	 320.03   26.73   17.95    5.99 
1986 11	 164.62   22.21   12.93    6.77 
1986 12	 100.85   16.03    8.14    6.78 
1987 1	  64.22   17.04    8.01    5.91 
1987 2	 124.95   19.79   10.45    6.18 
1987 3	  19.22   22.02   10.66    5.80 
1987 4	   0.40   26.94   13.09    4.49 
1987 5	 124.50   28.66   21.29    5.07 
1987 6	 212.85   30.89   23.05    4.92 
1987 7	 120.70   32.13   24.38    4.51 
1987 8	  57.00   34.41   24.91    4.26 
1987 9	 104.12   31.65   21.72    4.85 
1987 10	  14.65   27.33   16.80    6.12 
1987 11	 102.72   22.74   12.34    6.94 
1987 12	  33.60   19.96   10.22    6.46 
1988 1	  19.00   16.60    4.71    7.17 
1988 2	  13.60   18.10    8.52    6.66 
1988 3	  51.03   22.37   11.89    6.60 
1988 4	  49.10   26.73   15.90    5.08 
1988 5	  59.12   29.10   20.07    5.11 
1988 6	  43.55   31.86   22.79    4.69 
1988 7	  66.50   33.62   25.51    4.17 
1988 8	  24.38   34.79   25.82    3.81 
1988 9	  53.65   32.90   23.02    6.02 
1988 10	  39.17   29.51   18.90    5.30 
1988 11	   3.72   26.08   15.21    7.07 
1988 12	  57.85   20.56   10.31    6.59 
1989 1	 116.00   20.69   11.49    5.77 
1989 2	   5.35   17.32    8.25    7.89 
1989 3	  16.27   22.56   11.73    6.56 
1989 4	  28.80   26.55   17.45    5.74 
1989 5	  39.95   31.06   23.44    6.06 
1989 6	 144.25   32.17   23.65    5.93 
1989 7	  98.92   33.12   24.95    4.27 
1989 8	  96.18   32.88   24.58    4.20 
1989 9	  42.12   31.86   20.18    5.84 
1989 10	  96.60   28.52   16.90    5.87 
1989 11	  62.95   23.72   14.55    6.39 
1989 12	  18.90   14.03    2.95    7.49 
1990 1	  47.17   20.54   10.64    6.01 
1990 2	 101.23   21.70   11.07    6.59 
1990 3	  88.55   22.97   12.05    6.69 
1990 4	  61.03   25.81   16.79    6.63 
1990 5	  65.88   28.46   22.21    6.28 
1990 6	  16.35   33.07   25.66    5.09 
1990 7	 239.98   32.95   24.02    4.13 
1990 8	  24.85   33.57   25.15    3.56 
1990 9	  98.47   30.54   21.98    4.05 
1990 10	  37.82   27.40   15.42    5.93 
1990 11	  51.25   24.34   14.29    6.63 
1990 12	  37.95   19.17    8.31    6.34 
1991 1	 227.72   15.80    7.28    6.22 
1991 2	  71.15   19.63   10.47    6.16 
1991 3	  85.65   24.27   14.40    6.97 
1991 4	 176.45   27.02   19.81    6.03 
1991 5	 154.30   29.36   22.09    5.64 
1991 6	 137.22   31.44   24.25    4.87 
1991 7	  49.70   32.91   25.45    3.85 
1991 8	  77.00   33.13   25.25    3.58 
1991 9	 125.60   30.13   21.48    5.13 
1991 10	  84.97   28.57   18.48    5.53 
1991 11	  54.20   20.49   10.81    7.66 
1991 12	 216.20   18.93   11.72    6.90 
1992 1	 128.43   16.09    8.38    6.41 
1992 2	 173.60   21.05   11.62    6.01 
1992 3	  88.65   23.73   14.58    5.90 
1992 4	 118.68   26.20   17.18    5.06 
1992 5	 205.85   27.66   20.22    5.21 
1992 6	  78.30   32.99   24.44    3.85 
1992 7	 134.07   33.20   25.71    5.32 
1992 8	  56.62   32.76   23.39    3.07 
1992 9	  52.45   31.97   23.20    5.14 
1992 10	  84.62   28.67   18.31    5.74 
1992 11	 191.75   21.03   11.20    6.99 
1992 12	  58.12   19.95   10.99    5.27 
1993 1	  64.48   18.38    8.04    5.60 
1993 2	 106.20   19.91   10.17    6.43 
1993 3	 129.05   22.80   12.90    5.01 
1993 4	  76.60   25.38   15.77    6.41 
1993 5	 203.27   28.65   19.42    5.18 
1993 6	 241.00   30.41   24.23    6.27 
1993 7	   5.18   32.69   26.25    4.98 
1993 8	   7.75   33.87   26.22    3.78 
1993 9	  30.57   32.69   22.97    4.91 
1993 10	  61.10   28.63   17.86    6.44 
1993 11	  53.60   21.11   10.29    6.60 
1993 12	  95.03   19.68   10.19    6.16 
1994 1	  52.77   19.22    8.51    7.25 
1994 2	  23.97   19.11    8.27    6.84 
1994 3	  84.53   21.76   13.24    5.67 
1994 4	  86.50   25.71   16.90    5.81 
1994 5	  90.93   29.65   20.22    5.21 
1994 6	 116.88   32.50   24.49    4.72 
1994 7	  32.20   34.53   25.89    4.84 
1994 8	 146.77   33.03   24.32    4.07 
1994 9	  60.90   32.17   21.41    4.21 
1994 10	 172.65   28.04   18.63    5.87 
1994 11	  31.73   25.89   15.15    6.39 
1994 12	 127.53   21.25   10.44    6.06 
1995 1	  59.15   19.71    8.87    6.89 
1995 2	  25.93   22.19   10.24    5.57 
1995 3	  86.62   22.28   13.25    5.97 
1995 4	 105.57   26.34   16.33    6.61 
1995 5	 121.55   30.13   21.31    6.16 
1995 6	  67.10   32.06   23.02    4.79 
1995 7	  33.40   33.36   25.64    3.86 
1995 8	 126.90   32.87   25.06    3.74 
1995 9	  51.95   33.58   22.84    4.63 
1995 10	  50.72   29.07   16.97    7.83 
1995 11	  54.22   23.51   11.83    6.23 
1995 12	 161.55   20.18   10.54    7.01 
1996 1	  12.90   19.54    6.53    7.15 
1996 2	  14.03   20.51    9.88    6.73 
1996 3	  11.07   20.62    9.57    6.70 
1996 4	  15.60   26.06   14.91    6.49 
1996 5	  10.57   30.62   23.60    6.14 
1996 6	 171.55   32.97   24.46    4.75 
1996 7	  23.25   34.00   26.14    4.47 
1996 8	 144.28   32.49   24.88    4.76 
1996 9	 109.17   30.88   22.88    4.35 
1996 10	  77.52   27.93   18.77    6.74 
1996 11	  40.75   23.54   14.07    6.94 
1996 12	  54.03   20.95   10.35    6.16 
1997 1	  79.88   16.60    7.48    6.56 
1997 2	  38.02   18.60   10.15    6.78 
1997 3	 338.25   22.94   14.93    5.17 
1997 4	 146.77   24.08   15.16    6.65 
1997 5	 191.80   27.80   20.45    4.84 
1997 6	  63.43   31.38   24.40    4.26 
1997 7	  43.15   33.46   25.85    3.03 
1997 8	  27.52   33.71   25.65    3.71 
1997 9	 182.62   31.96   23.28    4.13 
1997 10	 237.22   26.35   18.11    6.79 
1997 11	 103.33   20.23   11.09    6.07 
1997 12	  45.75   18.25    7.16    6.58 
1998 1	  54.95   20.90   10.81    5.77 
1998 2	  98.15   20.03   10.45    6.03 
1998 3	  53.65   21.71   12.67    7.13 
1998 4	  10.07   26.00   16.04    5.73 
1998 5	   0.03   30.19   22.60    4.85 
1998 6	  39.88   33.23   26.22    6.51 
1998 7	  27.50   34.00   26.27    4.54 
1998 8	 117.23   33.76   24.79    3.83 
1998 9	 268.77   32.46   24.06    5.63 
1998 10	 171.62   28.28   20.23    7.51 
1998 11	 241.60   23.52   15.90    6.22 
1998 12	  31.07   18.46    9.50    6.55 
1999 1	  36.82   19.92    9.16    7.24 
1999 2	  31.58   22.38   12.93    5.85 
1999 3	  69.80   22.55   14.37    6.15 
1999 4	  25.62   26.59   18.11    6.88 
1999 5	  75.82   29.08   20.87    5.29 
1999 6	 137.77   31.08   24.45    5.17 
1999 7	 147.82   31.72   24.56    4.10 
1999 8	  16.62   34.32   25.00    3.00 
1999 9	  48.12   32.27   20.95    5.08 
1999 10	  23.12   28.06   15.63    6.30 
1999 11	   9.10   25.75   12.27    5.81 
1999 12	  30.40   20.54    6.67    6.89 
2000 1	  46.33   20.87   10.32    6.55 
2000 2	  14.23   22.84   12.64    6.56 
2000 3	  59.27   24.91   16.26    5.46 
2000 4	  99.45   26.43   16.55    5.64 
2000 5	 172.07   29.48   22.07    6.06 
2000 6	 123.68   31.25   23.43    5.52 
2000 7	  20.10   33.77   24.93    3.22 
2000 8	  21.93   34.14   24.89    3.46 
2000 9	  19.53   33.59   21.49    5.31 
2000 10	  64.45   27.24   18.27    6.45 
2000 11	 173.68   20.68   10.41    6.31 
2000 12	  91.20   16.01    5.30    6.84 
2001 1	 109.25   15.95    6.18    5.92 
2001 2	   9.87   20.52   11.04    6.26 
2001 3	  53.15   20.40   10.03    5.54 
2001 4	   1.40   26.30   18.37    7.16 
2001 5	 121.38   29.59   21.39    5.54 
2001 6	  90.75   32.15   23.41    4.29 
2001 7	  36.38   33.31   25.21    3.57 
2001 8	 187.67   33.31   25.12    4.40 
2001 9	 154.65   30.30   21.85    5.78 
2001 10	 117.45   26.95   16.56    6.32 
2001 11	 147.07   23.84   13.53    6.04 
2001 12	  90.05   19.45    8.49    6.07 
2002 1	  47.70   18.95    6.96    6.39 
2002 2	  13.37   17.91    4.61    6.70 
2002 3	  13.12   21.98   10.08    6.76 
2002 4	  64.85   26.67   19.39    5.86 
2002 5	  42.73   29.43   20.51    6.58 
2002 6	 160.23   32.10   22.46    4.69 
2002 7	  90.15   32.11   24.98    4.60 
2002 8	  60.78   33.53   24.57    3.68 
2002 9	 223.02   31.22   21.51    5.58 
2002 10	 305.25   26.83   18.81    5.26 
2002 11	 148.37   21.05   10.69    6.41 
2002 12	  88.78   18.24    8.30    6.94 
2003 1	  65.70   15.76    5.59    5.94 
2003 2	  51.40   16.99    8.33    6.46 
2003 3	  28.60   21.43   12.16    4.38 
2003 4	   5.15   25.12   17.54    5.58 
2003 5	   3.10   30.42   22.46    5.66 
2003 6	 128.15   32.37   23.14    4.18 
2003 7	 155.32   31.17   24.21    4.70 
2003 8	  33.48   33.25   24.73    3.40 
2003 9	 234.15   30.20   21.43    5.01 
2003 10	  92.30   27.78   16.72    5.54 
2003 11	  47.08   24.47   14.24    6.93 
2003 12	  32.03   19.39    7.39    6.41 
2004 1	  87.65   18.10    9.62    6.52 
2004 2	  62.62   17.35    7.93    6.52 
2004 3	  26.58   24.00   15.68    5.91 
2004 4	 148.38   25.23   17.32    6.26 
2004 5	 343.30   27.95   20.97    6.28 
2004 6	 336.75   31.04   23.51    5.24 
2004 7	 109.05   32.66   24.71    3.79 
2004 8	  52.55   33.12   23.67    4.16 
2004 9	  89.10   31.57   21.64    3.82 
2004 10	 153.60   29.57   21.42    5.70 
2004 11	 237.60   23.26   13.88    6.18 
2004 12	  33.67   17.95    7.81    6.63 
2005 1	  49.45   18.59    9.54    5.82 
2005 2	  95.42   18.86   11.87    6.03 
2005 3	 141.13   22.66   13.26    4.96 
2005 4	  52.30   25.94   16.18    5.65 
2005 5	  92.85   28.38   20.01    4.85 
2005 6	  26.67   32.08   24.30    4.59 
2005 7	 130.57   33.60   24.83    4.35 
2005 8	  39.45   34.11   25.60    3.73 
2005 9	 104.05   33.75   24.72    5.01 
2005 10	 120.73   28.07   17.19    6.37 
2005 11	  77.08   24.70   14.10    6.77 
2005 12	  28.50   18.92    7.24    6.81 
2006 1	  45.03   21.16    9.73    6.10 
2006 2	  26.00   19.85    8.82    6.48 
2006 3	  27.88   24.28   15.51    6.82 
2006 4	  13.20   27.43   19.53    5.85 
2006 5	 178.95   30.12   21.39    5.72 
2006 6	 178.35   31.27   23.57    3.39 
2006 7	 195.62   31.44   25.09    3.93 
2006 8	  30.37   33.19   25.58    3.75 
2006 9	 145.37   31.31   22.24    4.32 
2006 10	 181.45   28.08   18.40    5.98 
2006 11	  17.33   24.30   13.99    5.94 
2006 12	  81.52   18.64    9.41    6.61 
2007 1	 236.30   14.86    6.52    6.50 
2007 2	   7.35   18.28    8.80    6.17 
2007 3	 134.68   23.13   15.67    6.08 
2007 4	 110.13   23.58   16.06    5.86 
2007 5	 120.78   28.34   21.12    5.38 
2007 6	 138.75   31.21   24.30    4.95 
2007 7	 399.85   30.66   23.80    4.91 
2007 8	 120.13   32.98   25.47    3.95 
2007 9	  96.95   31.12   22.82    3.94 
2007 10	  41.90   28.81   17.53    6.22 
2007 11	  48.75   23.43   13.45    5.58 
2007 12	  16.90   21.75    9.29    5.23 
2008 1	 107.70   17.43    6.77    7.07 
2008 2	  31.23   22.19   10.95    6.33 
2008 3	  55.28   23.48   12.19    7.21 
2008 4	  60.05   26.95   16.23    6.36 
2008 5	  10.38   29.94   21.96    6.10 
2008 6	  18.98   33.42   25.23    5.02 
2008 7	  91.10   33.08   24.18    4.72 
2008 8	 109.80   33.22   24.62    3.81 
2008 9	  52.08   32.04   20.62    5.85 
2008 10	  24.68   28.28   15.32    5.93 
2008 11	  84.23   24.11   12.79    6.12 
2008 12	  11.52   20.23    8.26    7.33 
2009 1	   2.15   20.32    6.97    5.99 
2009 2	  13.10   23.03   11.84    6.72 
2009 3	  48.20   23.29   13.05    6.46 
2009 4	  39.20   26.48   16.99    6.51 
2009 5	 136.75   30.30   21.57    5.58 
2009 6	   2.30   32.71   24.96    4.11 
2009 7	   5.93   34.63   26.54    3.80 
2009 8	  29.35   34.40   26.29    2.83 
2009 9	 100.67   31.56   22.39    3.59 
2009 10	 186.28   28.09   18.99    6.70 
2009 11	 145.80   23.17   12.76    6.65 
2009 12	 114.20   15.18    6.74    6.74 
2010 1	 108.08   16.70    6.55    6.87 
2010 2	 124.72   16.11    6.11    6.67 
2010 3	  45.33   21.04   12.06    5.81 
2010 4	  14.98   25.39   17.42    5.88 
2010 5	 112.30   30.21   22.16    5.01 
2010 6	  83.38   32.44   25.64    5.41 
2010 7	 261.52   32.34   24.33    5.30 
2010 8	  23.80   34.57   25.57    3.17 
2010 9	 304.25   30.67   19.37    5.84 
2010 10	   1.02   28.95   15.97    5.44 
2010 11	  70.55   23.56   12.31    6.74 
2010 12	  61.10   20.72    7.98    6.75 
