1949 1	 173.70   14.58    3.85    4.51 
1949 2	  78.37   17.96    6.16    4.11 
1949 3	 135.52   20.71    7.74    4.72 
1949 4	 106.32   23.90   11.86    4.38 
1949 5	  51.67   30.61   17.67    3.83 
1949 6	 134.53   32.99   20.99    2.87 
1949 7	 136.50   33.67   22.26    2.67 
1949 8	  78.07   32.94   19.74    2.52 
1949 9	 125.65   30.65   16.90    3.32 
1949 10	 377.48   24.68   14.39    4.03 
1949 11	  15.30   22.57    5.43    4.18 
1949 12	  98.93   16.74    4.20    5.43 
1950 1	 151.23   18.86    8.69    4.51 
1950 2	 206.20   18.53    6.94    3.87 
1950 3	  65.23   20.02    6.56    4.77 
1950 4	 112.80   23.05   10.29    4.52 
1950 5	 244.38   29.56   17.52    3.57 
1950 6	  92.62   31.26   20.17    2.90 
1950 7	 108.47   32.34   20.80    3.03 
1950 8	 100.62   33.08   20.25    2.08 
1950 9	  73.72   29.18   17.63    3.06 
1950 10	  83.07   27.54   12.63    3.75 
1950 11	  35.47   19.68    4.27    4.60 
1950 12	  72.78   14.89    0.65    4.25 
1951 1	 119.05   15.89    1.43    4.99 
1951 2	 112.72   16.70    3.23    4.65 
1951 3	 100.40   21.12    7.38    4.60 
1951 4	 108.35   24.03    9.90    4.46 
1951 5	  36.05   29.39   15.01    3.54 
1951 6	  97.33   32.51   20.54    3.45 
1951 7	  95.67   35.15   22.26    2.14 
1951 8	  10.20   38.09   23.91    2.11 
1951 9	 139.20   31.62   19.06    3.05 
1951 10	  33.15   26.94   13.19    3.81 
1951 11	  56.60   18.05    4.79    4.84 
1951 12	 146.60   17.57    4.52    5.49 
1952 1	  98.33   19.06    7.57    4.72 
1952 2	 103.98   18.48    6.20    5.01 
1952 3	  97.00   19.90    6.03    4.50 
1952 4	 128.35   23.28    9.33    4.01 
1952 5	 110.60   29.09   15.48    3.13 
1952 6	  15.55   34.48   20.83    2.66 
1952 7	 106.15   34.31   21.43    2.51 
1952 8	  63.22   35.34   21.39    3.08 
1952 9	  67.65   32.60   15.45    3.91 
1952 10	   0.00   25.63    4.36    3.83 
1952 11	 145.98   18.82    5.87    4.51 
1952 12	 157.75   14.63    2.67    4.01 
1953 1	  78.43   17.62    3.94    5.21 
1953 2	 116.73   16.38    3.33    4.50 
1953 3	 160.60   23.38   10.62    3.91 
1953 4	 217.07   24.32    9.87    4.29 
1953 5	 272.87   29.11   17.34    3.69 
1953 6	  31.65   35.34   21.24    2.72 
1953 7	  84.85   33.01   20.97    2.60 
1953 8	  30.88   33.39   20.40    2.08 
1953 9	  29.40   33.62   14.83    3.15 
1953 10	  39.85   28.59   11.78    3.24 
1953 11	  68.52   19.16    4.35    4.31 
1953 12	 146.28   13.87    1.36    4.69 
1954 1	  89.43   16.40    3.58    4.21 
1954 2	  34.53   21.40    5.25    4.75 
1954 3	  45.05   20.35    6.78    4.53 
1954 4	  99.58   27.05   14.14    3.41 
1954 5	 176.83   25.93   13.79    3.39 
1954 6	  12.20   33.58   19.86    2.70 
1954 7	  16.95   37.20   22.47    3.18 
1954 8	  62.78   37.84   21.09    2.88 
1954 9	  54.33   35.00   16.58    3.26 
1954 10	  64.10   27.20   13.03    3.93 
1954 11	  84.97   20.05    3.77    4.38 
1954 12	  93.50   17.46    2.45    4.48 
1955 1	  94.65   14.46    2.73    3.58 
1955 2	 105.20   16.23    3.46    4.70 
1955 3	  96.40   22.59    8.47    5.00 
1955 4	 122.72   26.79   13.54    4.02 
1955 5	 213.55   30.02   17.34    3.47 
1955 6	  72.90   31.49   17.46    2.77 
1955 7	 175.90   33.74   21.32    2.65 
1955 8	 102.33   32.35   20.88    2.31 
1955 9	  45.92   32.58   18.48    2.84 
1955 10	  72.05   27.19    9.71    3.71 
1955 11	  39.28   20.22    5.43    5.29 
1955 12	  30.23   15.85    3.39    4.90 
1956 1	  76.25   15.02    1.40    4.69 
1956 2	 122.60   18.71    5.92    4.49 
1956 3	 104.55   20.79    6.88    4.10 
1956 4	 202.75   24.06   10.42    4.42 
1956 5	  74.92   30.10   17.43    3.00 
1956 6	 110.20   31.87   19.49    2.93 
1956 7	  40.35   35.90   21.27    3.03 
1956 8	  38.20   35.99   20.40    2.50 
1956 9	   4.40   33.76   15.52    3.57 
1956 10	  41.15   28.70   11.39    3.06 
1956 11	  61.20   20.02    4.36    4.29 
1956 12	  69.00   19.38    5.49    3.97 
1957 1	 125.20   14.31    3.87    4.17 
1957 2	  86.68   19.46    8.44    3.79 
1957 3	 148.15   18.85    6.26    4.08 
1957 4	 254.07   24.74   12.22    4.78 
1957 5	 106.38   29.11   17.28    3.96 
1957 6	 185.77   31.27   20.29    3.46 
1957 7	  63.10   34.41   21.70    2.37 
1957 8	  19.92   34.35   20.67    3.16 
1957 9	  96.07   29.55   17.09    3.31 
1957 10	 224.18   23.45   10.19    4.68 
1957 11	 229.77   18.48    7.58    4.84 
1957 12	  78.70   18.09    4.30    4.42 
1958 1	 104.40   13.22    0.63    5.68 
1958 2	  62.27   12.29    1.38    5.65 
1958 3	  82.75   17.03    5.23    4.54 
1958 4	 118.95   23.74   11.44    4.26 
1958 5	  86.00   28.70   16.29    3.24 
1958 6	 180.95   32.62   20.60    2.91 
1958 7	  70.35   33.88   21.86    2.90 
1958 8	  91.97   33.93   20.78    2.32 
1958 9	 238.05   29.51   19.52    3.76 
1958 10	  19.58   23.62   12.45    4.63 
1958 11	 105.35   20.20    6.26    4.04 
1958 12	  17.62   13.15    0.81    4.45 
1959 1	  44.62   13.88    0.70    4.78 
1959 2	 105.73   16.10    4.84    4.79 
1959 3	  97.03   20.74    4.95    4.75 
1959 4	  96.15   23.16   10.58    4.17 
1959 5	 100.38   29.24   18.05    3.66 
1959 6	 110.25   30.77   20.01    3.15 
1959 7	 152.50   32.99   21.35    2.08 
1959 8	  39.95   33.44   21.07    2.53 
1959 9	  69.37   31.43   18.87    3.55 
1959 10	 172.25   25.68   12.58    3.86 
1959 11	  99.70   17.38    3.30    4.97 
1959 12	 156.10   16.10    3.91    4.91 
1960 1	 140.13   12.59    2.54    4.71 
1960 2	 130.32   12.69    0.73    5.16 
1960 3	  92.60   15.03    3.58    4.38 
1960 4	  51.72   26.02   12.56    4.19 
1960 5	  44.15   28.55   14.53    4.15 
1960 6	 174.32   32.79   19.64    3.03 
1960 7	 127.80   34.22   21.45    2.15 
1960 8	 130.77   32.86   21.48    2.72 
1960 9	 157.77   31.24   17.83    2.94 
1960 10	 112.45   25.79   13.80    3.17 
1960 11	 105.40   19.98    7.41    4.35 
1960 12	 249.15   12.16    1.97    4.90 
1961 1	 124.85   12.25   -0.28    4.91 
1961 2	  94.00   17.08    5.23    4.23 
1961 3	 243.22   22.11    9.52    4.80 
1961 4	  38.95   23.72    9.63    4.71 
1961 5	  50.90   28.19   15.16    4.00 
1961 6	 195.43   29.61   18.10    2.96 
1961 7	 110.52   31.60   20.64    2.21 
1961 8	  72.10   31.80   19.45    2.20 
1961 9	 150.33   29.87   18.03    4.74 
1961 10	  46.35   25.13   10.39    4.14 
1961 11	 144.75   17.40    6.21    5.14 
1961 12	 247.75   14.21    3.12    4.39 
1962 1	 112.13   11.96   -0.94    5.21 
1962 2	  92.80   20.41    7.09    4.95 
1962 3	  76.75   17.98    4.93    4.58 
1962 4	 181.45   23.60   10.97    4.31 
1962 5	  65.32   30.52   16.52    3.80 
1962 6	 131.25   31.41   19.55    2.28 
1962 7	  39.65   34.77   21.76    2.28 
1962 8	 111.25   35.96   21.42    2.45 
1962 9	 138.93   30.36   18.65    2.83 
1962 10	  40.60   26.21   14.36    3.66 
1962 11	  90.08   18.09    5.81    5.00 
1962 12	  73.37   14.38    3.01    4.26 
1963 1	  36.05   10.31   -1.99    5.14 
1963 2	  71.28   14.87    0.09    5.36 
1963 3	  22.62   23.62    8.50    4.40 
1963 4	 113.85   26.58   14.44    4.61 
1963 5	  60.98   29.66   16.65    3.21 
1963 6	 136.47   33.74   20.43    2.75 
1963 7	  72.68   34.58   21.90    2.85 
1963 8	  61.25   35.95   21.37    1.92 
1963 9	  79.60   31.62   18.21    3.37 
1963 10	   3.03   30.96   11.71    2.40 
1963 11	 134.10   21.31    6.74    5.01 
1963 12	  76.93   10.70   -1.73    5.54 
1964 1	  91.00   14.59    0.79    4.72 
1964 2	  75.25   13.79    1.17    4.70 
1964 3	 133.95   20.66    6.35    4.76 
1964 4	 129.35   26.01   13.70    4.91 
1964 5	  77.72   29.47   17.00    3.31 
1964 6	  28.08   32.95   19.84    2.87 
1964 7	  46.90   36.30   21.13    2.93 
1964 8	 135.97   34.67   22.08    2.51 
1964 9	 107.93   30.85   18.48    3.03 
1964 10	  11.88   25.57    8.51    4.55 
1964 11	  71.68   22.06    7.69    4.26 
1964 12	  82.90   15.57    3.36    5.16 
1965 1	  98.15   16.91    2.82    4.67 
1965 2	 182.22   15.72    2.57    5.62 
1965 3	 143.75   15.87    4.18    5.13 
1965 4	  17.43   27.46   13.99    4.34 
1965 5	 230.92   28.39   17.36    4.46 
1965 6	  53.10   31.56   19.47    3.05 
1965 7	  47.55   35.12   21.58    2.35 
1965 8	 100.53   34.40   20.28    2.16 
1965 9	 170.57   30.99   18.48    4.14 
1965 10	   9.27   25.30   10.20    4.11 
1965 11	  35.97   22.86   10.34    4.01 
1965 12	 204.72   16.54    3.63    4.52 
1966 1	 124.63   10.27    0.82    5.27 
1966 2	 117.32   14.11    2.02    4.80 
1966 3	  29.73   20.74    6.45    4.32 
1966 4	 272.92   25.26   12.21    4.68 
1966 5	  99.75   27.78   16.71    3.81 
1966 6	  22.27   32.26   18.48    2.86 
1966 7	  42.75   35.93   22.41    2.19 
1966 8	 133.05   32.57   20.45    2.38 
1966 9	  89.25   29.51   17.72    2.43 
1966 10	  37.88   24.92    9.22    4.17 
1966 11	  24.33   22.22    8.19    4.19 
1966 12	 116.88   13.76    2.54    4.60 
1967 1	  32.33   14.64    1.97    4.45 
1967 2	 126.78   15.21    1.07    4.44 
1967 3	  30.68   24.85    9.42    4.35 
1967 4	  61.43   27.69   15.66    4.54 
1967 5	 241.83   28.06   14.72    4.57 
1967 6	  17.47   32.70   20.50    3.18 
1967 7	 144.90   32.45   20.51    3.20 
1967 8	  55.47   33.57   19.87    2.37 
1967 9	  44.77   29.06   16.20    3.75 
1967 10	  29.28   27.48    9.64    3.92 
1967 11	  21.17   21.31    5.34    4.27 
1967 12	 133.88   15.33    3.26    4.49 
1968 1	 220.43   11.91    2.56    4.95 
1968 2	  79.45   12.65   -0.40    4.66 
1968 3	  65.50   19.54    6.35    4.37 
1968 4	 235.18   24.73   12.99    4.60 
1968 5	 210.98   28.00   16.38    3.80 
1968 6	 116.08   31.43   20.26    2.85 
1968 7	 102.50   32.51   20.58    2.36 
1968 8	  38.70   33.41   21.08    2.37 
1968 9	 286.18   29.31   15.76    3.20 
1968 10	  60.72   26.16   11.65    3.35 
1968 11	 161.62   18.67    5.44    4.79 
1968 12	 112.43   14.65    1.88    5.02 
1969 1	  48.48   15.51    4.57    5.09 
1969 2	 128.75   15.54    3.45    4.72 
1969 3	 162.55   16.53    3.82    4.77 
1969 4	 175.27   24.82   12.12    3.94 
1969 5	 176.58   28.78   15.53    2.91 
1969 6	  21.62   33.01   19.84    3.38 
1969 7	  67.75   36.62   22.89    2.63 
1969 8	  12.25   35.59   21.05    2.63 
1969 9	  37.88   32.12   17.51    3.20 
1969 10	 105.15   26.87   12.75    4.95 
1969 11	 136.65   20.43    4.78    4.27 
1969 12	 108.10   15.59    2.97    4.28 
1970 1	  55.88   11.33   -0.46    4.88 
1970 2	 118.20   16.96    2.30    4.49 
1970 3	  95.18   18.83    6.21    4.63 
1970 4	 114.70   26.05   13.35    4.47 
1970 5	  95.62   29.20   14.92    3.94 
1970 6	  49.62   32.01   19.27    2.81 
1970 7	  93.30   33.62   20.38    2.37 
1970 8	  81.78   34.74   21.67    2.60 
1970 9	  92.00   32.46   20.16    3.75 
1970 10	 172.82   24.36   11.18    4.07 
1970 11	  60.98   19.29    4.31    4.70 
1970 12	  50.50   18.94    5.81    4.02 
1971 1	  16.15   17.57    3.63    4.85 
1971 2	  86.50   18.02    2.82    5.39 
1971 3	  39.83   20.78    4.96    4.61 
1971 4	   9.57   25.81    9.95    4.11 
1971 5	 156.95   28.04   14.48    3.53 
1971 6	  82.40   33.94   19.99    2.90 
1971 7	 122.43   34.43   21.13    2.75 
1971 8	  96.62   32.40   19.76    2.11 
1971 9	  44.48   31.15   18.79    3.51 
1971 10	  51.52   28.17   14.10    2.86 
1971 11	 103.25   21.24    5.40    4.51 
1971 12	 152.95   18.40    7.37    4.35 
1972 1	 163.03   16.41    3.66    4.99 
1972 2	  45.15   18.37    3.53    4.75 
1972 3	  95.00   23.19    7.80    4.35 
1972 4	  52.20   26.35   12.06    4.69 
1972 5	  67.00   29.21   14.44    2.60 
1972 6	 114.85   33.10   18.94    3.81 
1972 7	 197.18   32.90   19.19    3.34 
1972 8	  49.67   34.17   20.28    2.36 
1972 9	 101.30   32.85   20.09    2.60 
1972 10	 159.15   25.43   12.39    3.92 
1972 11	 127.02   15.55    4.77    5.09 
1972 12	 122.58   13.59    1.62    4.63 
1973 1	 176.40   12.43    0.62    5.36 
1973 2	  33.15   15.47    2.87    4.71 
1973 3	 160.90   21.99    9.10    4.91 
1973 4	 165.25   22.31    9.96    4.86 
1973 5	  71.12   28.51   14.52    4.41 
1973 6	 137.38   31.27   19.17    3.13 
1973 7	 221.87   33.25   21.34    2.43 
1973 8	  55.65   32.53   19.16    2.47 
1973 9	 195.75   30.07   19.04    3.62 
1973 10	 131.85   26.69   13.53    3.60 
1973 11	  79.05   23.28    9.86    4.68 
1973 12	 159.38   16.34    0.89    5.20 
1974 1	 281.80   14.06    4.10    3.79 
1974 2	  98.57   18.74    3.10    5.18 
1974 3	  62.08   23.92   10.76    4.83 
1974 4	 104.55   25.88   10.20    5.28 
1974 5	 142.95   29.41   17.67    4.16 
1974 6	  40.50   30.92   17.81    3.29 
1974 7	  61.20   34.73   20.36    2.02 
1974 8	 141.25   33.55   19.72    2.39 
1974 9	 217.23   26.57   16.10    4.35 
1974 10	 162.35   25.94   10.75    4.69 
1974 11	 131.77   18.96    6.62    4.73 
1974 12	 112.20   15.02    2.94    4.24 
1975 1	 131.25   16.87    4.44    4.54 
1975 2	 107.70   17.01    3.27    3.89 
1975 3	 124.87   19.57    6.78    5.11 
1975 4	 124.98   24.75   11.51    5.17 
1975 5	 185.08   28.26   17.22    3.49 
1975 6	 142.47   31.64   19.50    3.34 
1975 7	  97.35   32.84   20.79    2.52 
1975 8	  35.78   33.74   20.50    2.20 
1975 9	  62.08   29.86   14.93    3.32 
1975 10	  74.80   27.51   10.93    3.70 
1975 11	 108.13   20.87    6.14    4.34 
1975 12	  54.85   15.62    2.82    4.37 
1976 1	  61.07   16.15    0.50    5.23 
1976 2	  64.57   22.09    6.80    4.19 
1976 3	 172.63   21.62    9.32    5.03 
1976 4	  71.88   26.24   11.92    3.87 
1976 5	 144.85   26.87   13.43    3.68 
1976 6	 142.55   30.80   18.02    2.98 
1976 7	 147.40   32.13   20.46    1.74 
1976 8	  51.12   33.56   18.38    2.14 
1976 9	 103.75   30.16   16.51    2.62 
1976 10	  46.12   22.73    7.25    4.32 
1976 11	  66.03   16.27    2.03    4.79 
1976 12	 119.22   15.15    0.41    4.56 
1977 1	  90.52    9.74   -3.18    5.01 
1977 2	  79.40   18.54    2.05    5.31 
1977 3	 129.15   22.45    7.51    4.82 
1977 4	  80.85   25.82   11.24    4.18 
1977 5	  54.87   30.30   16.34    3.43 
1977 6	  92.15   33.13   19.85    3.12 
1977 7	 110.97   35.69   21.39    2.15 
1977 8	 167.35   33.32   21.07    3.11 
1977 9	  45.65   32.36   19.44    3.30 
1977 10	  22.75   27.54   10.87    3.81 
1977 11	  82.25   20.52    7.43    4.13 
1977 12	  53.78   16.14    2.05    5.46 
1978 1	 121.92    7.07   -2.68    6.08 
1978 2	  41.20   10.98   -2.20    5.47 
1978 3	  73.88   20.31    4.27    4.08 
1978 4	  32.88   26.67   11.55    4.21 
1978 5	 169.65   30.27   16.42    3.58 
1978 6	  36.00   33.92   19.44    2.44 
1978 7	  87.62   36.91   21.44    2.26 
1978 8	  85.47   35.79   20.85    2.57 
1978 9	  70.53   30.91   19.17    3.46 
1978 10	  60.33   26.90    9.51    3.40 
1978 11	 108.43   21.91    8.60    3.80 
1978 12	 142.52   15.46    1.82    5.11 
1979 1	 221.90    7.73   -1.41    5.79 
1979 2	 156.65   13.34    3.10    4.90 
1979 3	 180.88   21.82    7.90    4.78 
1979 4	 142.62   24.97   12.38    3.89 
1979 5	 186.70   28.06   15.11    3.67 
1979 6	  77.12   32.03   19.81    3.15 
1979 7	 165.68   33.22   21.84    3.27 
1979 8	  21.02   33.73   20.54    2.07 
1979 9	 128.55   30.25   16.63    4.50 
1979 10	  86.92   28.16   11.59    3.82 
1979 11	 135.40   19.21    4.00    4.89 
1979 12	 103.97   16.41    1.97    4.48 
1980 1	 107.17   14.01    3.99    4.08 
1980 2	  75.50   15.76    1.80    4.76 
1980 3	 139.55   19.58    5.92    4.85 
1980 4	 170.02   24.48    9.72    3.97 
1980 5	 161.95   29.15   16.92    3.19 
1980 6	  48.55   34.30   21.34    3.61 
1980 7	  30.20   37.76   22.32    1.97 
1980 8	   5.53   37.42   21.58    3.25 
1980 9	  33.92   35.01   20.27    2.85 
1980 10	  54.08   26.34    8.24    4.02 
1980 11	  69.97   19.23    4.68    4.50 
1980 12	  24.70   16.86    2.44    4.32 
1981 1	  51.12   13.98   -0.35    4.05 
1981 2	  78.70   16.98    2.76    4.03 
1981 3	 104.55   20.92    5.84    4.34 
1981 4	  74.22   28.04   14.32    3.60 
1981 5	 185.93   27.05   14.68    4.00 
1981 6	 242.73   32.41   21.31    3.45 
1981 7	  62.85   34.13   22.50    2.71 
1981 8	  45.82   34.15   20.71    2.31 
1981 9	  49.30   30.28   16.01    2.96 
1981 10	 170.32   24.63   12.06    3.72 
1981 11	  36.85   21.54    6.01    3.73 
1981 12	  24.35   15.23    1.47    4.72 
1982 1	 104.20   15.12    1.16    5.35 
1982 2	  78.20   13.57    1.93    4.65 
1982 3	  67.97   21.85   10.37    4.85 
1982 4	 177.52   23.33   10.96    4.66 
1982 5	  64.43   29.04   16.92    3.46 
1982 6	 102.05   32.14   19.45    2.50 
1982 7	  57.60   34.21   22.18    2.09 
1982 8	  31.62   35.02   22.30    1.93 
1982 9	  45.62   32.01   16.21    3.60 
1982 10	 150.15   24.87   11.32    4.46 
1982 11	 167.35   18.82    7.29    4.53 
1982 12	 277.77   16.60    5.22    5.52 
1983 1	  46.40   12.86    1.28    4.44 
1983 2	 202.45   14.96    3.56    5.37 
1983 3	 104.38   20.25    5.33    4.56 
1983 4	  44.02   22.13    8.65    5.23 
1983 5	 243.30   27.70   14.70    3.88 
1983 6	 146.60   30.60   19.51    3.06 
1983 7	  36.35   33.42   22.01    3.03 
1983 8	  72.52   34.76   22.15    2.21 
1983 9	  51.70   31.18   16.47    3.72 
1983 10	  21.45   26.75   11.07    3.64 
1983 11	 126.92   20.18    6.85    4.63 
1983 12	 225.35    8.66   -1.47    5.80 
1984 1	  51.73   11.37   -2.15    4.95 
1984 2	 152.68   17.66    2.12    4.72 
1984 3	 113.78   20.68    7.52    4.28 
1984 4	  53.45   25.45   10.96    4.98 
1984 5	 112.88   29.25   15.26    4.26 
1984 6	  45.25   32.64   19.71    2.85 
1984 7	  51.75   34.05   20.54    2.08 
1984 8	  64.88   34.47   20.62    2.49 
1984 9	 100.40   30.66   16.96    4.54 
1984 10	 263.95   26.09   15.01    3.98 
1984 11	 122.37   19.47    6.08    4.95 
1984 12	  68.40   20.38    8.56    4.73 
1985 1	  67.85   10.79   -2.03    4.60 
1985 2	 135.27   13.63    1.59    4.56 
1985 3	 120.27   22.63    9.15    4.59 
1985 4	 119.07   26.25   12.24    4.26 
1985 5	  53.10   29.16   15.47    3.33 
1985 6	  67.28   32.99   19.11    3.43 
1985 7	 100.63   34.09   21.08    2.44 
1985 8	  29.75   35.65   21.19    2.50 
1985 9	 105.77   31.72   16.86    4.02 
1985 10	 295.28   25.18   14.49    4.69 
1985 11	 126.52   21.21   10.51    4.25 
1985 12	  93.90   13.22   -0.92    4.33 
1986 1	  17.48   16.36    0.94    4.64 
1986 2	  78.68   18.61    5.14    4.73 
1986 3	  15.62   23.18    6.17    3.53 
1986 4	 104.30   25.26   12.42    3.93 
1986 5	 166.25   27.87   16.10    3.48 
1986 6	 348.80   31.50   20.80    2.35 
1986 7	  24.77   34.50   22.09    2.66 
1986 8	  54.95   33.33   19.64    2.67 
1986 9	  69.75   31.88   19.95    2.87 
1986 10	 197.15   24.40   11.81    3.74 
1986 11	 286.10   17.46    8.35    4.87 
1986 12	 117.62   12.51    2.27    4.58 
1987 1	  55.35   13.23    0.31    4.50 
1987 2	 235.30   15.88    4.98    4.72 
1987 3	  44.15   20.43    4.75    4.43 
1987 4	  11.55   26.06    7.57    3.48 
1987 5	 127.40   29.65   17.37    2.63 
1987 6	 142.07   31.67   19.41    3.56 
1987 7	  72.62   33.32   20.87    2.67 
1987 8	  55.07   35.04   22.39    2.66 
1987 9	  87.62   30.94   16.21    3.07 
1987 10	  97.55   25.18    8.09    4.01 
1987 11	 203.47   19.87    5.43    4.89 
1987 12	 211.58   15.58    3.55    4.55 
1988 1	  67.97   11.35   -1.24    5.10 
1988 2	  80.97   15.71    1.55    4.44 
1988 3	 135.90   20.13    5.61    4.47 
1988 4	  77.12   25.36    9.76    4.07 
1988 5	  17.65   29.12   13.30    3.47 
1988 6	  23.85   33.03   17.73    3.10 
1988 7	  90.18   34.24   21.21    3.03 
1988 8	 116.40   33.88   21.56    2.36 
1988 9	  37.58   31.48   17.60    3.76 
1988 10	 138.90   24.41   10.06    3.66 
1988 11	 146.02   21.42    6.63    5.10 
1988 12	 119.20   15.79    2.23    4.38 
1989 1	 209.95   15.88    4.65    4.32 
1989 2	 103.50   12.66    2.42    5.41 
1989 3	 113.40   19.69    6.72    5.01 
1989 4	  47.05   24.74   11.60    4.06 
1989 5	 218.58   28.33   17.16    4.02 
1989 6	 400.75   29.15   19.50    4.08 
1989 7	 123.50   31.90   21.29    3.08 
1989 8	  52.35   32.27   20.65    2.27 
1989 9	  55.03   28.64   16.67    3.68 
1989 10	  42.12   26.24   10.50    4.04 
1989 11	  73.30   20.84    7.06    4.64 
1989 12	  74.43   10.85   -2.84    5.26 
1990 1	 246.95   16.58    4.68    4.12 
1990 2	 215.85   19.53    6.26    5.20 
1990 3	 113.05   20.48    8.72    4.22 
1990 4	 113.53   24.50   11.28    4.22 
1990 5	 323.50   27.51   16.67    4.32 
1990 6	  61.05   33.07   21.58    2.85 
1990 7	  63.18   32.75   21.02    2.34 
1990 8	  60.95   34.26   20.79    2.29 
1990 9	  43.03   32.56   18.85    2.15 
1990 10	 103.15   25.61    9.51    3.82 
1990 11	 204.47   21.77    6.82    4.16 
1990 12	 129.38   15.03    2.07    4.65 
1991 1	 195.27   11.03    1.29    4.62 
1991 2	 188.45   17.07    3.65    4.61 
1991 3	  43.60   21.75    7.83    5.24 
1991 4	 415.62   25.14   13.78    4.19 
1991 5	 183.20   28.35   18.67    4.20 
1991 6	  93.65   31.86   20.71    3.10 
1991 7	  57.75   33.32   21.43    2.48 
1991 8	 178.82   32.16   21.10    1.84 
1991 9	 130.55   29.41   17.87    3.30 
1991 10	  89.75   27.21   12.04    3.82 
1991 11	  99.90   16.80    3.95    5.06 
1991 12	 166.50   15.06    5.21    4.77 
1992 1	 141.32   13.50    1.75    4.34 
1992 2	 165.52   18.43    4.95    4.35 
1992 3	 112.60   21.39    7.53    4.25 
1992 4	  85.03   24.28   11.02    3.50 
1992 5	 121.52   26.77   15.15    2.96 
1992 6	 175.72   30.93   19.53    2.93 
1992 7	  80.22   33.41   22.11    3.28 
1992 8	  86.45   31.31   18.86    2.35 
1992 9	  95.30   29.75   17.85    3.66 
1992 10	 101.85   26.59   10.56    3.72 
1992 11	 144.93   16.60    4.37    4.72 
1992 12	 168.62   14.20    4.18    3.94 
1993 1	 114.28   12.93    2.12    4.31 
1993 2	  93.83   15.56    2.73    4.73 
1993 3	 165.45   18.55    5.89    4.58 
1993 4	 138.43   21.72    9.59    4.78 
1993 5	  89.30   26.69   15.22    3.70 
1993 6	 188.78   31.12   21.24    3.99 
1993 7	  19.83   34.23   22.73    2.57 
1993 8	  47.15   35.47   22.18    2.28 
1993 9	  83.65   31.60   17.33    3.03 
1993 10	 142.97   23.50   11.52    4.08 
1993 11	 113.20   16.99    4.01    4.71 
1993 12	  75.25   15.09    2.56    4.62 
1994 1	 110.33   13.35    1.34    5.15 
1994 2	 197.68   16.41    3.10    4.12 
1994 3	  72.25   20.98    7.03    3.82 
1994 4	  87.08   25.78   11.89    3.90 
1994 5	 160.62   26.40   15.83    3.19 
1994 6	 110.60   32.49   21.57    3.52 
1994 7	 110.10   33.38   21.87    3.06 
1994 8	 157.68   32.65   20.80    2.23 
1994 9	  14.45   30.88   17.01    2.82 
1994 10	 307.53   24.82   13.24    4.33 
1994 11	  83.90   20.80    9.40    4.51 
1994 12	 197.75   15.46    4.67    4.06 
1995 1	 156.40   14.14    3.21    4.98 
1995 2	 105.15   17.76    4.13    4.48 
1995 3	 192.38   20.41    8.90    4.80 
1995 4	 262.00   23.89   11.01    4.41 
1995 5	  85.47   28.53   17.10    4.13 
1995 6	  46.95   32.21   19.05    3.01 
1995 7	  95.83   34.28   22.41    3.41 
1995 8	  43.43   36.02   23.12    2.32 
1995 9	  76.47   31.42   17.75    2.96 
1995 10	  73.23   26.74   10.49    4.85 
1995 11	  38.42   19.92    4.93    4.71 
1995 12	 167.95   14.60    3.58    5.02 
1996 1	  53.93   14.79    0.79    5.14 
1996 2	  13.62   17.63    3.98    5.13 
1996 3	  42.53   18.57    4.22    4.95 
1996 4	  99.05   24.63    9.74    4.62 
1996 5	  21.82   30.44   19.54    4.09 
1996 6	 165.50   31.38   20.05    2.60 
1996 7	 171.20   33.54   22.68    2.60 
1996 8	 148.73   31.81   21.44    2.49 
1996 9	 221.80   29.36   17.22    3.08 
1996 10	  72.60   25.03   11.89    4.75 
1996 11	 144.75   18.74    7.54    5.05 
1996 12	  74.93   16.66    4.74    4.60 
1997 1	 131.60   12.84    1.98    5.32 
1997 2	 226.75   15.50    5.29    5.02 
1997 3	 199.05   21.86    9.89    4.27 
1997 4	 236.80   21.50    9.34    5.03 
1997 5	 163.07   27.05   15.29    3.30 
1997 6	 123.83   30.91   19.81    2.83 
1997 7	  32.97   34.37   22.82    2.00 
1997 8	 193.73   32.67   21.33    2.42 
1997 9	  54.33   31.77   18.70    2.78 
1997 10	 225.55   25.31   12.44    4.78 
1997 11	  89.13   16.38    5.63    4.40 
1997 12	 169.65   13.25    1.77    4.69 
1998 1	 205.40   15.51    5.25    4.20 
1998 2	 200.80   16.57    4.56    4.42 
1998 3	 109.92   19.10    7.09    5.46 
1998 4	  44.82   23.99    9.97    4.39 
1998 5	   6.60   31.19   17.98    3.54 
1998 6	  32.65   35.45   22.75    4.90 
1998 7	  42.77   38.03   24.31    3.21 
1998 8	  97.00   35.54   22.70    2.02 
1998 9	 150.60   32.81   21.51    5.44 
1998 10	 120.75   25.86   13.98    4.41 
1998 11	 165.95   19.32    9.21    3.79 
1998 12	 218.53   14.85    4.46    4.51 
1999 1	 315.83   17.03    4.04    5.14 
1999 2	  22.70   20.10    6.62    4.16 
1999 3	 127.45   19.19    7.22    4.60 
1999 4	 136.00   26.55   14.25    4.76 
1999 5	 122.25   28.32   15.95    3.25 
1999 6	 176.98   31.48   21.23    3.28 
1999 7	  65.32   33.50   22.59    2.54 
1999 8	  18.32   36.81   22.32    2.45 
1999 9	  72.25   30.94   16.70    3.71 
1999 10	  86.85   26.07   10.31    3.95 
1999 11	  13.83   22.74    6.49    3.54 
1999 12	  95.67   16.85    1.72    4.88 
2000 1	  47.20   15.85    3.92    4.98 
2000 2	  41.48   20.69    5.79    4.45 
2000 3	 215.45   22.53    9.85    3.98 
2000 4	 179.18   23.48   10.81    3.98 
2000 5	 213.65   29.18   18.51    4.08 
2000 6	 123.42   31.05   20.97    3.34 
2000 7	  19.05   34.77   22.36    2.82 
2000 8	   4.65   37.39   22.42    2.05 
2000 9	  46.15   32.87   17.75    3.89 
2000 10	  20.05   26.59   12.30    4.05 
2000 11	 283.82   16.69    6.20    4.66 
2000 12	 173.68    9.71   -0.67    5.05 
2001 1	 150.72   11.01    0.46    4.45 
2001 2	 171.68   17.48    5.56    4.42 
2001 3	 213.88   16.50    6.40    4.21 
2001 4	  41.97   26.19   14.50    4.83 
2001 5	  82.12   29.45   17.26    3.56 
2001 6	 191.30   31.10   20.29    3.07 
2001 7	  31.50   34.10   23.39    2.17 
2001 8	 133.45   33.69   22.35    2.76 
2001 9	 175.03   28.60   18.26    3.70 
2001 10	 117.78   24.22    9.76    4.52 
2001 11	  96.28   21.93    8.24    3.78 
2001 12	 185.85   16.33    4.44    4.38 
2002 1	  73.28   15.31    2.54    4.46 
2002 2	  67.23   14.77    1.42    4.76 
2002 3	 164.20   18.62    6.27    5.03 
2002 4	  90.20   25.65   14.86    4.19 
2002 5	  80.85   28.41   16.94    4.58 
2002 6	  72.83   31.78   20.45    3.08 
2002 7	 121.95   33.18   22.84    2.20 
2002 8	  30.95   33.91   22.34    2.76 
2002 9	  39.05   32.08   19.81    4.59 
2002 10	 135.85   23.38   14.43    3.62 
2002 11	 116.05   17.67    5.19    4.48 
2002 12	 271.58   14.38    3.03    5.02 
2003 1	  14.35   12.81    1.06    4.70 
2003 2	 212.32   13.15    3.66    4.57 
2003 3	  59.92   19.14    7.23    3.30 
2003 4	  49.70   25.35   12.12    4.05 
2003 5	  46.10   29.26   18.58    4.16 
2003 6	 121.28   30.87   20.64    2.76 
2003 7	 109.95   33.11   22.43    2.85 
2003 8	 101.47   33.70   22.71    2.62 
2003 9	 112.48   29.73   17.87    3.35 
2003 10	  44.02   26.47   12.58    3.47 
2003 11	 111.10   21.84    8.28    4.79 
2003 12	 102.20   15.91    1.34    4.83 
2004 1	 116.25   14.49    2.90    4.61 
2004 2	 252.95   12.81    2.31    4.92 
2004 3	 104.35   22.35   10.47    4.07 
2004 4	 151.38   24.43   12.04    3.91 
2004 5	 109.75   28.54   17.91    4.04 
2004 6	 300.12   30.40   21.02    2.93 
2004 7	  18.95   32.67   22.08    2.22 
2004 8	  70.28   32.36   20.16    3.01 
2004 9	  74.82   31.28   18.44    4.00 
2004 10	 157.62   27.32   17.78    3.86 
2004 11	 246.02   19.46    9.78    4.57 
2004 12	  93.60   15.12    1.87    5.04 
2005 1	 116.88   15.50    5.79    4.58 
2005 2	 120.73   16.40    6.60    4.27 
2005 3	  80.62   19.89    7.53    3.99 
2005 4	  96.20   24.56   11.28    4.26 
2005 5	  28.33   28.93   14.85    3.07 
2005 6	  36.05   33.74   20.77    2.42 
2005 7	  93.65   34.50   22.67    2.73 
2005 8	  84.10   36.13   22.77    2.12 
2005 9	 185.32   35.02   20.79    3.74 
2005 10	  34.00   26.53   12.12    4.37 
2005 11	  25.45   22.03    9.03    4.55 
2005 12	  45.63   15.17    1.35    4.73 
2006 1	 140.03   18.77    4.63    4.50 
2006 2	 155.43   14.77    2.45    4.57 
2006 3	 107.42   21.58    9.19    4.99 
2006 4	  83.30   27.62   14.95    4.31 
2006 5	  46.85   29.47   17.74    3.51 
2006 6	 110.22   32.55   20.12    2.28 
2006 7	 103.05   34.65   22.72    2.15 
2006 8	  20.62   35.71   23.39    2.23 
2006 9	  54.30   31.64   16.80    3.17 
2006 10	 171.60   25.48   12.00    3.99 
2006 11	  78.65   20.53    6.66    4.51 
2006 12	 160.30   15.68    4.01    5.09 
2007 1	 205.25   12.54    1.82    4.83 
2007 2	  69.15   14.80    2.22    4.15 
2007 3	  30.72   23.78   10.63    3.86 
2007 4	  72.10   22.98   10.11    4.08 
2007 5	 123.05   28.75   17.60    3.85 
2007 6	 179.20   31.96   21.39    2.82 
2007 7	 262.62   31.29   22.14    2.78 
2007 8	  11.27   34.94   23.37    2.29 
2007 9	  32.28   32.02   19.78    2.96 
2007 10	  79.90   27.27   13.21    4.45 
2007 11	  77.05   20.56    8.21    3.92 
2007 12	 115.45   17.33    4.00    3.84 
2008 1	  63.65   12.87    1.39    5.32 
2008 2	 133.02   18.41    3.46    4.41 
2008 3	 131.47   21.82    8.19    5.20 
2008 4	  71.97   24.43   12.01    4.25 
2008 5	 178.50   28.53   16.60    4.13 
2008 6	  97.47   33.05   21.72    3.34 
2008 7	  23.63   35.32   22.39    2.67 
2008 8	 131.70   33.24   22.51    2.96 
2008 9	  81.03   28.64   17.96    4.80 
2008 10	  43.00   25.54   10.78    3.78 
2008 11	 124.45   19.80    6.15    4.17 
2008 12	 100.50   15.27    2.40    5.21 
2009 1	  55.05   15.19    1.68    4.38 
2009 2	  48.90   19.11    5.27    5.02 
2009 3	 214.60   20.33    7.95    4.52 
2009 4	 111.90   23.84   11.19    5.30 
2009 5	 157.12   28.33   17.35    3.80 
2009 6	  33.50   33.59   21.51    2.92 
2009 7	 207.23   34.45   22.83    2.54 
2009 8	  43.30   33.37   21.93    2.04 
2009 9	 114.28   29.16   19.13    2.92 
2009 10	 476.35   22.77   11.83    4.35 
2009 11	  44.87   20.69    7.82    4.15 
2009 12	 122.17   11.66    1.60    5.16 
2010 1	  66.08   11.83    0.29    4.74 
2010 2	  97.90   10.75    0.57    4.78 
2010 3	  83.17   19.13    5.34    4.23 
2010 4	  60.50   26.01   12.26    4.27 
2010 5	  32.92   31.53   18.45    3.27 
2010 6	  88.85   34.90   23.36    2.38 
2010 7	  97.35   34.13   23.70    3.17 
2010 8	  29.35   37.20   24.20    2.89 
2010 9	  27.25   34.07   19.89    3.25 
2010 10	  32.78   28.01   11.08    3.76 
2010 11	 140.43   19.96    7.39    4.36 
2010 12	   9.90   14.60    1.93    5.29 
