1949 1	 146.98   17.63    7.34    6.60 
1949 2	 228.35   18.97   10.67    5.63 
1949 3	 216.85   20.44   10.73    6.48 
1949 4	 176.58   23.57   14.25    6.39 
1949 5	  17.20   30.35   21.20    5.29 
1949 6	 144.40   33.63   23.06    4.30 
1949 7	 261.62   33.19   23.93    3.73 
1949 8	 108.80   33.46   22.76    3.24 
1949 9	 144.48   31.61   21.24    4.52 
1949 10	 396.00   26.65   18.18    5.59 
1949 11	  43.45   23.15    8.82    5.57 
1949 12	 228.75   18.34    8.64    7.30 
1950 1	  43.13   22.13   13.12    6.25 
1950 2	 206.77   21.61   10.68    5.46 
1950 3	  69.00   21.64    9.45    6.15 
1950 4	 251.93   24.62   13.94    6.57 
1950 5	 100.12   30.14   20.54    5.50 
1950 6	 254.85   31.68   21.85    3.89 
1950 7	 136.47   32.47   23.04    3.99 
1950 8	 116.35   34.34   22.72    3.13 
1950 9	 201.10   31.37   20.56    3.75 
1950 10	  24.47   29.56   14.93    5.58 
1950 11	  35.65   22.42    8.19    6.30 
1950 12	 102.73   18.68    5.51    5.63 
1951 1	 170.70   18.65    5.75    6.41 
1951 2	  56.27   18.47    7.01    6.49 
1951 3	 104.05   22.73   11.37    6.24 
1951 4	   8.23   24.70   13.42    5.72 
1951 5	  50.80   29.92   18.35    4.81 
1951 6	  37.50   33.07   23.11    5.03 
1951 7	  80.12   34.72   24.70    3.50 
1951 8	  37.98   36.47   26.42    2.61 
1951 9	 365.23   31.24   21.80    4.29 
1951 10	  35.12   28.44   15.69    5.54 
1951 11	  31.57   20.76    8.85    6.79 
1951 12	 151.05   20.27    8.57    7.03 
1952 1	 114.38   22.16   12.55    6.30 
1952 2	 162.32   20.05   10.05    6.59 
1952 3	  74.25   22.17    9.13    6.54 
1952 4	 219.93   24.14   14.26    5.37 
1952 5	 115.18   29.52   19.72    3.96 
1952 6	  43.97   33.66   24.27    3.35 
1952 7	 185.48   33.27   24.90    3.67 
1952 8	  10.40   35.04   24.10    3.20 
1952 9	  26.10   32.76   19.44    5.73 
1952 10	   0.00   27.17    9.02    5.63 
1952 11	 161.57   21.31    9.05    6.22 
1952 12	 158.80   17.49    5.69    5.58 
1953 1	  49.75   20.20    6.21    6.82 
1953 2	 139.53   18.24    7.23    6.20 
1953 3	  20.85   24.97   14.28    5.16 
1953 4	  79.88   26.65   14.39    6.12 
1953 5	 231.20   29.97   21.16    5.58 
1953 6	 110.65   34.91   23.67    3.59 
1953 7	 133.90   33.60   23.69    3.38 
1953 8	 222.55   32.75   23.45    2.57 
1953 9	  26.35   33.08   19.50    4.97 
1953 10	  53.60   29.03   14.83    5.29 
1953 11	 101.62   20.83    7.99    5.86 
1953 12	 164.03   15.85    5.00    6.85 
1954 1	  47.92   18.03    6.88    5.60 
1954 2	  11.18   22.79    7.82    6.23 
1954 3	  50.33   21.17    9.01    6.42 
1954 4	  96.03   27.68   16.56    4.85 
1954 5	 115.20   27.87   16.63    4.72 
1954 6	  30.65   33.15   22.37    3.65 
1954 7	 119.23   34.21   24.06    3.66 
1954 8	  68.62   34.50   23.34    3.75 
1954 9	  55.25   33.70   20.68    4.97 
1954 10	 119.10   28.84   16.46    6.11 
1954 11	  56.35   21.58    7.98    6.51 
1954 12	  32.85   20.29    6.47    5.94 
1955 1	 138.97   16.29    5.99    5.39 
1955 2	 119.62   18.16    7.12    6.11 
1955 3	  22.67   24.09   12.23    6.63 
1955 4	  74.05   26.61   16.03    5.51 
1955 5	 100.62   30.99   19.78    4.82 
1955 6	 105.78   32.42   20.20    3.55 
1955 7	  96.22   32.91   23.31    3.90 
1955 8	 237.65   33.26   22.99    2.91 
1955 9	  65.68   31.99   22.34    4.84 
1955 10	  12.45   28.54   13.84    5.53 
1955 11	  66.23   21.80    9.49    6.99 
1955 12	 111.35   18.48    7.52    6.44 
1956 1	 106.17   17.49    4.86    6.06 
1956 2	 101.75   19.66    9.07    6.41 
1956 3	  91.85   21.83   10.40    5.53 
1956 4	  56.70   25.07   13.92    6.46 
1956 5	 101.55   31.19   20.12    4.26 
1956 6	  71.08   32.42   20.90    3.84 
1956 7	  34.42   34.77   22.98    3.47 
1956 8	  50.72   34.38   22.87    3.03 
1956 9	  46.30   33.40   19.11    5.01 
1956 10	  65.95   29.62   15.10    4.29 
1956 11	  56.60   22.30    8.05    6.08 
1956 12	 306.30   20.87    8.80    5.57 
1957 1	  30.37   18.86    8.62    5.68 
1957 2	  33.52   22.18   11.82    4.94 
1957 3	 224.72   21.24   10.57    5.42 
1957 4	 228.05   25.27   15.81    6.67 
1957 5	  45.35   29.52   20.07    5.92 
1957 6	 248.55   31.69   22.63    5.34 
1957 7	  55.60   34.57   23.68    2.98 
1957 8	 105.60   33.52   22.40    3.89 
1957 9	 239.00   29.74   19.56    4.36 
1957 10	 133.73   25.09   13.05    6.28 
1957 11	 158.40   21.28   10.47    6.77 
1957 12	  75.62   18.93    7.06    6.33 
1958 1	 103.93   15.23    3.49    8.05 
1958 2	  90.10   14.49    4.43    7.53 
1958 3	  35.08   20.24    8.59    6.41 
1958 4	  86.43   26.11   14.62    5.73 
1958 5	  56.88   30.46   19.38    4.22 
1958 6	  85.18   33.52   22.83    4.31 
1958 7	  75.78   34.62   24.20    3.68 
1958 8	  89.65   34.02   23.52    2.89 
1958 9	 432.90   30.87   22.43    5.45 
1958 10	  60.70   25.83   15.96    6.68 
1958 11	  51.65   22.11   10.83    5.70 
1958 12	  77.82   16.42    4.62    6.10 
1959 1	 126.42   15.29    3.39    6.71 
1959 2	 297.77   16.91    7.65    6.25 
1959 3	  43.65   21.34    8.86    6.52 
1959 4	 172.77   23.94   14.19    5.64 
1959 5	 110.80   30.15   20.19    5.07 
1959 6	  85.00   32.66   22.63    4.22 
1959 7	 281.72   32.83   22.72    2.77 
1959 8	 139.90   32.71   23.18    3.35 
1959 9	  99.50   31.68   21.59    4.55 
1959 10	 100.10   27.32   16.28    5.09 
1959 11	  63.28   19.59    6.54    7.03 
1959 12	  81.45   17.45    6.62    6.73 
1960 1	  58.13   14.37    5.00    6.37 
1960 2	 163.33   14.67    3.65    7.08 
1960 3	  24.05   17.49    7.53    6.00 
1960 4	  76.13   26.11   14.98    5.69 
1960 5	   7.50   28.51   17.17    5.58 
1960 6	 105.23   33.68   22.22    4.01 
1960 7	 122.45   34.76   23.21    2.48 
1960 8	 195.42   31.80   23.05    4.07 
1960 9	  36.03   31.41   20.23    4.42 
1960 10	 148.35   27.17   16.64    4.75 
1960 11	  81.80   21.49   11.28    6.11 
1960 12	 230.72   14.94    5.58    6.90 
1961 1	 266.02   12.85    3.07    6.87 
1961 2	 184.68   19.09    7.33    5.44 
1961 3	  58.55   23.59   12.45    6.55 
1961 4	  53.28   24.14   12.44    6.11 
1961 5	  87.00   29.45   17.92    5.69 
1961 6	 317.37   31.28   21.11    4.15 
1961 7	 193.42   32.65   22.78    3.15 
1961 8	  69.53   32.39   21.56    3.16 
1961 9	 162.95   31.17   20.62    6.88 
1961 10	  11.73   27.93   13.96    6.12 
1961 11	 202.05   21.35    9.62    6.89 
1961 12	 105.30   18.80    6.53    6.12 
1962 1	  50.60   14.72    2.30    7.19 
1962 2	  38.25   23.17   10.58    6.31 
1962 3	  33.08   20.17    7.94    6.39 
1962 4	  97.85   24.96   13.92    6.02 
1962 5	  16.00   30.41   18.91    5.35 
1962 6	 148.07   31.87   21.80    3.42 
1962 7	  24.23   34.98   23.41    2.47 
1962 8	 119.20   35.87   23.49    2.71 
1962 9	 115.35   32.52   21.45    4.08 
1962 10	  85.28   29.28   16.94    5.30 
1962 11	 118.95   20.89    8.48    7.08 
1962 12	 137.07   15.66    6.14    5.71 
1963 1	 102.77   13.13    1.95    7.42 
1963 2	  95.93   17.18    3.48    7.29 
1963 3	  13.42   23.78   11.02    6.15 
1963 4	  26.02   27.97   17.03    6.12 
1963 5	  45.05   30.74   19.25    4.02 
1963 6	 121.37   33.64   22.35    3.73 
1963 7	 148.08   33.76   23.39    3.60 
1963 8	  58.45   34.89   22.74    2.37 
1963 9	 433.60   31.69   20.69    4.74 
1963 10	   4.40   29.79   16.27    4.91 
1963 11	 204.27   22.57   11.26    6.81 
1963 12	  85.75   13.71    1.83    7.27 
1964 1	 108.92   15.16    4.46    6.35 
1964 2	  96.55   14.36    4.19    6.49 
1964 3	  94.70   21.70    9.60    6.70 
1964 4	  49.42   25.95   16.79    6.84 
1964 5	 116.35   29.83   19.97    4.89 
1964 6	  61.33   32.53   22.60    4.03 
1964 7	  87.02   32.99   23.49    3.88 
1964 8	  93.68   33.95   24.23    3.26 
1964 9	 144.93   31.31   20.83    4.31 
1964 10	   4.97   26.51   12.42    6.41 
1964 11	  79.78   23.74   12.10    6.19 
1964 12	 188.57   17.20    6.40    7.15 
1965 1	  40.32   19.07    6.86    6.27 
1965 2	 140.35   17.57    5.84    7.76 
1965 3	  46.08   19.72    8.07    7.42 
1965 4	  43.72   27.57   17.38    6.20 
1965 5	  63.92   29.16   20.94    6.60 
1965 6	  75.65   32.79   22.45    4.39 
1965 7	  57.07   34.63   23.06    2.60 
1965 8	  80.40   33.27   22.24    2.77 
1965 9	 178.70   32.12   21.71    5.40 
1965 10	  14.88   26.39   14.03    5.78 
1965 11	  72.53   24.98   14.78    5.25 
1965 12	 164.70   18.90    7.77    6.60 
1966 1	 161.12   12.56    3.95    7.26 
1966 2	 134.67   15.97    5.76    6.76 
1966 3	  18.98   20.78    8.63    6.10 
1966 4	 132.65   25.66   15.36    6.34 
1966 5	 273.30   28.42   19.66    5.20 
1966 6	  56.43   32.19   20.86    4.11 
1966 7	 132.42   34.01   24.82    2.81 
1966 8	 290.25   32.53   23.21    3.52 
1966 9	 107.20   31.02   20.53    2.96 
1966 10	 139.50   25.80   13.63    6.01 
1966 11	 153.48   22.98   11.94    6.28 
1966 12	  88.32   16.68    5.96    6.45 
1967 1	  46.55   16.12    4.73    6.30 
1967 2	  77.65   17.81    4.91    6.32 
1967 3	  42.10   23.75   11.62    5.68 
1967 4	 177.20   27.40   18.22    6.38 
1967 5	 166.88   28.24   18.25    6.56 
1967 6	  36.83   32.62   21.88    4.20 
1967 7	 123.35   32.48   21.78    3.67 
1967 8	  92.73   31.92   21.68    3.03 
1967 9	  71.38   29.81   18.81    5.79 
1967 10	  55.50   27.18   12.93    5.89 
1967 11	  10.38   22.78    9.90    6.06 
1967 12	 185.33   18.00    7.18    6.37 
1968 1	 140.25   15.11    4.85    6.97 
1968 2	  66.83   15.29    2.06    6.22 
1968 3	  68.30   19.81    8.16    6.43 
1968 4	 199.03   25.67   15.98    6.45 
1968 5	 153.25   28.67   18.07    5.37 
1968 6	 324.70   30.94   21.31    4.27 
1968 7	  88.85   32.64   22.01    3.50 
1968 8	  81.58   33.71   22.38    3.38 
1968 9	 210.20   30.22   18.43    4.74 
1968 10	  79.40   27.54   14.89    5.22 
1968 11	 142.73   21.00    7.92    6.60 
1968 12	  70.93   17.40    5.03    6.84 
1969 1	  32.62   17.05    7.26    6.81 
1969 2	 163.18   17.47    7.52    6.80 
1969 3	  91.62   18.11    6.84    6.30 
1969 4	 166.90   25.77   15.05    5.35 
1969 5	 155.62   28.69   17.97    4.81 
1969 6	  37.50   32.32   21.31    4.60 
1969 7	 224.65   34.55   23.51    3.23 
1969 8	  65.12   33.76   22.64    3.57 
1969 9	  31.75   31.91   19.21    4.69 
1969 10	  55.40   28.10   15.36    7.51 
1969 11	  49.97   22.06    7.59    6.77 
1969 12	 242.75   18.96    6.01    5.86 
1970 1	  63.88   13.22    2.63    7.22 
1970 2	  64.25   18.33    4.85    6.39 
1970 3	 110.18   20.24    8.78    6.05 
1970 4	  62.68   26.20   15.92    6.26 
1970 5	 175.00   28.24   17.68    5.90 
1970 6	  27.48   31.92   20.61    3.84 
1970 7	  57.42   34.23   22.43    3.26 
1970 8	 114.05   34.67   23.18    3.60 
1970 9	 264.30   31.34   22.12    6.05 
1970 10	 554.75   25.75   13.66    6.13 
1970 11	  39.30   20.64    6.87    6.40 
1970 12	  55.80   21.16   10.02    5.31 
1971 1	  34.50   18.24    7.62    6.66 
1971 2	 100.47   19.12    5.93    7.38 
1971 3	  53.28   21.20    8.11    6.26 
1971 4	  27.00   25.75   12.93    5.96 
1971 5	  95.03   28.47   17.38    5.27 
1971 6	  98.20   32.86   20.95    3.99 
1971 7	  87.78   33.54   21.28    3.18 
1971 8	 180.37   31.77   20.24    2.86 
1971 9	 118.70   30.01   19.81    5.14 
1971 10	  64.60   27.52   15.48    4.87 
1971 11	  66.47   21.91    7.63    6.37 
1971 12	 220.15   20.04   10.07    5.93 
1972 1	 168.92   18.37    7.20    6.55 
1972 2	  43.82   18.66    6.21    6.50 
1972 3	 109.98   23.38   10.52    5.82 
1972 4	 111.85   26.62   14.68    6.23 
1972 5	 139.00   28.56   16.98    4.02 
1972 6	  45.22   32.20   20.98    5.69 
1972 7	 126.90   31.19   21.24    4.64 
1972 8	  84.60   32.51   21.92    3.34 
1972 9	 198.30   31.32   21.10    3.81 
1972 10	  83.48   26.49   14.48    5.79 
1972 11	 134.20   17.63    7.02    7.20 
1972 12	 117.40   16.85    4.74    6.69 
1973 1	 146.45   13.93    2.48    7.12 
1973 2	  76.25   16.43    4.02    6.60 
1973 3	 177.40   22.42   11.80    6.32 
1973 4	 211.80   22.76   11.90    7.06 
1973 5	 129.77   28.26   15.97    5.89 
1973 6	 199.95   30.84   20.92    4.49 
1973 7	 214.88   32.80   21.97    3.22 
1973 8	 208.03   31.45   20.49    3.90 
1973 9	 239.00   30.37   20.87    5.03 
1973 10	 255.82   28.08   16.46    5.72 
1973 11	  52.98   25.42   13.29    6.71 
1973 12	  90.35   18.29    4.32    7.37 
1974 1	 239.70   18.02    8.57    5.07 
1974 2	  60.85   19.41    5.24    6.67 
1974 3	  99.60   24.09   12.91    6.20 
1974 4	  75.53   25.58   13.84    7.49 
1974 5	 162.85   29.29   18.79    5.74 
1974 6	  38.13   31.73   19.37    4.57 
1974 7	  97.60   33.49   21.15    2.71 
1974 8	 121.42   32.71   21.17    3.13 
1974 9	  66.53   28.95   18.13    6.05 
1974 10	 110.72   27.11   12.88    7.28 
1974 11	 148.63   20.97    8.73    6.40 
1974 12	 118.03   17.44    5.22    5.90 
1975 1	 145.20   18.75    7.34    6.29 
1975 2	  46.65   19.10    6.00    5.18 
1975 3	  70.18   21.59    9.60    6.63 
1975 4	 147.45   24.04   14.10    7.44 
1975 5	 175.55   29.30   19.71    5.39 
1975 6	 208.30   31.11   21.76    4.73 
1975 7	 201.40   32.71   22.56    3.41 
1975 8	 170.63   32.09   22.56    3.52 
1975 9	  81.30   29.70   18.50    4.87 
1975 10	 151.43   27.26   14.75    5.77 
1975 11	 129.90   21.81    8.77    6.30 
1975 12	 108.48   17.01    5.78    6.07 
1976 1	  43.92   16.69    3.39    7.03 
1976 2	  25.55   21.34    8.85    5.70 
1976 3	 128.63   21.73   12.00    7.04 
1976 4	  71.18   25.74   14.54    5.84 
1976 5	 203.83   27.48   15.71    4.93 
1976 6	 101.57   30.82   20.07    4.17 
1976 7	 147.70   32.05   22.02    3.04 
1976 8	  96.47   33.58   20.94    2.97 
1976 9	  81.65   30.99   19.51    3.41 
1976 10	 116.80   23.24    9.73    6.34 
1976 11	 117.75   17.20    4.94    7.22 
1976 12	 167.78   16.09    3.79    6.72 
1977 1	 105.07   11.56    0.60    6.99 
1977 2	  34.05   18.92    4.60    7.16 
1977 3	  91.28   22.23   10.39    6.58 
1977 4	 183.20   25.62   13.20    6.12 
1977 5	  39.97   29.67   18.68    4.95 
1977 6	  94.65   32.98   22.18    4.33 
1977 7	  63.80   34.00   22.73    2.65 
1977 8	 153.82   33.09   23.33    4.05 
1977 9	  57.98   32.47   22.00    4.02 
1977 10	  80.30   27.50   14.19    5.03 
1977 11	 255.47   22.63   11.01    5.92 
1977 12	  68.70   17.86    5.96    6.89 
1978 1	 180.80    9.97    1.37    7.98 
1978 2	  55.75   12.06    1.54    7.10 
1978 3	  30.85   20.69    7.39    5.43 
1978 4	  12.05   25.55   14.78    5.67 
1978 5	  20.70   30.60   19.21    5.13 
1978 6	 227.10   31.74   22.25    3.65 
1978 7	 128.15   33.30   23.37    2.67 
1978 8	 145.12   33.18   22.95    3.74 
1978 9	 105.62   30.47   21.62    5.15 
1978 10	   0.17   27.97   13.00    5.34 
1978 11	 163.60   23.74   12.84    5.33 
1978 12	  63.33   17.87    6.01    7.00 
1979 1	 160.40   11.77    1.55    8.00 
1979 2	 115.85   14.45    5.51    6.17 
1979 3	 183.85   21.69   11.19    6.68 
1979 4	 317.37   24.51   15.78    5.79 
1979 5	 138.43   27.42   16.94    5.34 
1979 6	  39.00   31.38   21.71    4.32 
1979 7	 412.43   31.93   23.41    4.39 
1979 8	  98.10   31.80   22.45    2.92 
1979 9	 259.62   29.21   18.51    6.61 
1979 10	 124.60   27.83   14.09    5.12 
1979 11	  65.08   19.83    6.38    7.23 
1979 12	  74.33   17.22    4.78    6.23 
1980 1	 132.10   16.84    7.76    5.66 
1980 2	  68.03   15.98    5.00    6.28 
1980 3	 217.12   20.43    9.90    6.52 
1980 4	  32.67   24.32   12.50    5.67 
1980 5	 215.08   28.98   19.33    4.46 
1980 6	  11.48   32.89   22.34    4.63 
1980 7	  54.40   35.15   23.43    2.50 
1980 8	  40.23   33.70   22.55    4.72 
1980 9	 407.15   32.37   22.25    3.99 
1980 10	 217.03   25.41   11.90    5.82 
1980 11	  63.55   19.32    7.44    6.40 
1980 12	  50.97   17.59    5.67    5.97 
1981 1	  83.05   15.52    2.94    5.63 
1981 2	  79.10   17.07    5.53    5.73 
1981 3	  55.67   21.41    9.49    6.11 
1981 4	  53.60   27.33   17.62    5.08 
1981 5	  77.60   28.08   17.98    5.25 
1981 6	 323.65   31.79   23.07    5.22 
1981 7	 223.57   33.18   23.30    3.41 
1981 8	  71.75   33.13   22.70    3.17 
1981 9	  69.90   30.57   18.52    4.42 
1981 10	 198.53   26.34   15.58    5.30 
1981 11	  74.97   23.00   11.19    5.21 
1981 12	 106.45   17.73    6.26    6.26 
1982 1	  53.35   16.86    4.80    6.97 
1982 2	  93.60   15.96    5.71    6.28 
1982 3	  88.07   22.10   12.80    6.24 
1982 4	 111.50   24.37   14.38    6.57 
1982 5	 168.10   28.86   18.63    5.33 
1982 6	 177.17   32.95   22.17    3.12 
1982 7	  92.72   33.66   23.02    2.30 
1982 8	  58.48   33.55   22.87    2.41 
1982 9	  51.20   31.69   19.01    5.10 
1982 10	  93.12   26.49   14.43    6.21 
1982 11	 228.00   21.96   10.78    6.32 
1982 12	 311.40   19.09    8.23    7.59 
1983 1	 214.02   14.69    4.68    5.66 
1983 2	  97.15   16.91    6.70    7.16 
1983 3	 102.10   21.14    8.04    6.12 
1983 4	  23.27   22.76   11.62    6.98 
1983 5	 243.68   27.94   17.59    5.54 
1983 6	 114.80   30.33   21.02    4.19 
1983 7	 143.70   32.32   23.01    4.17 
1983 8	 258.42   32.61   23.02    2.90 
1983 9	 205.35   29.56   19.31    5.59 
1983 10	 105.22   26.68   14.61    5.30 
1983 11	 102.50   22.58   10.85    6.25 
1983 12	 150.80   14.01    3.00    7.82 
1984 1	 117.97   13.61    2.90    6.80 
1984 2	 114.88   18.50    6.09    6.44 
1984 3	  58.17   21.29   10.51    5.81 
1984 4	  11.90   26.29   14.32    6.78 
1984 5	 245.42   29.14   17.91    6.31 
1984 6	  42.45   32.05   21.14    4.24 
1984 7	 104.10   32.79   21.96    2.55 
1984 8	 130.10   33.16   21.60    3.16 
1984 9	 101.03   30.31   18.85    6.67 
1984 10	 253.97   28.31   17.43    6.09 
1984 11	 142.02   21.20    8.65    6.74 
1984 12	  44.95   22.15   12.12    6.27 
1985 1	  71.93   13.59    1.44    6.35 
1985 2	 193.65   15.44    4.48    6.41 
1985 3	 115.53   23.37   12.91    6.12 
1985 4	  22.50   26.83   15.25    6.21 
1985 5	  89.13   30.35   17.72    3.93 
1985 6	 102.93   32.71   21.12    4.69 
1985 7	 102.22   33.30   21.43    2.82 
1985 8	  91.72   34.32   22.21    3.18 
1985 9	 124.65   32.02   19.37    5.81 
1985 10	 239.17   26.73   17.33    6.85 
1985 11	 134.45   23.61   13.92    5.62 
1985 12	  48.25   16.15    3.63    6.23 
1986 1	  23.98   18.30    4.53    6.24 
1986 2	  44.80   20.92    8.80    6.45 
1986 3	  94.23   23.26    9.06    5.34 
1986 4	  62.12   26.25   15.45    5.57 
1986 5	 188.25   28.69   18.82    5.08 
1986 6	 301.40   31.62   22.22    3.20 
1986 7	  65.95   34.11   23.14    3.64 
1986 8	  80.15   33.42   21.52    3.36 
1986 9	 161.73   31.85   21.94    4.26 
1986 10	 130.43   25.84   14.17    5.60 
1986 11	 242.10   21.25   12.29    6.96 
1986 12	 226.30   14.96    5.81    6.86 
1987 1	 144.38   15.27    3.67    6.38 
1987 2	 143.80   18.05    7.22    6.31 
1987 3	  39.88   21.86    7.27    6.38 
1987 4	   4.35   27.12    9.93    4.40 
1987 5	 162.88   29.80   19.00    4.04 
1987 6	 484.15   31.13   21.16    4.90 
1987 7	 113.65   33.18   21.94    3.64 
1987 8	 115.38   34.69   22.26    3.33 
1987 9	 164.75   31.12   17.98    4.24 
1987 10	  13.70   26.53   10.48    6.22 
1987 11	 139.25   21.95    8.43    7.21 
1987 12	 146.30   18.30    8.14    6.29 
1988 1	  68.68   14.05    2.91    7.34 
1988 2	  83.50   16.88    6.16    6.48 
1988 3	 120.08   21.64    9.99    6.42 
1988 4	  42.38   26.37   13.41    5.62 
1988 5	  18.42   29.46   16.40    4.62 
1988 6	 111.00   32.22   20.40    4.05 
1988 7	 118.23   33.14   23.30    3.59 
1988 8	 109.15   33.96   23.22    3.51 
1988 9	 170.62   31.33   20.29    5.65 
1988 10	  64.93   27.12   14.05    5.12 
1988 11	  15.15   24.52   11.17    6.86 
1988 12	 143.18   18.55    6.11    6.13 
1989 1	 147.50   18.54    9.04    5.69 
1989 2	  13.38   15.53    6.09    7.28 
1989 3	 103.55   21.33    9.90    6.45 
1989 4	  44.72   25.10   13.41    5.35 
1989 5	 206.40   29.61   19.59    5.31 
1989 6	 454.80   30.38   21.87    5.84 
1989 7	 162.85   32.26   22.92    4.15 
1989 8	  70.65   32.24   21.97    3.06 
1989 9	  64.00   30.75   18.70    5.25 
1989 10	  59.78   27.91   13.36    5.85 
1989 11	  67.30   22.42   10.89    6.71 
1989 12	  46.52   13.11    0.65    7.48 
1990 1	 208.65   18.51    7.85    5.57 
1990 2	 142.70   20.30   10.02    7.00 
1990 3	 119.57   21.91   11.88    5.91 
1990 4	  90.35   25.39   14.23    6.08 
1990 5	 132.55   29.06   20.28    5.84 
1990 6	 143.90   33.58   22.91    3.80 
1990 7	  93.50   32.82   22.14    3.25 
1990 8	  33.30   34.88   22.27    2.61 
1990 9	 162.73   32.29   20.82    3.37 
1990 10	 106.82   26.80   12.67    5.64 
1990 11	 118.22   23.50   10.39    6.21 
1990 12	  87.05   18.02    5.87    6.50 
1991 1	 307.58   14.07    5.03    6.44 
1991 2	 154.00   19.53    7.81    6.51 
1991 3	  55.15   22.56   11.24    7.21 
1991 4	 209.03   26.05   17.17    6.14 
1991 5	 263.32   29.25   20.48    6.08 
1991 6	 205.65   31.83   22.49    4.25 
1991 7	  97.48   33.49   23.06    3.17 
1991 8	 114.60   32.58   22.17    2.74 
1991 9	  94.32   29.95   19.54    5.09 
1991 10	  74.15   28.95   15.38    5.68 
1991 11	  76.47   19.16    7.41    7.34 
1991 12	 243.83   17.67    9.13    6.87 
1992 1	 188.20   15.21    4.98    6.44 
1992 2	 153.57   19.61    8.52    6.19 
1992 3	 142.35   22.69   10.97    5.74 
1992 4	 124.38   25.13   13.64    4.81 
1992 5	  68.70   28.15   17.09    4.30 
1992 6	 230.93   32.06   21.91    3.64 
1992 7	 108.25   32.86   23.10    4.18 
1992 8	  56.25   31.84   20.53    2.97 
1992 9	  66.38   31.14   20.12    4.85 
1992 10	  66.60   27.96   13.70    5.64 
1992 11	 146.15   18.79    7.10    6.89 
1992 12	 193.75   17.95    7.81    5.35 
1993 1	 175.05   16.61    6.25    5.84 
1993 2	  92.78   18.82    6.05    6.56 
1993 3	 138.73   20.87    8.96    5.78 
1993 4	 139.78   23.54   12.32    6.24 
1993 5	 165.90   27.73   17.29    4.91 
1993 6	 232.77   31.15   22.56    5.94 
1993 7	  63.17   33.84   23.18    3.30 
1993 8	 108.33   35.06   22.86    2.73 
1993 9	  60.27   32.55   19.82    4.42 
1993 10	  94.85   26.39   14.13    5.89 
1993 11	 121.10   19.38    7.08    6.76 
1993 12	  74.62   18.10    5.94    6.60 
1994 1	 132.57   15.96    4.49    7.48 
1994 2	  31.40   18.18    6.70    6.16 
1994 3	  78.85   22.37   10.28    5.52 
1994 4	  98.97   25.71   14.95    5.49 
1994 5	 194.73   28.93   18.09    4.63 
1994 6	 143.25   32.04   22.95    4.80 
1994 7	  93.28   33.16   22.91    3.99 
1994 8	 126.72   32.25   22.10    3.33 
1994 9	  78.20   30.81   18.57    4.01 
1994 10	 393.55   26.75   15.41    5.85 
1994 11	  18.15   23.58   12.73    6.24 
1994 12	 129.80   18.45    8.01    6.03 
1995 1	 110.73   17.43    5.51    6.94 
1995 2	 122.90   20.18    7.14    5.97 
1995 3	 139.07   21.40   11.56    6.44 
1995 4	 143.95   25.38   13.97    6.38 
1995 5	 220.10   29.62   19.17    5.88 
1995 6	 150.48   32.18   20.33    4.30 
1995 7	 189.93   33.54   22.91    4.11 
1995 8	 144.35   33.84   23.48    3.66 
1995 9	  49.10   32.38   19.90    4.42 
1995 10	 112.70   27.24   13.35    7.74 
1995 11	 156.72   21.63    9.21    6.38 
1995 12	 194.82   18.03    6.85    6.96 
1996 1	 121.95   17.52    3.70    6.96 
1996 2	  39.40   18.96    6.57    6.40 
1996 3	   8.83   19.67    6.89    6.85 
1996 4	  48.20   25.21   13.19    6.20 
1996 5	  20.80   30.32   20.56    5.29 
1996 6	 188.55   32.44   21.34    3.65 
1996 7	 129.48   33.75   23.36    3.54 
1996 8	 257.63   32.43   22.30    3.74 
1996 9	 287.62   30.66   20.09    3.84 
1996 10	  79.38   26.73   15.41    7.16 
1996 11	 122.55   22.13   11.44    7.13 
1996 12	  93.47   19.43    8.60    6.17 
1997 1	  67.78   15.53    5.95    6.55 
1997 2	 142.88   17.50    8.46    7.15 
1997 3	 121.08   23.60   13.91    5.64 
1997 4	  95.85   23.06   12.61    7.14 
1997 5	 122.97   28.61   18.36    4.82 
1997 6	  74.15   31.75   22.16    3.92 
1997 7	 127.70   34.45   23.68    2.57 
1997 8	  64.17   33.76   23.11    3.04 
1997 9	  83.60   32.44   21.02    3.87 
1997 10	  52.67   25.98   15.68    7.08 
1997 11	  80.48   19.85    8.75    6.15 
1997 12	 128.62   16.68    4.96    6.84 
1998 1	 227.75   19.04    8.74    5.69 
1998 2	 117.32   18.60    7.82    6.30 
1998 3	  76.45   20.94   10.33    7.40 
1998 4	  44.88   24.88   12.79    6.11 
1998 5	   1.22   31.41   19.87    4.49 
1998 6	  90.38   33.91   24.67    6.17 
1998 7	  74.88   35.05   24.28    3.52 
1998 8	 244.57   34.59   23.82    3.04 
1998 9	 399.03   32.21   23.36    7.61 
1998 10	 183.77   27.94   17.54    7.10 
1998 11	  82.80   22.52   13.14    5.59 
1998 12	 138.60   18.30    8.17    6.13 
1999 1	  86.70   20.08    8.20    6.95 
1999 2	  46.22   22.06   10.14    5.29 
1999 3	  75.88   22.35   11.50    5.97 
1999 4	  23.42   27.68   17.18    6.35 
1999 5	  95.87   29.95   18.95    4.55 
1999 6	 229.45   31.70   22.62    4.54 
1999 7	 130.38   32.92   23.57    3.34 
1999 8	  46.85   36.09   24.09    3.15 
1999 9	  67.50   32.49   18.78    5.17 
1999 10	  47.63   27.50   13.55    6.22 
1999 11	  28.95   24.59    9.33    5.47 
1999 12	 123.88   19.23    5.17    6.83 
2000 1	  33.03   19.51    7.21    6.69 
2000 2	  33.42   22.34   10.41    6.10 
2000 3	  56.08   25.16   13.49    5.34 
2000 4	 138.97   25.92   14.53    5.16 
2000 5	 188.35   29.92   21.25    5.45 
2000 6	  86.50   32.46   22.56    4.52 
2000 7	 104.07   35.40   23.02    3.02 
2000 8	  32.95   35.41   22.67    2.40 
2000 9	 117.37   32.71   19.68    5.66 
2000 10	  30.50   27.27   15.78    6.37 
2000 11	 239.35   20.40    9.67    6.62 
2000 12	  52.70   14.45    3.11    7.03 
2001 1	 148.25   14.51    3.77    6.02 
2001 2	  34.45   20.59   10.18    6.19 
2001 3	 203.43   19.65    8.53    6.06 
2001 4	  30.70   27.19   17.61    7.11 
2001 5	 128.23   30.07   19.12    5.15 
2001 6	 615.52   31.38   22.08    4.29 
2001 7	  73.78   33.37   23.64    2.84 
2001 8	 283.75   33.53   23.11    3.94 
2001 9	 206.97   30.16   20.31    5.53 
2001 10	 123.60   26.01   13.41    6.68 
2001 11	 184.48   24.33   11.77    6.05 
2001 12	  99.70   19.41    8.21    6.35 
2002 1	  56.43   18.34    7.27    6.47 
2002 2	  41.05   17.28    4.71    6.80 
2002 3	  48.10   22.11   10.64    7.20 
2002 4	  87.65   27.22   17.54    5.68 
2002 5	  58.05   29.61   19.71    6.49 
2002 6	 179.05   32.13   21.92    4.56 
2002 7	 146.12   33.25   23.41    3.35 
2002 8	 246.40   33.14   23.33    3.80 
2002 9	 150.17   30.64   21.88    6.60 
2002 10	 487.82   26.09   18.00    5.20 
2002 11	 171.45   20.20    9.04    6.48 
2002 12	 274.47   17.10    6.73    7.10 
2003 1	  40.12   14.75    3.82    6.32 
2003 2	 195.13   16.36    7.24    6.25 
2003 3	  88.68   21.33   11.04    4.25 
2003 4	  34.03   25.72   15.45    5.41 
2003 5	   0.38   30.94   21.24    5.50 
2003 6	 106.23   32.65   22.58    4.00 
2003 7	 131.22   32.48   23.35    4.13 
2003 8	 328.52   33.71   23.47    3.73 
2003 9	 239.53   29.80   20.01    5.04 
2003 10	 192.97   27.22   15.34    5.43 
2003 11	 104.50   24.01   12.04    6.82 
2003 12	 108.60   17.55    4.87    6.53 
2004 1	 185.85   16.73    7.05    6.40 
2004 2	 164.35   15.66    6.30    6.70 
2004 3	  43.98   23.80   13.79    5.90 
2004 4	 111.80   25.35   14.93    5.62 
2004 5	 165.77   28.80   19.70    5.85 
2004 6	 342.35   31.54   22.64    4.59 
2004 7	  76.83   33.37   23.64    2.83 
2004 8	  37.60   33.22   22.08    3.95 
2004 9	  43.38   32.32   20.58    5.03 
2004 10	 104.35   29.16   19.83    5.37 
2004 11	 262.87   21.70   12.41    6.44 
2004 12	  96.63   16.65    5.77    7.22 
2005 1	  80.00   18.27    8.21    5.92 
2005 2	 163.85   18.01    9.98    5.73 
2005 3	  65.57   21.12   10.16    5.17 
2005 4	  42.30   25.79   13.62    5.85 
2005 5	  86.97   29.69   17.92    4.67 
2005 6	  33.38   33.64   22.74    3.83 
2005 7	 214.45   33.46   23.74    3.87 
2005 8	  91.53   34.16   23.55    2.89 
2005 9	 184.12   33.49   22.70    5.20 
2005 10	  30.10   27.81   14.72    6.63 
2005 11	  79.78   23.90   11.70    6.51 
2005 12	  83.67   17.39    4.86    6.78 
2006 1	  51.40   20.58    8.08    5.97 
2006 2	  52.55   18.12    6.21    6.31 
2006 3	  47.22   23.74   13.02    6.80 
2006 4	  57.18   27.98   17.29    5.65 
2006 5	 242.00   29.69   19.11    5.17 
2006 6	 137.65   32.47   21.66    3.03 
2006 7	 408.88   32.22   23.86    2.89 
2006 8	  62.03   33.74   24.05    3.21 
2006 9	 123.27   30.94   19.71    3.78 
2006 10	 349.50   27.15   16.43    5.91 
2006 11	  24.12   22.49   10.15    6.58 
2006 12	 103.28   17.64    6.61    7.17 
2007 1	 169.63   14.69    5.68    6.98 
2007 2	  53.60   16.94    5.94    5.82 
2007 3	 148.23   23.88   12.87    5.75 
2007 4	  94.30   23.90   13.52    6.01 
2007 5	 134.82   29.10   19.41    5.51 
2007 6	 136.90   32.05   22.86    4.21 
2007 7	 259.27   31.27   23.44    3.96 
2007 8	 128.25   33.83   24.24    3.50 
2007 9	 177.57   31.20   21.64    4.26 
2007 10	  43.38   28.12   15.95    6.70 
2007 11	 125.43   22.51   11.40    5.32 
2007 12	  81.00   20.24    7.82    5.14 
2008 1	 188.85   15.79    5.14    7.51 
2008 2	  67.92   20.61    8.28    6.07 
2008 3	  60.33   22.78   11.19    7.22 
2008 4	  25.77   26.21   15.36    6.28 
2008 5	 103.70   29.64   20.16    5.59 
2008 6	 132.25   32.94   23.41    4.25 
2008 7	 140.57   33.62   23.34    3.88 
2008 8	 286.40   32.79   23.37    3.91 
2008 9	 240.32   30.44   19.73    6.22 
2008 10	  58.62   26.92   14.03    5.82 
2008 11	  93.20   22.70    9.70    6.28 
2008 12	  89.95   17.97    6.83    7.06 
2009 1	  39.80   18.02    5.00    6.07 
2009 2	  40.67   21.05    9.33    6.62 
2009 3	 152.37   22.22   11.15    6.50 
2009 4	 206.75   25.09   14.15    7.11 
2009 5	  54.23   29.41   20.06    5.54 
2009 6	  51.45   33.77   22.88    3.60 
2009 7	 139.43   34.86   24.22    2.95 
2009 8	  71.05   34.04   23.77    2.24 
2009 9	 141.68   29.96   21.22    3.87 
2009 10	 290.50   26.15   15.86    6.45 
2009 11	  29.30   21.86   10.24    6.55 
2009 12	 138.45   13.77    4.83    7.31 
2010 1	  68.53   14.75    3.28    6.80 
2010 2	 151.35   13.14    3.24    6.98 
2010 3	  59.35   19.80    8.03    5.91 
2010 4	   7.50   25.96   14.44    5.95 
2010 5	  86.32   31.22   20.41    4.53 
2010 6	 104.03   33.69   24.24    3.97 
2010 7	 224.88   32.91   24.33    4.66 
2010 8	  99.20   34.92   24.83    3.22 
2010 9	 107.63   31.98   22.12    5.61 
2010 10	  15.82   28.90   14.39    4.92 
2010 11	  61.10   21.73   10.36    6.25 
2010 12	  93.12   17.29    5.60    6.93 
