1949 1	 137.37   14.47    3.22    6.00 
1949 2	 132.50   18.64    8.29    5.37 
1949 3	  79.12   22.41    9.85    6.00 
1949 4	 140.80   23.70   12.52    5.77 
1949 5	  26.58   31.68   19.55    4.95 
1949 6	 122.02   33.87   21.55    4.09 
1949 7	  70.08   34.86   22.88    3.57 
1949 8	  43.13   34.93   21.13    3.19 
1949 9	 107.40   32.92   20.12    3.99 
1949 10	 171.80   26.79   16.56    5.41 
1949 11	   5.03   24.69    8.01    5.07 
1949 12	 154.47   18.58    7.75    6.76 
1950 1	  61.08   19.62    9.56    6.32 
1950 2	 107.22   19.84    9.08    4.80 
1950 3	  43.40   21.91    8.52    5.91 
1950 4	 167.87   24.91   13.32    6.02 
1950 5	 117.65   30.32   19.66    5.18 
1950 6	 182.08   32.38   21.39    4.08 
1950 7	  61.95   34.29   22.34    4.32 
1950 8	  41.08   35.99   21.93    3.32 
1950 9	 133.48   31.67   19.76    3.59 
1950 10	   8.75   30.26   15.20    5.04 
1950 11	  12.70   23.48    7.74    6.02 
1950 12	  41.13   19.96    5.23    5.34 
1951 1	  32.17   18.33    4.07    6.58 
1951 2	  55.23   18.66    5.84    6.47 
1951 3	  98.97   24.03   10.31    5.63 
1951 4	  24.23   26.57   12.70    5.57 
1951 5	  86.70   29.90   17.64    4.85 
1951 6	  67.35   33.64   22.30    5.34 
1951 7	  46.32   36.95   23.25    3.65 
1951 8	  17.40   38.81   23.67    3.13 
1951 9	 177.83   32.96   21.01    4.21 
1951 10	  35.95   29.12   15.64    4.84 
1951 11	  77.47   20.14    7.91    6.40 
1951 12	  45.38   19.49    6.74    6.75 
1952 1	  47.05   21.36   10.02    6.12 
1952 2	  73.60   20.24    8.54    6.10 
1952 3	  53.52   21.82    8.48    5.88 
1952 4	 143.18   24.55   11.58    5.05 
1952 5	 146.20   29.33   16.27    3.87 
1952 6	  12.83   33.77   21.73    3.84 
1952 7	  40.23   34.19   21.91    3.25 
1952 8	   6.25   36.95   22.43    3.60 
1952 9	  61.30   33.36   19.22    5.10 
1952 10	   0.00   27.35   10.15    4.87 
1952 11	 159.87   20.96    8.72    6.05 
1952 12	 116.30   15.40    4.21    5.23 
1953 1	  41.27   19.09    4.94    6.48 
1953 2	  81.95   16.89    5.24    5.83 
1953 3	  25.98   24.36   13.59    5.20 
1953 4	 107.05   25.60   11.74    5.51 
1953 5	 193.18   29.44   18.78    4.76 
1953 6	  29.98   34.64   22.11    3.53 
1953 7	  85.02   34.57   22.76    3.45 
1953 8	 180.62   34.81   21.91    2.57 
1953 9	  57.25   32.65   17.39    4.04 
1953 10	 149.62   28.79   13.66    4.76 
1953 11	  44.10   20.96    6.62    5.16 
1953 12	 151.25   14.88    2.79    6.20 
1954 1	  27.28   17.55    4.30    5.46 
1954 2	  18.82   22.82    5.93    5.44 
1954 3	  12.60   21.64    7.56    6.22 
1954 4	 111.70   27.46   15.75    5.23 
1954 5	  76.95   28.18   16.14    4.82 
1954 6	  14.73   34.28   20.88    4.30 
1954 7	 188.70   36.91   22.52    3.56 
1954 8	  32.22   35.69   22.08    4.04 
1954 9	  22.25   35.08   18.52    4.68 
1954 10	  92.88   29.37   15.69    5.43 
1954 11	  45.38   21.68    6.06    5.65 
1954 12	  57.13   19.17    4.51    5.47 
1955 1	  71.47   16.00    4.58    5.21 
1955 2	 133.75   17.69    4.96    6.10 
1955 3	  26.30   23.77    9.89    6.24 
1955 4	  90.82   27.23   15.24    5.27 
1955 5	  64.03   31.27   18.34    4.96 
1955 6	  78.50   32.38   19.11    3.82 
1955 7	  37.77   34.77   21.94    4.00 
1955 8	  78.40   34.84   21.76    2.85 
1955 9	  36.75   33.32   20.21    4.68 
1955 10	  28.38   29.43   11.32    5.16 
1955 11	  66.55   21.81    6.68    6.97 
1955 12	  19.33   17.81    3.73    5.88 
1956 1	  84.18   16.94    2.48    5.54 
1956 2	  78.82   19.08    7.08    5.90 
1956 3	  81.40   21.85    8.71    4.97 
1956 4	  78.65   25.49   13.08    5.81 
1956 5	  98.30   32.10   18.69    4.43 
1956 6	  79.20   34.46   19.83    3.89 
1956 7	  27.28   37.60   21.81    4.09 
1956 8	  21.25   37.21   21.20    3.58 
1956 9	  41.50   34.65   17.56    4.55 
1956 10	  20.88   30.31   13.39    4.14 
1956 11	  78.35   20.30    5.68    5.65 
1956 12	 112.35   19.45    4.29    5.26 
1957 1	  44.02   16.00    4.32    5.35 
1957 2	  53.40   20.24    8.74    4.42 
1957 3	 139.45   20.19    7.49    4.95 
1957 4	 202.68   24.17   12.62    6.14 
1957 5	  63.70   29.21   18.27    5.67 
1957 6	  82.62   31.93   21.01    4.71 
1957 7	  67.10   36.95   22.15    2.82 
1957 8	  17.12   35.89   21.04    3.95 
1957 9	 140.60   31.65   17.13    4.42 
1957 10	 131.60   24.48   11.32    5.51 
1957 11	 152.55   19.91    8.00    6.28 
1957 12	  64.30   19.06    4.63    5.97 
1958 1	 109.93   14.44    1.57    6.99 
1958 2	  65.58   13.78    2.54    6.46 
1958 3	  35.80   18.55    5.57    5.68 
1958 4	 132.82   25.17   11.76    4.94 
1958 5	  78.67   29.83   16.97    3.62 
1958 6	  37.70   35.05   20.82    4.30 
1958 7	  60.70   36.16   21.77    4.13 
1958 8	  33.30   36.40   21.49    3.07 
1958 9	 242.67   31.55   20.74    4.67 
1958 10	  84.97   24.97   13.91    6.00 
1958 11	  52.08   22.08    8.53    4.99 
1958 12	  58.12   15.10    1.65    5.41 
1959 1	  16.05   14.25    0.87    6.11 
1959 2	 108.20   16.38    5.63    5.90 
1959 3	  54.25   21.17    5.65    5.92 
1959 4	 263.85   23.16   11.15    5.53 
1959 5	 133.35   30.38   18.46    4.80 
1959 6	  86.97   32.90   20.33    4.06 
1959 7	  33.12   34.73   21.09    2.64 
1959 8	 106.62   33.86   20.84    3.17 
1959 9	  32.33   32.01   18.85    4.58 
1959 10	 176.73   27.19   12.60    4.83 
1959 11	  42.80   18.99    2.91    6.24 
1959 12	 111.12   17.87    3.89    6.02 
1960 1	  46.10   14.30    3.54    5.82 
1960 2	 122.62   15.30    2.22    6.47 
1960 3	  16.33   17.46    6.22    5.37 
1960 4	 123.30   26.69   14.36    5.61 
1960 5	  29.40   28.78   16.02    5.23 
1960 6	 216.02   35.24   20.84    4.07 
1960 7	  68.92   34.83   22.67    2.72 
1960 8	 142.70   33.25   22.46    3.91 
1960 9	  29.65   32.15   18.26    3.86 
1960 10	 257.85   28.39   15.49    4.33 
1960 11	 156.00   21.91    9.91    5.54 
1960 12	 173.17   14.31    3.88    5.71 
1961 1	  97.85   12.62    1.57    5.97 
1961 2	 177.00   18.74    5.98    5.16 
1961 3	  46.58   23.59   10.62    5.99 
1961 4	  46.92   25.58   11.02    5.69 
1961 5	  38.20   30.75   16.71    5.58 
1961 6	 190.50   31.66   20.01    4.23 
1961 7	 117.47   32.97   21.64    3.58 
1961 8	  79.90   33.82   19.88    2.90 
1961 9	 260.88   31.98   19.31    6.26 
1961 10	  38.95   27.08   12.43    5.38 
1961 11	 146.82   20.59    7.57    6.27 
1961 12	  56.80   16.81    5.10    5.33 
1962 1	  64.92   13.74   -0.18    6.51 
1962 2	  48.85   22.79    8.87    5.95 
1962 3	  25.85   20.26    6.30    5.79 
1962 4	  76.65   25.58   12.75    5.83 
1962 5	  17.00   31.60   17.36    5.68 
1962 6	  93.88   33.32   20.74    3.45 
1962 7	   7.05   36.53   21.66    2.69 
1962 8	  14.20   38.86   21.81    2.88 
1962 9	 118.58   33.24   19.34    3.81 
1962 10	  90.68   29.42   15.50    4.94 
1962 11	 105.00   21.21    7.21    6.16 
1962 12	 164.20   15.71    4.89    5.11 
1963 1	  37.55   11.49   -0.34    6.21 
1963 2	  63.08   17.63    2.22    6.54 
1963 3	  15.88   24.27    9.78    5.61 
1963 4	  77.87   28.56   15.86    6.13 
1963 5	  58.40   31.75   17.51    4.55 
1963 6	  89.97   34.79   20.90    3.97 
1963 7	  12.82   36.07   22.48    4.05 
1963 8	  21.88   37.97   22.03    2.75 
1963 9	  20.32   34.03   20.01    3.92 
1963 10	  15.17   31.83   14.75    4.15 
1963 11	 147.48   22.40   10.15    6.15 
1963 12	  83.72   12.71    0.55    6.61 
1964 1	  84.88   15.77    2.08    5.56 
1964 2	  71.15   13.93    2.79    5.53 
1964 3	  84.27   21.16    7.24    5.83 
1964 4	  97.78   26.23   14.95    6.30 
1964 5	 134.32   30.55   19.08    4.73 
1964 6	  61.42   32.50   20.72    4.24 
1964 7	  22.85   36.02   21.58    3.74 
1964 8	  47.10   37.23   22.78    3.68 
1964 9	 191.32   32.57   19.34    3.95 
1964 10	  67.70   26.17   11.16    5.70 
1964 11	 112.15   24.06   11.30    5.58 
1964 12	  47.43   17.02    5.22    6.51 
1965 1	 179.75   18.66    5.39    5.67 
1965 2	 150.00   15.87    3.61    6.69 
1965 3	  20.67   18.25    5.72    6.60 
1965 4	  23.68   27.64   15.82    5.73 
1965 5	 201.23   29.28   19.12    6.21 
1965 6	  45.17   32.91   20.83    4.39 
1965 7	  27.85   36.13   21.60    2.77 
1965 8	  48.08   35.98   21.38    2.85 
1965 9	  87.22   33.79   20.06    5.04 
1965 10	  55.67   25.94   12.67    5.19 
1965 11	 133.15   24.25   12.79    4.78 
1965 12	 170.23   18.16    6.18    5.87 
1966 1	  80.57   12.46    1.89    6.53 
1966 2	 107.68   15.55    3.15    5.86 
1966 3	  39.65   21.49    8.84    5.51 
1966 4	 122.65   26.34   14.15    5.87 
1966 5	  95.60   28.27   18.09    4.66 
1966 6	  50.37   33.04   19.38    3.70 
1966 7	  37.18   35.82   22.18    2.88 
1966 8	 133.37   33.78   21.67    3.42 
1966 9	 101.90   30.94   18.60    2.71 
1966 10	  29.50   26.50   11.47    5.41 
1966 11	  11.22   24.79   10.66    5.69 
1966 12	  42.38   17.48    4.16    5.86 
1967 1	  31.35   16.97    2.66    5.83 
1967 2	  46.83   18.33    3.42    5.87 
1967 3	  34.02   25.51   10.90    5.43 
1967 4	  83.97   29.27   17.99    6.50 
1967 5	 147.38   29.93   16.90    6.28 
1967 6	   9.67   34.36   20.51    4.75 
1967 7	  51.83   35.45   20.93    4.30 
1967 8	 205.55   34.58   20.51    3.16 
1967 9	 162.68   30.79   18.45    5.15 
1967 10	  92.65   28.28   12.72    5.17 
1967 11	  16.70   22.79    9.44    5.32 
1967 12	  61.60   17.75    4.53    5.55 
1968 1	 141.73   14.01    4.54    6.16 
1968 2	  41.20   15.21    2.69    5.50 
1968 3	  70.52   19.44    7.66    6.06 
1968 4	 145.93   24.99   14.49    6.25 
1968 5	 279.30   28.55   17.74    5.26 
1968 6	 222.75   31.60   21.14    4.22 
1968 7	 100.10   32.94   21.29    3.64 
1968 8	   9.60   34.98   22.20    3.76 
1968 9	 167.95   30.97   18.03    4.67 
1968 10	  99.38   28.97   15.35    4.71 
1968 11	 177.43   21.47    8.04    6.15 
1968 12	  60.98   17.95    4.31    6.51 
1969 1	  38.90   17.63    5.47    6.16 
1969 2	 123.47   18.59    6.87    6.20 
1969 3	 149.95   17.92    5.76    5.90 
1969 4	 141.70   26.32   14.92    5.06 
1969 5	 104.97   28.78   16.99    4.44 
1969 6	  32.28   33.76   20.62    4.81 
1969 7	  40.45   37.63   23.14    3.66 
1969 8	  62.33   37.25   22.74    3.54 
1969 9	  62.65   32.72   19.43    4.27 
1969 10	  88.57   28.62   14.68    6.78 
1969 11	  53.42   21.83    7.53    5.83 
1969 12	  73.98   19.56    5.35    5.02 
1970 1	  62.08   12.89    1.51    6.15 
1970 2	  57.22   18.79    5.53    6.05 
1970 3	 117.15   19.81    7.26    5.56 
1970 4	 116.78   26.62   15.26    6.07 
1970 5	  77.25   28.72   16.50    5.72 
1970 6	   0.95   33.01   19.78    3.90 
1970 7	  21.20   36.05   21.84    3.22 
1970 8	  40.62   37.31   22.22    3.60 
1970 9	 379.65   31.29   20.68    5.56 
1970 10	 130.88   25.32   12.74    5.86 
1970 11	  11.45   21.11    6.24    6.19 
1970 12	   4.62   22.02    8.69    5.38 
1971 1	   0.10   19.96    6.05    6.18 
1971 2	  40.02   19.69    5.63    6.78 
1971 3	  16.10   24.49    8.19    5.85 
1971 4	  44.20   26.33   12.83    5.69 
1971 5	  72.20   29.80   17.11    5.37 
1971 6	  53.35   34.27   21.54    4.46 
1971 7	  44.22   36.57   22.16    3.74 
1971 8	 120.45   33.45   21.02    2.89 
1971 9	 102.10   31.00   19.92    4.55 
1971 10	 151.10   27.97   15.15    4.57 
1971 11	  59.15   23.10    7.64    5.67 
1971 12	 120.95   18.87    7.79    5.32 
1972 1	  51.80   17.82    4.04    6.28 
1972 2	  25.42   18.92    6.14    6.01 
1972 3	  30.75   24.89   11.42    5.62 
1972 4	  72.57   28.65   15.68    6.09 
1972 5	 120.85   29.25   17.13    3.67 
1972 6	 122.15   33.20   20.87    5.07 
1972 7	  62.58   33.44   21.32    4.57 
1972 8	  57.82   33.95   21.09    3.49 
1972 9	 152.40   33.17   21.25    3.55 
1972 10	  75.92   27.84   14.55    5.25 
1972 11	  70.50   16.84    6.15    6.53 
1972 12	  45.82   14.62    1.82    6.16 
1973 1	 101.90   13.09    1.89    6.74 
1973 2	  94.50   15.45    4.43    6.01 
1973 3	 183.93   23.32   11.24    5.65 
1973 4	 170.25   22.56   11.92    6.49 
1973 5	  80.03   29.00   16.47    5.82 
1973 6	 251.25   31.21   20.66    4.73 
1973 7	  52.58   34.57   22.14    3.44 
1973 8	  73.72   33.17   21.09    3.66 
1973 9	 196.00   31.31   20.54    4.00 
1973 10	 194.80   27.86   15.87    5.17 
1973 11	  29.20   24.99   12.36    6.23 
1973 12	  81.85   18.39    3.48    6.46 
1974 1	 181.22   14.51    4.20    4.94 
1974 2	  34.45   20.28    5.38    6.35 
1974 3	  61.88   24.49   13.07    6.11 
1974 4	  37.17   26.36   13.29    7.00 
1974 5	  87.47   30.76   19.51    5.47 
1974 6	   6.28   33.17   20.04    4.49 
1974 7	  71.30   35.53   21.71    2.85 
1974 8	 263.98   32.83   21.83    3.54 
1974 9	 148.67   27.54   17.73    5.96 
1974 10	 163.55   27.28   13.50    6.22 
1974 11	 120.45   20.36    8.58    5.88 
1974 12	  64.32   16.50    4.89    5.25 
1975 1	  66.82   18.36    6.32    5.68 
1975 2	  58.55   17.27    4.85    5.04 
1975 3	  21.10   21.92    8.58    6.07 
1975 4	 138.07   24.47   13.98    6.73 
1975 5	 146.20   29.24   18.84    5.13 
1975 6	  99.53   31.81   21.69    4.70 
1975 7	 116.42   33.35   21.78    3.27 
1975 8	 114.37   33.38   21.63    3.62 
1975 9	  78.65   29.83   17.24    4.36 
1975 10	  96.12   27.92   12.77    5.18 
1975 11	  20.40   22.68    7.91    5.71 
1975 12	  61.47   17.04    4.24    5.80 
1976 1	  25.75   17.12    1.35    6.34 
1976 2	  29.38   22.54    7.80    5.77 
1976 3	  51.20   22.44   10.64    6.57 
1976 4	 173.80   25.77   14.58    5.79 
1976 5	 156.70   27.21   15.84    4.41 
1976 6	  79.20   31.77   19.48    4.54 
1976 7	 113.80   32.23   21.52    3.42 
1976 8	  39.95   35.43   20.88    2.75 
1976 9	 147.27   31.14   18.85    3.48 
1976 10	 154.20   22.25    9.55    5.44 
1976 11	  55.32   16.73    5.15    6.51 
1976 12	 130.43   15.21    1.99    5.85 
1977 1	  57.25   10.25   -1.10    6.11 
1977 2	  72.93   18.78    4.79    6.21 
1977 3	  56.08   22.82    9.56    5.85 
1977 4	 147.07   25.60   12.97    5.09 
1977 5	 100.60   29.94   18.48    4.61 
1977 6	 175.62   33.54   21.53    4.27 
1977 7	   6.02   36.10   22.46    3.24 
1977 8	  41.38   36.05   23.05    3.95 
1977 9	  73.48   34.08   21.25    4.24 
1977 10	  46.45   28.76   13.52    4.48 
1977 11	  90.77   23.40   10.28    5.34 
1977 12	  47.38   17.86    4.08    6.58 
1978 1	 179.78    8.94   -0.27    7.30 
1978 2	  80.08   11.23    0.58    6.25 
1978 3	  14.83   21.35    6.62    4.97 
1978 4	  20.40   26.70   14.23    5.48 
1978 5	  39.03   31.75   18.90    4.81 
1978 6	 119.45   33.95   21.41    3.65 
1978 7	  14.62   37.02   22.85    3.29 
1978 8	  46.18   36.17   22.39    3.75 
1978 9	 190.60   30.81   20.95    5.10 
1978 10	  12.62   27.87   12.63    4.80 
1978 11	 206.55   21.82   11.59    5.24 
1978 12	  89.17   16.19    3.94    6.47 
1979 1	  97.62    9.63   -0.02    7.14 
1979 2	  81.17   13.51    4.19    5.97 
1979 3	 102.62   22.28   10.55    5.85 
1979 4	 131.65   24.86   14.59    4.90 
1979 5	 212.20   27.74   16.17    5.21 
1979 6	  49.27   31.97   20.78    4.22 
1979 7	 168.25   33.07   22.60    4.19 
1979 8	  40.08   33.72   21.41    3.13 
1979 9	 162.00   29.93   17.66    5.49 
1979 10	  47.12   29.23   13.65    4.82 
1979 11	  50.72   20.29    5.78    6.87 
1979 12	  87.70   17.36    3.52    5.82 
1980 1	  78.47   16.12    5.69    5.08 
1980 2	  69.43   16.54    3.62    5.93 
1980 3	  83.57   21.08    7.62    5.65 
1980 4	  22.62   24.80   10.79    5.16 
1980 5	 187.57   29.14   18.47    4.25 
1980 6	  23.95   34.83   22.00    4.86 
1980 7	  20.72   37.68   22.90    2.57 
1980 8	   9.73   36.91   22.81    4.82 
1980 9	 117.77   34.47   21.50    3.78 
1980 10	 113.50   26.10   11.40    5.45 
1980 11	  84.05   19.80    6.76    5.68 
1980 12	  25.38   17.58    5.42    5.23 
1981 1	  63.07   15.75    2.42    5.24 
1981 2	  48.70   17.74    5.30    5.50 
1981 3	  40.40   20.65    8.86    5.45 
1981 4	  72.55   27.61   16.58    5.24 
1981 5	 205.18   28.43   17.14    5.14 
1981 6	 295.00   32.23   22.16    4.91 
1981 7	  34.80   34.52   22.56    3.56 
1981 8	  81.93   36.01   21.66    3.30 
1981 9	  39.53   31.29   17.96    4.29 
1981 10	 191.33   27.03   15.19    5.08 
1981 11	  72.67   23.79    9.96    5.04 
1981 12	  21.00   17.57    4.64    5.96 
1982 1	  33.08   16.73    2.32    6.63 
1982 2	  41.55   15.65    3.33    5.92 
1982 3	  95.58   22.20   11.79    6.23 
1982 4	 124.28   24.62   13.43    5.97 
1982 5	 129.10   29.04   18.08    5.32 
1982 6	  41.15   34.06   20.90    3.74 
1982 7	  39.65   37.17   22.96    3.47 
1982 8	  14.95   37.49   22.48    3.10 
1982 9	  43.78   35.15   18.26    4.81 
1982 10	 154.88   27.58   13.20    5.70 
1982 11	 146.00   20.91    9.74    5.60 
1982 12	  71.20   17.63    5.62    6.58 
1983 1	  75.08   14.20    2.86    5.20 
1983 2	  83.95   15.97    4.18    6.32 
1983 3	 205.50   20.36    7.19    5.50 
1983 4	  15.32   24.11   10.72    6.40 
1983 5	 204.82   28.63   15.89    5.15 
1983 6	 130.07   31.52   20.20    3.88 
1983 7	 103.25   33.64   21.77    4.19 
1983 8	 206.70   34.42   22.05    2.69 
1983 9	 118.55   32.09   18.13    5.01 
1983 10	  72.52   28.34   13.52    4.65 
1983 11	  82.35   22.92    9.75    5.82 
1983 12	  69.12   12.21    0.62    6.89 
1984 1	  44.42   13.33    0.75    6.10 
1984 2	  62.10   19.30    3.86    5.97 
1984 3	  91.80   22.58   10.02    5.40 
1984 4	   4.12   27.63   13.16    5.94 
1984 5	  72.98   30.77   17.76    6.00 
1984 6	 127.82   32.71   20.36    4.53 
1984 7	  85.65   35.27   21.59    3.23 
1984 8	 103.18   35.16   21.74    3.36 
1984 9	  88.70   31.15   18.08    6.15 
1984 10	 245.33   26.98   16.66    5.39 
1984 11	  65.95   21.46    9.07    6.14 
1984 12	 112.40   21.28   10.19    6.19 
1985 1	  85.72   12.53    0.16    5.79 
1985 2	 133.45   14.70    3.60    6.07 
1985 3	 116.65   23.03   13.07    5.97 
1985 4	  37.62   26.65   15.36    5.99 
1985 5	  53.12   30.23   17.77    4.22 
1985 6	 105.30   33.78   21.38    4.84 
1985 7	  18.45   34.53   22.23    3.16 
1985 8	   9.77   37.74   22.65    2.98 
1985 9	 134.52   33.34   20.11    5.47 
1985 10	 134.90   25.88   16.87    6.68 
1985 11	 146.82   22.33   12.67    5.64 
1985 12	  48.90   14.34    2.26    5.74 
1986 1	  35.33   17.37    4.11    5.75 
1986 2	  59.88   19.63    7.55    5.87 
1986 3	  37.80   23.40    9.25    4.92 
1986 4	 113.68   26.55   15.65    5.45 
1986 5	 150.57   27.26   18.04    4.97 
1986 6	 144.15   31.34   21.86    3.25 
1986 7	   0.15   35.11   22.52    3.61 
1986 8	  74.50   33.94   21.78    3.15 
1986 9	 123.20   31.20   22.23    4.28 
1986 10	 101.40   25.02   14.00    5.10 
1986 11	  85.38   19.45   10.13    6.17 
1986 12	 196.22   13.87    5.44    6.00 
1987 1	  36.60   15.13    3.31    5.53 
1987 2	  98.73   17.06    6.49    5.95 
1987 3	  38.50   20.19    6.47    5.30 
1987 4	  16.90   26.46   10.27    3.94 
1987 5	 189.15   28.92   18.64    4.13 
1987 6	 229.72   30.57   21.35    4.54 
1987 7	 118.47   32.23   21.97    3.81 
1987 8	  27.28   35.21   22.67    3.57 
1987 9	  72.65   30.99   18.40    4.15 
1987 10	  10.95   26.98   11.40    5.33 
1987 11	 180.78   20.90    8.21    6.21 
1987 12	 105.12   16.37    4.48    5.74 
1988 1	  19.55   12.98    0.90    6.53 
1988 2	  42.00   16.05    3.89    6.08 
1988 3	  71.75   21.97    8.68    6.01 
1988 4	  66.28   25.68   11.10    4.74 
1988 5	  85.48   28.30   15.47    4.37 
1988 6	  23.65   31.76   19.69    4.04 
1988 7	  95.42   34.41   22.25    3.64 
1988 8	  52.62   36.22   22.70    3.47 
1988 9	  17.88   32.95   19.18    5.28 
1988 10	  47.42   28.58   14.27    4.83 
1988 11	  17.65   23.64   10.67    6.48 
1988 12	  55.78   17.75    5.67    5.66 
1989 1	 197.43   17.14    7.08    5.50 
1989 2	  10.73   14.14    4.42    7.30 
1989 3	 155.45   20.68    9.00    6.24 
1989 4	  34.97   24.94   13.81    5.21 
1989 5	  83.53   29.35   19.34    5.42 
1989 6	 146.88   30.93   20.83    5.48 
1989 7	  58.93   32.05   21.75    3.79 
1989 8	  47.60   32.66   21.35    3.50 
1989 9	  27.17   30.98   17.05    5.13 
1989 10	  42.90   27.44   12.98    5.37 
1989 11	  47.92   21.39   10.36    6.09 
1989 12	  10.68   11.38   -1.21    6.72 
1990 1	 145.95   18.30    6.78    5.45 
1990 2	 133.35   19.69    8.01    6.45 
1990 3	 107.67   21.07   10.82    5.96 
1990 4	  46.88   24.88   14.45    5.91 
1990 5	  65.90   29.75   19.74    5.80 
1990 6	   5.95   34.85   22.59    4.40 
1990 7	  72.55   33.70   22.35    3.50 
1990 8	   8.18   35.67   22.70    2.94 
1990 9	  67.87   31.97   20.70    3.26 
1990 10	  49.77   26.08   12.10    5.23 
1990 11	  58.62   22.50   10.54    5.84 
1990 12	  95.38   16.37    3.73    5.84 
1991 1	 286.48   12.17    3.78    6.03 
1991 2	  81.08   17.54    7.22    5.75 
1991 3	  53.78   22.75   10.98    6.45 
1991 4	 156.48   25.75   16.75    5.61 
1991 5	  89.47   28.63   20.19    5.63 
1991 6	  69.32   32.03   22.37    4.15 
1991 7	  14.52   33.79   22.73    3.25 
1991 8	 103.98   34.02   22.65    2.84 
1991 9	 100.12   29.06   19.32    4.72 
1991 10	  42.53   28.48   14.58    5.02 
1991 11	  46.78   17.94    6.80    6.91 
1991 12	 220.20   16.86    7.69    6.39 
1992 1	 127.95   13.81    4.47    5.53 
1992 2	 225.45   18.73    8.20    5.56 
1992 3	 108.97   22.04   11.19    5.41 
1992 4	  97.32   24.04   13.94    4.41 
1992 5	 225.10   26.83   16.80    4.30 
1992 6	  84.72   31.82   22.03    3.46 
1992 7	  49.35   33.26   23.21    4.70 
1992 8	  38.90   32.34   20.38    3.07 
1992 9	  41.67   31.31   19.95    4.90 
1992 10	  80.20   28.16   13.29    5.08 
1992 11	 139.00   18.18    6.98    6.22 
1992 12	 130.90   16.02    6.71    5.04 
1993 1	 135.30   14.74    4.52    5.44 
1993 2	  57.07   16.85    6.10    5.92 
1993 3	 109.15   19.80    9.04    5.02 
1993 4	 100.80   22.90   12.06    5.83 
1993 5	 137.23   26.90   16.24    4.70 
1993 6	 291.87   30.13   22.14    5.70 
1993 7	   1.10   33.68   23.16    4.21 
1993 8	  22.82   35.09   22.97    3.11 
1993 9	  22.20   32.13   19.16    4.38 
1993 10	 160.40   25.17   13.63    5.63 
1993 11	  76.48   17.33    5.64    6.08 
1993 12	  74.68   16.70    6.44    5.98 
1994 1	  41.03   15.00    4.14    6.66 
1994 2	  91.17   16.21    5.11    5.91 
1994 3	  41.50   20.60    9.78    5.07 
1994 4	  29.95   25.22   13.50    5.35 
1994 5	 126.13   27.14   17.27    4.59 
1994 6	 150.12   31.44   22.67    4.27 
1994 7	  47.93   33.27   22.63    4.32 
1994 8	  54.83   32.08   22.02    3.28 
1994 9	 132.02   30.02   18.00    3.65 
1994 10	 531.23   25.43   15.09    5.43 
1994 11	  45.47   22.43   12.40    6.05 
1994 12	 157.95   16.58    7.47    5.58 
1995 1	 111.63   15.53    5.58    6.38 
1995 2	  43.28   19.19    6.37    5.08 
1995 3	 107.40   20.12   10.40    5.76 
1995 4	  74.60   25.19   12.72    6.01 
1995 5	 130.88   29.63   17.87    5.55 
1995 6	  62.78   31.72   19.43    4.01 
1995 7	 110.57   34.55   22.28    3.63 
1995 8	  49.25   33.71   22.40    3.17 
1995 9	  53.10   32.18   19.32    3.99 
1995 10	  86.10   27.22   12.46    6.75 
1995 11	  53.88   20.80    7.73    5.95 
1995 12	 110.18   17.06    6.12    6.39 
1996 1	   0.45   16.82    1.94    6.65 
1996 2	  26.62   19.39    6.98    6.39 
1996 3	  10.82   18.79    5.88    6.25 
1996 4	  59.60   26.64   11.91    5.90 
1996 5	  28.90   32.42   20.42    5.68 
1996 6	  69.85   34.70   21.03    4.04 
1996 7	  60.58   36.89   22.58    3.80 
1996 8	 176.98   34.96   21.78    3.86 
1996 9	 121.07   31.07   18.49    3.55 
1996 10	  29.20   27.15   13.35    6.37 
1996 11	  95.67   21.55    9.55    6.41 
1996 12	  84.43   18.56    5.26    5.70 
1997 1	 114.90   14.84    3.66    6.35 
1997 2	 160.12   16.52    5.84    6.32 
1997 3	  85.50   22.80   11.19    4.90 
1997 4	 153.45   22.53   10.55    6.36 
1997 5	  61.80   28.34   16.64    4.52 
1997 6	 135.58   31.69   20.48    3.72 
1997 7	  48.95   36.02   21.84    2.52 
1997 8	  86.97   35.68   21.87    3.41 
1997 9	 119.05   34.61   18.60    3.63 
1997 10	  89.43   26.96   13.60    6.25 
1997 11	 138.25   18.80    6.17    5.60 
1997 12	 105.20   16.28    2.13    6.07 
1998 1	  56.17   18.75    5.70    5.31 
1998 2	 143.00   19.62    5.26    5.45 
1998 3	  48.35   20.19    8.25    6.49 
1998 4	  36.67   25.34   10.71    5.34 
1998 5	   7.20   32.54   18.68    4.39 
1998 6	  43.70   36.31   23.71    6.20 
1998 7	  13.67   38.42   23.43    4.02 
1998 8	 116.35   36.30   22.75    2.91 
1998 9	 231.93   33.54   21.96    6.11 
1998 10	 188.12   27.37   15.36    6.52 
1998 11	 242.73   21.88   11.39    5.50 
1998 12	  91.23   16.80    5.53    6.03 
1999 1	 104.22   19.12    5.86    6.66 
1999 2	   5.22   22.00    8.15    5.31 
1999 3	  94.28   22.43    9.26    5.55 
1999 4	  57.53   27.38   14.25    6.25 
1999 5	 150.48   30.18   17.62    4.61 
1999 6	 123.35   32.38   21.76    4.62 
1999 7	  63.30   34.09   21.87    3.27 
1999 8	  31.60   38.99   22.07    2.69 
1999 9	  28.38   35.11   16.43    4.61 
1999 10	  20.70   29.82   10.15    5.46 
1999 11	  15.55   26.10    7.52    4.99 
1999 12	  21.75   19.67    2.40    6.35 
2000 1	  74.78   18.65    4.94    6.35 
2000 2	  25.67   22.50    7.19    6.00 
2000 3	  58.65   24.64   11.80    5.09 
2000 4	 106.72   27.31   12.09    5.01 
2000 5	 166.02   30.61   19.93    5.36 
2000 6	  76.43   32.61   21.23    4.82 
2000 7	   7.62   38.18   21.27    2.96 
2000 8	  43.17   39.18   21.13    2.51 
2000 9	  71.57   35.91   17.93    5.04 
2000 10	  61.52   28.19   14.89    5.84 
2000 11	 272.40   18.65    7.32    5.96 
2000 12	  84.72   13.61    1.21    6.41 
2001 1	  98.05   13.35    1.82    5.62 
2001 2	  48.67   18.91    7.54    5.57 
2001 3	 151.15   17.76    6.44    5.09 
2001 4	  12.30   27.34   15.01    6.50 
2001 5	 102.28   31.03   17.08    4.91 
2001 6	 259.90   33.01   20.35    3.72 
2001 7	  21.67   35.97   22.02    2.98 
2001 8	 131.50   36.91   21.94    3.78 
2001 9	  97.70   31.28   18.19    5.08 
2001 10	 141.45   26.86   10.87    5.72 
2001 11	  82.38   24.83    9.42    5.10 
2001 12	 103.57   19.52    4.87    5.59 
2002 1	  38.60   18.62    4.04    5.66 
2002 2	  43.85   18.00    1.53    6.18 
2002 3	  23.92   22.21    8.25    6.31 
2002 4	  60.50   28.69   17.10    5.61 
2002 5	  14.48   32.22   17.43    6.16 
2002 6	 116.48   35.30   20.49    4.35 
2002 7	 153.60   34.00   22.39    3.82 
2002 8	 148.75   35.26   21.89    3.53 
2002 9	  75.05   32.88   19.25    5.67 
2002 10	 264.20   26.20   16.07    4.57 
2002 11	 226.65   20.22    6.60    5.80 
2002 12	 213.80   18.09    4.66    6.50 
2003 1	  34.10   15.57    2.19    5.64 
2003 2	 117.63   16.56    4.90    5.88 
2003 3	  45.12   21.43    8.40    4.09 
2003 4	   8.60   27.09   14.49    5.12 
2003 5	   5.03   33.00   19.49    5.18 
2003 6	 168.18   34.15   21.02    3.58 
2003 7	  29.23   34.47   22.34    3.88 
2003 8	  85.52   36.80   22.31    3.21 
2003 9	 178.65   30.19   18.15    4.53 
2003 10	 118.00   27.80   13.31    4.92 
2003 11	  62.72   23.52   10.42    6.26 
2003 12	  38.15   18.58    1.65    6.01 
2004 1	 137.45   17.03    5.21    6.01 
2004 2	 172.20   15.07    3.85    6.02 
2004 3	  93.43   24.47   12.14    5.30 
2004 4	  89.75   25.43   12.99    5.57 
2004 5	 107.15   28.91   18.02    5.62 
2004 6	 304.88   31.36   21.48    4.31 
2004 7	  31.10   33.66   21.62    2.99 
2004 8	  67.75   34.22   20.54    3.97 
2004 9	  32.95   33.08   18.16    4.05 
2004 10	  77.45   30.75   18.03    5.16 
2004 11	 202.82   21.91    9.56    5.80 
2004 12	  49.85   17.79    1.55    6.25 
2005 1	  94.08   19.03    6.26    5.51 
2005 2	  81.08   17.72    7.33    5.50 
2005 3	  80.68   22.31    7.83    4.73 
2005 4	  29.83   26.54    9.84    5.34 
2005 5	  74.55   29.79   16.33    4.31 
2005 6	   1.30   35.57   20.67    3.78 
2005 7	 121.73   35.97   22.17    3.73 
2005 8	  57.85   36.32   21.99    3.07 
2005 9	  50.93   37.07   20.40    4.63 
2005 10	  90.97   29.30   11.42    5.70 
2005 11	  18.55   25.10    9.41    6.05 
2005 12	  55.92   17.26    1.27    6.18 
2006 1	  44.58   21.12    3.24    5.74 
2006 2	  58.35   18.03    3.76    5.83 
2006 3	  72.58   24.27   10.98    6.24 
2006 4	  98.53   29.33   15.73    5.44 
2006 5	  47.10   31.53   16.87    4.91 
2006 6	 131.15   34.26   19.65    2.85 
2006 7	  84.38   34.16   22.20    3.07 
2006 8	  35.83   37.20   22.18    3.27 
2006 9	 106.47   33.62   17.75    3.91 
2006 10	 166.12   27.90   13.84    5.54 
2006 11	  33.88   22.98    7.99    5.62 
2006 12	  98.95   17.58    5.14    6.21 
2007 1	 292.50   13.86    2.38    6.20 
2007 2	   7.40   17.49    3.93    5.45 
2007 3	 158.32   24.72   11.31    5.32 
2007 4	  64.33   24.25   10.45    5.48 
2007 5	 100.40   30.00   16.56    5.02 
2007 6	 126.60   33.33   20.57    4.14 
2007 7	 161.25   31.98   21.79    4.08 
2007 8	  76.78   34.53   22.59    3.15 
2007 9	  26.85   33.37   19.03    3.65 
2007 10	  60.12   29.34   11.27    5.61 
2007 11	  91.40   23.35    8.18    4.98 
2007 12	  67.27   19.95    3.30    4.83 
2008 1	  74.22   16.74    0.03    6.69 
2008 2	  71.22   21.63    4.61    5.82 
2008 3	  76.40   23.21    8.76    6.66 
2008 4	  58.28   27.09   11.78    5.73 
2008 5	 154.82   30.08   17.68    5.64 
2008 6	  64.75   35.61   21.65    4.41 
2008 7	  28.88   35.60   20.89    3.81 
2008 8	 187.55   34.11   22.07    3.36 
2008 9	 129.27   31.56   16.57    5.59 
2008 10	  51.50   27.50    9.73    5.12 
2008 11	  68.65   23.31    7.56    5.40 
2008 12	  23.03   17.31    2.96    6.80 
2009 1	  20.93   17.79    1.13    5.54 
2009 2	  16.00   22.65    6.24    6.24 
2009 3	  93.68   23.10    8.79    5.84 
2009 4	 322.20   25.24   11.53    6.23 
2009 5	  42.93   29.93   17.48    4.94 
2009 6	   0.18   36.20   20.94    3.71 
2009 7	  22.67   38.09   23.01    3.12 
2009 8	  53.25   38.68   23.17    2.37 
2009 9	 164.80   30.76   19.10    3.46 
2009 10	 248.83   26.10   13.92    5.97 
2009 11	  34.88   22.24    7.47    5.65 
2009 12	 138.67   12.47    2.06    6.33 
2010 1	  65.30   14.32    1.01    6.08 
2010 2	 107.70   12.32    1.55    6.18 
2010 3	  27.90   20.90    5.87    5.13 
2010 4	  87.97   25.94   11.84    5.47 
2010 5	  72.10   31.73   18.14    4.47 
2010 6	 132.93   33.26   22.42    4.29 
2010 7	  97.33   33.52   22.63    4.34 
2010 8	  18.73   37.61   22.25    2.81 
2010 9	 122.48   32.73   19.73    5.04 
2010 10	   0.00   30.04   10.68    4.65 
2010 11	  29.80   23.30    7.89    6.14 
2010 12	  33.85   18.26    3.60    6.38 
