1949 1	 117.53   11.63   -0.59    3.46 
1949 2	 161.38   15.26    2.26    3.05 
1949 3	  58.75   20.04    7.32    3.38 
1949 4	  73.22   23.77   10.71    3.06 
1949 5	 213.40   30.00   17.38    2.94 
1949 6	 103.28   33.26   20.20    2.51 
1949 7	   4.47   36.02   21.72    2.14 
1949 8	  24.38   35.70   20.36    2.00 
1949 9	  18.12   32.28   17.85    2.28 
1949 10	 164.90   25.08   12.69    3.26 
1949 11	  15.23   24.01    6.82    2.75 
1949 12	  43.40   16.21    4.01    3.69 
1950 1	  75.73   16.45    4.90    3.71 
1950 2	 151.73   18.69    4.78    2.96 
1950 3	  14.35   21.53    5.91    3.81 
1950 4	 119.90   25.53   11.22    3.57 
1950 5	  62.75   29.51   16.96    2.83 
1950 6	 145.22   32.11   19.60    2.78 
1950 7	  82.97   32.80   21.28    2.63 
1950 8	  40.02   35.38   20.48    2.21 
1950 9	  79.35   30.20   17.97    2.37 
1950 10	   8.68   30.38   13.39    2.71 
1950 11	   4.78   22.42    4.78    3.51 
1950 12	   1.12   17.15    0.30    3.00 
1951 1	  20.88   16.57    0.45    3.75 
1951 2	  40.00   17.66    3.09    3.79 
1951 3	  22.98   23.46    6.49    3.76 
1951 4	  30.83   26.82   10.84    3.65 
1951 5	  70.62   29.38   16.05    3.12 
1951 6	 195.90   32.55   20.64    3.34 
1951 7	  21.20   37.41   22.97    2.30 
1951 8	  13.65   40.18   23.42    2.34 
1951 9	  27.62   34.09   18.68    2.31 
1951 10	  61.43   28.86   13.44    2.61 
1951 11	  20.35   18.72    4.73    3.61 
1951 12	   0.78   18.57    2.61    3.76 
1952 1	  11.38   20.90    5.47    3.64 
1952 2	  51.90   20.43    4.82    3.83 
1952 3	  70.67   21.10    6.13    3.43 
1952 4	 147.27   23.91    9.20    3.26 
1952 5	 144.80   29.37   14.58    2.62 
1952 6	   1.33   35.26   20.86    2.68 
1952 7	  43.97   36.05   21.96    1.94 
1952 8	   2.20   39.62   23.52    2.75 
1952 9	  34.22   34.06   17.30    2.33 
1952 10	   2.72   27.92    7.88    2.53 
1952 11	 232.57   19.06    6.85    3.33 
1952 12	  84.93   14.49    1.66    2.88 
1953 1	  10.15   19.41    3.26    4.14 
1953 2	  30.60   18.32    3.02    3.01 
1953 3	  59.77   23.85    9.75    3.07 
1953 4	  83.05   25.25    9.82    3.05 
1953 5	 114.18   28.83   15.65    2.88 
1953 6	  14.25   37.22   22.04    2.43 
1953 7	  49.85   35.60   22.58    2.10 
1953 8	 149.85   35.02   21.53    1.93 
1953 9	  35.38   34.09   16.39    1.73 
1953 10	  96.47   27.83   13.51    2.31 
1953 11	  40.60   19.02    5.57    2.63 
1953 12	  31.12   14.36    1.24    3.30 
1954 1	  31.62   15.49    1.64    3.51 
1954 2	  18.15   23.60    4.96    3.39 
1954 3	  27.20   22.05    5.94    3.72 
1954 4	  73.40   29.02   15.02    3.62 
1954 5	  66.83   27.42   14.64    2.76 
1954 6	  20.93   35.69   20.92    2.74 
1954 7	  51.40   39.28   23.53    2.55 
1954 8	   4.38   38.10   23.40    2.67 
1954 9	  51.85   36.00   19.43    2.27 
1954 10	  68.20   28.49   14.57    2.57 
1954 11	  46.35   21.08    5.58    2.85 
1954 12	  20.70   18.18    2.79    3.12 
1955 1	  35.67   14.78    2.32    2.88 
1955 2	  55.85   16.30    2.99    4.01 
1955 3	  35.67   23.09    7.12    3.79 
1955 4	  74.75   28.51   13.88    3.38 
1955 5	 157.62   31.12   17.29    2.97 
1955 6	 111.75   31.88   18.86    2.28 
1955 7	  15.07   36.06   22.42    2.19 
1955 8	 111.70   35.37   21.32    1.75 
1955 9	  87.08   33.28   20.27    2.00 
1955 10	  25.72   28.32   11.56    2.81 
1955 11	   7.05   22.26    5.24    3.82 
1955 12	  18.70   17.23    2.28    3.26 
1956 1	  38.02   15.23    0.75    3.60 
1956 2	  64.80   17.12    4.12    3.35 
1956 3	   6.85   24.06    6.79    3.19 
1956 4	  55.17   25.94   11.13    3.30 
1956 5	 108.80   31.95   17.88    2.92 
1956 6	  28.62   35.70   21.55    2.53 
1956 7	   6.23   38.50   23.11    3.05 
1956 8	  78.05   38.47   22.18    2.75 
1956 9	   2.48   34.75   18.41    2.39 
1956 10	  74.85   29.31   13.94    2.29 
1956 11	  79.03   19.56    3.96    3.14 
1956 12	  51.22   18.82    2.98    3.13 
1957 1	  32.42   14.46    1.63    3.30 
1957 2	  50.58   19.27    7.69    2.85 
1957 3	 135.23   19.18    6.79    3.06 
1957 4	 301.65   23.40   11.80    3.51 
1957 5	 250.40   27.80   16.36    3.05 
1957 6	  42.90   32.93   20.70    2.27 
1957 7	  17.73   38.52   23.07    1.67 
1957 8	   2.88   37.36   22.79    2.32 
1957 9	 131.22   31.45   17.46    2.60 
1957 10	 182.28   23.43   11.06    2.94 
1957 11	 157.43   17.40    6.10    3.42 
1957 12	  55.95   18.62    4.37    3.44 
1958 1	  51.57   14.89    1.23    3.73 
1958 2	  32.92   12.89    1.76    3.89 
1958 3	  80.40   16.27    4.54    3.24 
1958 4	 154.30   23.95   10.77    3.00 
1958 5	  69.43   29.89   16.09    2.41 
1958 6	  63.35   34.53   21.35    2.42 
1958 7	  80.45   35.77   22.92    2.95 
1958 8	 104.23   36.40   21.93    2.09 
1958 9	 164.53   30.42   20.13    2.36 
1958 10	  73.32   24.85   12.96    2.99 
1958 11	  58.85   21.57    7.23    2.74 
1958 12	  38.53   15.07   -0.16    3.20 
1959 1	   1.67   14.47   -0.20    3.69 
1959 2	  80.18   16.23    3.75    3.39 
1959 3	  19.92   23.49    5.32    3.60 
1959 4	  99.18   24.81   10.59    3.55 
1959 5	 106.08   29.46   17.90    3.11 
1959 6	 174.03   32.52   20.15    2.47 
1959 7	  62.25   34.02   21.53    1.56 
1959 8	  40.83   35.31   21.73    2.06 
1959 9	  72.55   32.60   19.46    2.85 
1959 10	 239.80   25.94   11.98    2.65 
1959 11	  30.70   17.52    2.61    3.30 
1959 12	 113.38   16.76    4.59    3.37 
1960 1	  66.13   14.06    1.81    3.30 
1960 2	  42.53   14.18    0.24    3.85 
1960 3	  19.80   17.15    3.97    3.26 
1960 4	  52.00   27.56   13.02    3.76 
1960 5	  91.88   28.99   15.18    3.25 
1960 6	  48.75   34.39   20.81    2.66 
1960 7	 105.77   35.43   22.10    1.81 
1960 8	  59.92   35.51   21.91    2.10 
1960 9	  29.07   33.75   18.15    1.84 
1960 10	  47.25   28.00   14.40    2.33 
1960 11	  17.70   22.50    7.36    3.01 
1960 12	 144.62   12.47    1.21    3.11 
1961 1	 119.35   12.51   -1.38    3.23 
1961 2	  85.22   18.93    4.06    3.52 
1961 3	  74.90   23.27    8.46    3.54 
1961 4	  13.60   25.87   10.59    3.87 
1961 5	  43.78   29.54   16.66    3.53 
1961 6	 255.12   31.32   19.34    2.50 
1961 7	  24.95   33.46   21.31    2.21 
1961 8	  23.12   34.81   20.07    1.78 
1961 9	  91.35   31.59   18.46    3.52 
1961 10	 107.43   26.86   12.84    2.83 
1961 11	  62.68   18.15    6.06    3.38 
1961 12	  45.53   14.91    2.40    3.14 
1962 1	  13.82   12.92   -2.23    3.68 
1962 2	  34.33   21.32    4.80    3.55 
1962 3	  19.17   19.62    4.48    3.51 
1962 4	  95.12   24.48   11.40    3.46 
1962 5	  42.70   31.13   17.47    3.99 
1962 6	 142.40   32.41   18.98    1.92 
1962 7	  28.38   36.66   22.02    2.17 
1962 8	  50.30   37.66   21.66    2.08 
1962 9	 151.45   32.05   19.02    2.05 
1962 10	 102.05   27.40   14.82    2.78 
1962 11	  59.85   18.70    6.92    3.31 
1962 12	  32.52   14.97    2.81    2.84 
1963 1	  15.12   11.55   -2.96    3.31 
1963 2	   1.35   17.58    0.09    3.68 
1963 3	  19.35   23.80    8.55    3.68 
1963 4	 101.70   28.51   14.81    4.30 
1963 5	  56.95   29.59   17.28    3.11 
1963 6	  56.42   34.63   21.18    2.33 
1963 7	  18.25   37.92   23.27    2.85 
1963 8	  35.65   38.28   22.85    2.16 
1963 9	  32.02   33.39   19.13    2.17 
1963 10	   9.98   31.38   14.23    1.63 
1963 11	  62.25   21.50    8.08    3.50 
1963 12	  35.00   10.72   -1.45    3.47 
1964 1	  87.35   14.14   -0.57    3.45 
1964 2	  26.93   13.72    0.28    3.25 
1964 3	 105.00   21.20    6.41    3.38 
1964 4	 136.82   25.96   13.56    4.05 
1964 5	  54.52   28.95   17.34    3.04 
1964 6	  40.10   33.42   19.84    2.89 
1964 7	   3.77   37.96   22.73    2.29 
1964 8	  54.75   36.74   23.12    2.65 
1964 9	 121.58   31.00   19.45    2.14 
1964 10	  22.50   25.37   10.36    2.78 
1964 11	 125.57   20.97    8.24    2.97 
1964 12	  22.75   15.95    2.23    3.56 
1965 1	  79.20   16.08    2.86    3.30 
1965 2	 128.50   14.03    1.66    3.72 
1965 3	  40.75   15.15    2.96    3.57 
1965 4	  40.30   26.87   13.66    3.32 
1965 5	 210.43   27.32   17.74    3.52 
1965 6	  41.12   32.66   20.65    2.58 
1965 7	   3.60   36.77   22.27    2.03 
1965 8	  48.70   36.27   21.18    2.04 
1965 9	  63.03   32.45   19.29    2.87 
1965 10	  46.53   25.51   11.30    2.74 
1965 11	  55.62   22.27   10.61    2.70 
1965 12	  68.65   16.31    5.14    3.22 
1966 1	  25.85   10.23   -0.35    3.61 
1966 2	  77.33   14.45    1.50    3.63 
1966 3	  39.20   21.15    7.48    3.44 
1966 4	 209.07   25.04   11.74    3.79 
1966 5	  47.55   27.47   15.99    2.76 
1966 6	  86.40   32.06   19.66    2.18 
1966 7	  34.12   36.34   22.86    2.16 
1966 8	 118.20   33.30   20.94    1.98 
1966 9	  96.92   29.43   17.48    1.72 
1966 10	  34.22   25.47   10.26    2.78 
1966 11	   6.70   22.72    8.62    3.24 
1966 12	  23.83   14.65    1.14    3.39 
1967 1	   5.80   16.82    1.42    3.69 
1967 2	  20.22   17.07    1.19    3.38 
1967 3	  40.03   25.29    9.67    3.84 
1967 4	  75.25   28.10   16.16    4.30 
1967 5	  62.45   29.41   15.26    3.67 
1967 6	  81.08   33.74   21.21    2.93 
1967 7	  95.15   34.56   21.45    2.80 
1967 8	   7.90   36.04   20.56    1.90 
1967 9	 101.17   29.30   16.98    2.57 
1967 10	  85.33   26.38   11.19    2.79 
1967 11	  44.45   19.50    6.18    2.76 
1967 12	  60.70   13.85    2.00    3.11 
1968 1	 106.62   11.11    2.91    3.67 
1968 2	  47.35   13.75    0.78    2.86 
1968 3	 100.33   18.99    6.60    3.72 
1968 4	  67.43   24.81   12.31    3.66 
1968 5	 240.73   28.39   16.24    3.21 
1968 6	  86.88   31.50   20.29    2.39 
1968 7	  41.47   33.41   21.10    2.13 
1968 8	  67.30   34.77   21.81    2.47 
1968 9	  57.02   31.58   16.35    2.35 
1968 10	  34.50   27.37   13.02    2.50 
1968 11	  88.47   18.36    5.30    3.39 
1968 12	  26.50   15.53    1.31    3.79 
1969 1	  24.10   16.11    3.59    3.61 
1969 2	  57.07   15.75    3.68    3.55 
1969 3	 104.93   15.95    3.66    3.58 
1969 4	  73.45   24.86   12.58    3.10 
1969 5	 317.17   29.01   16.02    2.16 
1969 6	  34.45   33.60   20.06    3.17 
1969 7	  12.62   37.75   23.48    2.30 
1969 8	  48.85   36.52   22.51    2.17 
1969 9	  46.62   32.02   18.66    2.02 
1969 10	 107.35   25.20   12.70    3.63 
1969 11	  24.48   20.21    5.25    2.73 
1969 12	  61.03   16.47    3.15    2.61 
1970 1	  26.05   11.48   -1.14    3.03 
1970 2	 116.40   16.14    3.48    3.47 
1970 3	  92.33   17.28    5.25    3.38 
1970 4	 128.42   25.20   13.01    3.76 
1970 5	  92.60   28.31   15.06    2.91 
1970 6	  15.35   32.86   19.23    2.42 
1970 7	  19.47   35.70   21.14    2.12 
1970 8	  74.82   36.27   21.94    2.20 
1970 9	 170.65   30.88   19.49    2.70 
1970 10	 113.27   23.61   11.49    2.74 
1970 11	   5.55   19.54    4.75    3.72 
1970 12	  15.58   19.30    5.62    3.18 
1971 1	   6.62   17.46    0.61    3.67 
1971 2	  34.15   17.76    2.77    4.07 
1971 3	  10.00   22.47    5.40    3.75 
1971 4	 112.00   25.21   10.88    3.44 
1971 5	  98.95   29.03   15.75    3.35 
1971 6	  24.50   34.27   21.06    2.88 
1971 7	 139.95   35.46   21.90    2.47 
1971 8	  87.33   31.95   20.52    1.71 
1971 9	  59.60   30.85   18.94    2.57 
1971 10	 295.17   26.67   14.61    2.45 
1971 11	  37.70   19.50    7.43    3.04 
1971 12	 135.80   16.10    5.64    3.25 
1972 1	  46.03   13.82    0.75    3.75 
1972 2	   7.00   19.02    2.75    3.49 
1972 3	  13.38   24.82    8.96    3.55 
1972 4	  90.97   28.38   13.89    4.01 
1972 5	  67.33   29.28   15.74    2.00 
1972 6	  36.28   35.31   20.53    2.60 
1972 7	  47.17   34.46   21.09    2.63 
1972 8	  45.42   36.06   21.32    2.13 
1972 9	  91.42   33.06   20.72    1.94 
1972 10	 150.98   26.13   12.89    2.69 
1972 11	  78.35   14.87    4.17    3.39 
1972 12	  21.70   13.11   -0.17    3.35 
1973 1	  91.42   11.01   -0.36    4.14 
1973 2	  54.37   14.74    2.41    3.32 
1973 3	  75.45   22.24    9.14    3.46 
1973 4	 218.92   21.62   10.27    3.62 
1973 5	  69.45   29.40   14.79    3.50 
1973 6	 242.23   31.60   19.23    2.75 
1973 7	 149.00   34.29   21.93    2.16 
1973 8	   1.08   35.04   20.26    2.05 
1973 9	 112.85   31.30   19.37    2.40 
1973 10	 152.22   26.42   14.30    2.48 
1973 11	  57.75   22.23   10.22    3.54 
1973 12	  14.10   17.18    1.58    3.52 
1974 1	  57.03   13.44    0.51    3.20 
1974 2	  27.97   20.14    2.86    4.12 
1974 3	  17.23   24.95   10.59    4.50 
1974 4	  43.40   26.95   11.86    4.22 
1974 5	  60.10   31.63   18.58    3.36 
1974 6	  92.07   33.63   18.96    2.84 
1974 7	  11.55   37.82   21.58    1.99 
1974 8	 217.55   34.19   21.16    2.44 
1974 9	 124.68   26.05   15.61    3.03 
1974 10	 131.07   26.63   13.23    2.89 
1974 11	  57.08   18.53    6.51    3.17 
1974 12	  35.17   14.24    1.61    3.01 
1975 1	  57.22   15.94    2.97    3.51 
1975 2	  72.40   15.83    1.48    3.30 
1975 3	  53.80   19.31    5.66    4.00 
1975 4	  97.32   24.02   12.17    4.21 
1975 5	 154.10   28.69   16.38    2.99 
1975 6	  57.10   32.63   20.36    2.73 
1975 7	 104.68   34.43   21.23    1.71 
1975 8	  30.25   35.56   21.81    2.08 
1975 9	  73.78   30.95   16.46    2.37 
1975 10	   6.80   27.36   11.96    2.84 
1975 11	  50.80   21.84    6.78    3.23 
1975 12	  47.02   16.68    2.16    3.43 
1976 1	   3.85   16.42   -0.63    3.56 
1976 2	  20.50   23.21    6.22    4.19 
1976 3	  70.90   23.09    8.91    4.11 
1976 4	 175.65   24.68   12.56    3.57 
1976 5	 151.28   27.27   13.88    2.57 
1976 6	  53.43   32.03   19.10    2.64 
1976 7	 169.95   32.58   21.08    1.88 
1976 8	  51.05   36.78   20.48    1.71 
1976 9	 109.25   31.23   17.78    1.86 
1976 10	 122.28   22.25    8.57    2.89 
1976 11	  20.23   15.85    2.45    3.04 
1976 12	  52.95   15.33    0.06    2.97 
1977 1	  53.25    9.80   -3.39    3.32 
1977 2	  44.08   18.86    2.96    3.31 
1977 3	 200.20   21.31    7.45    3.58 
1977 4	 139.07   25.27   11.77    3.16 
1977 5	  20.93   29.63   18.09    2.84 
1977 6	  57.93   35.15   20.98    2.68 
1977 7	  22.95   37.94   22.59    2.23 
1977 8	  28.60   37.24   22.77    2.44 
1977 9	  22.27   35.95   21.19    2.74 
1977 10	  25.72   28.90   13.30    2.45 
1977 11	  56.15   21.42    8.85    2.88 
1977 12	   4.55   17.63    2.66    3.91 
1978 1	  38.25    7.32   -3.17    4.09 
1978 2	  87.10    8.98   -1.39    3.74 
1978 3	  34.27   20.79    5.14    3.32 
1978 4	  67.60   27.26   13.26    3.79 
1978 5	 103.97   30.41   17.32    3.14 
1978 6	   7.83   35.16   20.91    2.23 
1978 7	   6.27   39.30   23.67    2.43 
1978 8	  57.02   36.51   22.35    2.30 
1978 9	  58.05   33.07   20.55    2.60 
1978 10	  18.38   28.72   12.27    2.29 
1978 11	 115.67   20.62    8.51    2.63 
1978 12	  17.15   15.42    1.34    3.40 
1979 1	  89.10    6.84   -2.19    3.88 
1979 2	  79.32   12.27    1.07    3.76 
1979 3	 190.55   21.00    8.04    3.76 
1979 4	  69.68   24.75   11.84    2.93 
1979 5	 241.95   26.73   15.19    3.20 
1979 6	  39.53   32.71   19.82    2.41 
1979 7	  48.08   34.94   22.57    2.25 
1979 8	  87.07   33.76   20.76    1.71 
1979 9	  39.10   31.54   16.87    2.52 
1979 10	  76.75   29.86   12.72    2.96 
1979 11	  15.65   18.43    4.04    3.35 
1979 12	  80.53   16.85    2.81    3.24 
1980 1	  43.57   13.85    2.32    3.08 
1980 2	  23.20   17.46    1.38    3.41 
1980 3	  40.45   21.91    5.48    3.42 
1980 4	  90.45   25.84    9.61    3.38 
1980 5	 166.15   29.40   16.90    2.63 
1980 6	  13.82   36.62   21.81    3.26 
1980 7	  16.80   40.12   23.18    2.13 
1980 8	  15.08   38.58   22.88    3.03 
1980 9	 134.65   33.49   20.64    2.32 
1980 10	  14.42   26.95   10.85    2.62 
1980 11	  31.72   19.79    5.74    3.06 
1980 12	  52.42   17.13    3.90    3.23 
1981 1	  19.32   14.90    1.15    2.94 
1981 2	  25.08   17.13    3.38    3.34 
1981 3	 124.50   20.58    7.60    3.32 
1981 4	  57.85   27.51   14.98    3.49 
1981 5	 105.20   28.88   16.02    3.44 
1981 6	 148.50   32.06   21.11    2.63 
1981 7	  97.50   35.72   22.54    2.24 
1981 8	  47.97   35.85   21.24    2.00 
1981 9	  31.62   32.14   17.34    2.15 
1981 10	 186.20   25.48   14.06    2.87 
1981 11	  43.83   21.93    7.39    2.74 
1981 12	   6.55   15.53    2.28    3.44 
1982 1	  59.28   16.18    0.46    4.06 
1982 2	  63.72   14.58    1.05    3.59 
1982 3	  70.40   22.36    9.75    4.25 
1982 4	  64.75   23.64   11.65    3.54 
1982 5	 169.17   28.36   17.24    3.23 
1982 6	 116.70   32.34   19.82    2.43 
1982 7	  21.07   36.05   22.32    2.57 
1982 8	  43.05   37.55   22.76    2.33 
1982 9	   7.70   33.34   18.16    2.58 
1982 10	 102.37   27.20   12.80    3.03 
1982 11	  98.00   19.08    7.76    3.10 
1982 12	  80.80   15.53    3.43    3.91 
1983 1	  27.80   13.24    0.76    2.91 
1983 2	  21.23   15.81    3.29    3.49 
1983 3	  59.35   19.35    6.08    3.64 
1983 4	   6.65   24.14    9.24    4.12 
1983 5	 148.92   28.33   14.36    3.17 
1983 6	  93.33   31.28   18.47    2.35 
1983 7	  47.30   34.94   21.62    2.40 
1983 8	  90.93   37.08   22.32    1.45 
1983 9	  25.95   32.50   17.64    2.37 
1983 10	  55.20   27.62   13.04    2.42 
1983 11	  43.75   22.16    8.26    3.35 
1983 12	  22.27    8.13   -3.24    3.76 
1984 1	  24.88   12.22   -1.85    3.30 
1984 2	  55.93   19.94    2.98    3.72 
1984 3	 154.65   22.06    7.56    3.71 
1984 4	  20.10   26.34   10.17    3.58 
1984 5	  28.80   32.06   16.51    3.48 
1984 6	  42.65   34.71   20.85    2.81 
1984 7	  62.53   36.94   21.86    2.19 
1984 8	   7.20   37.88   21.88    2.17 
1984 9	  88.98   30.94   17.59    3.22 
1984 10	 181.72   25.29   14.10    2.74 
1984 11	  53.75   19.25    6.66    3.40 
1984 12	 129.53   17.89    6.66    3.80 
1985 1	  20.57   11.82   -2.21    3.47 
1985 2	  51.38   13.83    1.88    3.71 
1985 3	  74.43   22.70   10.35    3.78 
1985 4	  99.72   26.87   12.94    3.47 
1985 5	  76.90   30.01   16.70    2.92 
1985 6	  47.53   33.60   19.79    2.74 
1985 7	  63.70   35.96   21.75    2.14 
1985 8	   2.45   38.44   22.88    2.11 
1985 9	 108.17   32.23   19.33    2.95 
1985 10	 142.92   25.39   14.88    3.75 
1985 11	  41.30   20.58    8.52    3.57 
1985 12	  39.70   14.40   -1.02    3.04 
1986 1	   0.15   18.46    1.57    3.41 
1986 2	  71.03   18.91    5.16    3.54 
1986 3	  21.77   24.07    8.01    3.18 
1986 4	  75.42   26.52   13.85    3.57 
1986 5	 176.33   28.17   16.61    3.26 
1986 6	 232.55   32.79   20.77    1.78 
1986 7	  47.28   36.62   22.13    2.39 
1986 8	  34.80   35.14   21.85    2.15 
1986 9	 243.12   31.82   21.36    2.42 
1986 10	 117.60   25.12   12.39    2.63 
1986 11	  63.28   17.91    6.04    3.16 
1986 12	  70.68   13.15    2.84    3.02 
1987 1	  41.75   14.13    0.68    3.16 
1987 2	  97.37   16.38    5.12    3.77 
1987 3	  38.98   19.95    5.05    3.16 
1987 4	   6.25   27.58    8.98    2.60 
1987 5	 226.18   29.73   17.54    2.55 
1987 6	 146.00   31.63   20.19    2.41 
1987 7	  47.97   34.57   21.54    2.32 
1987 8	  16.38   36.97   22.76    2.43 
1987 9	  70.32   31.93   17.39    2.19 
1987 10	  19.90   26.96   11.54    2.79 
1987 11	  98.05   20.07    6.85    3.03 
1987 12	 100.42   14.91    2.43    3.22 
1988 1	   9.20   12.18   -0.19    3.66 
1988 2	  48.88   16.34    2.30    3.33 
1988 3	  71.57   21.63    6.24    3.71 
1988 4	  31.65   26.98   10.58    2.94 
1988 5	  74.07   29.80   15.01    2.84 
1988 6	  77.53   32.91   19.07    2.10 
1988 7	  53.38   36.34   21.91    2.37 
1988 8	  10.32   37.77   22.88    1.96 
1988 9	 141.27   33.50   18.71    2.65 
1988 10	  19.62   26.09   12.12    2.56 
1988 11	  25.38   22.65    7.47    3.55 
1988 12	  57.92   17.07    3.23    3.16 
1989 1	  66.10   16.84    4.31    3.21 
1989 2	 110.35   11.78    1.24    4.45 
1989 3	 101.17   21.73    6.82    3.99 
1989 4	  50.62   26.50   12.83    3.51 
1989 5	 357.55   29.72   17.86    3.64 
1989 6	 200.85   30.98   19.11    2.82 
1989 7	  48.93   34.15   21.40    2.09 
1989 8	 105.98   33.44   21.21    2.28 
1989 9	  84.10   29.90   15.92    2.62 
1989 10	  24.48   28.23   12.64    2.93 
1989 11	  18.88   22.04    7.48    3.19 
1989 12	  10.27   12.56   -3.30    3.62 
1990 1	 117.12   18.67    4.50    3.38 
1990 2	  87.00   19.31    5.37    3.82 
1990 3	  96.25   20.07    8.92    3.91 
1990 4	 176.70   24.97   12.30    3.61 
1990 5	 198.80   29.40   16.96    3.71 
1990 6	  36.12   34.96   21.80    2.96 
1990 7	  39.17   34.78   21.29    2.21 
1990 8	 107.52   35.25   21.35    2.18 
1990 9	  47.85   32.16   19.84    1.65 
1990 10	  39.80   27.18   11.25    2.71 
1990 11	 104.02   22.57    9.01    3.18 
1990 12	  35.50   13.40    0.36    3.31 
1991 1	  97.72   11.31    0.78    3.23 
1991 2	  43.60   19.14    4.84    3.16 
1991 3	  21.77   22.66    8.39    3.82 
1991 4	 188.42   26.45   13.86    3.42 
1991 5	 129.25   28.75   18.08    3.07 
1991 6	  63.93   32.69   20.68    2.21 
1991 7	  69.05   35.42   21.75    1.96 
1991 8	 134.95   33.28   21.46    1.70 
1991 9	 103.38   29.28   17.77    2.29 
1991 10	 259.35   27.08   12.65    2.55 
1991 11	  42.40   17.01    4.94    3.60 
1991 12	 257.55   15.12    5.23    3.39 
1992 1	  77.85   13.54    2.57    2.71 
1992 2	  98.38   17.79    5.88    3.24 
1992 3	  59.78   22.44    8.55    3.28 
1992 4	  36.12   25.34   12.19    2.79 
1992 5	 132.15   27.18   15.69    2.47 
1992 6	 150.95   31.79   20.13    2.01 
1992 7	  59.75   34.42   22.28    3.11 
1992 8	  45.42   32.73   19.43    2.11 
1992 9	  36.25   32.10   18.66    2.89 
1992 10	  20.58   28.43   12.59    2.60 
1992 11	  97.17   17.34    5.96    3.10 
1992 12	 116.47   15.24    4.01    2.93 
1993 1	  56.20   12.54    1.45    3.12 
1993 2	 125.85   15.44    3.71    3.51 
1993 3	  81.05   19.25    7.10    3.32 
1993 4	  72.85   23.49   10.57    3.86 
1993 5	  57.20   27.80   15.46    3.06 
1993 6	 108.47   32.61   21.48    3.20 
1993 7	   0.00   35.78   22.96    3.18 
1993 8	  32.88   36.65   22.92    2.34 
1993 9	  64.32   32.64   17.39    2.26 
1993 10	 128.88   24.06   11.42    3.00 
1993 11	  44.70   16.98    4.12    3.20 
1993 12	  53.40   15.40    3.86    3.37 
1994 1	  29.50   13.63    2.15    3.68 
1994 2	  66.20   16.27    2.52    3.30 
1994 3	  65.28   21.97    7.99    3.20 
1994 4	  42.27   25.82   12.01    3.50 
1994 5	 144.58   27.05   16.18    2.58 
1994 6	  20.65   34.57   21.74    2.44 
1994 7	  59.10   35.88   22.00    2.80 
1994 8	  42.15   36.08   21.72    1.80 
1994 9	  61.67   31.00   17.05    1.84 
1994 10	 168.85   25.32   13.60    2.78 
1994 11	 174.52   19.84    8.73    3.41 
1994 12	  73.20   15.07    4.50    2.89 
1995 1	  45.78   15.45    3.00    3.67 
1995 2	  11.72   18.37    4.52    3.20 
1995 3	 144.53   18.57    7.61    3.73 
1995 4	 104.00   24.85   11.37    3.64 
1995 5	 175.03   28.38   17.44    3.25 
1995 6	 106.18   31.90   19.28    2.33 
1995 7	 137.38   35.72   22.32    2.35 
1995 8	  60.80   34.86   22.69    1.59 
1995 9	  94.57   30.64   18.84    2.00 
1995 10	  16.60   28.06   11.80    2.96 
1995 11	  22.35   21.32    5.83    3.28 
1995 12	  65.87   15.63    3.72    3.53 
1996 1	  18.82   15.17   -0.61    3.73 
1996 2	  12.98   20.14    4.35    4.43 
1996 3	  34.75   20.44    4.71    3.93 
1996 4	  70.70   26.95   10.10    3.91 
1996 5	  48.78   32.90   20.16    4.13 
1996 6	  64.30   34.27   20.89    2.38 
1996 7	  99.35   36.28   23.48    2.47 
1996 8	 214.60   32.82   22.11    2.20 
1996 9	  57.77   29.62   17.52    1.63 
1996 10	  93.18   26.02   12.79    3.29 
1996 11	  97.70   19.71    7.60    3.40 
1996 12	  20.50   17.29    2.93    3.31 
1997 1	  28.98   13.77    1.26    3.97 
1997 2	 195.72   15.17    4.75    3.58 
1997 3	  65.85   22.48    8.53    3.09 
1997 4	 159.38   22.11   10.10    3.60 
1997 5	  53.65   27.92   15.94    2.71 
1997 6	  82.25   31.78   20.41    2.11 
1997 7	  20.40   35.65   22.44    1.65 
1997 8	  78.95   35.13   21.63    2.30 
1997 9	  19.65   33.97   19.77    2.18 
1997 10	 170.25   26.11   13.38    3.09 
1997 11	  30.42   17.05    6.03    3.13 
1997 12	 155.78   14.04    1.51    3.43 
1998 1	  78.55   15.95    4.34    3.43 
1998 2	 100.48   16.70    5.01    3.23 
1998 3	 103.38   19.11    6.72    4.20 
1998 4	  21.65   25.56   10.30    3.30 
1998 5	  34.97   32.82   18.52    3.20 
1998 6	  58.62   35.45   22.69    4.05 
1998 7	  14.05   38.40   24.79    2.77 
1998 8	  26.40   36.30   23.25    1.49 
1998 9	  54.12   33.52   21.94    2.67 
1998 10	 115.60   26.45   15.57    3.10 
1998 11	 195.70   19.64   10.20    2.92 
1998 12	 112.03   14.13    3.52    3.59 
1999 1	  33.28   17.46    3.10    4.11 
1999 2	   2.20   21.07    6.56    3.42 
1999 3	  68.53   19.62    7.99    3.70 
1999 4	  54.95   27.05   13.64    4.03 
1999 5	 117.12   28.90   16.92    2.66 
1999 6	  54.57   31.93   22.00    2.71 
1999 7	  22.02   35.22   22.62    1.96 
1999 8	   2.50   38.68   23.75    1.70 
1999 9	  36.40   33.01   18.74    2.55 
1999 10	  58.23   27.93   12.19    2.55 
1999 11	  10.80   23.77    9.06    2.60 
1999 12	  50.05   17.04    3.12    3.57 
2000 1	  50.85   16.89    3.84    3.91 
2000 2	  37.30   21.91    6.97    3.81 
2000 3	  95.60   23.01    9.43    3.24 
2000 4	  61.12   25.12   12.28    3.27 
2000 5	  92.10   30.77   18.71    3.53 
2000 6	 351.48   30.80   21.30    2.80 
2000 7	  14.85   36.10   22.58    2.23 
2000 8	   0.00   38.08   23.01    1.93 
2000 9	   1.00   34.05   18.41    2.63 
2000 10	 162.95   26.09   15.64    3.08 
2000 11	 134.78   15.19    5.80    3.35 
2000 12	  79.85   10.25   -0.13    3.44 
2001 1	  67.25   12.25    0.76    3.15 
2001 2	 161.75   16.37    4.63    3.49 
2001 3	 128.68   16.55    5.91    2.95 
2001 4	  24.00   25.86   14.51    3.92 
2001 5	  90.25   29.90   17.79    2.82 
2001 6	  53.67   33.15   20.46    2.07 
2001 7	  39.18   36.86   23.60    2.14 
2001 8	  84.50   35.72   23.43    2.27 
2001 9	  91.33   29.42   17.97    2.37 
2001 10	  93.18   25.77   11.70    2.79 
2001 11	  98.90   21.13    9.83    2.68 
2001 12	  80.63   16.00    4.51    3.12 
2002 1	  91.07   16.38    2.39    3.09 
2002 2	  38.15   15.68    1.41    3.39 
2002 3	 148.23   19.74    6.18    4.06 
2002 4	  81.08   26.35   15.18    3.87 
2002 5	 149.32   28.79   17.16    3.69 
2002 6	  71.57   31.98   20.56    2.26 
2002 7	  69.22   33.03   22.34    2.27 
2002 8	  43.13   35.15   22.24    2.09 
2002 9	  33.97   32.47   19.26    2.88 
2002 10	 131.88   22.91   13.98    2.48 
2002 11	  18.55   18.78    5.20    3.29 
2002 12	 110.18   15.09    3.57    3.60 
2003 1	  13.35   13.90    0.90    3.26 
2003 2	 102.30   13.33    2.86    3.51 
2003 3	  31.47   20.36    7.25    2.73 
2003 4	  50.20   27.13   12.52    3.52 
2003 5	  84.75   29.79   18.15    3.25 
2003 6	 108.15   31.30   20.02    1.99 
2003 7	  56.62   35.30   22.42    2.07 
2003 8	  99.57   34.89   22.53    1.81 
2003 9	  82.85   29.32   17.34    1.97 
2003 10	  99.00   27.07   13.45    2.33 
2003 11	  47.02   20.97    9.53    3.43 
2003 12	  18.07   17.25    3.42    3.53 
2004 1	  77.85   16.16    4.08    3.59 
2004 2	 121.68   13.39    2.43    3.49 
2004 3	  46.85   23.33   10.76    3.23 
2004 4	 158.00   24.85   12.64    3.53 
2004 5	  52.80   28.80   17.34    3.37 
2004 6	 214.80   31.46   20.53    2.07 
2004 7	 109.12   34.07   21.43    1.90 
2004 8	 119.42   32.91   20.57    2.12 
2004 9	  16.92   32.14   17.63    2.06 
2004 10	 117.17   27.97   15.86    3.00 
2004 11	 222.38   19.49    8.53    3.19 
2004 12	  26.42   15.97    1.22    3.34 
2005 1	 109.57   16.08    3.85    3.65 
2005 2	  68.45   16.91    4.80    3.24 
2005 3	  60.23   20.11    5.94    3.14 
2005 4	   4.78   25.72   10.56    3.52 
2005 5	  70.10   28.01   16.06    2.65 
2005 6	  36.03   33.59   20.93    2.26 
2005 7	  54.15   35.22   22.05    1.89 
2005 8	  61.88   35.60   22.21    1.82 
2005 9	  45.92   35.31   20.23    2.32 
2005 10	  21.43   27.17   11.91    2.80 
2005 11	  15.40   23.51    7.53    3.19 
2005 12	   7.43   15.55   -0.02    3.18 
2006 1	  75.60   20.96    2.95    3.85 
2006 2	  64.40   15.98    2.05    3.56 
2006 3	 151.73   22.38    9.28    3.83 
2006 4	  50.77   28.80   14.43    3.56 
2006 5	  53.70   30.59   16.50    2.90 
2006 6	  44.93   34.52   20.27    1.83 
2006 7	  48.33   36.31   22.74    1.94 
2006 8	  54.83   37.97   23.91    2.17 
2006 9	  24.77   31.68   17.35    2.30 
2006 10	 123.60   27.26   12.02    2.99 
2006 11	 119.58   21.19    7.14    3.24 
2006 12	  82.93   16.18    2.51    3.46 
2007 1	 124.50   10.76   -0.32    3.60 
2007 2	  23.55   15.69    1.41    3.31 
2007 3	 210.97   23.13   10.39    3.43 
2007 4	  43.85   22.19    9.68    3.26 
2007 5	 240.27   27.45   17.55    2.93 
2007 6	 236.20   31.06   20.50    2.28 
2007 7	 128.20   31.73   21.61    1.91 
2007 8	  65.08   35.08   22.63    1.68 
2007 9	 141.48   32.18   19.81    1.72 
2007 10	  71.25   27.94   13.01    2.73 
2007 11	  48.42   21.44    8.48    2.99 
2007 12	  46.38   15.96    1.23    2.75 
2008 1	  28.12   13.57   -0.21    3.53 
2008 2	  36.45   18.77    2.26    3.61 
2008 3	 120.10   21.59    6.52    4.22 
2008 4	 120.90   25.09   10.14    3.45 
2008 5	  42.15   29.30   16.46    3.43 
2008 6	  43.47   34.66   22.34    3.11 
2008 7	  22.62   36.28   22.30    2.47 
2008 8	 113.23   35.15   22.17    1.86 
2008 9	  46.35   30.60   17.06    2.72 
2008 10	  72.90   26.61   11.24    2.44 
2008 11	  56.00   21.55    6.71    2.63 
2008 12	   8.40   15.43    0.45    3.95 
2009 1	  22.30   15.52   -0.66    3.29 
2009 2	  23.32   20.65    4.59    4.09 
2009 3	 121.60   21.18    8.10    3.68 
2009 4	  88.48   24.27    9.64    3.87 
2009 5	  83.25   28.27   16.33    2.70 
2009 6	  42.10   34.66   21.74    2.66 
2009 7	  96.87   36.15   22.91    2.15 
2009 8	  50.72   36.03   22.39    2.09 
2009 9	 302.90   29.25   18.27    1.87 
2009 10	 234.77   22.35   11.30    3.11 
2009 11	  45.90   21.74    7.77    2.67 
2009 12	  42.92   11.65   -0.29    3.29 
2010 1	  99.25   12.64   -0.15    3.43 
2010 2	  63.75    9.34    0.16    3.27 
2010 3	 103.25   18.92    4.78    3.23 
2010 4	  57.50   25.08   11.82    3.58 
2010 5	  43.40   30.24   17.60    2.85 
2010 6	  53.12   34.79   23.01    2.42 
2010 7	  76.13   34.47   23.50    2.24 
2010 8	  45.38   37.58   23.68    2.00 
2010 9	 298.65   31.64   20.18    2.29 
2010 10	  30.62   27.83   11.64    2.57 
2010 11	  37.75   21.48    6.91    3.72 
2010 12	  44.20   16.21    1.54    3.64 
